1.876808815128931942e+73
4.669779943818894040e+67
5.966564652842624554e+64
5.966086147721490450e+64
5.966086123490755555e+64
5.966086121709308995e+64
5.966085343200340728e+64
5.112662692957830773e+61
5.107475414852051387e+61
5.087007053904347153e+61
5.078185054939988862e+61
5.078185054939988862e+61
5.078185054939945474e+61
5.078185054939945474e+61
4.011404569571858403e+60
9.399281108705236261e+55
9.399281108705148060e+55
9.399281108705148060e+55
5.622139721240673170e+51
5.622139721240673170e+51
5.622139721202488437e+51
5.622139721202488437e+51
5.622139721202488437e+51
5.622139721202488437e+51
5.622139721202488437e+51
5.622139721202488437e+51
8.166287178458161933e+47
8.166287178457751417e+47
8.166287178457751417e+47
8.166287178457751417e+47
8.166287178457751417e+47
8.166287178457751417e+47
8.166287178457751417e+47
2.982466960511378964e+47
2.982466960511378964e+47
2.982466960511364361e+47
2.927687065570787129e+47
2.927687065570787129e+47
2.927687065567607253e+47
2.927687065567606441e+47
2.927687065567606441e+47
2.927687065567606441e+47
2.927687065567606441e+47
2.927687065567606441e+47
2.927687065567606441e+47
2.927687065567606441e+47
2.927687065567606441e+47
2.927687065219551774e+47
2.927687065219551774e+47
2.927687065219551774e+47
2.927687065219551774e+47
2.927687065219551368e+47
2.927687065219551368e+47
2.927687065219551368e+47
2.927687065219551368e+47
2.927687065219551368e+47
2.927687065219551368e+47
2.927687065219551368e+47
2.927687065219551368e+47
2.851581739769559668e+47
2.851581739769559668e+47
2.851581739769559668e+47
2.851581739769559668e+47
2.851581739769559668e+47
5.444399426604115276e+46
5.444399426604115276e+46
5.444399426604115276e+46
5.444399426604115276e+46
5.444399426604115276e+46
5.444398784420577155e+46
5.444396179234319352e+46
5.429358291667524482e+46
5.429358291667523468e+46
5.429358291667523468e+46
5.429358291667523468e+46
5.429358291667523468e+46
5.429358291667523468e+46
5.429358291667523468e+46
5.429358291667523468e+46
5.429358291667523468e+46
5.429358291667523468e+46
5.429352336995221531e+46
5.429352336995221531e+46
5.429352336995221531e+46
5.429352336995221531e+46
5.429352336995221531e+46
5.429329795520172748e+46
5.429329795519385790e+46
5.429329795519385790e+46
5.429329795519385790e+46
5.429329795519385790e+46
5.429329795519385790e+46
5.429329795519385790e+46
5.429329086398001909e+46
5.429329086398001909e+46
5.429329086398001909e+46
5.429329086398001909e+46
5.429329086398001909e+46
5.429329086397662179e+46
5.429329086397662179e+46
5.429329086397662179e+46
5.429329086397662179e+46
5.429327649383794085e+46
5.428858611334089825e+46
5.428858610828394591e+46
5.428858610828394591e+46
5.428858610828394591e+46
5.428858610828394591e+46
5.425300625119401137e+46
5.425300625119401137e+46
5.425300625119401137e+46
5.425300625119401137e+46
5.425300625119401137e+46
5.425300625119401137e+46
5.425300625119401137e+46
5.425300625119401137e+46
2.364680723716866181e+44
2.364680723716866181e+44
2.364680723716866181e+44
2.364680723716866181e+44
2.364680723716866181e+44
2.364680723716866181e+44
2.364680723716866181e+44
2.364680723716866181e+44
2.364680723716866181e+44
2.364680723716862615e+44
2.364680056394461079e+44
2.364680056394461079e+44
2.364680056382318571e+44
2.364661921849460013e+44
2.364661921849460013e+44
2.364661921849460013e+44
2.364661921849327306e+44
2.364661921849327306e+44
2.364661921849327306e+44
2.364661921849327306e+44
2.364661921849327306e+44
2.364661921849327306e+44
2.364661921849327306e+44
2.364661921849327306e+44
2.364661921849327306e+44
2.364661921849327306e+44
2.364661921849327306e+44
2.364661921849326117e+44
2.364661921849326117e+44
2.364661921849326117e+44
2.364661907475510832e+44
2.364624910009147119e+44
2.364624905135609719e+44
2.364624905135609719e+44
2.364624905135609719e+44
1.786567489546327633e+44
1.786567489546327633e+44
1.786567489546327633e+44
1.786567489546327633e+44
1.786567489523795144e+44
1.786567133221562374e+44
1.786567133221562374e+44
1.786567133221562374e+44
1.786567133196347615e+44
1.786567133196347615e+44
1.786567133196347615e+44
1.786567133196347615e+44
1.786567133196347615e+44
1.786567133196347615e+44
1.786567133196347615e+44
1.786567133196347615e+44
1.786567133196347615e+44
1.786567133195922160e+44
1.786567133195922160e+44
1.786567133195922160e+44
1.786567133195922160e+44
1.786567133195922160e+44
1.786567133195922160e+44
1.786567133195922160e+44
1.786567133195922160e+44
1.786567133195915029e+44
1.786567133195915029e+44
1.786567133195915029e+44
1.786567133195915029e+44
1.786567133195915029e+44
1.786562571201028327e+44
1.786561088641340352e+44
1.786561088641324903e+44
1.786397840070098433e+44
1.786397839856187940e+44
1.786397839827714131e+44
1.786397839827714131e+44
1.786397839827714131e+44
1.786397839827714131e+44
1.786397839827686401e+44
1.786397839807071629e+44
1.786397839807071629e+44
1.786397839717342962e+44
1.786397839717342566e+44
1.786397839717342566e+44
1.786397839717342566e+44
1.786397839717339793e+44
1.786385557295221792e+44
1.786385557295190497e+44
1.786385557293420936e+44
1.786385557293420936e+44
1.786385557293420936e+44
1.786385557293410637e+44
1.786385515737277964e+44
1.786385515737277964e+44
1.786385515737277964e+44
1.786385515737277964e+44
1.786385515737277964e+44
1.786385515737277964e+44
1.786385515737277964e+44
1.786367437714212140e+44
1.786367437714212140e+44
1.786367437714212140e+44
1.786367437714212140e+44
1.786367437714212140e+44
1.786367437714212140e+44
1.786367437714212140e+44
1.786367437714212140e+44
1.786367437714212140e+44
1.786367409594758297e+44
1.786367409594758297e+44
1.786367409594758297e+44
1.786367409594758297e+44
1.786367409594758297e+44
1.786361605560104093e+44
1.786361605560104093e+44
1.786361605560104093e+44
1.786361578892487710e+44
1.786361578892487710e+44
1.786361578892487710e+44
1.786361578892487710e+44
1.786361578892487710e+44
1.786361578892487710e+44
1.786361578892487710e+44
1.786361578892487710e+44
1.786361578892487710e+44
1.786361578892482956e+44
1.786361578892482956e+44
1.786361578892482956e+44
1.778485009525497684e+44
1.776031925149134074e+44
1.775898751244195426e+44
1.757605795010081769e+44
1.757605795010081769e+44
1.757605795010081769e+44
1.757605795010081769e+44
1.757605795010081769e+44
1.757604826841236855e+44
1.757604826841236855e+44
1.757604826841236855e+44
1.757604826841236855e+44
1.757604826841236855e+44
1.757604826841236855e+44
1.757604826841236855e+44
1.757604826841236855e+44
1.757604826841236855e+44
1.757604826841236855e+44
1.757604826827041545e+44
1.757604797938391381e+44
1.757604797938391381e+44
1.757604797933119737e+44
1.757604797925486302e+44
1.757604797925426683e+44
1.757604797925426683e+44
1.757604797925426683e+44
1.757604797925426683e+44
1.757604797925426683e+44
1.757604797925401726e+44
1.757604797925401726e+44
1.757604797923444196e+44
1.757604797923444196e+44
1.757604797923444196e+44
1.757604797923444196e+44
1.757604797923444196e+44
1.757604797923444196e+44
1.755583950102626421e+44
1.755583950102626421e+44
1.755583950102626421e+44
1.755565726256736128e+44
1.755565726256736128e+44
1.145453305376981213e+44
1.145453300449216295e+44
1.145453300449216295e+44
1.145453294435210887e+44
1.145453294435210887e+44
1.145453294435210887e+44
1.145453294435210887e+44
1.145453294435210887e+44
1.145453294435209105e+44
1.145453294435209105e+44
1.145453294435209105e+44
1.145453294435209105e+44
1.145453294430128599e+44
1.145453294430128599e+44
1.145453294404896806e+44
1.145453294404896806e+44
1.145453294404896806e+44
1.145453294404896806e+44
1.145453294404896806e+44
1.145453294404896806e+44
1.145453294404896806e+44
1.145453294404896806e+44
1.145453294404896806e+44
1.145453294404896806e+44
1.145453294404896806e+44
1.145453294404896806e+44
1.145453294404843525e+44
1.145453294404843525e+44
1.145453294404843525e+44
1.145453294392229807e+44
1.145453294392229807e+44
1.145453294392229807e+44
1.145453294392229807e+44
1.145453294392229807e+44
1.145453294392210198e+44
1.145453294392210198e+44
1.145453294392210198e+44
1.145453294392210198e+44
1.145453294392210198e+44
1.145453294392210198e+44
1.145453294392210198e+44
1.145453294392210198e+44
1.145453294392210198e+44
1.145453294392167811e+44
1.145453294391193701e+44
1.145453294391193701e+44
1.145453294390710607e+44
1.145451986877276064e+44
1.145451986877276064e+44
1.145451986877276064e+44
1.145451986877036002e+44
1.145451986877036002e+44
1.145451875542361799e+44
1.145451875542361799e+44
1.145451875542361799e+44
1.145451875542361799e+44
1.145451875542361799e+44
1.145451875542361799e+44
1.145451875200641226e+44
1.145351217737023911e+44
1.145351217735834498e+44
1.145351217735834498e+44
1.145351217735834498e+44
1.145351217735834498e+44
1.145344120019475808e+44
1.145344119812511248e+44
1.145344119812511248e+44
1.145344119803573915e+44
1.145344119803573915e+44
1.145344119803573915e+44
1.145344119803573915e+44
3.161916077029190828e+43
3.161916075532502009e+43
3.161916075532502009e+43
3.161916075532502009e+43
3.161916075532502009e+43
3.161916075532502009e+43
3.161916074876173930e+43
3.161916074468934242e+43
3.161916074468934242e+43
3.161916074468934242e+43
3.161916074468934242e+43
3.161916074465209033e+43
3.161916074465181798e+43
3.161916074465172390e+43
3.161916074465172390e+43
3.161916074465172390e+43
3.161916074465172390e+43
3.161916074465172390e+43
3.161916074465172390e+43
3.161916074465172390e+43
3.161916074465172390e+43
3.161916074465172390e+43
3.161916074465172390e+43
3.161916074465172390e+43
3.129377295771836733e+43
3.129377295771836733e+43
3.129377295771836733e+43
3.129377295771836733e+43
3.129377295771836733e+43
3.129377295771836733e+43
3.129377295771836733e+43
3.129377295771836733e+43
3.129377295771836733e+43
3.129377295771836733e+43
3.129377295771836733e+43
3.129377295771836733e+43
3.129377295771834258e+43
3.129377295771834258e+43
3.129377295771834258e+43
3.129377295771834258e+43
3.129377295771834258e+43
3.129377295771834258e+43
3.129377295771834258e+43
3.129377295771834258e+43
3.129377295771834258e+43
3.129377295771834258e+43
3.129377295771834258e+43
3.129377295771834258e+43
3.129377295771831782e+43
3.129377295771831782e+43
3.129377295771831782e+43
3.127211467567564502e+43
3.126867745702909875e+43
3.126867745702909875e+43
3.126867745702909875e+43
3.097834071975094411e+43
3.097834071975094411e+43
3.097834071975094411e+43
3.097834071975094411e+43
3.097834071975094411e+43
3.097834071975094411e+43
3.097834071975094411e+43
3.097834071975094411e+43
3.097834071975094411e+43
3.097834071975094411e+43
3.097834066754847342e+43
3.097834066754847342e+43
3.097834066754847342e+43
3.097834066754847342e+43
3.097834047663028057e+43
3.097834047663028057e+43
3.097834047663028057e+43
3.097834047663028057e+43
3.097834047663028057e+43
3.097834045133062378e+43
3.097834045133062378e+43
3.097834045133062378e+43
3.097834045133058912e+43
3.097834045133058912e+43
3.097834045133058912e+43
3.097834045133058912e+43
3.096539193492045642e+43
3.096539193492045642e+43
3.096539193492045642e+43
3.096539193492045642e+43
3.096539193492039700e+43
3.096539193492039700e+43
3.096539193492039700e+43
3.096539193492039700e+43
3.096539193492039700e+43
3.096539193492039700e+43
3.096539193492039700e+43
3.096539193492039700e+43
3.096539193492039700e+43
3.096539193492039700e+43
3.096539193492039700e+43
3.096539193492039700e+43
3.096539193492039700e+43
3.096539193492039700e+43
3.096539193492039700e+43
3.096539193492039700e+43
3.096539193492039700e+43
3.096539193492039700e+43
3.096539193492039700e+43
3.096539193492039700e+43
3.096539193492039700e+43
3.096539193492039700e+43
3.096539193492039700e+43
3.096539193492039700e+43
3.096539193492039700e+43
3.096539193492039700e+43
3.096539193492039700e+43
3.096539193492039700e+43
3.096539193492039700e+43
3.096539193492039700e+43
3.096539193492039700e+43
3.096539193492039700e+43
3.096539193492039700e+43
3.096539193492039700e+43
3.096539193492039700e+43
3.096539193492039700e+43
3.096539193492039700e+43
3.096539193492039700e+43
3.096539193492039700e+43
3.096539193492039700e+43
3.096539193492039700e+43
3.096539193492039700e+43
3.096539193492039700e+43
3.096539193492039700e+43
3.096539193492039700e+43
3.096539193492039700e+43
3.096539193492039700e+43
3.096539193492039700e+43
3.096539193492039700e+43
3.096539193492039700e+43
3.096539193492039700e+43
3.096539193492039700e+43
3.096539193491997115e+43
3.096539193472574826e+43
3.096539193472574826e+43
3.096539193472574826e+43
3.096539193472574826e+43
3.096539193472574826e+43
3.096539193472574826e+43
3.093634770612698893e+43
3.093634770612698893e+43
3.093634770612698893e+43
3.093634770612698893e+43
3.093634770612698893e+43
3.093634770612698893e+43
3.093634770612698398e+43
3.093634770612698398e+43
3.062852260902964939e+43
3.062852260902964939e+43
3.062852260902964939e+43
3.062852260866976041e+43
2.595948274046743253e+43
2.595948274046743253e+43
2.595948274046743253e+43
2.595948274046743253e+43
2.595948274046743253e+43
2.080065356608259105e+43
2.080065273744187220e+43
2.078893660874211372e+43
2.072476829376506860e+43
2.072476829376497451e+43
5.658668946603551600e+42
5.658668946603551600e+42
5.658668747479567971e+42
5.658668747479567971e+42
5.658668747479567971e+42
3.902438820786064368e+42
3.902438820785323460e+42
3.902435981290179706e+42
3.902435981290179706e+42
3.902435981289217827e+42
3.902435981289217827e+42
3.831247490065759400e+42
3.831247490065759400e+42
3.610754234645495648e+42
1.232276182307264716e+42
1.232249402289413401e+42
1.232249402289413401e+42
1.232249402289413401e+42
6.185998078749431068e+41
6.185998072883530337e+41
6.185998072883530337e+41
6.185945322054229097e+41
6.185945322001153965e+41
6.185945322001153965e+41
6.185945322001153965e+41
5.776471484293686765e+41
5.776471484293686765e+41
5.776471484293672065e+41
5.712155850188201911e+41
2.945045892547516283e+41
2.945045892547516283e+41
2.945038664076266569e+41
2.945038664076266569e+41
1.055908239375149090e+41
1.055908239115685948e+41
1.055908239115685948e+41
1.055908239115685948e+41
1.055822129853071777e+41
1.055822129853071777e+41
1.055822129853071777e+41
1.055822129822813041e+41
8.663525723661575512e+40
8.663525723661575512e+40
8.663525723661575512e+40
8.663525723661575512e+40
6.546648395964324003e+40
6.546648268366715454e+40
6.539191380705721612e+40
6.525227346417705318e+40
6.525227346417686942e+40
2.023779034549061198e+40
2.023779034549061198e+40
2.023778917842645290e+40
2.023778917842645290e+40
2.023778917842645290e+40
1.290896824533974849e+40
1.290896824533401577e+40
1.290896341536518022e+40
1.290896341536518022e+40
1.290896341536312263e+40
1.290896341536312263e+40
1.290896341536312263e+40
1.273694186201313995e+40
1.273694186201313995e+40
1.180100768487469356e+40
4.413537443237456646e+39
4.413316594083804863e+39
4.413316594083804863e+39
4.413316594083804863e+39
1.958675148404163379e+39
1.958675145709444153e+39
1.958675145709444153e+39
1.958666924634209131e+39
1.958666924634209131e+39
1.958666924623808137e+39
1.958666924623808137e+39
1.866608444877122702e+39
1.866608444877122702e+39
1.866608444877111822e+39
1.840448629534417779e+39
1.020624535334829495e+39
1.020624535334829495e+39
1.020624535334829495e+39
1.020618954069444779e+39
3.202403065689686678e+38
3.202403065223190161e+38
3.202403065223190161e+38
3.202403065223190161e+38
3.202279936208407164e+38
3.202279936208407164e+38
3.202279936208407164e+38
3.202279936080862090e+38
2.794922531676950050e+38
2.794922531676950050e+38
2.794922531676950050e+38
2.794922531676950050e+38
2.189025010930421385e+38
2.189024983044850704e+38
2.185769065398021295e+38
2.183341285564518626e+38
2.183341285564515982e+38
6.022665391619878688e+37
6.022665391619878688e+37
6.022664727134173115e+37
6.022664727134173115e+37
6.022664727134173115e+37
4.392113939439402628e+37
4.392113939436362369e+37
4.392112846532167082e+37
4.392112846532167082e+37
4.392112846531867684e+37
4.392112846531867684e+37
4.392112846531867684e+37
4.360961682794360968e+37
4.360961682794360968e+37
4.067867758955883743e+37
4.067867758955883743e+37
1.340234520550985967e+37
1.340154962610233081e+37
1.340154962610233081e+37
1.340154962610233081e+37
7.298539558089370183e+36
7.298539534034651809e+36
7.298539534034651809e+36
7.298517221454085417e+36
7.298517221454085417e+36
7.298517221435953891e+36
7.298517221435953891e+36
7.095805660099903073e+36
7.095805660099903073e+36
7.095805660099831057e+36
6.995511508945055299e+36
3.368151828611274607e+36
3.368151828611274607e+36
3.368151828611274607e+36
3.368128082791228647e+36
1.302499980331326549e+36
1.302499980234443364e+36
1.302499980234443364e+36
1.302460165770610441e+36
1.302460165770610441e+36
1.302460165770610441e+36
1.302460165770610441e+36
1.302460165770610441e+36
1.302460165634962678e+36
1.192563458527576860e+36
1.192563458527576860e+36
1.192563458527576860e+36
1.192563458527576860e+36
8.418551470238725858e+35
8.418551418460344459e+35
8.405774380435760340e+35
8.398754178973316801e+35
8.398754178973312374e+35
2.609151578664051357e+35
2.609151578664051357e+35
2.609151091460288991e+35
2.609151091460288991e+35
2.609151091460288991e+35
2.087298329656366899e+35
2.087298329651951856e+35
2.087298019767610608e+35
2.087298019767610608e+35
2.087298019767548627e+35
2.087298019767548627e+35
2.087298019767548627e+35
2.073538960074668104e+35
2.073538960074668104e+35
1.849983039101359623e+35
1.849983039101359623e+35
6.097997535668372704e+34
6.097560529315286528e+34
6.097560529315286528e+34
6.097560529315286528e+34
6.097560529315286528e+34
3.831504159372158352e+34
3.831504133473884292e+34
3.831504133473884292e+34
3.831496413558123274e+34
3.831496413558123274e+34
3.831496413553526346e+34
3.831496413553526346e+34
3.722376388689399119e+34
3.722376388689399119e+34
3.722376388689272759e+34
3.626177021013164856e+34
1.628534063209554003e+34
1.628534063209554003e+34
1.628534063209554003e+34
1.628519333528245222e+34
7.429426203920083445e+33
7.429426203630104087e+33
7.429426203630104087e+33
7.429426203630104087e+33
7.429263575609489364e+33
7.429263575609489364e+33
7.429263575609489364e+33
7.429263575609489364e+33
7.429263573885325230e+33
6.737067724847852451e+33
6.737067724847852451e+33
6.737067724847852451e+33
6.737067724847852451e+33
4.440697779641474503e+33
4.440697766387671625e+33
4.428173869520701764e+33
4.425727275391745765e+33
4.425727275391745188e+33
1.570713086849160102e+33
1.570713086849160102e+33
1.570712618356964802e+33
1.570712618356964802e+33
1.570712618356964802e+33
1.213660406735380637e+33
1.213660406735380637e+33
1.213660406729549593e+33
1.213660310349019891e+33
1.213660310349019891e+33
1.213660310348996833e+33
1.213660310348996833e+33
1.213660310348996833e+33
1.207809938342500198e+33
1.207809938342500198e+33
1.046024567590204705e+33
1.046024567590204705e+33
3.752449764005416886e+32
3.751866110475317581e+32
3.751866110475317581e+32
3.751866110475317581e+32
3.751866110475317581e+32
2.192378911373392653e+32
2.192378888874552829e+32
2.192378888874552829e+32
2.192376563623058724e+32
2.192376563621412928e+32
2.192376563621412928e+32
2.192376563621412928e+32
2.147160673673369308e+32
2.147160673673369308e+32
2.147160673673204296e+32
2.077311443563735321e+32
9.928078176354432183e+31
9.928078176354432183e+31
9.927885080021366689e+31
9.927885080021366689e+31
4.101766885486588147e+31
4.101766885389932793e+31
4.101766885389932793e+31
4.101766885389932793e+31
4.101721282140695466e+31
4.101721282140695466e+31
4.101721282140695466e+31
4.101721282140695466e+31
4.101721280746202679e+31
3.829034915297944928e+31
3.829034915297944928e+31
3.829034915297944928e+31
3.829034915297944928e+31
3.829034915297944928e+31
2.628244902363716886e+31
2.628244897286859917e+31
2.618613410043977074e+31
2.617826130200422121e+31
2.617826130200422121e+31
8.440361650910622765e+30
8.440361650910621640e+30
8.440356879144571040e+30
8.440356879144571040e+30
8.440356879144571040e+30
7.042611696061093835e+30
7.042611696061093835e+30
7.042611696008997321e+30
7.042611341124001233e+30
7.042611341124001233e+30
7.042611341123944939e+30
7.042611341123944939e+30
7.042611341123944939e+30
7.024447906214064156e+30
7.024447906214064156e+30
6.162710554179826161e+30
6.162710554179826161e+30
2.014890622598004979e+30
2.014520872174797073e+30
2.014520872174797073e+30
2.014520872174797073e+30
2.014520872174797073e+30
1.361625130320366847e+30
1.361625099708309745e+30
1.361625099708309745e+30
1.361624118911257398e+30
1.361624118910795779e+30
1.361624118910795779e+30
1.361624118910795779e+30
1.345436014290162907e+30
1.345436014290162907e+30
1.345436014289991207e+30
1.302766539597969306e+30
5.569583848390410721e+29
5.569583848390410721e+29
5.569450318124992550e+29
5.569450318124992550e+29
2.784213639364800409e+29
2.784213639332429731e+29
2.784213639332429731e+29
2.784213639332429731e+29
2.784190662751985156e+29
2.784190662751985156e+29
2.784190662751985156e+29
2.784190662751985156e+29
2.784190660485617605e+29
2.665648161097221812e+29
2.665648161097221812e+29
2.665648161097221812e+29
2.665648161097221812e+29
2.665648161097221812e+29
1.643726111937384705e+29
1.643726110493989820e+29
1.637869355805015300e+29
1.637532525361641300e+29
1.637532525361641300e+29
6.178464664279914473e+28
6.178464664279912714e+28
6.178459045907130070e+28
6.178459045907130070e+28
6.178459045907130070e+28
5.450045400004058311e+28
5.450045400004058311e+28
5.450045399894007752e+28
5.450045245410062628e+28
5.450045245410062628e+28
5.450045245410045035e+28
5.450045245410045035e+28
5.450045245410045035e+28
5.438145759098443808e+28
5.438145759098443808e+28
4.488400785472361636e+28
4.488400785472361636e+28
1.557240406365144195e+28
1.556897091039992849e+28
1.556897091039992849e+28
1.556897091039992849e+28
1.556897091039992849e+28
1.161075686994062668e+28
1.161075638084814584e+28
1.161075638084814584e+28
1.161075119704920033e+28
1.161075119704735755e+28
1.161075119704735755e+28
1.161075119704735755e+28
1.148193328537945549e+28
1.148193328537945549e+28
1.148193328537504205e+28
1.088710883143420113e+28
4.527049098328572799e+27
4.526911961509700335e+27
4.526911961509700335e+27
4.526911961509700335e+27
2.589735958230602653e+27
2.589735958215224334e+27
2.589735958215224334e+27
2.589735958215224334e+27
2.589721508630524850e+27
2.589721508630524850e+27
2.589721508630524850e+27
2.589721508630524850e+27
2.589721504321975836e+27
2.477651160965300615e+27
2.477651160965300615e+27
2.477651160965300615e+27
2.477651160965300615e+27
2.477651160965300615e+27
2.477651160965300615e+27
1.435925729650125753e+27
1.435925729045286880e+27
1.427211235852845980e+27
1.427025316316282844e+27
6.142768680542149610e+26
6.142768680542149610e+26
6.142768680542141364e+26
6.142760047383717303e+26
6.142760047383717303e+26
5.363417895118599193e+26
5.363417895118599193e+26
5.363417895118599193e+26
5.363417894884409401e+26
5.363417894884409401e+26
5.363417812732843009e+26
5.363417812732843009e+26
5.363417812732831327e+26
5.363417812732831327e+26
5.355035878927099630e+26
5.355035878927099630e+26
4.244669231160437009e+26
4.244669231160437009e+26
1.609309176088646743e+26
1.609309176088646743e+26
1.609309176088646743e+26
1.608592642153419496e+26
1.608592642153419496e+26
1.161297929529123509e+26
1.161297853470334845e+26
1.161297853470334845e+26
1.161297853470334845e+26
1.161297568720214846e+26
1.161297568720101115e+26
1.161297568720101115e+26
1.161297568720101115e+26
1.151902003395732685e+26
1.151902003395732685e+26
1.151902003394756868e+26
1.077739208601275149e+26
4.728139490857085275e+25
4.727847099789823504e+25
4.727847099789823504e+25
4.727847099789823504e+25
2.549694471910982189e+25
2.549694471910982189e+25
2.549694471910982189e+25
2.549694471901780651e+25
2.549686781106570455e+25
2.549686781106570455e+25
2.549686781106570455e+25
2.549686781106570455e+25
2.549686774614388085e+25
2.469740437116033893e+25
2.469740437116033893e+25
2.469740437116033893e+25
2.469740437116033893e+25
2.469740437116033893e+25
2.469740437116033893e+25
1.483088682609820836e+25
1.471438658496874273e+25
1.471438658104822786e+25
1.471330138839397133e+25
5.904809732602999775e+24
5.904809732602999775e+24
5.904809732602982595e+24
5.904794139726207332e+24
5.904794139726207332e+24
5.360542855825089278e+24
5.360542855825089278e+24
5.360542855825089278e+24
5.360542855461431176e+24
5.360542855461431176e+24
5.360542804805162031e+24
5.360542804805162031e+24
5.360542804805162031e+24
5.360542804805156663e+24
5.355941994756842189e+24
5.355941994756842189e+24
4.316901440313974296e+24
4.316901440313974296e+24
4.316901440313974296e+24
4.316901440313974296e+24
1.530173376982630093e+24
1.529360177194180379e+24
1.529360177194180379e+24
1.207852899492893764e+24
1.207852738664122850e+24
1.207852738664122850e+24
1.207852738664122850e+24
1.207852548517872156e+24
1.207852548517819945e+24
1.207852548517819945e+24
1.207852548517819945e+24
1.202252100268186361e+24
1.202252100268186361e+24
1.202252100266533738e+24
1.127740172920656492e+24
4.576924386903551661e+23
4.576580416661151610e+23
4.576580416661151610e+23
4.576580416661151610e+23
2.858412282727509178e+23
2.858412282727509178e+23
2.858412282727509178e+23
2.858412282722587414e+23
2.858406316105228647e+23
2.858406316105228647e+23
2.858406316105228647e+23
2.858406316105228647e+23
2.858406300156041405e+23
2.802560711028565470e+23
2.802560711028565470e+23
2.802560711028565470e+23
2.802560711028565470e+23
2.802560711028565470e+23
2.802560711028565470e+23
1.535215332061975979e+23
1.523726964452882173e+23
1.523726964273967928e+23
1.523655130039768989e+23
7.177286562103243781e+22
7.177286562103243781e+22
7.177286562103206032e+22
7.177286562103206032e+22
7.177257639988786994e+22
7.177257639988786994e+22
6.721769042906899179e+22
6.721769042906899179e+22
6.721769042906899179e+22
6.721769041789222860e+22
6.721769041789222860e+22
6.721769007892726075e+22
6.721769007892726075e+22
6.721769007892726075e+22
6.721769007892723558e+22
6.717302673308770737e+22
5.050226418981534066e+22
5.050226418981534066e+22
5.050226418981534066e+22
5.050226418981534066e+22
5.050226418981534066e+22
1.981523510745930662e+22
1.980269114886196507e+22
1.980269114886196507e+22
1.665138242410729230e+22
1.665137858675352587e+22
1.665137858675352587e+22
1.665137858675352587e+22
1.665137704883904001e+22
1.665137704883870866e+22
1.665137704883870866e+22
1.665137704883870866e+22
1.658562965758128685e+22
1.658562965758128685e+22
1.658562965751981303e+22
1.508232608571243836e+22
6.224234416783952445e+21
6.223649220695505764e+21
6.223649220695505764e+21
6.223649220695505764e+21
4.295600077289709109e+21
4.295600077289709109e+21
4.295600077289709109e+21
4.295600077286011306e+21
4.295594342747968897e+21
4.295594342747968897e+21
4.295594342747968897e+21
4.295594342747968897e+21
4.295594342747968897e+21
4.295594297527736730e+21
4.217631950419774669e+21
4.217631950419774669e+21
4.217631950419774669e+21
4.217631950419774669e+21
4.217631950419774669e+21
4.217631950419774669e+21
2.216271660177943167e+21
2.190203253785902449e+21
2.190203253662918115e+21
2.190140090200366252e+21
1.161091029762196505e+21
1.161091029762177237e+21
1.161091029762177237e+21
1.161091029762177237e+21
1.161084066616475648e+21
1.161084066616475648e+21
1.087495617523179848e+21
1.087495617523179848e+21
1.087495617523179848e+21
1.087495617155897754e+21
1.087495617155897754e+21
1.087495617155897754e+21
1.087495614204053946e+21
1.087495614204053946e+21
1.087495614204053684e+21
1.086997990582323249e+21
7.829836436157755556e+20
7.829836436157755556e+20
7.829836436157755556e+20
7.829836436157755556e+20
7.808463968587376230e+20
3.373277409367001661e+20
3.373277409367001661e+20
3.373277409367001661e+20
2.813410620861613998e+20
2.813409613090819277e+20
2.813409613090818621e+20
2.813409613090818621e+20
2.813409467025043948e+20
2.813409467025011180e+20
2.813409467025011180e+20
2.813409467025011180e+20
2.805413000266388931e+20
2.805413000266388931e+20
2.805413000244308541e+20
2.499147521722730414e+20
1.089013320100510106e+20
1.089013320100510106e+20
1.088817442927865528e+20
1.088817442927865528e+20
1.088817442927865528e+20
1.088817442927865528e+20
1.088817442927865528e+20
7.333506783527005389e+19
7.333506783523247718e+19
7.333501222878905139e+19
7.333501222878905139e+19
7.333501222878905139e+19
7.333501222878905139e+19
7.333501222878905139e+19
7.333501101631253709e+19
7.236317293625806848e+19
7.236317293625806848e+19
7.236317293625806848e+19
7.236317293625806848e+19
7.236317293625806848e+19
3.909943096341031322e+19
3.909943096341031322e+19
3.851162724937250406e+19
3.851162724804681728e+19
3.851162724804414669e+19
3.851097751232387482e+19
1.962864012503214080e+19
1.962864012503214080e+19
1.962864012503214080e+19
1.962842251628115968e+19
1.962842251628115968e+19
1.871721543509737882e+19
1.871721543509737882e+19
1.871721543509737882e+19
1.871721543509737882e+19
1.871721542508836454e+19
1.871721542508836454e+19
1.871721542508836454e+19
1.871721539460261478e+19
1.871721539460261478e+19
1.871231011131459584e+19
1.368839712489117491e+19
1.368839712489117491e+19
1.368839712489117491e+19
1.368839712489117491e+19
1.364095145578264371e+19
5.641832477214708736e+18
5.641832477214708736e+18
5.641832477214708736e+18
4.941858354555439104e+18
4.941854954381263872e+18
4.941854954381263872e+18
4.941854954381261824e+18
4.941854797258696704e+18
4.941854797258672128e+18
4.941854797258672128e+18
4.941854797258672128e+18
4.933636606043333632e+18
4.933636606043333632e+18
4.933636605980510208e+18
4.411577282178956800e+18
4.411577282178956800e+18
1.829806943199503872e+18
1.829404991706875904e+18
1.829404991706875904e+18
1.829404991706875904e+18
1.358547970223833344e+18
1.358547970223833344e+18
1.358547970223833344e+18
1.358547970223508992e+18
1.358547970223508992e+18
1.358547304907727360e+18
1.358547304907727360e+18
1.358547304907727360e+18
1.358547304907727360e+18
1.358547259406268928e+18
1.347394427314749440e+18
1.347394427314749440e+18
1.347394427314749440e+18
1.347394427314749440e+18
1.347394427314749440e+18
6.812507672957792000e+17
6.714459937183715840e+17
6.714459937183715840e+17
6.714459937082378240e+17
6.714459937081630720e+17
3.917925248875555840e+17
3.917901804101342080e+17
3.917901804101342080e+17
3.917901804101342080e+17
3.917838786219212160e+17
3.917838786219212160e+17
3.795146769982628480e+17
3.795146769982628480e+17
3.795146769982628480e+17
3.795146769982628480e+17
3.795146765482848640e+17
3.795146765482848640e+17
3.795146765482848640e+17
3.795146762331000320e+17
3.795146762331000320e+17
3.795146762331000320e+17
3.795146762331000320e+17
3.794443612044595840e+17
2.599998138058810880e+17
2.599998138058810880e+17
2.599998138058810880e+17
2.590600423643663680e+17
1.207228142193412480e+17
1.207228142193412480e+17
1.207228142193412480e+17
1.096647611485451680e+17
1.096647611485451680e+17
1.096646394409900160e+17
1.096646394409899200e+17
1.096646374952468000e+17
1.096646374952465440e+17
1.096646374952465440e+17
1.096646374952465440e+17
1.095234913503866400e+17
1.095234913503866400e+17
1.095234913470011200e+17
1.095234913470011200e+17
9.424115452416953600e+16
4.128463301642101600e+16
4.127339818322842400e+16
4.127339818322842400e+16
4.127339818322842400e+16
3.275274541972696800e+16
3.275274541972696800e+16
3.275274541972696800e+16
3.275274541972696800e+16
3.275274541972311200e+16
3.275274541972311200e+16
3.275273569522785200e+16
3.275273377287154800e+16
3.275273377287154800e+16
3.275273377287154800e+16
3.275273377287154800e+16
3.252643835392504800e+16
3.252643835392504800e+16
3.252643835392504800e+16
3.252643835392504800e+16
1.622624666511561800e+16
1.588520037376770800e+16
1.588520037376770800e+16
1.588520037365173000e+16
1.588520037365173000e+16
1.588520037364716000e+16
1.017096140420562600e+16
1.017092167111252000e+16
1.017092167111252000e+16
1.017068847365279600e+16
1.017068847365279600e+16
9.881558579030566000e+15
9.881558579030566000e+15
9.881558579030566000e+15
9.881558579030566000e+15
9.881558556856366000e+15
9.881558556856366000e+15
9.881558556856366000e+15
9.881558556856366000e+15
9.881558552487192000e+15
9.881558552487192000e+15
9.881558552487192000e+15
9.880359706536426000e+15
6.547253862338322000e+15
6.547253862338322000e+15
6.510541851557464000e+15
6.510541851557464000e+15
3.324904577783708500e+15
3.324904577783708500e+15
3.324904577783708500e+15
3.324904577783708500e+15
3.324898434637471500e+15
3.031391316678922500e+15
3.031391316678915000e+15
3.031391286278704500e+15
3.031391286278700500e+15
3.031391286278700500e+15
3.031391286278700500e+15
3.028678072949623500e+15
3.028678072949623500e+15
3.028678072761440500e+15
3.028678072761440500e+15
2.543314620701744000e+15
2.543314620701744000e+15
1.181999713826083000e+15
1.181431362441355250e+15
1.181431362441355250e+15
1.181431362441355250e+15
9.379262219285800000e+14
9.379262219285800000e+14
9.379262219285800000e+14
9.379262219285800000e+14
9.379262219285800000e+14
9.379262219285178750e+14
9.379260588677932500e+14
9.379259723061737500e+14
9.379259723061737500e+14
9.379259723061737500e+14
9.379259723061737500e+14
9.332502140012412500e+14
9.332502140012412500e+14
9.332502140012412500e+14
9.332502140012412500e+14
4.764081285565026250e+14
4.639619488624000000e+14
4.639619488624000000e+14
4.639619488624000000e+14
4.639619488604531250e+14
4.639619488601698750e+14
2.951248530681257500e+14
2.951241690290223125e+14
2.951120494382606250e+14
2.951120494382606250e+14
2.951120494382606250e+14
2.889431145677065000e+14
2.889431145677065000e+14
2.889431145677065000e+14
2.889431145677065000e+14
2.889431145677065000e+14
2.889431135266573750e+14
2.889431135266573750e+14
2.889431135266573750e+14
2.889431134531450000e+14
2.889431134531450000e+14
2.889431134531450000e+14
2.889431134531450000e+14
1.932324548120984688e+14
1.932230803888419375e+14
1.918642759499125312e+14
9.668645144641710938e+13
9.668645144641710938e+13
9.668645144641710938e+13
9.668645144641710938e+13
9.668645144641710938e+13
9.668613078539754688e+13
9.668613078539698438e+13
9.029304641306018750e+13
9.029304588231175000e+13
9.029304588231168750e+13
9.029304588231168750e+13
9.029304588231168750e+13
9.024380783115321875e+13
9.024380782197923438e+13
9.024380782197923438e+13
9.024380782197923438e+13
7.588723640083165625e+13
3.452432478118812109e+13
3.452432478118812109e+13
3.452432478118812109e+13
3.450369218874673047e+13
3.450369218874673047e+13
3.450369218874673047e+13
2.897829975350939062e+13
2.897829975350939062e+13
2.897829975350939062e+13
2.897829975350939062e+13
2.897829975350939062e+13
2.897829975350939062e+13
2.897829975350939062e+13
2.897829975350939062e+13
2.897829975350939062e+13
2.897829975350939062e+13
2.897829975350939062e+13
2.897829975350939062e+13
2.897829975350939062e+13
2.897829975350939062e+13
2.897829975350939062e+13
2.897829975350939062e+13
2.897829975350939062e+13
2.897829975350939062e+13
2.897829975350939062e+13
2.897829975350939062e+13
2.897829975350939062e+13
2.897829975350939062e+13
2.897829975350939062e+13
2.897829975350939062e+13
2.897829975350939062e+13
2.897829975350939062e+13
2.897829975350939062e+13
2.897829975350939062e+13
2.897829975350939062e+13
2.897829975350939062e+13
2.897829975350939062e+13
2.897829975350939062e+13
2.897829975350939062e+13
2.897829975350939062e+13
2.897829975350939062e+13
2.897829975350939062e+13
2.897829975350939062e+13
2.897829975350939062e+13
2.897829975350939062e+13
2.897829975350939062e+13
2.897829975350939062e+13
2.897829975350939062e+13
2.897829975350939062e+13
2.897829975350939062e+13
2.897829975350939062e+13
2.897829975350939062e+13
2.897829975350939062e+13
2.897829975350939062e+13
2.897829975350939062e+13
2.897829975350939062e+13
2.897829975350939062e+13
2.897829975350939062e+13
2.897829975350939062e+13
2.897829975350939062e+13
2.897829975350939062e+13
2.897829975350939062e+13
2.897829975350939062e+13
2.897829975350939062e+13
2.897829975350939062e+13
2.897829975350939062e+13
2.897829975350939062e+13
2.897829975350939062e+13
2.897829975350939062e+13
2.897829975350939062e+13
2.897829975350939062e+13
2.897829975350939062e+13
2.897829975350939062e+13
2.897829975350939062e+13
2.897829975350939062e+13
2.897829975350939062e+13
2.897829975350939062e+13
2.897829975350939062e+13
2.897829975350939062e+13
2.897829975350939062e+13
2.897829975350939062e+13
2.897829975350939062e+13
2.897829975350939062e+13
2.897829975350939062e+13
2.897829975350939062e+13
2.897829975350939062e+13
2.897829975350939062e+13
2.897829975350939062e+13
2.897829975350939062e+13
2.897829975350939062e+13
2.897829975350939062e+13
2.897829975350939062e+13
2.897829975350939062e+13
2.897829975350939062e+13
2.897829975350939062e+13
2.897829975350939062e+13
2.897829975350939062e+13
2.897829975350939062e+13
2.897829975350939062e+13
2.897829975350939062e+13
2.897829975350939062e+13
2.897829975350939062e+13
2.897829975350939062e+13
2.897829975350939062e+13
2.897829975350939062e+13
2.897829975350939062e+13
2.897829975350939062e+13
2.897829975350939062e+13
2.897829975350939062e+13
2.897829975350939062e+13
2.897829975350939062e+13
2.897829975350939062e+13
2.897829975350939062e+13
2.897829975350939062e+13
2.897829975350939062e+13
2.897829975350939062e+13
2.897829975350939062e+13
2.897829975350939062e+13
2.897829975350939062e+13
2.897829975350939062e+13
2.897829975350939062e+13
2.897829975350939062e+13
2.897829975350939062e+13
2.897829975350939062e+13
2.897829975350939062e+13
2.897829975350939062e+13
2.897829975350939062e+13
2.897829975350939062e+13
2.897829975350939062e+13
2.897829975350939062e+13
2.897829975350939062e+13
2.897829975350939062e+13
2.897829975350939062e+13
2.897829975350939062e+13
2.897829975350939062e+13
2.897829975350939062e+13
2.897829975350939062e+13
2.897829975350939062e+13
2.897829975350939062e+13
2.897829975350939062e+13
2.897829975350939062e+13
2.897829975350939062e+13
2.897829975350939062e+13
2.897829975350939062e+13
2.897829975350939062e+13
2.897829975350939062e+13
2.897829975350939062e+13
2.897829975350939062e+13
2.897829975350939062e+13
2.897829975350939062e+13
2.897829975350939062e+13
2.897829975350939062e+13
2.897829975350939062e+13
2.897829975350939062e+13
2.897829975350939062e+13
2.897829975350939062e+13
2.897829975350939062e+13
2.897829975350939062e+13
2.897829975350939062e+13
2.897829975350939062e+13
2.897829975350939062e+13
2.897829975350939062e+13
2.897829975350939062e+13
2.897829975350939062e+13
2.897829975350939062e+13
2.897829975350939062e+13
2.897829975350939062e+13
2.897829975350939062e+13
2.897829975350939062e+13
2.897829975350939062e+13
2.897829975350939062e+13
2.897829975350939062e+13
2.897829975350939062e+13
2.897829975350939062e+13
2.897829975350939062e+13
2.897829975350939062e+13
2.897829975350939062e+13
2.897829975350939062e+13
2.897829975350939062e+13
2.897829975350939062e+13
2.897829975350939062e+13
2.897829975350939062e+13
2.897829975350939062e+13
2.897829975350939062e+13
2.897829975350939062e+13
2.897829975350939062e+13
2.897829975350939062e+13
2.897829975350939062e+13
2.897829975350939062e+13
2.897829975350939062e+13
2.897829975350939062e+13
2.897829975350939062e+13
2.897829975350939062e+13
2.897829975350939062e+13
2.897829975350939062e+13
2.897829975350939062e+13
2.897829975350939062e+13
2.897829975350939062e+13
2.897829975350939062e+13
2.897829975350939062e+13
2.897829975350939062e+13
2.897829975350939062e+13
2.897829975350939062e+13
2.897829975350939062e+13
2.897829975350939062e+13
2.897829975350939062e+13
2.897829975350939062e+13
2.897829975350939062e+13
2.897829975350939062e+13
2.897829975350939062e+13
2.897829975350939062e+13
2.897829975350939062e+13
2.897829975350939062e+13
2.897829975350939062e+13
2.897829975350939062e+13
2.897829975350939062e+13
2.897829975350939062e+13
2.897829975350939062e+13
2.897829975350939062e+13
2.897829975350939062e+13
2.897829975350939062e+13
2.897829975350939062e+13
2.897829975350939062e+13
2.897829975350939062e+13
2.897829975350939062e+13
2.897829975350939062e+13
2.897829975350939062e+13
2.897829975350939062e+13
2.897829975350939062e+13
2.897829975350939062e+13
2.897829975350939062e+13
2.897829975350939062e+13
2.897829975350939062e+13
2.897829975350939062e+13
2.897829975350939062e+13
2.897829975350939062e+13
2.897829975350939062e+13
2.897829975350939062e+13
2.897829975350939062e+13
2.897829975350939062e+13
2.897829975350939062e+13
2.897829975350939062e+13
2.897829975350939062e+13
2.897829975350939062e+13
2.897829975350939062e+13
2.897829975350939062e+13
2.897829975350939062e+13
2.897829975350939062e+13
2.897829975350939062e+13
2.897829975350939062e+13
2.897829975350939062e+13
2.897829975350939062e+13
2.897829975350939062e+13
2.897829975350939062e+13
2.897829975350939062e+13
2.897829975350939062e+13
2.897829975350939062e+13
2.897829975350939062e+13
2.897829975350939062e+13
2.897829975350939062e+13
2.897829975350939062e+13
2.897829975350939062e+13
2.897829975350939062e+13
2.897829975350939062e+13
2.897829975350939062e+13
2.897829975350939062e+13
2.897829975350939062e+13
2.897829975350939062e+13
2.897829975350939062e+13
2.897829975350939062e+13
2.897829975350939062e+13
2.897829975350939062e+13
2.897829975350939062e+13
2.897829975350939062e+13
2.897829975350939062e+13
2.897829975350939062e+13
2.897829975350939062e+13
2.897829975350939062e+13
2.897829975350939062e+13
2.897829975350939062e+13
2.897829975350939062e+13
2.897829975350939062e+13
2.897829975350939062e+13
2.897829975350939062e+13
2.897829975350939062e+13
2.897829975350939062e+13
2.897829975350939062e+13
2.897829975350939062e+13
2.897829975350939062e+13
2.897829975350939062e+13
2.897829975350939062e+13
2.897829975350939062e+13
2.897829975350939062e+13
2.897829975350939062e+13
2.897829975350939062e+13
2.897829975350939062e+13
2.897829975350939062e+13
2.897829975350939062e+13
2.897829975350939062e+13
2.897829975350939062e+13
2.897829975350939062e+13
2.897829975350939062e+13
2.897829975350939062e+13
2.897829975350939062e+13
2.897829975350939062e+13
2.897829975350939062e+13
2.897829975350939062e+13
2.897829975350939062e+13
2.897829975350939062e+13
2.897829975350939062e+13
2.897829975350939062e+13
2.897829975350939062e+13
2.897829975350939062e+13
2.897829975350939062e+13
2.897829975350939062e+13
2.897829975350939062e+13
2.897829975350939062e+13
2.897829975350939062e+13
2.897829975350939062e+13
2.897829975350939062e+13
2.897829975350939062e+13
2.897829975350939062e+13
2.897829975350939062e+13
2.897829975350939062e+13
2.897829975350939062e+13
2.897829975350939062e+13
2.897829975350939062e+13
2.897829975350939062e+13
2.897829975350939062e+13
2.897829975350939062e+13
2.897829975350939062e+13
2.897829975350939062e+13
2.897829975350939062e+13
2.897829975350939062e+13
2.897829975350939062e+13
2.897829975350939062e+13
2.897829975350939062e+13
2.897829975350939062e+13
2.897829975350939062e+13
2.897829975350939062e+13
2.897829975350939062e+13
2.897829975350939062e+13
2.897829975350939062e+13
2.897829975350939062e+13
2.897829975350939062e+13
2.897829975350939062e+13
2.897829975350939062e+13
2.897829975350939062e+13
2.897829975350939062e+13
2.897829975350939062e+13
2.897829975350939062e+13
2.897829975350939062e+13
2.897829975350939062e+13
2.897829975350939062e+13
2.897829975350939062e+13
2.897829975350939062e+13
2.897829975350939062e+13
2.897829975350939062e+13
2.897829975350939062e+13
2.897829975350939062e+13
2.897829975350939062e+13
2.897829975350939062e+13
2.897829975350939062e+13
2.897829975350939062e+13
2.897829975350939062e+13
2.897829975350939062e+13
2.897829975350939062e+13
2.897829975350939062e+13
2.897829975350939062e+13
2.897829975350939062e+13
2.897829975350939062e+13
2.897829975350939062e+13
2.897829975350939062e+13
2.897829975350939062e+13
2.897829975350939062e+13
2.897829975350939062e+13
2.897829975350939062e+13
2.897829975350939062e+13
2.897829975350939062e+13
2.897829975350939062e+13
2.897829975350939062e+13
2.897829975350939062e+13
2.897829975350939062e+13
2.897829975350939062e+13
2.897829975350939062e+13
2.897829975350939062e+13
2.897829975350939062e+13
2.897829975350939062e+13
2.897829975350939062e+13
2.897829975350939062e+13
2.897829975350938281e+13
2.897829975350935547e+13
2.897829975350923438e+13
2.897829975350883203e+13
2.897829975350810547e+13
2.897829975350775781e+13
2.897829975350774609e+13
2.897829975350774609e+13
2.897829975350774609e+13
2.897829975350774609e+13
2.897829975350774609e+13
2.897829975350774609e+13
2.897829975350774609e+13
2.897829975350774609e+13
2.897829975350774609e+13
2.897829975350774609e+13
2.897829975350774609e+13
2.897829975350774609e+13
2.897829975350774609e+13
2.897829975350774609e+13
2.897829975350774609e+13
2.897829975350774609e+13
2.897829975350774609e+13
2.897829975350774609e+13
2.897829975350774609e+13
2.897829975350774219e+13
2.897829975350767578e+13
2.897829975350719531e+13
2.897829975350401562e+13
2.897829975348701562e+13
2.897829975341231641e+13
2.897829975316550391e+13
2.897829975271764062e+13
2.897829975250349219e+13
2.897829975249684766e+13
2.897829975249684766e+13
2.897829975249684766e+13
2.897829975249684766e+13
2.897829975249684766e+13
2.897829975249684766e+13
2.897829975249684766e+13
2.897829975249684766e+13
2.897829975249684766e+13
2.897829975249684766e+13
2.897829975249684766e+13
2.897829975249684766e+13
2.897829975249684766e+13
2.897829975249684766e+13
2.897829975249684766e+13
2.897829975249684766e+13
2.897829975249682812e+13
2.897829975249656641e+13
2.897829975249360938e+13
2.897829975246708984e+13
2.897829975226675391e+13
2.897829975094118359e+13
2.897829974384920703e+13
2.897829971269242188e+13
2.897829960974289062e+13
2.897829942293364453e+13
2.897829933360984766e+13
2.897829933083864844e+13
2.897829933083805859e+13
2.897829933083805859e+13
2.897829933083805859e+13
2.897829933083805859e+13
2.897829933083805859e+13
2.897829933083805859e+13
2.897829933083805859e+13
2.897829933083805859e+13
2.897829933083805859e+13
2.897829933083805859e+13
2.897829933083805859e+13
2.897829933083805859e+13
2.897829933083805859e+13
2.897829933083803516e+13
2.897829933083763672e+13
2.897829933083169922e+13
2.897829933075764062e+13
2.897829932991838281e+13
2.897829932239413672e+13
2.897829926555533984e+13
2.897829888946743359e+13
2.897829687734605078e+13
2.897828803760494531e+13
2.897825882901144531e+13
2.897820582809041406e+13
2.897818048549722266e+13
2.897817969926448047e+13
2.897817969909644922e+13
2.897817969909644922e+13
2.897817969909644922e+13
2.897817969909644922e+13
2.897817969909644922e+13
2.897817969909644922e+13
2.897817969909644922e+13
2.897817969909644922e+13
2.897817969909644922e+13
2.897817969909644922e+13
2.897817969909644531e+13
2.897817969909625391e+13
2.897817969909233984e+13
2.897817969901531641e+13
2.897817969786221094e+13
2.897817968349271094e+13
2.897817952064255469e+13
2.897817806063366406e+13
2.897816703160477734e+13
2.897809405553080859e+13
2.897770362983603125e+13
2.897598851829894531e+13
2.897032282050878906e+13
2.896004766458384766e+13
2.895513712154296484e+13
2.895498480255164453e+13
2.895498476999883594e+13
2.895498476999883594e+13
2.895498476999883594e+13
2.895498476999883594e+13
2.895498476999883594e+13
2.895498476999883594e+13
2.895498476999883594e+13
2.895498476999883594e+13
2.895498476999883594e+13
2.895498476999881250e+13
2.895498476999779688e+13
2.895498476997229688e+13
2.895498476945096484e+13
2.895498475919200391e+13
2.895498460559937500e+13
2.895498269159887500e+13
2.895496100016743750e+13
2.895476653030453125e+13
2.895329757250433594e+13
2.894358160611717188e+13
2.889171043360632031e+13
2.866601300028264062e+13
2.794469882202160938e+13
2.672447268263446875e+13
2.617790421277725781e+13
2.616130470182267578e+13
2.616130115649437891e+13
2.616130115649437500e+13
2.616130115649437500e+13
2.616130115649437500e+13
2.616130115649437500e+13
2.616130115649437500e+13
2.616130115649437500e+13
2.616130115649430859e+13
2.616130115649212109e+13
2.616130115641581250e+13
2.616130115449690234e+13
2.616130111526006250e+13
2.616130034314589453e+13
2.616128878340507031e+13
2.616114473209042578e+13
2.615951230326764844e+13
2.614488610006862500e+13
2.603492470333457812e+13
2.533001510827250000e+13
2.212503135241426953e+13
1.422032853153522461e+13
6.521531115181408203e+12
3.289719133252367676e+12
2.659530810301875488e+12
2.643818371068943848e+12
2.643815032915081055e+12
2.643815032915075684e+12
2.643815032915075684e+12
2.643815032915075684e+12
2.643815032915075684e+12
2.643815032915075684e+12
2.643815032915074707e+12
2.643815032915031738e+12
2.643815032913600586e+12
2.643815032863706055e+12
2.643815031608986328e+12
2.643815005953099121e+12
2.643814501089024414e+12
2.643806942514089844e+12
2.643712754655895020e+12
2.642645788465036133e+12
2.633118394663186035e+12
2.563308340710459473e+12
2.180749795768991943e+12
1.212554255136215820e+12
4.109676771848377686e+11
1.290588415299966736e+11
5.749415878750569916e+10
4.544479873468409729e+10
4.515122965966844177e+10
4.515116732469187164e+10
4.515116732469177246e+10
4.515116732469177246e+10
4.515116732469177246e+10
4.515116732469177246e+10
4.515116732469177246e+10
4.515116732469175720e+10
4.515116732469119263e+10
4.515116732467254639e+10
4.515116732402244568e+10
4.515116730767401123e+10
4.515116697338932037e+10
4.515116039523654175e+10
4.515106191031938171e+10
4.514983467262984467e+10
4.513593099658649445e+10
4.501166112370463562e+10
4.409457406891850281e+10
3.885626568170340729e+10
2.375686133891143799e+10
8.775437816980192184e+09
2.845747331788486481e+09
1.278337178357612133e+09
1.011852454837027550e+09
1.005350486438148856e+09
1.005349105795584440e+09
1.005349105795582175e+09
1.005349105795582175e+09
1.005349105795582175e+09
1.005349105795582175e+09
1.005349105795581937e+09
1.005349105795573115e+09
1.005349105795283675e+09
1.005349105785190582e+09
1.005349105531373858e+09
1.005349100341454387e+09
1.005348998212684393e+09
1.005347469189127326e+09
1.005328415591158032e+09
1.005112530816012502e+09
1.003181181757710338e+09
9.888279798704915047e+08
9.033112085665149689e+08
6.175660846203136444e+08
2.584262466526400447e+08
8.845516868522112072e+07
4.032654573019554466e+07
3.200100198144140095e+07
3.179733866067983583e+07
3.179729541167454794e+07
3.179729541167448089e+07
3.179729541167448089e+07
3.179729541167448089e+07
3.179729541167448089e+07
3.179729541167447343e+07
3.179729541167427972e+07
3.179729541166789830e+07
3.179729541144529358e+07
3.179729540584728122e+07
3.179729529138193652e+07
3.179729303889892995e+07
3.179725931577400863e+07
3.179683907970695943e+07
3.179207730262762681e+07
3.174944992127228156e+07
3.143109525100836158e+07
2.947549279246111214e+07
2.211416130726497993e+07
1.054467556232956424e+07
3.864383388130523264e+06
1.797745360770869767e+06
1.431652919018574758e+06
1.422664865365889855e+06
1.422662956538605038e+06
1.422662956538602011e+06
1.422662956538602011e+06
1.422662956538602011e+06
1.422662956538601778e+06
1.422662956538595725e+06
1.422662956538396422e+06
1.422662956531449221e+06
1.422662956356744980e+06
1.422662952784484020e+06
1.422662882488472853e+06
1.422661830049022101e+06
1.422648715163421351e+06
1.422500100503266789e+06
1.421169103518094867e+06
1.411194546493460890e+06
1.348567073016329901e+06
1.089809324602996465e+06
5.913367834199724020e+05
2.354665674228274729e+05
1.125546230029965955e+05
9.007297460943253827e+04
8.951825072584260488e+04
8.951813290284368850e+04
8.951813290284349932e+04
8.951813290284349932e+04
8.951813290284349932e+04
8.951813290284349932e+04
8.951813290284323739e+04
8.951813290283450624e+04
8.951813290253003652e+04
8.951813289487329894e+04
8.951813273831202241e+04
8.951812965745264955e+04
8.951808353223642916e+04
8.951750874500107602e+04
8.951099517260633002e+04
8.945264102062367601e+04
8.901427488490322139e+04
8.621858371893678850e+04
7.381520003032304521e+04
4.522958945756594039e+04
1.984104295662821460e+04
9.829276062787412229e+03
7.918683699114644696e+03
7.871217019224018259e+03
7.871206935664004050e+03
7.871206935663986769e+03
7.871206935663986769e+03
7.871206935663986769e+03
7.871206935663986769e+03
7.871206935663970398e+03
7.871206935663438344e+03
7.871206935644861005e+03
7.871206935177721789e+03
7.871206925625891017e+03
7.871206737662099840e+03
7.871203923553771347e+03
7.871168855599322342e+03
7.870771450815014759e+03
7.867210368905143696e+03
7.840413405318498008e+03
7.667603376526501961e+03
6.858799991186338957e+03
4.686849703819101705e+03
2.290355702256953009e+03
1.188047382507200837e+03
9.657918852349476992e+02
9.602188799515733990e+02
9.602176957863415510e+02
9.602176957863395046e+02
9.602176957863395046e+02
9.602176957863395046e+02
9.602176957863395046e+02
9.602176957863381404e+02
9.602176957862933477e+02
9.602176957847320864e+02
9.602176957454722697e+02
9.602176949427072259e+02
9.602176791456560068e+02
9.602174426393678459e+02
9.602144954165937634e+02
9.601810956797727385e+02
9.598817590508469948e+02
9.576265601191483938e+02
9.429674269765091594e+02
8.715857009748148130e+02
6.540664271303752457e+02
3.584651683860079743e+02
1.969497760053746163e+02
1.620392767064889767e+02
1.611530606968021004e+02
1.611528723344765410e+02
1.611528723344762568e+02
1.611528723344762568e+02
1.611528723344762568e+02
1.611528723344762568e+02
1.611528723344760863e+02
1.611528723344709704e+02
1.611528723342925957e+02
1.611528723298065415e+02
1.611528722380778902e+02
1.611528704330139590e+02
1.611528434084129344e+02
1.611525066410295040e+02
1.611486901403010847e+02
1.611144819419727696e+02
1.608565387302116960e+02
1.591703884465963768e+02
1.507178511491727306e+02
1.222071994419514454e+02
7.520215911243103335e+01
4.429008458670099913e+01
3.701491098416406800e+01
3.682723597744627142e+01
3.682719607173257259e+01
3.682719607173250864e+01
3.682719607173250864e+01
3.682719607173250864e+01
3.682719607173250864e+01
3.682719607173172705e+01
3.682719607170447773e+01
3.682719607101927295e+01
3.682719605700852838e+01
3.682719578130100047e+01
3.682719165353238822e+01
3.682714021525671200e+01
3.682655727313095895e+01
3.682133181616467965e+01
3.678190612202382681e+01
3.652314885897470020e+01
3.519836317318060992e+01
3.036032430372018354e+01
2.087811046471857068e+01
1.332590212536601548e+01
1.136089501066958540e+01
1.130915836621096915e+01
1.130914735963407480e+01
1.130914735963405704e+01
1.130914735963405704e+01
1.130914735963405704e+01
1.130914735963405704e+01
1.130914735963390072e+01
1.130914735962846507e+01
1.130914735949172822e+01
1.130914735669581184e+01
1.130914730167691928e+01
1.130914647795886907e+01
1.130913621317357709e+01
1.130901988322718310e+01
1.130797705122743579e+01
1.130010561744574993e+01
1.124829721615683908e+01
1.097899185876416261e+01
9.934097985950941734e+00
7.557484099320530113e+00
5.269791644959075150e+00
4.603482593929363098e+00
4.585495169906447899e+00
4.585491340732968268e+00
4.585491340732962051e+00
4.585491340732962051e+00
4.585491340732962051e+00
4.585491340732962051e+00
4.585491340732922971e+00
4.585491340731549847e+00
4.585491340697013918e+00
4.585491339990848125e+00
4.585491326094695452e+00
4.585491118047756665e+00
4.585488525464113785e+00
4.585459143808217064e+00
4.585195743744591823e+00
4.583206974114253818e+00
4.570091139258213531e+00
4.501175583033520944e+00
4.221505931192229610e+00
3.502449550233858400e+00
2.675506567372134992e+00
2.404097381099306041e+00
2.396555036122255178e+00
2.396553429261846002e+00
2.396553429261843338e+00
2.396553429261843338e+00
2.396553429261843338e+00
2.396553429261843338e+00
2.396553429261423673e+00
2.396553429250867229e+00
2.396553429035018556e+00
2.396553424787489561e+00
2.396553361195392640e+00
2.396552568740225375e+00
2.396543587848707801e+00
2.396463074003184257e+00
2.395855040181274376e+00
2.391839596609866447e+00
2.370583035612594980e+00
2.281505537125984695e+00
2.029518849178555850e+00
1.690681109816098315e+00
1.565691559274550171e+00
1.562108749625635618e+00
1.562107985675037947e+00
1.562107985675036614e+00
1.562107985675036614e+00
1.562107985675036614e+00
1.562107985675036614e+00
1.562107985674890731e+00
1.562107985671223442e+00
1.562107985596234094e+00
1.562107984120569837e+00
1.562107962027588615e+00
1.562107686715074051e+00
1.562104566593409460e+00
1.562076594161691423e+00
1.561865320351609521e+00
1.560468814007857974e+00
1.553039534736039951e+00
1.521221770765655457e+00
1.424771379086144263e+00
1.277764916527428518e+00
1.217689523063515189e+00
1.215915947554786936e+00
1.215915569065814328e+00
1.215915569065813662e+00
1.215915569065813662e+00
1.215915569065813662e+00
1.215915569065813662e+00
1.215915569065760593e+00
1.215915569064428770e+00
1.215915569037195221e+00
1.215915568501283461e+00
1.215915560477854429e+00
1.215915460493581568e+00
1.215914327368708525e+00
1.215904168599888147e+00
1.215827433864104634e+00
1.215319943548224479e+00
1.212611981847883991e+00
1.200856818870524423e+00
1.163585333008798406e+00
1.101546676160889637e+00
1.074162299258687447e+00
1.073334480041041816e+00
1.073334303259341871e+00
1.073334303259341649e+00
1.073334303259341649e+00
1.073334303259341649e+00
1.073334303259341649e+00
1.073334303258884237e+00
1.073334303249531940e+00
1.073334303065493378e+00
1.073334300310151423e+00
1.073334265974349444e+00
1.073333876845397716e+00
1.073330388180038897e+00
1.073304035232335307e+00
1.073129697068287980e+00
1.072197925380161010e+00
1.068123519328412874e+00
1.054878172929495816e+00
1.031663952557650532e+00
1.020921267166971846e+00
1.020591561024511318e+00
1.020591490583849348e+00
1.020591490583849348e+00
1.020591490583849348e+00
1.020591490583849348e+00
1.020591490583849348e+00
1.020591490583715011e+00
1.020591490580966987e+00
1.020591490526891354e+00
1.020591489717295408e+00
1.020591479628485621e+00
1.020591365291588115e+00
1.020590340222219172e+00
1.020582596825913457e+00
1.020531363698218952e+00
1.020257346839227974e+00
1.019055264552279239e+00
1.015103360414887801e+00
1.008010073276810914e+00
1.004653297760101260e+00
1.004549514038814317e+00
1.004549491860881716e+00
1.004549491860881716e+00
1.004549491860881716e+00
1.004549491860881716e+00
1.004549491860881716e+00
1.004549491860850408e+00
1.004549491860210697e+00
1.004549491847620102e+00
1.004549491659120219e+00
1.004549489310123445e+00
1.004549462688843597e+00
1.004549224019766873e+00
1.004547421096545712e+00
1.004535491774161793e+00
1.004471673086720029e+00
1.004191397924686813e+00
1.003266412561764298e+00
1.001592305042253273e+00
1.000793794806397630e+00
1.000769042034785006e+00
1.000769036744856733e+00
1.000769036744856733e+00
1.000769036744856733e+00
1.000769036744856733e+00
1.000769036744856733e+00
1.000769036744743490e+00
1.000769036742516382e+00
1.000769036709174831e+00
1.000769036293686742e+00
1.000769031584941127e+00
1.000768989369382744e+00
1.000768670469512456e+00
1.000766560395113025e+00
1.000755271360738385e+00
1.000705678871503856e+00
1.000541848299282943e+00
1.000244703011080150e+00
1.000102683833776318e+00
1.000098278448701139e+00
1.000098277507204703e+00
1.000098277507204703e+00
1.000098277507204703e+00
1.000098277507204703e+00
1.000098277507204703e+00
1.000098277507189604e+00
1.000098277506894950e+00
1.000098277502482702e+00
1.000098277447497797e+00
1.000098276824351151e+00
1.000098271237623626e+00
1.000098229035002007e+00
1.000097949791054486e+00
1.000096455800538742e+00
1.000089892385393364e+00
1.000068205894913964e+00
1.000028856616370199e+00
1.000010042651670927e+00
1.000009458974960408e+00
1.000009458850219524e+00
1.000009458850219524e+00
1.000009458850219524e+00
1.000009458850219524e+00
1.000009458850217969e+00
1.000009458850188881e+00
1.000009458849753008e+00
1.000009458844322019e+00
1.000009458782771254e+00
1.000009458230948889e+00
1.000009454062435132e+00
1.000009426480437336e+00
1.000009278913017940e+00
1.000008630613541838e+00
1.000006488482041656e+00
1.000002601455435514e+00
1.000000742864444403e+00
1.000000685203273010e+00
1.000000685190949978e+00
1.000000685190949978e+00
1.000000685190949978e+00
1.000000685190949978e+00
1.000000685190949756e+00
1.000000685190947758e+00
1.000000685190915561e+00
1.000000685190514549e+00
1.000000685185969962e+00
1.000000685145225665e+00
1.000000684837440312e+00
1.000000682800901819e+00
1.000000671905143967e+00
1.000000624037400421e+00
1.000000465870889199e+00
1.000000178866627287e+00
1.000000041634128367e+00
1.000000037376601592e+00
1.000000037375691653e+00
1.000000037375691653e+00
1.000000037375691653e+00
1.000000037375691653e+00
1.000000037375691653e+00
1.000000037375689876e+00
1.000000037375667672e+00
1.000000037375416095e+00
1.000000037373162121e+00
1.000000037356134630e+00
1.000000037243467865e+00
1.000000036640685819e+00
1.000000033992515913e+00
1.000000025242324897e+00
1.000000009364481413e+00
1.000000001772409552e+00
1.000000001536871519e+00
1.000000001536821337e+00
1.000000001536821337e+00
1.000000001536821337e+00
1.000000001536821337e+00
1.000000001536821337e+00
1.000000001536821115e+00
1.000000001536820227e+00
1.000000001536809791e+00
1.000000001536716088e+00
1.000000001536008654e+00
1.000000001531327287e+00
1.000000001506281322e+00
1.000000001396248672e+00
1.000000001032673724e+00
1.000000000372941233e+00
1.000000000057486904e+00
1.000000000047700066e+00
1.000000000047698068e+00
1.000000000047698068e+00
1.000000000047698068e+00
1.000000000047698068e+00
1.000000000047698068e+00
1.000000000047698068e+00
1.000000000047698068e+00
1.000000000047697624e+00
1.000000000047694737e+00
1.000000000047672755e+00
1.000000000047526205e+00
1.000000000046742832e+00
1.000000000043300918e+00
1.000000000031928460e+00
1.000000000011292078e+00
1.000000000001424638e+00
1.000000000001118661e+00
1.000000000001118439e+00
1.000000000001118439e+00
1.000000000001118439e+00
1.000000000001118439e+00
1.000000000001118439e+00
1.000000000001118439e+00
1.000000000001118439e+00
1.000000000001118439e+00
1.000000000001118439e+00
1.000000000001117773e+00
1.000000000001114442e+00
1.000000000001095790e+00
1.000000000001014522e+00
1.000000000000746070e+00
1.000000000000259126e+00
1.000000000000026201e+00
1.000000000000018874e+00
1.000000000000018874e+00
1.000000000000018874e+00
1.000000000000018874e+00
1.000000000000018874e+00
1.000000000000018874e+00
1.000000000000018874e+00
1.000000000000018874e+00
1.000000000000018874e+00
1.000000000000018874e+00
1.000000000000018874e+00
1.000000000000018430e+00
1.000000000000017097e+00
1.000000000000012212e+00
1.000000000000003553e+00
9.999999999999993339e-01
9.999999999999991118e-01
9.999999999999991118e-01
9.999999999999991118e-01
9.999999999999991118e-01
9.999999999999991118e-01
9.999999999999991118e-01
9.999999999999991118e-01
9.999999999999991118e-01
9.999999999999991118e-01
9.999999999999991118e-01
9.999999999999991118e-01
9.999999999999991118e-01
9.999999999999991118e-01
9.999999999999991118e-01
9.999999999999988898e-01
9.999999999999988898e-01
9.999999999999988898e-01
9.999999999999988898e-01
9.999999999999988898e-01
9.999999999999988898e-01
9.999999999999988898e-01
9.999999999999988898e-01
9.999999999999988898e-01
9.999999999999988898e-01
9.999999999999988898e-01
9.999999999999988898e-01
9.999999999999988898e-01
9.999999999999988898e-01
9.999999999999988898e-01
9.999999999999988898e-01
9.999999999999988898e-01
9.999999999999988898e-01
9.999999999999988898e-01
9.999999999999988898e-01
9.999999999999988898e-01
9.999999999999988898e-01
9.999999999999988898e-01
9.999999999999988898e-01
9.999999999999988898e-01
9.999999999999988898e-01
9.999999999999988898e-01
9.999999999999988898e-01
9.999999999999988898e-01
9.999999999999988898e-01
9.999999999999988898e-01
9.999999999999988898e-01
9.999999999999988898e-01
9.999999999999988898e-01
9.999999999999988898e-01
9.999999999999988898e-01
9.999999999999988898e-01
9.999999999999988898e-01
9.999999999999988898e-01
9.999999999999988898e-01
9.999999999999988898e-01
9.999999999999988898e-01
9.999999999999988898e-01
9.999999999999988898e-01
9.999999999999988898e-01
9.999999999999988898e-01
9.999999999999988898e-01
9.999999999999988898e-01
9.999999999999988898e-01
9.999999999999988898e-01
9.999999999999988898e-01
9.999999999999988898e-01
9.999999999999988898e-01
9.999999999999988898e-01
9.999999999999988898e-01
9.999999999999988898e-01
9.999999999999988898e-01
9.999999999999988898e-01
9.999999999999988898e-01
9.999999999999988898e-01
9.999999999999988898e-01
9.999999999999988898e-01
9.999999999999988898e-01
9.999999999999988898e-01
9.999999999999988898e-01
9.999999999999988898e-01
9.999999999999988898e-01
9.999999999999988898e-01
9.999999999999988898e-01
9.999999999999988898e-01
9.999999999999988898e-01
9.999999999999988898e-01
9.999999999999988898e-01
9.999999999999988898e-01
9.999999999999988898e-01
9.999999999999988898e-01
9.999999999999988898e-01
9.999999999999988898e-01
9.999999999999988898e-01
9.999999999999988898e-01
9.999999999999988898e-01
9.999999999999988898e-01
9.999999999999988898e-01
9.999999999999988898e-01
9.999999999999988898e-01
9.999999999999988898e-01
9.999999999999988898e-01
9.999999999999988898e-01
9.999999999999988898e-01
9.999999999999988898e-01
9.999999999999988898e-01
9.999999999999988898e-01
9.999999999999988898e-01
9.999999999999988898e-01
9.999999999999988898e-01
9.999999999999988898e-01
9.999999999999988898e-01
9.999999999999988898e-01
9.999999999999988898e-01
9.999999999999988898e-01
9.999999999999988898e-01
9.999999999999988898e-01
9.999999999999988898e-01
9.999999999999988898e-01
9.999999999999988898e-01
9.999999999999988898e-01
9.999999999999988898e-01
9.999999999999988898e-01
9.999999999999988898e-01
9.999999999999988898e-01
9.999999999999988898e-01
9.999999999999988898e-01
9.999999999999988898e-01
9.999999999999988898e-01
9.999999999999988898e-01
9.999999999999988898e-01
9.999999999999988898e-01
9.999999999999988898e-01
9.999999999999988898e-01
9.999999999999988898e-01
9.999999999999988898e-01
9.999999999999988898e-01
9.999999999999988898e-01
9.999999999999988898e-01
9.999999999999988898e-01
9.999999999999988898e-01
9.999999999999988898e-01
9.999999999999988898e-01
9.999999999999988898e-01
9.999999999999988898e-01
9.999999999999988898e-01
9.999999999999988898e-01
9.999999999999988898e-01
9.999999999999988898e-01
9.999999999999988898e-01
9.999999999999988898e-01
9.999999999999988898e-01
9.999999999999988898e-01
9.999999999999988898e-01
9.999999999999988898e-01
9.999999999999988898e-01
9.999999999999988898e-01
9.999999999999988898e-01
9.999999999999988898e-01
9.999999999999988898e-01
9.999999999999988898e-01
9.999999999999988898e-01
9.999999999999988898e-01
9.999999999999988898e-01
9.999999999999988898e-01
9.999999999999988898e-01
9.999999999999988898e-01
9.999999999999988898e-01
9.999999999999988898e-01
9.999999999999988898e-01
9.999999999999988898e-01
9.999999999999988898e-01
9.999999999999988898e-01
9.999999999999988898e-01
9.999999999999988898e-01
9.999999999999988898e-01
9.999999999999988898e-01
9.999999999999988898e-01
9.999999999999988898e-01
9.999999999999988898e-01
9.999999999999988898e-01
9.999999999999988898e-01
9.999999999999988898e-01
9.999999999999988898e-01
9.999999999999988898e-01
9.999999999999988898e-01
9.999999999999988898e-01
9.999999999999988898e-01
9.999999999999988898e-01
9.999999999999988898e-01
9.999999999999988898e-01
9.999999999999988898e-01
9.999999999999988898e-01
9.999999999999988898e-01
9.999999999999988898e-01
9.999999999999988898e-01
9.999999999999988898e-01
9.999999999999988898e-01
9.999999999999988898e-01
9.999999999999988898e-01
9.999999999999988898e-01
9.999999999999988898e-01
9.999999999999988898e-01
9.999999999999988898e-01
9.999999999999988898e-01
9.999999999999988898e-01
9.999999999999988898e-01
9.999999999999988898e-01
9.999999999999988898e-01
9.999999999999988898e-01
9.999999999999988898e-01
9.999999999999988898e-01
9.999999999999988898e-01
9.999999999999988898e-01
9.999999999999988898e-01
9.999999999999988898e-01
9.999999999999988898e-01
9.999999999999988898e-01
9.999999999999988898e-01
9.999999999999988898e-01
9.999999999999988898e-01
9.999999999999988898e-01
9.999999999999988898e-01
9.999999999999988898e-01
9.999999999999988898e-01
9.999999999999988898e-01
9.999999999999988898e-01
9.999999999999988898e-01
9.999999999999988898e-01
9.999999999999988898e-01
9.999999999999988898e-01
9.999999999999988898e-01
9.999999999999988898e-01
9.999999999999988898e-01
9.999999999999988898e-01
9.999999999999988898e-01
9.999999999999988898e-01
9.999999999999988898e-01
9.999999999999988898e-01
9.999999999999988898e-01
9.999999999999988898e-01
9.999999999999988898e-01
9.999999999999988898e-01
9.999999999999988898e-01
9.999999999999988898e-01
9.999999999999988898e-01
9.999999999999988898e-01
9.999999999999988898e-01
9.999999999999988898e-01
9.999999999999988898e-01
9.999999999999988898e-01
9.999999999999988898e-01
9.999999999999988898e-01
9.999999999999988898e-01
9.999999999999988898e-01
9.999999999999988898e-01
9.999999999999988898e-01
9.999999999999988898e-01
9.999999999999988898e-01
9.999999999999988898e-01
9.999999999999988898e-01
9.999999999999988898e-01
9.999999999999988898e-01
9.999999999999988898e-01
9.999999999999988898e-01
9.999999999999988898e-01
9.999999999999988898e-01
9.999999999999988898e-01
9.999999999999988898e-01
9.999999999999988898e-01
9.999999999999988898e-01
9.999999999999988898e-01
9.999999999999988898e-01
9.999999999999988898e-01
9.999999999999988898e-01
9.999999999999988898e-01
9.999999999999988898e-01
9.999999999999988898e-01
9.999999999999988898e-01
9.999999999999988898e-01
9.999999999999988898e-01
9.999999999999988898e-01
9.999999999999988898e-01
9.999999999999988898e-01
9.999999999999988898e-01
9.999999999999988898e-01
9.999999999999988898e-01
9.999999999999988898e-01
9.999999999999988898e-01
9.999999999999988898e-01
9.999999999999988898e-01
9.999999999999988898e-01
9.999999999999988898e-01
9.999999999999988898e-01
9.999999999999988898e-01
9.999999999999988898e-01
