1.519551273314466573e+66
1.475613984621101315e+66
9.369309826684757233e+65
3.177070897790923018e+58
2.891423282315048879e+58
2.891423282315048879e+58
2.891423214663013726e+58
2.891423214663013726e+58
5.498068736757348357e+49
5.498068736757344203e+49
5.498068736757344203e+49
5.498068736757344203e+49
5.498068736757344203e+49
5.498068736757344203e+49
5.498068736757344203e+49
5.498068736667814467e+49
5.498068736667814467e+49
5.498068736667814467e+49
5.498068736667814467e+49
5.498068736667814467e+49
5.498068736667814467e+49
5.498068736662904631e+49
5.498068736662904631e+49
5.498068736662904631e+49
5.498068736661308519e+49
5.498057473459660288e+49
5.498057473459660288e+49
5.498057473459660288e+49
5.498057473459660288e+49
5.497270294251602253e+49
5.497270294251602253e+49
5.497270294251602253e+49
5.497270294251602253e+49
5.497270294251602253e+49
5.497270294251602253e+49
5.497270294251602253e+49
5.497270294251602253e+49
5.497270294251602253e+49
3.336101965937865918e+45
3.336101965937865918e+45
3.336101965937865918e+45
3.336101965937865918e+45
3.336101965937852607e+45
3.336101965937852607e+45
3.336101965937852607e+45
3.336101965937852607e+45
3.336101965937852607e+45
3.336101965937852607e+45
3.336101965917483997e+45
3.336101679820983960e+45
3.336101679820983960e+45
3.336101679820983960e+45
3.336101679820983960e+45
3.336101679102036556e+45
3.336101679102036556e+45
3.336101679102036556e+45
3.336101679102036556e+45
3.336101679102036556e+45
3.336101679102036556e+45
3.336101679102036556e+45
3.336101679102036556e+45
3.336101679102036556e+45
3.336101661542928976e+45
3.336101661542928976e+45
3.336101661542928976e+45
3.336101661542928976e+45
3.336101660549883188e+45
3.336101660359963141e+45
3.327584421789588570e+45
3.327584421789588570e+45
3.327584421789588570e+45
2.784548994228094368e+45
2.784548994228094368e+45
2.784548994228094368e+45
2.784548994228094368e+45
2.784548994228094368e+45
2.784548994228094368e+45
2.784548975575557016e+45
2.784548975575557016e+45
2.784548924674134808e+45
2.622909608468396608e+45
2.622909608468002052e+45
2.622644847815477086e+45
2.622633902440428894e+45
2.622633644113005896e+45
2.622633644113005896e+45
2.622535338978880225e+45
2.619022050292587967e+45
2.619022050292587967e+45
2.619022050292587967e+45
2.619022050292587967e+45
2.619022050292587967e+45
2.619022048903200760e+45
2.619022048902175230e+45
2.619022048902159701e+45
2.619022048902159701e+45
2.618616528790048650e+45
2.618616528788184887e+45
2.618615635835601500e+45
2.618615635835591993e+45
2.618615635835591993e+45
2.618615635835591993e+45
2.618615635835591993e+45
2.618615635835591993e+45
2.618615635832806014e+45
2.618615635832806014e+45
2.618615635832806014e+45
2.618615635832806014e+45
2.618615635832806014e+45
2.618615635832758477e+45
2.618615635832758477e+45
2.618615635832758477e+45
2.618615635832758477e+45
2.618615635832758477e+45
2.618615635832758477e+45
2.618615635832758477e+45
2.618615635832758477e+45
2.618615635832758477e+45
2.618615635832758477e+45
2.618615635832758477e+45
2.618615635832758477e+45
2.618615635832758477e+45
2.618607981241222713e+45
2.618607981241222713e+45
2.618607981241222713e+45
2.618607981229457014e+45
2.618607981229457014e+45
2.618607981229457014e+45
2.618607981228904952e+45
2.618607981228904952e+45
2.618607981228904952e+45
2.618607981228904318e+45
2.618607981228904318e+45
2.618607981228904318e+45
2.618607981228904318e+45
2.618607981228904318e+45
2.618607981228904318e+45
2.618607981228904318e+45
2.618607842712155324e+45
2.618607842712155324e+45
2.618607842712155324e+45
2.618607842712155324e+45
2.618607842712155324e+45
2.618607842712151204e+45
2.529207296516590690e+45
2.529207296516590690e+45
2.529207296516590690e+45
2.529187248389795043e+45
2.529187248389795043e+45
2.529187248389795043e+45
2.529187248389795043e+45
2.529187248389795043e+45
2.529187222333564959e+45
2.529187222333564959e+45
2.529187222333564959e+45
2.529187222333564959e+45
2.529187222333564959e+45
2.529187222333564959e+45
2.529187222333564959e+45
2.529187222333548163e+45
2.529187222275552831e+45
2.529187222274317189e+45
2.529187222274317189e+45
2.529187222274317189e+45
2.529187222274317189e+45
2.529187222250770896e+45
2.529187222250770896e+45
2.529187222250770896e+45
2.529187222250770896e+45
2.529187222250770896e+45
2.529187222250760438e+45
2.529187222250760438e+45
2.529187222250760438e+45
2.529187222250130415e+45
2.529187222250130415e+45
2.529187222250130415e+45
2.529187222250130415e+45
2.529187222250130415e+45
2.529187222250130415e+45
2.529187222250130415e+45
2.529187222250129781e+45
2.529187222250129781e+45
2.529187222250129781e+45
2.529187222250129781e+45
2.529187222250129781e+45
2.529187222250129781e+45
2.529187222250129781e+45
2.529187222250129781e+45
2.529187222250129781e+45
2.529187222250129781e+45
2.529187222250129781e+45
2.529187222249867061e+45
2.529187222110959493e+45
2.349056162422829607e+45
2.349055064637027930e+45
2.349055064637027930e+45
2.349055064500677213e+45
2.349055064500677213e+45
2.349055064500677213e+45
2.349055064500677213e+45
2.349055064500677213e+45
2.349055064500677213e+45
2.219778342651254255e+45
2.219778212748757729e+45
2.219778212748757729e+45
2.219778212522332831e+45
2.219499106303902201e+45
2.213483995589020102e+45
2.213483995589020102e+45
2.213483995589020102e+45
2.213483995589020102e+45
2.213483995589020102e+45
2.213483995589020102e+45
2.213483995552643601e+45
2.213483995552643601e+45
2.213325109226447242e+45
2.202947459886882853e+45
2.202947459886882853e+45
2.202947459886882853e+45
2.202947459886882853e+45
2.202947459886882853e+45
2.202947459886882853e+45
2.202947459886882853e+45
2.202947459886455654e+45
2.202947459886221139e+45
2.202947459886221139e+45
2.202947459886221139e+45
2.202947459886221139e+45
2.202947459886221139e+45
2.202947459886221139e+45
2.202947459502846202e+45
2.202626399912015620e+45
2.202626399912015620e+45
2.202626399912015620e+45
2.202626028915620295e+45
2.202626027982638327e+45
2.202626027982638327e+45
2.202626027982638327e+45
2.202626024730588462e+45
2.202626024730588462e+45
2.202626024730588462e+45
2.202626024730588462e+45
2.202626024730588462e+45
2.202626024730588462e+45
2.202626024730588462e+45
2.202626024730588462e+45
2.202626024730588462e+45
2.202626024730588462e+45
2.202626024730588462e+45
2.202626024730588462e+45
2.202626024730588462e+45
2.202626024730588462e+45
2.202363558311529146e+45
2.202363130902940358e+45
2.202363130902940358e+45
2.202363130902940358e+45
2.202363130902940358e+45
2.202363130902940358e+45
2.202363130902940041e+45
2.202363130902940041e+45
2.202363130902940041e+45
2.143840422821133730e+44
2.140276945999959068e+44
2.140276945999959068e+44
2.140276945999959068e+44
2.140276945999959068e+44
2.140276945999959068e+44
2.140276945982222260e+44
2.140276941989585957e+44
2.140276941989585957e+44
2.140276941989585957e+44
2.140276941989585957e+44
2.140276941989585957e+44
2.140276941989573281e+44
2.140276941989573281e+44
2.140276941957235514e+44
2.140276941957235514e+44
2.140276941957235514e+44
2.140276941957235514e+44
2.140276941957235514e+44
2.140235184308132570e+44
2.140235184308132570e+44
2.140235184308132570e+44
2.140235184308131778e+44
2.140235184308131778e+44
2.140235184308131778e+44
2.140235184308131778e+44
2.140235184308131381e+44
2.140235184308131381e+44
2.140211881573976319e+44
2.140211881573976319e+44
2.140211856657404531e+44
2.140206323356746918e+44
2.140206323353844790e+44
2.140206323353844790e+44
2.140206323353844790e+44
2.140205934677677156e+44
2.140205934677677156e+44
2.140205934677677156e+44
2.140203807093354918e+44
2.140203807093354918e+44
2.140203807093354918e+44
2.140203768814784371e+44
2.140203768814784371e+44
2.140203768814784371e+44
2.140203687347616158e+44
2.140203687347616158e+44
2.140203687347616158e+44
2.140203687347616158e+44
2.137208026222512077e+44
2.137208026222512077e+44
2.137208026222512077e+44
2.137208026222512077e+44
2.137208026222512077e+44
2.137208026222505738e+44
2.137208026222505738e+44
2.137208026222505738e+44
2.137208026222505738e+44
1.653623218403008651e+44
1.653623218402897732e+44
1.653623218402897732e+44
1.653623218402872181e+44
1.653623218402872181e+44
1.653623218402872181e+44
1.653623218402872181e+44
1.653623218402872181e+44
1.653623218402869804e+44
1.653623215999546283e+44
1.653623215999546283e+44
1.653623215999546283e+44
1.653623215980916374e+44
1.653623215980916374e+44
1.653623215980916374e+44
1.653623215980916374e+44
1.653623190409316642e+44
1.653623190409316642e+44
1.653623190409316642e+44
1.653623190409316642e+44
1.653507740671532091e+44
1.653507740671532091e+44
1.653507740671532091e+44
1.653507740671532091e+44
1.653507740671532091e+44
1.653507740670015862e+44
1.653507740670015862e+44
1.653507740670015862e+44
1.653507740670015862e+44
3.455049958268623097e+43
3.455049958268623097e+43
3.455049958268623097e+43
3.455049958268623097e+43
3.455049958268623097e+43
3.455049958268623097e+43
3.455049958268623097e+43
3.455049958268623097e+43
3.455049958268623097e+43
3.455049958268623097e+43
3.455049958268623097e+43
3.455049958268584473e+43
3.455049958268584473e+43
3.455049958268584473e+43
3.455049958268584473e+43
3.455049958268584473e+43
3.455049958268584473e+43
3.455049958268584473e+43
3.455049958268531489e+43
3.416235359841220518e+43
3.416235359272283083e+43
3.416235359272283083e+43
3.416235359272283083e+43
3.416235359272283083e+43
3.416235359272283083e+43
3.416235359272283083e+43
3.416235359272283083e+43
3.416235353922888662e+43
3.416235353890073843e+43
3.416235353890073843e+43
3.416235353890073843e+43
3.416235353890073843e+43
3.416228032129307713e+43
3.416228032129307713e+43
3.416228032129279983e+43
3.416227892850648655e+43
3.416227892850648655e+43
3.416227892850648655e+43
3.416227892850648655e+43
3.416227892850648655e+43
3.416227892850648655e+43
3.416227892850648655e+43
3.416227892850648655e+43
3.416227892850648655e+43
3.416227892850648655e+43
3.416227892850648655e+43
3.416227892850648655e+43
3.416227892850648655e+43
3.416227892850648655e+43
3.416227892850648655e+43
3.416227892597804353e+43
3.416227892597804353e+43
3.416227892597804353e+43
3.416227892597804353e+43
3.416227892597804353e+43
3.416227892597804353e+43
3.416227892597804353e+43
3.416227892597804353e+43
3.416227892597804353e+43
3.416227892597804353e+43
3.416227892597648868e+43
3.416227892597648373e+43
3.416227892597648373e+43
3.416227892597645402e+43
3.416227892597645402e+43
3.416227892597645402e+43
3.416227892597645402e+43
3.416227892597645402e+43
3.416227892597645402e+43
3.416227892597645402e+43
3.416227892597645402e+43
3.378729795270313945e+43
3.378729795270313945e+43
3.378729795270313945e+43
3.378729795270313945e+43
3.378729795270313945e+43
3.378729795270313945e+43
3.378729795270313945e+43
3.378729795270313945e+43
3.378729795270313945e+43
3.378729795270313945e+43
3.378729795270313945e+43
3.378729795269099278e+43
3.378328563102266808e+43
3.378328563102266808e+43
3.378328563102266808e+43
3.378328563102266808e+43
3.378328563102266808e+43
3.378328563102266808e+43
3.378328563102266808e+43
3.378328563102266808e+43
3.378328563102266808e+43
3.378328563102266808e+43
3.378328563102266808e+43
3.378328563102266808e+43
3.378328563102266808e+43
3.378328563102266808e+43
3.378328563102266808e+43
3.378328563102266808e+43
3.378328563102266808e+43
3.378328563102266808e+43
3.378328563102266808e+43
3.378328563102266808e+43
3.378328563102266808e+43
3.378328563102266808e+43
3.378328563102266808e+43
3.378328563102266808e+43
3.378328563102266808e+43
3.378328563102266808e+43
3.378328563102266808e+43
3.378328563102266808e+43
3.378328563102266808e+43
3.378328563102266808e+43
3.378328563102266808e+43
3.378328563102266808e+43
3.378328563102266808e+43
3.378328563102266808e+43
3.378328563102266808e+43
3.378328563102266808e+43
3.378328563102266808e+43
3.378328563102266808e+43
3.378328563102266808e+43
3.378328563102266808e+43
3.378328563102266808e+43
3.378328563102266808e+43
3.378328563102266808e+43
3.378328563102266808e+43
3.378328563102266808e+43
3.378328563102266808e+43
3.378328563102266808e+43
3.378328563102266808e+43
3.378328563102266808e+43
3.378328563102265323e+43
3.378328563102265323e+43
3.378328563102265323e+43
3.378328563102265323e+43
3.378328563102265323e+43
3.378328563102265323e+43
3.378328563102265323e+43
3.378328563091292717e+43
3.378328563091292717e+43
3.378328563091292717e+43
3.378328563091292717e+43
3.376633350095241456e+43
3.376633350095241456e+43
3.376633350095238980e+43
3.376633350095238980e+43
3.376633350095238980e+43
3.376633350095238980e+43
3.062853197162037735e+43
3.062853197162037735e+43
3.062853197162037735e+43
3.062853197162037735e+43
3.062853197162037735e+43
3.062853197162037735e+43
3.062852262307339579e+43
3.062852262307339579e+43
3.062852260902964939e+43
3.062852260902964939e+43
3.062852260902964939e+43
3.062852260866976041e+43
2.595948274046743253e+43
2.595948274046743253e+43
2.595948274046743253e+43
2.595948274046743253e+43
2.595948274046743253e+43
2.080065356608259105e+43
2.080065273744187220e+43
2.078893660874211372e+43
2.072476829376506860e+43
2.072476829376497451e+43
5.658668946603551600e+42
5.658668946603551600e+42
5.658668747479567971e+42
5.658668747479567971e+42
5.658668747479567971e+42
3.902438820786064368e+42
3.902438820785323460e+42
3.902435981290179706e+42
3.902435981290179706e+42
3.902435981289217827e+42
3.902435981289217827e+42
3.831247490065759400e+42
3.831247490065759400e+42
3.610754234645495648e+42
1.232276182307264716e+42
1.232249402289413401e+42
1.232249402289413401e+42
1.232249402289413401e+42
6.185998078749431068e+41
6.185998072883530337e+41
6.185998072883530337e+41
6.185945322054229097e+41
6.185945322054229097e+41
6.185945322001153965e+41
6.185945322001153965e+41
5.776471484293686765e+41
5.776471484293686765e+41
5.776471484293672065e+41
5.712155850188201911e+41
2.945045892547516283e+41
2.945045892547516283e+41
2.945045892547516283e+41
2.945038664076266569e+41
1.055908239375149090e+41
1.055908239115685948e+41
1.055822129853071777e+41
1.055822129853071777e+41
1.055822129853071777e+41
1.055822129853071777e+41
1.055822129853071777e+41
1.055822129822813041e+41
8.663525723661575512e+40
8.663525723661575512e+40
8.663525723661575512e+40
8.663525723661575512e+40
6.546648395964324003e+40
6.546648268366715454e+40
6.539191380705721612e+40
6.525227346417705318e+40
6.525227346417686942e+40
2.023779034549061198e+40
2.023779034549061198e+40
2.023778917842645290e+40
2.023778917842645290e+40
2.023778917842645290e+40
1.290896824533974849e+40
1.290896824533401577e+40
1.290896341536518022e+40
1.290896341536518022e+40
1.290896341536312263e+40
1.290896341536312263e+40
1.290896341536312263e+40
1.273694186201313995e+40
1.273694186201313995e+40
1.180100768487469356e+40
4.413537443237456646e+39
4.413537443237456646e+39
4.413316594083804863e+39
4.413316594083804863e+39
1.958675148404163379e+39
1.958675145709444153e+39
1.958675145709444153e+39
1.958666924634209131e+39
1.958666924634209131e+39
1.958666924623808137e+39
1.958666924623808137e+39
1.866608444877122702e+39
1.866608444877122702e+39
1.866608444877111822e+39
1.840448629534417779e+39
1.020624535334829495e+39
1.020624535334829495e+39
1.020624535334829495e+39
1.020618954069444779e+39
3.202403065689686678e+38
3.202403065223190161e+38
3.202279936208407164e+38
3.202279936208407164e+38
3.202279936208407164e+38
3.202279936208407164e+38
3.202279936208407164e+38
3.202279936080862090e+38
2.794922531676950050e+38
2.794922531676950050e+38
2.794922531676950050e+38
2.794922531676950050e+38
2.189025010930421385e+38
2.189024983044850704e+38
2.185769065398021295e+38
2.183341285564518626e+38
2.183341285564515982e+38
6.022665391619878688e+37
6.022665391619878688e+37
6.022664727134173115e+37
6.022664727134173115e+37
6.022664727134173115e+37
4.392113939439402628e+37
4.392113939436362369e+37
4.392112846532167082e+37
4.392112846532167082e+37
4.392112846531867684e+37
4.392112846531867684e+37
4.392112846531867684e+37
4.360961682794360968e+37
4.360961682794360968e+37
4.067867758955883743e+37
4.067867758955883743e+37
1.340234520550985967e+37
1.340234520550985967e+37
1.340154962610233081e+37
1.340154962610233081e+37
7.298539558089370183e+36
7.298539534034651809e+36
7.298539534034651809e+36
7.298517221454085417e+36
7.298517221454085417e+36
7.298517221435953891e+36
7.298517221435953891e+36
7.095805660099903073e+36
7.095805660099903073e+36
7.095805660099831057e+36
6.995511508945055299e+36
3.368151828611274607e+36
3.368151828611274607e+36
3.368151828611274607e+36
3.368128082791228647e+36
1.302499980331326549e+36
1.302499980234443364e+36
1.302460165770610441e+36
1.302460165770610441e+36
1.302460165770610441e+36
1.302460165770610441e+36
1.302460165770610441e+36
1.302460165770610441e+36
1.302460165634962678e+36
1.192563458527576860e+36
1.192563458527576860e+36
1.192563458527576860e+36
1.192563458527576860e+36
8.418551470238725858e+35
8.418551418460344459e+35
8.405774380435760340e+35
8.398754178973316801e+35
8.398754178973312374e+35
2.609151578664051357e+35
2.609151578664051357e+35
2.609151091460288991e+35
2.609151091460288991e+35
2.609151091460288991e+35
2.087298329656366899e+35
2.087298329651951856e+35
2.087298019767610608e+35
2.087298019767610608e+35
2.087298019767548627e+35
2.087298019767548627e+35
2.087298019767548627e+35
2.073538960074668104e+35
2.073538960074668104e+35
1.849983039101359623e+35
1.849983039101359623e+35
6.097997535668372704e+34
6.097997535668372704e+34
6.097560529315286528e+34
6.097560529315286528e+34
6.097560529315286528e+34
3.831504159372158352e+34
3.831504133473884292e+34
3.831504133473884292e+34
3.831496413558123274e+34
3.831496413558123274e+34
3.831496413553526346e+34
3.831496413553526346e+34
3.722376388689399119e+34
3.722376388689399119e+34
3.722376388689272759e+34
3.626177021013164856e+34
1.628534063209554003e+34
1.628534063209554003e+34
1.628534063209554003e+34
1.628519333528245222e+34
7.429426203920083445e+33
7.429426203630104087e+33
7.429263575609489364e+33
7.429263575609489364e+33
7.429263575609489364e+33
7.429263575609489364e+33
7.429263575609489364e+33
7.429263575609489364e+33
7.429263573885325230e+33
6.737067724847852451e+33
6.737067724847852451e+33
6.737067724847852451e+33
6.737067724847852451e+33
4.440697779641474503e+33
4.440697766387671625e+33
4.428173869520701764e+33
4.425727275391745765e+33
4.425727275391745188e+33
1.570713086849160102e+33
1.570713086849160102e+33
1.570712618356964802e+33
1.570712618356964802e+33
1.570712618356964802e+33
1.570712618356964802e+33
1.213660406735380637e+33
1.213660406729549593e+33
1.213660310349019891e+33
1.213660310349019891e+33
1.213660310348996833e+33
1.213660310348996833e+33
1.213660310348996833e+33
1.207809938342500198e+33
1.207809938342500198e+33
1.046024567590204705e+33
1.046024567590204705e+33
3.752449764005416886e+32
3.751866110475317581e+32
3.751866110475317581e+32
3.751866110475317581e+32
3.751866110475317581e+32
2.192378911373392653e+32
2.192378888874552829e+32
2.192378888874552829e+32
2.192376563623058724e+32
2.192376563623058724e+32
2.192376563621412928e+32
2.192376563621412928e+32
2.147160673673369308e+32
2.147160673673369308e+32
2.147160673673204296e+32
2.077311443563735321e+32
9.928078176354432183e+31
9.928078176354432183e+31
9.928078176354432183e+31
9.927885080021366689e+31
4.101766885486588147e+31
4.101766885389932793e+31
4.101721282140695466e+31
4.101721282140695466e+31
4.101721282140695466e+31
4.101721282140695466e+31
4.101721282140695466e+31
4.101721282140695466e+31
4.101721280746202679e+31
3.829034915297944928e+31
3.829034915297944928e+31
3.829034915297944928e+31
3.829034915297944928e+31
3.829034915297944928e+31
2.628244902363716886e+31
2.628244897286859917e+31
2.618613410043977074e+31
2.617826130200422121e+31
2.617826130200422121e+31
8.440361650910622765e+30
8.440361650910621640e+30
8.440356879144571040e+30
8.440356879144571040e+30
8.440356879144571040e+30
7.042611696061093835e+30
7.042611696061093835e+30
7.042611696008997321e+30
7.042611341124001233e+30
7.042611341124001233e+30
7.042611341123944939e+30
7.042611341123944939e+30
7.042611341123944939e+30
7.024447906214064156e+30
7.024447906214064156e+30
6.162710554179826161e+30
6.162710554179826161e+30
2.014890622598004979e+30
2.014520872174797073e+30
2.014520872174797073e+30
2.014520872174797073e+30
2.014520872174797073e+30
1.361625130320366847e+30
1.361625099708309745e+30
1.361625099708309745e+30
1.361624118911257398e+30
1.361624118911257398e+30
1.361624118910795779e+30
1.361624118910795779e+30
1.345436014290162907e+30
1.345436014290162907e+30
1.345436014289991207e+30
1.302766539597969306e+30
5.569583848390410721e+29
5.569583848390410721e+29
5.569583848390410721e+29
5.569450318124992550e+29
2.784213639364800409e+29
2.784213639332429731e+29
2.784213639332429731e+29
2.784190662751985156e+29
2.784190662751985156e+29
2.784190662751985156e+29
2.784190662751985156e+29
2.784190662751985156e+29
2.784190660485617605e+29
2.665648161097221812e+29
2.665648161097221812e+29
2.665648161097221812e+29
2.665648161097221812e+29
2.665648161097221812e+29
1.643726111937384705e+29
1.643726110493989820e+29
1.637869355805015300e+29
1.637532525361641300e+29
1.637532525361641300e+29
6.178464664279914473e+28
6.178464664279912714e+28
6.178459045907130070e+28
6.178459045907130070e+28
6.178459045907130070e+28
5.450045400004058311e+28
5.450045400004058311e+28
5.450045399894007752e+28
5.450045245410062628e+28
5.450045245410062628e+28
5.450045245410045035e+28
5.450045245410045035e+28
5.450045245410045035e+28
5.438145759098443808e+28
5.438145759098443808e+28
4.488400785472361636e+28
4.488400785472361636e+28
1.557240406365144195e+28
1.556897091039992849e+28
1.556897091039992849e+28
1.556897091039992849e+28
1.556897091039992849e+28
1.161075686994062668e+28
1.161075638084814584e+28
1.161075638084814584e+28
1.161075119704920033e+28
1.161075119704735755e+28
1.161075119704735755e+28
1.161075119704735755e+28
1.148193328537945549e+28
1.148193328537945549e+28
1.148193328537504205e+28
1.088710883143420113e+28
4.527049098328572799e+27
4.527049098328572799e+27
4.526911961509700335e+27
4.526911961509700335e+27
2.589735958230602653e+27
2.589735958215224334e+27
2.589735958215224334e+27
2.589735958215224334e+27
2.589721508630524850e+27
2.589721508630524850e+27
2.589721508630524850e+27
2.589721508630524850e+27
2.589721504321975836e+27
2.477651160965300615e+27
2.477651160965300615e+27
2.477651160965300615e+27
2.477651160965300615e+27
2.477651160965300615e+27
2.477651160965300615e+27
1.435925729650125753e+27
1.435925729045286880e+27
1.427211235852845980e+27
1.427025316316282844e+27
1.427025316316282844e+27
6.142768680542149610e+26
6.142768680542141364e+26
6.142760047383717303e+26
6.142760047383717303e+26
6.142760047383717303e+26
5.363417895118599193e+26
5.363417895118599193e+26
5.363417894884409401e+26
5.363417812732843009e+26
5.363417812732843009e+26
5.363417812732831327e+26
5.363417812732831327e+26
5.363417812732831327e+26
5.355035878927099630e+26
5.355035878927099630e+26
4.244669231160437009e+26
4.244669231160437009e+26
1.609309176088646743e+26
1.608592642153419496e+26
1.608592642153419496e+26
1.608592642153419496e+26
1.608592642153419496e+26
1.161297929529123509e+26
1.161297853470334845e+26
1.161297853470334845e+26
1.161297853470334845e+26
1.161297568720214846e+26
1.161297568720101115e+26
1.161297568720101115e+26
1.161297568720101115e+26
1.151902003395732685e+26
1.151902003395732685e+26
1.151902003394756868e+26
1.077739208601275149e+26
4.728139490857085275e+25
4.727847099789823504e+25
4.727847099789823504e+25
4.727847099789823504e+25
2.549694471910982189e+25
2.549694471901780651e+25
2.549694471901780651e+25
2.549694471901780651e+25
2.549686781106570455e+25
2.549686781106570455e+25
2.549686781106570455e+25
2.549686781106570455e+25
2.549686774614388085e+25
2.469740437116033893e+25
2.469740437116033893e+25
2.469740437116033893e+25
2.469740437116033893e+25
2.469740437116033893e+25
2.469740437116033893e+25
1.483088682609820836e+25
1.483088682211536708e+25
1.471438658104822786e+25
1.471330138839397133e+25
5.904809732602999775e+24
5.904809732602999775e+24
5.904809732602982595e+24
5.904794139726207332e+24
5.904794139726207332e+24
5.360542855825089278e+24
5.360542855825089278e+24
5.360542855825089278e+24
5.360542855461431176e+24
5.360542855461431176e+24
5.360542804805162031e+24
5.360542804805162031e+24
5.360542804805156663e+24
5.360542804805156663e+24
5.355941994756842189e+24
5.355941994756842189e+24
4.316901440313974296e+24
4.316901440313974296e+24
1.530173376982630093e+24
1.530173376982630093e+24
1.530173376982630093e+24
1.529360177194180379e+24
1.529360177194180379e+24
1.207852899492893764e+24
1.207852738664122850e+24
1.207852738664122850e+24
1.207852738664122850e+24
1.207852548517872156e+24
1.207852548517819945e+24
1.207852548517819945e+24
1.207852548517819945e+24
1.202252100268186361e+24
1.202252100268186361e+24
1.202252100266533738e+24
1.127740172920656492e+24
4.576924386903551661e+23
4.576580416661151610e+23
4.576580416661151610e+23
4.576580416661151610e+23
2.858412282727509178e+23
2.858412282727509178e+23
2.858412282727509178e+23
2.858412282722587414e+23
2.858406316105228647e+23
2.858406316105228647e+23
2.858406316105228647e+23
2.858406316105228647e+23
2.858406300156041405e+23
2.802560711028565470e+23
2.802560711028565470e+23
2.802560711028565470e+23
2.802560711028565470e+23
2.802560711028565470e+23
2.802560711028565470e+23
1.535215332061975979e+23
1.523726964452882173e+23
1.523726964273967928e+23
1.523655130039768989e+23
7.177286562103243781e+22
7.177286562103243781e+22
7.177286562103206032e+22
7.177257639988786994e+22
7.177257639988786994e+22
7.177257639988786994e+22
6.721769042906899179e+22
6.721769042906899179e+22
6.721769042906899179e+22
6.721769041789222860e+22
6.721769041789222860e+22
6.721769007892726075e+22
6.721769007892726075e+22
6.721769007892726075e+22
6.721769007892723558e+22
6.717302673308770737e+22
6.717302673308770737e+22
5.050226418981534066e+22
5.050226418981534066e+22
5.050226418981534066e+22
5.050226418981534066e+22
1.981523510745930662e+22
1.980269114886196507e+22
1.980269114886196507e+22
1.665138242410729230e+22
1.665137858675352587e+22
1.665137858675352587e+22
1.665137858675352587e+22
1.665137704883904001e+22
1.665137704883870866e+22
1.665137704883870866e+22
1.665137704883870866e+22
1.658562965758128685e+22
1.658562965758128685e+22
1.658562965751981303e+22
1.508232608571243836e+22
6.224234416783952445e+21
6.223649220695505764e+21
6.223649220695505764e+21
6.223649220695505764e+21
4.295600077289709109e+21
4.295600077289709109e+21
4.295600077289709109e+21
4.295600077286011306e+21
4.295594342747968897e+21
4.295594342747968897e+21
4.295594342747968897e+21
4.295594342747968897e+21
4.295594342747968897e+21
4.295594297527736730e+21
4.217631950419774669e+21
4.217631950419774669e+21
4.217631950419774669e+21
4.217631950419774669e+21
4.217631950419774669e+21
4.217631950419774669e+21
2.216271660177943167e+21
2.190203253785902449e+21
2.190203253662918115e+21
2.190140090200366252e+21
1.161091029762196505e+21
1.161091029762177237e+21
1.161091029762177237e+21
1.161091029762177237e+21
1.161084066616475648e+21
1.161084066616475648e+21
1.087495617523179848e+21
1.087495617523179848e+21
1.087495617523179848e+21
1.087495617155897754e+21
1.087495617155897754e+21
1.087495617155897754e+21
1.087495614204053946e+21
1.087495614204053946e+21
1.087495614204053684e+21
1.086997990582323249e+21
7.829836436157755556e+20
7.829836436157755556e+20
7.829836436157755556e+20
7.829836436157755556e+20
3.377259882966329590e+20
3.373277409367001661e+20
3.373277409367001661e+20
3.373277409367001661e+20
2.813410620861613998e+20
2.813409613090819277e+20
2.813409613090818621e+20
2.813409613090818621e+20
2.813409467025043948e+20
2.813409467025011180e+20
2.813409467025011180e+20
2.813409467025011180e+20
2.805413000266388931e+20
2.805413000266388931e+20
2.805413000244308541e+20
2.499147521722730414e+20
1.089013320100510106e+20
1.089013320100510106e+20
1.088817442927865528e+20
1.088817442927865528e+20
1.088817442927865528e+20
1.088817442927865528e+20
7.333506783527005389e+19
7.333506783527005389e+19
7.333506783523247718e+19
7.333501222878905139e+19
7.333501222878905139e+19
7.333501222878905139e+19
7.333501222878905139e+19
7.333501222878905139e+19
7.333501101631253709e+19
7.236317293625806848e+19
7.236317293625806848e+19
7.236317293625806848e+19
7.236317293625806848e+19
7.236317293625806848e+19
3.909943096341031322e+19
3.909943096341031322e+19
3.851162724937250406e+19
3.851162724804681728e+19
3.851097751232654541e+19
1.962864012503283712e+19
1.962864012503214080e+19
1.962864012503214080e+19
1.962864012503214080e+19
1.962842251628115968e+19
1.962842251628115968e+19
1.871721543509737882e+19
1.871721543509737882e+19
1.871721543509737882e+19
1.871721543509737882e+19
1.871721542508836454e+19
1.871721542508836454e+19
1.871721542508836454e+19
1.871721539460261478e+19
1.871721539460261478e+19
1.871231011131459584e+19
1.368839712489117491e+19
1.368839712489117491e+19
1.368839712489117491e+19
1.368839712489117491e+19
1.364095145578264371e+19
5.641832477214708736e+18
5.641832477214708736e+18
5.641832477214708736e+18
4.941858354555439104e+18
4.941854954381263872e+18
4.941854954381261824e+18
4.941854954381261824e+18
4.941854797258696704e+18
4.941854797258672128e+18
4.941854797258672128e+18
4.941854797258672128e+18
4.933636606043333632e+18
4.933636606043333632e+18
4.933636605980510208e+18
4.411577282178956800e+18
1.829806943199503872e+18
1.829806943199503872e+18
1.829404991706875904e+18
1.829404991706875904e+18
1.829404991706875904e+18
1.358547970223833344e+18
1.358547970223833344e+18
1.358547970223833344e+18
1.358547970223508992e+18
1.358547970223508992e+18
1.358547304907727360e+18
1.358547304907727360e+18
1.358547304907727360e+18
1.358547304907727360e+18
1.358547259406268928e+18
1.347394427314749440e+18
1.347394427314749440e+18
1.347394427314749440e+18
1.347394427314749440e+18
1.347394427314749440e+18
6.812507672957792000e+17
6.714459937183715840e+17
6.714459937183715840e+17
6.714459937082378240e+17
6.714459937081630720e+17
3.917925248875555840e+17
3.917901804101342080e+17
3.917901804101342080e+17
3.917901804101342080e+17
3.917838786219212160e+17
3.917838786219212160e+17
3.795146769982628480e+17
3.795146769982628480e+17
3.795146769982628480e+17
3.795146769982628480e+17
3.795146765482848640e+17
3.795146765482848640e+17
3.795146765482848640e+17
3.795146762331000320e+17
3.795146762331000320e+17
3.795146762331000320e+17
3.794443612044595840e+17
3.794443612044595840e+17
2.599998138058810880e+17
2.599998138058810880e+17
2.599998138058810880e+17
2.590600423643663680e+17
1.207228142193412480e+17
1.207228142193412480e+17
1.207228142193412480e+17
1.096647611485451680e+17
1.096646394409900160e+17
1.096646394409900160e+17
1.096646394409899200e+17
1.096646374952468000e+17
1.096646374952465440e+17
1.096646374952465440e+17
1.096646374952465440e+17
1.095234913503866400e+17
1.095234913503866400e+17
1.095234913470011200e+17
9.424115452416953600e+16
9.424115452416953600e+16
4.128463301642101600e+16
4.127339818322842400e+16
4.127339818322842400e+16
4.127339818322842400e+16
3.275274541972696800e+16
3.275274541972696800e+16
3.275274541972696800e+16
3.275274541972696800e+16
3.275274541972311200e+16
3.275273569522785200e+16
3.275273569522785200e+16
3.275273569522785200e+16
3.275273377287154800e+16
3.275273377287154800e+16
3.252643835392504800e+16
3.252643835392504800e+16
3.252643835392504800e+16
3.252643835392504800e+16
3.252643835392504800e+16
1.622624666511561800e+16
1.588520037376770800e+16
1.588520037376770800e+16
1.588520037365173000e+16
1.588520037364716000e+16
1.588520037364716000e+16
1.017096140420562600e+16
1.017092167111252000e+16
1.017092167111252000e+16
1.017068847365279600e+16
1.017068847365279600e+16
9.881558579030566000e+15
9.881558579030566000e+15
9.881558579030566000e+15
9.881558579030566000e+15
9.881558556856366000e+15
9.881558556856366000e+15
9.881558556856366000e+15
9.881558552487192000e+15
9.881558552487192000e+15
9.881558552487192000e+15
9.881558552487192000e+15
9.880359706536426000e+15
6.547253862338322000e+15
6.547253862338322000e+15
6.547253862338322000e+15
6.510541851557464000e+15
3.324904577783708500e+15
3.324904577783708500e+15
3.324904577783708500e+15
3.324904577783708500e+15
3.324898434637471500e+15
3.031391316678922500e+15
3.031391316678915000e+15
3.031391286278704500e+15
3.031391286278700500e+15
3.031391286278700500e+15
3.031391286278700500e+15
3.028678072949623500e+15
3.028678072949623500e+15
3.028678072761440500e+15
3.028678072761440500e+15
2.543314620701744000e+15
2.543314620701744000e+15
1.181999713826083000e+15
1.181431362441355250e+15
1.181431362441355250e+15
1.181431362441355250e+15
9.379262219285800000e+14
9.379262219285800000e+14
9.379262219285800000e+14
9.379262219285800000e+14
9.379262219285800000e+14
9.379262219285178750e+14
9.379260588677932500e+14
9.379259723061737500e+14
9.379259723061737500e+14
9.379259723061737500e+14
9.379259723061737500e+14
9.332502140012412500e+14
9.332502140012412500e+14
9.332502140012412500e+14
9.332502140012412500e+14
4.764081285565026250e+14
4.639619488624000000e+14
4.639619488624000000e+14
4.639619488624000000e+14
4.639619488604531250e+14
4.639619488601698750e+14
2.951248530681257500e+14
2.951241690290223125e+14
2.951120494382606250e+14
2.951120494382606250e+14
2.951120494382606250e+14
2.889431145677065000e+14
2.889431145677065000e+14
2.889431145677065000e+14
2.889431145677065000e+14
2.889431135266573750e+14
2.889431135266573750e+14
2.889431135266573750e+14
2.889431135266573750e+14
2.889431134531450000e+14
2.889431134531450000e+14
2.889431134531450000e+14
1.932324548120984688e+14
1.932230803888419375e+14
1.932230803888419375e+14
1.918642759499125312e+14
1.918642759499125312e+14
9.668645144641710938e+13
9.668645144641710938e+13
9.668645144641710938e+13
9.668645144641710938e+13
9.668613078539754688e+13
9.668613078539698438e+13
9.029304641306018750e+13
9.029304588231175000e+13
9.029304588231168750e+13
9.029304588231168750e+13
9.029304588231168750e+13
9.024380783115321875e+13
9.024380782197923438e+13
9.024380782197923438e+13
9.024380782197923438e+13
7.588723640083165625e+13
3.452432478118812109e+13
3.452432478118812109e+13
3.452432478118812109e+13
3.450369218874673047e+13
3.450369218874673047e+13
3.450369218874673047e+13
2.897829975350939062e+13
2.897829975350939062e+13
2.897829975350939062e+13
2.897829975350939062e+13
2.897829975350850000e+13
2.897829669051998828e+13
2.897829158997098438e+13
2.897829158997098438e+13
2.897829158997098438e+13
2.897829158997098438e+13
2.888685946583743359e+13
2.888685946583743359e+13
2.888685946583743359e+13
2.888685946583743359e+13
2.888685946583743359e+13
1.419626615267958984e+13
1.382849776672337695e+13
1.382849776672337695e+13
1.382849776672337695e+13
1.382849776672337695e+13
1.382849776672337695e+13
1.382849776672337695e+13
1.382849776672337695e+13
1.382849776672337695e+13
1.382849776672337695e+13
1.382849776672337695e+13
1.382849776672337695e+13
1.382849776672337695e+13
1.382849776672337695e+13
1.382849776672337695e+13
1.382849776672337695e+13
1.382849776672337695e+13
1.382849776672337695e+13
1.382849776672337695e+13
1.382849776672337695e+13
1.382849776672337695e+13
1.382849776672337695e+13
1.382849776672337695e+13
1.382849776672337695e+13
1.382849776672337695e+13
1.382849776672337695e+13
1.382849776672337695e+13
1.382849776672337695e+13
1.382849776672337695e+13
1.382849776672337695e+13
1.382849776672337695e+13
1.382849776672337695e+13
1.382849776672337695e+13
1.382849776672337695e+13
1.382849776672337695e+13
1.382849776672337695e+13
1.382849776672337695e+13
1.382849776672337695e+13
1.382849776672337695e+13
1.382849776672337695e+13
1.382849776672337695e+13
1.382849776672337695e+13
1.382849776672337695e+13
1.382849776672337695e+13
1.382849776672337695e+13
1.382849776672337695e+13
1.382849776672337695e+13
1.382849776672337695e+13
1.382849776672337695e+13
1.382849776672337695e+13
1.382849776672337695e+13
1.382849776672337695e+13
1.382849776672337695e+13
1.382849776672337695e+13
1.382849776672337695e+13
1.382849776672337695e+13
1.382849776672337695e+13
1.382849776672337695e+13
1.382849776672337695e+13
1.382849776672337695e+13
1.382849776672337695e+13
1.382849776672337695e+13
1.382849776672337695e+13
1.382849776672337695e+13
1.382849776672337695e+13
1.382849776672337695e+13
1.382849776672337695e+13
1.382849776672337695e+13
1.382849776672337695e+13
1.382849776672337695e+13
1.382849776672337695e+13
1.382849776672337695e+13
1.382849776672337695e+13
1.382849776672337695e+13
1.382849776672337695e+13
1.382849776672337695e+13
1.382849776672337695e+13
1.382849776672337695e+13
1.382849776672337695e+13
1.382849776672337695e+13
1.382849776672337695e+13
1.382849776672337695e+13
1.382849776672337695e+13
1.382849776672337695e+13
1.382849776672337695e+13
1.382849776672337695e+13
1.382849776672337695e+13
1.382849776672337695e+13
1.382849776672337695e+13
1.382849776672337695e+13
1.382849776672337695e+13
1.382849776672337695e+13
1.382849776672337695e+13
1.382849776672337695e+13
1.382849776672337695e+13
1.382849776672337695e+13
1.382849776672337695e+13
1.382849776672337695e+13
1.382849776672337695e+13
1.382849776672337695e+13
1.382849776672337695e+13
1.382849776672337695e+13
1.382849776672337695e+13
1.382849776672337695e+13
1.382849776672337695e+13
1.382849776672337695e+13
1.382849776672337695e+13
1.382849776672337695e+13
1.382849776672337695e+13
1.382849776672337695e+13
1.382849776672337695e+13
1.382849776672337695e+13
1.382849776672337695e+13
1.382849776672337695e+13
1.382849776672337695e+13
1.382849776672337695e+13
1.382849776672337695e+13
1.382849776672337695e+13
1.382849776672337695e+13
1.382849776672337695e+13
1.382849776672337695e+13
1.382849776672337695e+13
1.382849776672337695e+13
1.382849776672337695e+13
1.382849776672337695e+13
1.382849776672337695e+13
1.382849776672337695e+13
1.382849776672337695e+13
1.382849776672337695e+13
1.382849776672337695e+13
1.382849776672337695e+13
1.382849776672337695e+13
1.382849776672337695e+13
1.382849776672337695e+13
1.382849776672337695e+13
1.382849776672337695e+13
1.382849776672337695e+13
1.382849776672337695e+13
1.382849776672337695e+13
1.382849776672337695e+13
1.382849776672337695e+13
1.382849776672337695e+13
1.382849776672337695e+13
1.382849776672337695e+13
1.382849776672337695e+13
1.382849776672337695e+13
1.382849776672337695e+13
1.382849776672337695e+13
1.382849776672337695e+13
1.382849776672337695e+13
1.382849776672337695e+13
1.382849776672337695e+13
1.382849776672337695e+13
1.382849776672337695e+13
1.382849776672337695e+13
1.382849776672337695e+13
1.382849776672337695e+13
1.382849776672337695e+13
1.382849776672337695e+13
1.382849776672337695e+13
1.382849776672337695e+13
1.382849776672337695e+13
1.382849776672337695e+13
1.382849776672337695e+13
1.382849776672337695e+13
1.382849776672337695e+13
1.382849776672337695e+13
1.382849776672337695e+13
1.382849776672337695e+13
1.382849776672337695e+13
1.382849776672337695e+13
1.382849776672337695e+13
1.382849776672337695e+13
1.382849776672337695e+13
1.382849776672337695e+13
1.382849776672337695e+13
1.382849776672337695e+13
1.382849776672337695e+13
1.382849776672337695e+13
1.382849776672337695e+13
1.382849776672337695e+13
1.382849776672337695e+13
1.382849776672337695e+13
1.382849776672337695e+13
1.382849776672337695e+13
1.382849776672337695e+13
1.382849776672337695e+13
1.382849776672337695e+13
1.382849776672337695e+13
1.382849776672337695e+13
1.382849776672337695e+13
1.382849776672337695e+13
1.382849776672337695e+13
1.382849776672337695e+13
1.382849776672337695e+13
1.382849776672337695e+13
1.382849776672337695e+13
1.382849776672337695e+13
1.382849776672337695e+13
1.382849776672337695e+13
1.382849776672337695e+13
1.382849776672337695e+13
1.382849776672337695e+13
1.382849776672337695e+13
1.382849776672337695e+13
1.382849776672337695e+13
1.382849776672337695e+13
1.382849776672337695e+13
1.382849776672337695e+13
1.382849776672337695e+13
1.382849776672337695e+13
1.382849776672337695e+13
1.382849776672337695e+13
1.382849776672337695e+13
1.382849776672337695e+13
1.382849776672337695e+13
1.382849776672337695e+13
1.382849776672337695e+13
1.382849776672337695e+13
1.382849776672337695e+13
1.382849776672337695e+13
1.382849776672337695e+13
1.382849776672337695e+13
1.382849776672337695e+13
1.382849776672337695e+13
1.382849776672337695e+13
1.382849776672337695e+13
1.382849776672337695e+13
1.382849776672337695e+13
1.382849776672337695e+13
1.382849776672337695e+13
1.382849776672337695e+13
1.382849776672337695e+13
1.382849776672337695e+13
1.382849776672337695e+13
1.382849776672337695e+13
1.382849776672337695e+13
1.382849776672337695e+13
1.382849776672337695e+13
1.382849776672337695e+13
1.382849776672337695e+13
1.382849776672337695e+13
1.382849776672337695e+13
1.382849776672337695e+13
1.382849776672337695e+13
1.382849776672337695e+13
1.382849776672337695e+13
1.382849776672337695e+13
1.382849776672337695e+13
1.382849776672337695e+13
1.382849776672337695e+13
1.382849776672337695e+13
1.382849776672337695e+13
1.382849776672337695e+13
1.382849776672337695e+13
1.382849776672337695e+13
1.382849776672337695e+13
1.382849776672337695e+13
1.382849776672337695e+13
1.382849776672337695e+13
1.382849776672337695e+13
1.382849776672337695e+13
1.382849776672337695e+13
1.382849776672337695e+13
1.382849776672337695e+13
1.382849776672337695e+13
1.382849776672337695e+13
1.382849776672337695e+13
1.382849776672337695e+13
1.382849776672337695e+13
1.382849776672337695e+13
1.382849776672337695e+13
1.382849776672337695e+13
1.382849776672337695e+13
1.382849776672337695e+13
1.382849776672337695e+13
1.382849776672337695e+13
1.382849776672337695e+13
1.382849776672337695e+13
1.382849776672337695e+13
1.382849776672337695e+13
1.382849776672337695e+13
1.382849776672337695e+13
1.382849776672337695e+13
1.382849776672337695e+13
1.382849776672337695e+13
1.382849776672337695e+13
1.382849776672337695e+13
1.382849776672337695e+13
1.382849776672337695e+13
1.382849776672337695e+13
1.382849776672337695e+13
1.382849776672337695e+13
1.382849776672337695e+13
1.382849776672337695e+13
1.382849776672337695e+13
1.382849776672337695e+13
1.382849776672337695e+13
1.382849776672337695e+13
1.382849776672337695e+13
1.382849776672337695e+13
1.382849776672337695e+13
1.382849776672337695e+13
1.382849776672337695e+13
1.382849776672337695e+13
1.382849776672337695e+13
1.382849776672337695e+13
1.382849776672337695e+13
1.382849776672337695e+13
1.382849776672337695e+13
1.382849776672337695e+13
1.382849776672337695e+13
1.382849776672337695e+13
1.382849776672337695e+13
1.382849776672337695e+13
1.382849776672337695e+13
1.382849776672337695e+13
1.382849776672337695e+13
1.382849776672337695e+13
1.382849776672337695e+13
1.382849776672337695e+13
1.382849776672337695e+13
1.382849776672337695e+13
1.382849776672337695e+13
1.382849776672337695e+13
1.382849776672337695e+13
1.382849776672337695e+13
1.382849776672337695e+13
1.382849776672337695e+13
1.382849776672337695e+13
1.382849776672337695e+13
1.382849776672337695e+13
1.382849776672337695e+13
1.382849776672337695e+13
1.382849776672337695e+13
1.382849776672337695e+13
1.382849776672337695e+13
1.382849776672337695e+13
1.382849776672337695e+13
1.382849776672337695e+13
1.382849776672337695e+13
1.382849776672337695e+13
1.382849776672337695e+13
1.382849776672337695e+13
1.382849776672337695e+13
1.382849776672337695e+13
1.382849776672337695e+13
1.382849776672337695e+13
1.382849776672337695e+13
1.382849776672337695e+13
1.382849776672337695e+13
1.382849776672337695e+13
1.382849776672337695e+13
1.382849776672337695e+13
1.382849776672337695e+13
1.382849776672337695e+13
1.382849776672337695e+13
1.382849776672337695e+13
1.382849776672337695e+13
1.382849776672337695e+13
1.382849776672337695e+13
1.382849776672337695e+13
1.382849776672337695e+13
1.382849776672337695e+13
1.382849776672337695e+13
1.382849776672337695e+13
1.382849776672337695e+13
1.382849776672337695e+13
1.382849776672337695e+13
1.382849776672337695e+13
1.382849776672337695e+13
1.382849776672337695e+13
1.382849776672337695e+13
1.382849776672337695e+13
1.382849776672337695e+13
1.382849776672337695e+13
1.382849776672337695e+13
1.382849776672337695e+13
1.382849776672337695e+13
1.382849776672337695e+13
1.382849776672337695e+13
1.382849776672337109e+13
1.382849776672334375e+13
1.382849776672325195e+13
1.382849776672308594e+13
1.382849776672300586e+13
1.382849776672300391e+13
1.382849776672300391e+13
1.382849776672300391e+13
1.382849776672300391e+13
1.382849776672300391e+13
1.382849776672300391e+13
1.382849776672300391e+13
1.382849776672300391e+13
1.382849776672300391e+13
1.382849776672300391e+13
1.382849776672300391e+13
1.382849776672300391e+13
1.382849776672300391e+13
1.382849776672300391e+13
1.382849776672300391e+13
1.382849776672300391e+13
1.382849776672300391e+13
1.382849776672300391e+13
1.382849776672300391e+13
1.382849776672300195e+13
1.382849776672298633e+13
1.382849776672287891e+13
1.382849776672215430e+13
1.382849776671828320e+13
1.382849776670127344e+13
1.382849776664506836e+13
1.382849776654308008e+13
1.382849776649431445e+13
1.382849776649280078e+13
1.382849776649280078e+13
1.382849776649280078e+13
1.382849776649280078e+13
1.382849776649280078e+13
1.382849776649280078e+13
1.382849776649280078e+13
1.382849776649280078e+13
1.382849776649280078e+13
1.382849776649280078e+13
1.382849776649280078e+13
1.382849776649280078e+13
1.382849776649280078e+13
1.382849776649280078e+13
1.382849776649280078e+13
1.382849776649280078e+13
1.382849776649279688e+13
1.382849776649273633e+13
1.382849776649206250e+13
1.382849776648602344e+13
1.382849776644040430e+13
1.382849776613854297e+13
1.382849776452354883e+13
1.382849775742847461e+13
1.382849773398464258e+13
1.382849769144414453e+13
1.382849767110318750e+13
1.382849767047212500e+13
1.382849767047199023e+13
1.382849767047199023e+13
1.382849767047199023e+13
1.382849767047199023e+13
1.382849767047199023e+13
1.382849767047199023e+13
1.382849767047199023e+13
1.382849767047199023e+13
1.382849767047199023e+13
1.382849767047199023e+13
1.382849767047199023e+13
1.382849767047199023e+13
1.382849767047199023e+13
1.382849767047198438e+13
1.382849767047189453e+13
1.382849767047054102e+13
1.382849767045367773e+13
1.382849767026255859e+13
1.382849766854912695e+13
1.382849765560570312e+13
1.382849756996236523e+13
1.382849711175885742e+13
1.382849509875842773e+13
1.382848844732476953e+13
1.382847637784141797e+13
1.382847060676361133e+13
1.382847042772066992e+13
1.382847042768240430e+13
1.382847042768240430e+13
1.382847042768240430e+13
1.382847042768240430e+13
1.382847042768240430e+13
1.382847042768240430e+13
1.382847042768240430e+13
1.382847042768240430e+13
1.382847042768240430e+13
1.382847042768240430e+13
1.382847042768240234e+13
1.382847042768235938e+13
1.382847042768146875e+13
1.382847042766392773e+13
1.382847042740133984e+13
1.382847042412908008e+13
1.382847038704442188e+13
1.382847005456742578e+13
1.382846754300790820e+13
1.382845092467887500e+13
1.382836201503288477e+13
1.382797142662036328e+13
1.382668098540323438e+13
1.382434000292388281e+13
1.382322093027983008e+13
1.382318621485410156e+13
1.382318620743488477e+13
1.382318620743488477e+13
1.382318620743488477e+13
1.382318620743488477e+13
1.382318620743488477e+13
1.382318620743488477e+13
1.382318620743488477e+13
1.382318620743488477e+13
1.382318620743488477e+13
1.382318620743487695e+13
1.382318620743464648e+13
1.382318620742883594e+13
1.382318620731001758e+13
1.382318620497186133e+13
1.382318616996606250e+13
1.382318573373990820e+13
1.382318078997227539e+13
1.382313646751399023e+13
1.382280166100665039e+13
1.382058673993074219e+13
1.380874865788225977e+13
1.375698040400057422e+13
1.358865206444646289e+13
1.329349890993512891e+13
1.315685448054792383e+13
1.315266011103020703e+13
1.315265921491286328e+13
1.315265921491286133e+13
1.315265921491286133e+13
1.315265921491286133e+13
1.315265921491286133e+13
1.315265921491286133e+13
1.315265921491286133e+13
1.315265921491284375e+13
1.315265921491229102e+13
1.315265921489300391e+13
1.315265921440798242e+13
1.315265920449047656e+13
1.315265900933084766e+13
1.315265608748929492e+13
1.315261967695311133e+13
1.315220704888460156e+13
1.314850884929920898e+13
1.312063938187053711e+13
1.293917012139478906e+13
1.204768038127808203e+13
9.248322492515910156e+12
5.231655670184564453e+12
2.925831583597228027e+12
2.416556157580256836e+12
2.403576542360170410e+12
2.403573783313276855e+12
2.403573783313272461e+12
2.403573783313272461e+12
2.403573783313272461e+12
2.403573783313272461e+12
2.403573783313272461e+12
2.403573783313271484e+12
2.403573783313235840e+12
2.403573783312053223e+12
2.403573783270814453e+12
2.403573782233764648e+12
2.403573761028689941e+12
2.403573343748989258e+12
2.403567096442208008e+12
2.403489248103326660e+12
2.402607341854863281e+12
2.394729558222449707e+12
2.336848850404282715e+12
2.014651624492215332e+12
1.159405208449938232e+12
4.046801679003640137e+11
1.284321977562951508e+11
5.736945962538071442e+10
4.536685487482761383e+10
4.507428871454547882e+10
4.507422659183432007e+10
4.507422659183422089e+10
4.507422659183422089e+10
4.507422659183422089e+10
4.507422659183422089e+10
4.507422659183420563e+10
4.507422659183364868e+10
4.507422659181506348e+10
4.507422659116717529e+10
4.507422657487441254e+10
4.507422624172803497e+10
4.507421968597541809e+10
4.507412153642216492e+10
4.507289847769947815e+10
4.505904213828110504e+10
4.493519471027568817e+10
4.402118929249248505e+10
3.879926977536724854e+10
2.373554329796768188e+10
8.772527417665231705e+09
2.845441202413147926e+09
1.278275401060443401e+09
1.011813748968396425e+09
1.005312276394790769e+09
1.005310895857171416e+09
1.005310895857169151e+09
1.005310895857169151e+09
1.005310895857169151e+09
1.005310895857169151e+09
1.005310895857168913e+09
1.005310895857160211e+09
1.005310895856870770e+09
1.005310895846778393e+09
1.005310895592981100e+09
1.005310890403455973e+09
1.005310788282449007e+09
1.005309259375115633e+09
1.005290207225429177e+09
1.005074338857980847e+09
1.003143136429505944e+09
9.887910154152348042e+08
9.032803611342501640e+08
6.175516662628834248e+08
2.584237218464338481e+08
8.845487288122966886e+07
4.032648424926444143e+07
3.200096326586939767e+07
3.179730043633284420e+07
3.179725718743153661e+07
3.179725718743147328e+07
3.179725718743147328e+07
3.179725718743147328e+07
3.179725718743147328e+07
3.179725718743146583e+07
3.179725718743127212e+07
3.179725718742488697e+07
3.179725718720228225e+07
3.179725718160428479e+07
3.179725706713921577e+07
3.179725481466162577e+07
3.179722109161778167e+07
3.179680085656107590e+07
3.179203909092919156e+07
3.174941181197493523e+07
3.143105790212985501e+07
2.947545994659505412e+07
2.211414281885192171e+07
1.054467135869143158e+07
3.864382823558436707e+06
1.797745238586577587e+06
1.431652841530563077e+06
1.422664788847778458e+06
1.422662880020698765e+06
1.422662880020695971e+06
1.422662880020695971e+06
1.422662880020695971e+06
1.422662880020695738e+06
1.422662880020689685e+06
1.422662880020490382e+06
1.422662880013543181e+06
1.422662879838838940e+06
1.422662876266578445e+06
1.422662805970574729e+06
1.422661753531237366e+06
1.422648638647047337e+06
1.422500024002877995e+06
1.421169027160798199e+06
1.411194471204238944e+06
1.348567004261353984e+06
1.089809279701576568e+06
5.913367702000521822e+05
2.354665653267006273e+05
1.125546225240515050e+05
9.007297430270834593e+04
8.951825042288476834e+04
8.951813259988663776e+04
8.951813259988644859e+04
8.951813259988644859e+04
8.951813259988644859e+04
8.951813259988644859e+04
8.951813259988618665e+04
8.951813259987747006e+04
8.951813259957300033e+04
8.951813259191626275e+04
8.951813243535497168e+04
8.951812935449562792e+04
8.951808322927971312e+04
8.951750844204824534e+04
8.951099486969759164e+04
8.945264071810976020e+04
8.901427458534699690e+04
8.621858343790154322e+04
7.381519982433092082e+04
4.522958938022591610e+04
1.984104294174529787e+04
9.829276059134812385e+03
7.918683696744007648e+03
7.871217016881716518e+03
7.871206933321707766e+03
7.871206933321691395e+03
7.871206933321691395e+03
7.871206933321691395e+03
7.871206933321674114e+03
7.871206933321142060e+03
7.871206933302565631e+03
7.871206932835426414e+03
7.871206923283594733e+03
7.871206735319803556e+03
7.871203921211476882e+03
7.871168853257048795e+03
7.870771448472977681e+03
7.867210366565225740e+03
7.840413402994493481e+03
7.667603374303815144e+03
6.858799989407832982e+03
4.686849702988636636e+03
2.290355702058633597e+03
1.188047382453839646e+03
9.657918851996840885e+02
9.602188799167155366e+02
9.602176957514838023e+02
9.602176957514818696e+02
9.602176957514818696e+02
9.602176957514818696e+02
9.602176957514818696e+02
9.602176957514803917e+02
9.602176957514355990e+02
9.602176957498743377e+02
9.602176957106145210e+02
9.602176949078494772e+02
9.602176791107982581e+02
9.602174426045102109e+02
9.602144953817362421e+02
9.601810956449176047e+02
9.598817590160136888e+02
9.576265600844785695e+02
9.429674269428926436e+02
8.715857009460951303e+02
6.540664271142018151e+02
3.584651683811500220e+02
1.969497760039081697e+02
1.620392767054963201e+02
1.611530606958202441e+02
1.611528723334946847e+02
1.611528723334944004e+02
1.611528723334944004e+02
1.611528723334944004e+02
1.611528723334944004e+02
1.611528723334942583e+02
1.611528723334891424e+02
1.611528723333107394e+02
1.611528723288246852e+02
1.611528722370960338e+02
1.611528704320321026e+02
1.611528434074311065e+02
1.611525066400476476e+02
1.611486901393192852e+02
1.611144819409913680e+02
1.608565387292334492e+02
1.591703884456385367e+02
1.507178511483139403e+02
1.222071994413868197e+02
7.520215911221723104e+01
4.429008458662683267e+01
3.701491098411226943e+01
3.682723597739499866e+01
3.682719607168129983e+01
3.682719607168122877e+01
3.682719607168122877e+01
3.682719607168122877e+01
3.682719607168122877e+01
3.682719607168044718e+01
3.682719607165319786e+01
3.682719607096799308e+01
3.682719605695725562e+01
3.682719578124972770e+01
3.682719165348111545e+01
3.682714021520543923e+01
3.682655727307968618e+01
3.682133181611342110e+01
3.678190612197268194e+01
3.652314885892426588e+01
3.519836317313377094e+01
3.036032430368533852e+01
2.087811046470209320e+01
1.332590212535930263e+01
1.136089501066470575e+01
1.130915836620613391e+01
1.130914735962923956e+01
1.130914735962922180e+01
1.130914735962922180e+01
1.130914735962922180e+01
1.130914735962922180e+01
1.130914735962906548e+01
1.130914735962362982e+01
1.130914735948689298e+01
1.130914735669097659e+01
1.130914730167208582e+01
1.130914647795403383e+01
1.130913621316874185e+01
1.130901988322234786e+01
1.130797705122260233e+01
1.130010561744092179e+01
1.124829721615205536e+01
1.097899185875960626e+01
9.934097985947211384e+00
7.557484099318370951e+00
5.269791644958025323e+00
4.603482593928561961e+00
4.585495169905652979e+00
4.585491340732173349e+00
4.585491340732167131e+00
4.585491340732167131e+00
4.585491340732167131e+00
4.585491340732167131e+00
4.585491340730794008e+00
4.585491340696258078e+00
4.585491339990092285e+00
4.585491326093939612e+00
4.585491118047000825e+00
4.585488525463357945e+00
4.585459143807461224e+00
4.585195743743835983e+00
4.583206974113497978e+00
4.570091139257462132e+00
4.501175583032792638e+00
4.221505931191589234e+00
3.502449550233416975e+00
2.675506567371877420e+00
2.404097381099098207e+00
2.396555036122048676e+00
2.396553429261639501e+00
2.396553429261636836e+00
2.396553429261636836e+00
2.396553429261636836e+00
2.396553429261636836e+00
2.396553429261216728e+00
2.396553429250660727e+00
2.396553429034812055e+00
2.396553424787282616e+00
2.396553361195186138e+00
2.396552568740018874e+00
2.396543587848501300e+00
2.396463074002977756e+00
2.395855040181067874e+00
2.391839596609660390e+00
2.370583035612392475e+00
2.281505537125797733e+00
2.029518849178407525e+00
1.690681109815995509e+00
1.565691559274462019e+00
1.562108749625547910e+00
1.562107985674950017e+00
1.562107985674948685e+00
1.562107985674948685e+00
1.562107985674948685e+00
1.562107985674948685e+00
1.562107985674803023e+00
1.562107985671135735e+00
1.562107985596146165e+00
1.562107984120481907e+00
1.562107962027500685e+00
1.562107686714986343e+00
1.562104566593321753e+00
1.562076594161603715e+00
1.561865320351521813e+00
1.560468814007770488e+00
1.553039534735953131e+00
1.521221770765572190e+00
1.424771379086071210e+00
1.277764916527369676e+00
1.217689523063461676e+00
1.215915947554733645e+00
1.215915569065761037e+00
1.215915569065760371e+00
1.215915569065760371e+00
1.215915569065760371e+00
1.215915569065760371e+00
1.215915569064428547e+00
1.215915569037194999e+00
1.215915568501283461e+00
1.215915560477854207e+00
1.215915460493581346e+00
1.215914327368708303e+00
1.215904168599888147e+00
1.215827433864104412e+00
1.215319943548224257e+00
1.212611981847883769e+00
1.200856818870524423e+00
1.163585333008798406e+00
1.101546676160889415e+00
1.074162299258687003e+00
1.073334480041041594e+00
1.073334303259341649e+00
1.073334303259341427e+00
1.073334303259341427e+00
1.073334303259341427e+00
1.073334303259341427e+00
1.073334303258884015e+00
1.073334303249531718e+00
1.073334303065493156e+00
1.073334300310151201e+00
1.073334265974349222e+00
1.073333876845397494e+00
1.073330388180038675e+00
1.073304035232335085e+00
1.073129697068287758e+00
1.072197925380160788e+00
1.068123519328412430e+00
1.054878172929495594e+00
1.031663952557650310e+00
1.020921267166971624e+00
1.020591561024511096e+00
1.020591490583849126e+00
1.020591490583849126e+00
1.020591490583849126e+00
1.020591490583849126e+00
1.020591490583849126e+00
1.020591490583714567e+00
1.020591490580966765e+00
1.020591490526891132e+00
1.020591489717295186e+00
1.020591479628485398e+00
1.020591365291587893e+00
1.020590340222218950e+00
1.020582596825913235e+00
1.020531363698218730e+00
1.020257346839227752e+00
1.019055264552279016e+00
1.015103360414887579e+00
1.008010073276810692e+00
1.004653297760101038e+00
1.004549514038814095e+00
1.004549491860881494e+00
1.004549491860881494e+00
1.004549491860881494e+00
1.004549491860881494e+00
1.004549491860881494e+00
1.004549491860850186e+00
1.004549491860210253e+00
1.004549491847619880e+00
1.004549491659119997e+00
1.004549489310123223e+00
1.004549462688843375e+00
1.004549224019766651e+00
1.004547421096545490e+00
1.004535491774161571e+00
1.004471673086719807e+00
1.004191397924686591e+00
1.003266412561764076e+00
1.001592305042253050e+00
1.000793794806397408e+00
1.000769042034784784e+00
1.000769036744856511e+00
1.000769036744856511e+00
1.000769036744856511e+00
1.000769036744856511e+00
1.000769036744856511e+00
1.000769036744743268e+00
1.000769036742516160e+00
1.000769036709174609e+00
1.000769036293686520e+00
1.000769031584940905e+00
1.000768989369382522e+00
1.000768670469512234e+00
1.000766560395112803e+00
1.000755271360738163e+00
1.000705678871503634e+00
1.000541848299282721e+00
1.000244703011079928e+00
1.000102683833776096e+00
1.000098278448700917e+00
1.000098277507204481e+00
1.000098277507204481e+00
1.000098277507204481e+00
1.000098277507204481e+00
1.000098277507204481e+00
1.000098277507189382e+00
1.000098277506894728e+00
1.000098277502482480e+00
1.000098277447497352e+00
1.000098276824350929e+00
1.000098271237623404e+00
1.000098229035001784e+00
1.000097949791054264e+00
1.000096455800538520e+00
1.000089892385393142e+00
1.000068205894913742e+00
1.000028856616369977e+00
1.000010042651670705e+00
1.000009458974960186e+00
1.000009458850219302e+00
1.000009458850219302e+00
1.000009458850219302e+00
1.000009458850219302e+00
1.000009458850217747e+00
1.000009458850188659e+00
1.000009458849752786e+00
1.000009458844321797e+00
1.000009458782771032e+00
1.000009458230948667e+00
1.000009454062434910e+00
1.000009426480437114e+00
1.000009278913017718e+00
1.000008630613541616e+00
1.000006488482041433e+00
1.000002601455435292e+00
1.000000742864444181e+00
1.000000685203272788e+00
1.000000685190949756e+00
1.000000685190949756e+00
1.000000685190949756e+00
1.000000685190949756e+00
1.000000685190947536e+00
1.000000685190915339e+00
1.000000685190514327e+00
1.000000685185969740e+00
1.000000685145225665e+00
1.000000684837440090e+00
1.000000682800901819e+00
1.000000671905143745e+00
1.000000624037400199e+00
1.000000465870888977e+00
1.000000178866627065e+00
1.000000041634128145e+00
1.000000037376601592e+00
1.000000037375691653e+00
1.000000037375691653e+00
1.000000037375691653e+00
1.000000037375691653e+00
1.000000037375691431e+00
1.000000037375689654e+00
1.000000037375667450e+00
1.000000037375416095e+00
1.000000037373161899e+00
1.000000037356134408e+00
1.000000037243467865e+00
1.000000036640685819e+00
1.000000033992515691e+00
1.000000025242324897e+00
1.000000009364481190e+00
1.000000001772409330e+00
1.000000001536871519e+00
1.000000001536821115e+00
1.000000001536821115e+00
1.000000001536821115e+00
1.000000001536821115e+00
1.000000001536821115e+00
1.000000001536821115e+00
1.000000001536820227e+00
1.000000001536809791e+00
1.000000001536716088e+00
1.000000001536008432e+00
1.000000001531327065e+00
1.000000001506281322e+00
1.000000001396248450e+00
1.000000001032673724e+00
1.000000000372941233e+00
1.000000000057486682e+00
1.000000000047700066e+00
1.000000000047697846e+00
1.000000000047697846e+00
1.000000000047697846e+00
1.000000000047697846e+00
1.000000000047697846e+00
1.000000000047697846e+00
1.000000000047697846e+00
1.000000000047697624e+00
1.000000000047694737e+00
1.000000000047672533e+00
1.000000000047526205e+00
1.000000000046742610e+00
1.000000000043300918e+00
1.000000000031928238e+00
1.000000000011291856e+00
1.000000000001424638e+00
1.000000000001118439e+00
1.000000000001118439e+00
1.000000000001118439e+00
1.000000000001118439e+00
1.000000000001118439e+00
1.000000000001118439e+00
1.000000000001118439e+00
1.000000000001118439e+00
1.000000000001118217e+00
1.000000000001117773e+00
1.000000000001114220e+00
1.000000000001095790e+00
1.000000000001014522e+00
1.000000000000746070e+00
1.000000000000258904e+00
1.000000000000025979e+00
1.000000000000018874e+00
1.000000000000018874e+00
1.000000000000018874e+00
1.000000000000018874e+00
1.000000000000018874e+00
1.000000000000018874e+00
1.000000000000018874e+00
1.000000000000018874e+00
1.000000000000018874e+00
1.000000000000018874e+00
1.000000000000018652e+00
1.000000000000018430e+00
1.000000000000016875e+00
1.000000000000012212e+00
1.000000000000003553e+00
9.999999999999993339e-01
9.999999999999991118e-01
9.999999999999991118e-01
9.999999999999991118e-01
9.999999999999991118e-01
9.999999999999991118e-01
9.999999999999991118e-01
9.999999999999991118e-01
9.999999999999991118e-01
9.999999999999991118e-01
9.999999999999991118e-01
9.999999999999991118e-01
9.999999999999991118e-01
9.999999999999991118e-01
9.999999999999991118e-01
9.999999999999988898e-01
9.999999999999988898e-01
9.999999999999988898e-01
9.999999999999988898e-01
9.999999999999988898e-01
9.999999999999988898e-01
9.999999999999988898e-01
9.999999999999988898e-01
9.999999999999988898e-01
9.999999999999988898e-01
9.999999999999988898e-01
9.999999999999988898e-01
9.999999999999988898e-01
9.999999999999988898e-01
9.999999999999988898e-01
9.999999999999988898e-01
9.999999999999988898e-01
9.999999999999988898e-01
9.999999999999988898e-01
9.999999999999988898e-01
9.999999999999988898e-01
9.999999999999988898e-01
9.999999999999988898e-01
9.999999999999988898e-01
9.999999999999988898e-01
9.999999999999988898e-01
9.999999999999988898e-01
9.999999999999988898e-01
9.999999999999988898e-01
9.999999999999988898e-01
9.999999999999988898e-01
9.999999999999988898e-01
9.999999999999988898e-01
9.999999999999988898e-01
9.999999999999988898e-01
9.999999999999988898e-01
9.999999999999988898e-01
9.999999999999988898e-01
9.999999999999988898e-01
9.999999999999988898e-01
9.999999999999988898e-01
9.999999999999988898e-01
9.999999999999988898e-01
9.999999999999988898e-01
9.999999999999988898e-01
9.999999999999988898e-01
9.999999999999988898e-01
9.999999999999988898e-01
9.999999999999988898e-01
9.999999999999988898e-01
9.999999999999988898e-01
9.999999999999988898e-01
9.999999999999988898e-01
9.999999999999988898e-01
9.999999999999988898e-01
9.999999999999988898e-01
9.999999999999988898e-01
9.999999999999988898e-01
9.999999999999988898e-01
9.999999999999988898e-01
9.999999999999988898e-01
9.999999999999988898e-01
9.999999999999988898e-01
9.999999999999988898e-01
9.999999999999988898e-01
9.999999999999988898e-01
9.999999999999988898e-01
9.999999999999988898e-01
9.999999999999988898e-01
9.999999999999988898e-01
9.999999999999988898e-01
9.999999999999988898e-01
9.999999999999988898e-01
9.999999999999988898e-01
9.999999999999988898e-01
9.999999999999988898e-01
9.999999999999988898e-01
9.999999999999988898e-01
9.999999999999988898e-01
9.999999999999988898e-01
9.999999999999988898e-01
9.999999999999988898e-01
9.999999999999988898e-01
9.999999999999988898e-01
9.999999999999988898e-01
9.999999999999988898e-01
9.999999999999988898e-01
9.999999999999988898e-01
9.999999999999988898e-01
9.999999999999988898e-01
9.999999999999988898e-01
9.999999999999988898e-01
9.999999999999988898e-01
9.999999999999988898e-01
9.999999999999988898e-01
9.999999999999988898e-01
9.999999999999988898e-01
9.999999999999988898e-01
9.999999999999988898e-01
9.999999999999988898e-01
9.999999999999988898e-01
9.999999999999988898e-01
9.999999999999988898e-01
9.999999999999988898e-01
9.999999999999988898e-01
9.999999999999988898e-01
9.999999999999988898e-01
9.999999999999988898e-01
9.999999999999988898e-01
9.999999999999988898e-01
9.999999999999988898e-01
9.999999999999988898e-01
9.999999999999988898e-01
9.999999999999988898e-01
9.999999999999988898e-01
9.999999999999988898e-01
9.999999999999988898e-01
9.999999999999988898e-01
9.999999999999988898e-01
9.999999999999988898e-01
9.999999999999988898e-01
9.999999999999988898e-01
9.999999999999988898e-01
9.999999999999988898e-01
9.999999999999988898e-01
9.999999999999988898e-01
9.999999999999988898e-01
9.999999999999988898e-01
9.999999999999988898e-01
9.999999999999988898e-01
9.999999999999988898e-01
9.999999999999988898e-01
9.999999999999988898e-01
9.999999999999988898e-01
9.999999999999988898e-01
9.999999999999988898e-01
9.999999999999988898e-01
9.999999999999988898e-01
9.999999999999988898e-01
9.999999999999988898e-01
9.999999999999988898e-01
9.999999999999988898e-01
9.999999999999988898e-01
9.999999999999988898e-01
9.999999999999988898e-01
9.999999999999988898e-01
9.999999999999988898e-01
9.999999999999988898e-01
9.999999999999988898e-01
9.999999999999988898e-01
9.999999999999988898e-01
9.999999999999988898e-01
9.999999999999988898e-01
9.999999999999988898e-01
9.999999999999988898e-01
9.999999999999988898e-01
9.999999999999988898e-01
9.999999999999988898e-01
9.999999999999988898e-01
9.999999999999988898e-01
9.999999999999988898e-01
9.999999999999988898e-01
9.999999999999988898e-01
9.999999999999988898e-01
9.999999999999988898e-01
9.999999999999988898e-01
9.999999999999988898e-01
9.999999999999988898e-01
9.999999999999988898e-01
9.999999999999988898e-01
9.999999999999988898e-01
9.999999999999988898e-01
9.999999999999988898e-01
9.999999999999988898e-01
9.999999999999988898e-01
9.999999999999988898e-01
9.999999999999988898e-01
9.999999999999988898e-01
9.999999999999988898e-01
9.999999999999988898e-01
9.999999999999988898e-01
9.999999999999988898e-01
9.999999999999988898e-01
9.999999999999988898e-01
9.999999999999988898e-01
9.999999999999988898e-01
9.999999999999988898e-01
9.999999999999988898e-01
9.999999999999988898e-01
9.999999999999988898e-01
9.999999999999988898e-01
9.999999999999988898e-01
9.999999999999988898e-01
9.999999999999988898e-01
9.999999999999988898e-01
9.999999999999988898e-01
9.999999999999988898e-01
9.999999999999988898e-01
9.999999999999988898e-01
9.999999999999988898e-01
9.999999999999988898e-01
9.999999999999988898e-01
9.999999999999988898e-01
9.999999999999988898e-01
9.999999999999988898e-01
9.999999999999988898e-01
9.999999999999988898e-01
9.999999999999988898e-01
9.999999999999988898e-01
9.999999999999988898e-01
9.999999999999988898e-01
9.999999999999988898e-01
9.999999999999988898e-01
9.999999999999988898e-01
9.999999999999988898e-01
9.999999999999988898e-01
9.999999999999988898e-01
9.999999999999988898e-01
9.999999999999988898e-01
9.999999999999988898e-01
9.999999999999988898e-01
9.999999999999988898e-01
9.999999999999988898e-01
9.999999999999988898e-01
9.999999999999988898e-01
9.999999999999988898e-01
9.999999999999988898e-01
9.999999999999988898e-01
9.999999999999988898e-01
9.999999999999988898e-01
9.999999999999988898e-01
9.999999999999988898e-01
9.999999999999988898e-01
9.999999999999988898e-01
9.999999999999988898e-01
9.999999999999988898e-01
9.999999999999988898e-01
9.999999999999988898e-01
9.999999999999988898e-01
9.999999999999988898e-01
9.999999999999988898e-01
9.999999999999988898e-01
9.999999999999988898e-01
9.999999999999988898e-01
9.999999999999988898e-01
9.999999999999988898e-01
9.999999999999988898e-01
9.999999999999988898e-01
9.999999999999988898e-01
9.999999999999988898e-01
9.999999999999988898e-01
9.999999999999988898e-01
9.999999999999988898e-01
9.999999999999988898e-01
9.999999999999988898e-01
9.999999999999988898e-01
9.999999999999988898e-01
9.999999999999988898e-01
9.999999999999988898e-01
9.999999999999988898e-01
9.999999999999988898e-01
9.999999999999988898e-01
9.999999999999988898e-01
9.999999999999988898e-01
9.999999999999988898e-01
9.999999999999988898e-01
9.999999999999988898e-01
9.999999999999988898e-01
9.999999999999988898e-01
9.999999999999988898e-01
9.999999999999988898e-01
9.999999999999988898e-01
9.999999999999988898e-01
9.999999999999988898e-01
9.999999999999988898e-01
9.999999999999988898e-01
