2.579108674028865413e+62
2.579108668306098619e+62
2.579108668306098619e+62
6.273975624498179682e+43
6.273975624498179682e+43
6.273975624498179682e+43
6.264231828725549216e+43
6.264231828725549216e+43
6.264231820798766605e+43
6.264231820798766605e+43
6.264231820798766605e+43
1.047190023921680917e+43
1.047190023921680917e+43
1.047190022493656175e+43
1.047190022493656175e+43
1.047190022493656175e+43
1.047190022493123118e+43
1.047190022493123118e+43
1.047190022491014287e+43
1.047190022491014287e+43
1.046857648256103918e+43
1.046857648159784383e+43
1.046857647321747133e+43
1.045227986083884011e+43
1.045227986083884011e+43
1.045227918145213235e+43
1.045227918145213235e+43
1.045227918145213235e+43
1.045227918145213235e+43
1.045227918145213235e+43
1.045227918145213235e+43
1.045227918145213235e+43
1.045227918145212987e+43
1.045227918145212987e+43
1.045227918145212987e+43
1.045227918145212987e+43
1.045227918145212987e+43
1.045227918145212987e+43
1.045227761996229928e+43
1.045227711250682950e+43
1.045227711250682950e+43
1.045227711250682950e+43
1.045227711250682950e+43
1.045227711250682950e+43
1.045227711247611126e+43
1.045227711247611126e+43
1.045227711247611126e+43
1.045227711247611126e+43
1.045227711247611126e+43
1.045227711247611126e+43
1.045227711247610631e+43
1.045227092338996899e+43
1.045227092338996899e+43
1.045227092338996899e+43
1.045227092338996899e+43
1.045227092338996899e+43
1.045227092338996899e+43
1.045227092338996899e+43
1.045227092338996899e+43
1.045227092338996899e+43
1.045227092338995785e+43
1.045227092338995785e+43
1.045227092338995785e+43
1.045227092338995785e+43
1.045227092338588750e+43
1.045227092338588750e+43
1.045227092338588750e+43
1.045227092338318756e+43
1.045227092338313928e+43
1.045227092337623900e+43
1.045227092337623900e+43
1.045227092337623900e+43
1.045227092337623900e+43
1.045227092337623900e+43
1.045227092337623900e+43
1.045226738025433247e+43
1.045226738025433247e+43
1.045226738025433247e+43
1.045226738025433247e+43
1.045226738025433247e+43
1.045226738025433247e+43
1.030488587493959652e+43
1.030488587493959652e+43
1.030488587493959652e+43
1.030483155773429013e+43
1.030483155773429013e+43
1.030483155773429013e+43
1.030483155773429013e+43
1.030483155773429013e+43
1.030483155773429013e+43
1.030483155773429013e+43
1.030325375110809958e+43
1.030325375110809958e+43
1.030325375110809958e+43
1.030325375110809958e+43
1.030325375110809958e+43
1.030325375110809958e+43
1.030325375110809958e+43
1.030325375110809958e+43
1.030325375110809958e+43
1.030325374118074520e+43
1.030325374118074520e+43
1.030325374118015718e+43
1.030325374118015718e+43
1.030325374117177138e+43
1.030325373958256585e+43
1.030325373958256585e+43
1.030325373958256585e+43
1.030325373958256585e+43
1.030325373958256585e+43
1.030325373958256585e+43
1.030325373958256585e+43
1.030325340687922059e+43
1.030325340687922059e+43
1.030325340687922059e+43
1.030325340687922059e+43
1.030325340687922059e+43
1.030325340687922059e+43
1.030325340687922059e+43
1.030325340687922059e+43
1.030312343315929621e+43
1.030312343315929621e+43
1.030312343315927269e+43
1.030312343315927269e+43
1.030312343315927269e+43
1.030312343315927269e+43
1.030312343315177944e+43
1.030312343315177944e+43
1.030311715634326613e+43
1.030311715634326613e+43
1.030311715634326613e+43
1.030124534290624295e+43
1.030124534290624295e+43
1.030124534290624295e+43
1.030124534290620086e+43
1.030124534290620086e+43
1.030124534290620086e+43
1.030124534290620086e+43
1.030124534290438976e+43
9.713650847505999971e+42
9.713650847505999971e+42
9.713650847505999971e+42
9.713650847505992543e+42
9.713650847505992543e+42
9.713650847505992543e+42
9.713650847505992543e+42
9.713650734901483517e+42
9.713650734901483517e+42
9.713650734901483517e+42
9.713650734901483517e+42
9.713650734901483517e+42
9.713650734901483517e+42
9.713650734901479803e+42
9.713650734901479803e+42
9.713650734901479803e+42
9.713650734901479803e+42
9.713650734901479803e+42
1.568617973790174474e+42
1.568617973573354228e+42
1.568617973573354228e+42
1.568617973573354228e+42
1.568617973572410299e+42
1.568617973567079420e+42
1.568617969651573801e+42
1.568617969651573801e+42
1.568617874948302594e+42
1.568617874948302594e+42
1.568617874948302594e+42
1.568617874948286810e+42
1.568617874948050363e+42
1.568609225820115164e+42
1.568609225820115164e+42
1.568609225820115164e+42
1.568609225820115164e+42
1.568609225820115164e+42
1.568609225820114854e+42
1.568609225820114854e+42
1.568609225820114854e+42
1.568609225820114854e+42
1.568608767046278117e+42
1.568608767046278117e+42
1.568608767046277188e+42
1.568608542743948705e+42
1.568608542743948705e+42
1.556979837608183772e+42
1.556979837608183772e+42
1.556979837608183772e+42
1.556979837608183772e+42
1.556979837608183772e+42
1.556979837608183772e+42
1.556979837608183772e+42
1.556979837544274189e+42
1.556979837544274189e+42
1.556979837544274189e+42
1.556979837544274189e+42
1.556979837544274189e+42
1.556979837544274189e+42
1.556979837544274189e+42
1.556979837544273260e+42
1.556979837544273260e+42
1.556979837544268618e+42
1.556979837544268309e+42
1.556979835487228530e+42
1.556979835487228530e+42
1.556979835487228530e+42
1.556979835487228530e+42
1.556979835487228530e+42
1.556979811329402449e+42
1.556979811329402449e+42
1.556979811329402449e+42
1.556183034602955054e+42
1.556183034602955054e+42
1.556183034602955054e+42
1.556183034602955054e+42
1.556183034602955054e+42
1.556183034602955054e+42
1.556183034602798455e+42
1.556183034602633499e+42
1.296905014284106460e+42
1.296905014284106460e+42
1.296905014284106460e+42
1.296905014284106460e+42
1.296904923280149653e+42
1.296904923275769203e+42
1.296904923261109052e+42
1.296904923261109052e+42
1.296904923261109052e+42
1.296904923261109052e+42
1.296904923261109052e+42
1.296904923261109052e+42
1.296904923261109052e+42
1.296904923261109052e+42
1.296891860848049410e+42
1.296891860784880734e+42
1.296891860485737011e+42
1.296891860485737011e+42
1.296891860485737011e+42
1.296891860485737011e+42
1.296891860485737011e+42
1.296891860485737011e+42
1.296345683336299281e+42
1.296345683336299281e+42
1.296345683336149490e+42
1.296345683336149490e+42
1.296345683259120992e+42
1.296345683259120683e+42
1.296345683259120683e+42
1.296345683259120683e+42
1.296345683259120683e+42
1.296345682924792847e+42
1.296345682924792847e+42
1.296345682924792847e+42
1.295842173895329190e+42
1.295805011765765283e+42
1.295805011765765283e+42
1.295805011765765283e+42
1.295805011765765283e+42
1.295805011765765283e+42
1.295805011765765283e+42
1.295805011765765283e+42
1.295805011765765283e+42
1.295805011765765283e+42
1.295805011765765283e+42
1.295805011765765283e+42
1.295805011765765283e+42
1.295805011765765283e+42
1.295805011765765283e+42
1.295805011765765283e+42
1.295805011765765283e+42
1.295805011765765283e+42
1.295805011765765283e+42
1.295805011765765283e+42
1.295805011765759093e+42
1.295805011761720004e+42
1.295805011761720004e+42
1.295805011761720004e+42
1.295804991477833848e+42
1.295804991477833848e+42
1.295804991477833848e+42
1.295804991477833848e+42
1.295804991477833848e+42
1.295804960937827701e+42
1.295804960937750639e+42
1.295804849836254635e+42
1.295801276057638877e+42
1.295801276057638877e+42
1.295801276057638877e+42
1.295801276014475931e+42
1.295801275923138084e+42
1.295801275923138084e+42
1.295801275923138084e+42
1.295801275923138084e+42
1.295801275923138084e+42
1.295801275923138084e+42
1.295801190501993130e+42
1.295801190501993130e+42
1.295801190501993130e+42
1.295801190501993130e+42
1.295801190501993130e+42
1.295801190501993130e+42
1.295755698358834521e+42
1.295755696484590981e+42
1.295657305004784814e+42
1.295657305004784814e+42
1.295657305004784814e+42
1.295657304864495259e+42
1.295657304864495259e+42
1.295657304864494949e+42
1.295657304864494949e+42
1.295657304864494949e+42
1.295646310569395586e+42
1.295646310569395586e+42
1.295646310569395586e+42
1.295646310569395586e+42
1.295646310569395586e+42
1.295646310569395586e+42
1.295646310569383052e+42
1.295646310569383052e+42
1.295646310569383052e+42
1.295645022607687828e+42
1.295645022607687828e+42
1.295645022607687828e+42
1.295645022607687828e+42
1.295645022607687828e+42
1.295645022607687828e+42
1.295645022607687828e+42
1.295645022607687364e+42
1.295645022607669414e+42
1.295622363137628145e+42
1.295622363137628145e+42
1.295622363137628145e+42
1.295622363136502857e+42
1.290549321513209526e+42
1.290549321513209526e+42
1.290549321513209526e+42
1.290549321510581998e+42
1.290549321510581998e+42
1.290549321510581998e+42
1.290549321510581998e+42
1.290549321510581998e+42
1.290549321510581998e+42
1.290549321510581998e+42
1.290549321510581998e+42
1.290549321510581998e+42
1.290549321510581998e+42
1.290549321510581998e+42
1.290549321510581998e+42
1.290549321510581998e+42
1.290549321510581998e+42
1.290549321510581998e+42
1.290549321510581998e+42
1.290549321510581998e+42
1.290549321510581998e+42
1.290549321510581998e+42
1.290549321510581998e+42
1.290549321510581998e+42
1.290549321510581998e+42
1.290549321510517470e+42
1.290549321510517470e+42
1.290549321510517470e+42
1.290549321510517470e+42
1.290549321510517470e+42
1.290549321510517470e+42
1.290549321510517470e+42
1.290549321510517470e+42
1.290549321510517470e+42
1.290549321510517470e+42
1.283574611532663927e+42
1.283574611532663927e+42
1.283574611532663927e+42
1.283574611532660987e+42
1.283574611532660987e+42
1.283574611532660987e+42
1.283574611532660987e+42
1.246929904783056504e+42
1.246929904783056504e+42
1.246929904783056504e+42
1.246929904783056504e+42
1.246929904783056504e+42
1.246929904783056504e+42
1.246929904783042422e+42
1.246929904783042422e+42
1.246929904783040411e+42
1.246929904776706955e+42
1.246929904776706955e+42
1.246929904776706955e+42
1.246929904776706955e+42
1.246929904776706955e+42
1.246929904776706955e+42
1.246929904776706955e+42
1.246929904776706955e+42
1.246929904776706955e+42
1.246929904776706955e+42
1.246929904776706955e+42
1.246929904776706955e+42
1.246929904776706955e+42
1.246929904776706955e+42
1.246929904776706955e+42
1.246929904776706955e+42
1.246929904776706955e+42
1.246929904776706955e+42
1.246929904776706955e+42
1.246929904776706955e+42
1.246929904776706955e+42
1.246929904776706955e+42
1.246929904776706955e+42
1.246929904776706955e+42
1.246929904776706955e+42
1.246929904776706955e+42
1.246929904776706955e+42
1.246929904776706955e+42
1.246929904776706955e+42
1.246929904776706955e+42
1.246929904776706955e+42
1.246929904776706955e+42
1.246929904776706955e+42
1.246929904776706955e+42
1.246929904776706955e+42
1.246929904776706955e+42
1.246929904776706955e+42
1.246929904776706955e+42
1.246929904776706955e+42
1.246929904776706955e+42
1.246929904776706955e+42
1.246929904776706955e+42
1.246929904776706955e+42
1.246929904776706955e+42
1.246929904776706955e+42
1.246929904776706955e+42
1.246929904776706955e+42
1.246929904776706955e+42
1.246929904776706955e+42
1.246929904776706955e+42
1.246929904776706955e+42
1.246929904776706955e+42
1.246929904776706955e+42
1.246929904776706955e+42
1.246929904776706955e+42
1.246929904776706955e+42
1.246929904776706955e+42
1.246929904776706955e+42
1.246929904776706955e+42
1.246929904776706955e+42
1.246929904776706955e+42
1.246929904776706955e+42
1.246929904776706955e+42
1.246929904776706955e+42
1.246929904776706955e+42
1.246929904776706955e+42
1.246929904776706955e+42
1.246929904776706955e+42
1.246929904776706955e+42
1.246929904776706955e+42
1.246929904776706955e+42
1.246929904776706955e+42
1.246929904776706955e+42
1.246929904776706955e+42
1.246929904776706955e+42
1.246929904776706955e+42
1.246929904776706955e+42
1.246929904776706955e+42
1.246929904776706955e+42
1.246929904776706955e+42
1.246929904776706955e+42
1.246929904776706955e+42
1.246929904776706955e+42
1.246929904776706955e+42
1.246929904776706955e+42
1.246929904776706955e+42
1.246929904776706955e+42
1.246929904776706955e+42
1.246929904776706955e+42
1.246929904776706955e+42
1.246929904776706955e+42
1.246929904776706955e+42
1.246929904776706955e+42
1.246929904776706955e+42
1.246929904776706955e+42
1.246929904776706955e+42
1.246929904776706955e+42
1.246929904776706955e+42
1.246929904776706955e+42
1.246929904776706955e+42
1.246929904776706955e+42
1.246929904776706955e+42
1.246929904776706955e+42
1.246929904776706955e+42
1.246929904776706955e+42
1.246929904776706955e+42
1.246929904776706955e+42
1.246929904776706955e+42
1.246929904776706955e+42
1.246929904776706955e+42
1.246929904776706955e+42
1.246929904776706955e+42
1.246929904776706955e+42
1.246929904776706955e+42
1.246929904776706955e+42
1.246929904776706955e+42
1.246929904776706955e+42
1.246929904776706955e+42
1.246929904776706955e+42
1.246929904776706955e+42
1.246929904776706955e+42
1.246929904776706955e+42
1.246929904776706955e+42
1.246929904776706955e+42
1.246929904776706955e+42
1.246929248277785448e+42
1.246929150732903037e+42
1.246929150722695912e+42
1.246929150722381011e+42
1.246929150722381011e+42
1.246929150722347432e+42
1.246929150722347432e+42
1.246929150722347432e+42
1.246929150722347432e+42
1.232249405204918174e+42
1.232249405204918019e+42
1.232249405204918019e+42
1.232249405204918019e+42
1.232249405204918019e+42
1.232249405204918019e+42
1.232249405204918019e+42
1.232249405204918019e+42
1.232249405204918019e+42
1.232249405204918019e+42
1.232249402296816592e+42
1.232249402289414329e+42
1.232249402289414329e+42
1.232249402289414329e+42
1.232249402289414329e+42
1.232249402289414329e+42
6.185998078749433389e+41
6.185998078749433389e+41
6.185998078749433389e+41
6.185998078749433389e+41
6.185998072883532658e+41
6.185998072883532658e+41
6.185945322054231418e+41
6.185945322001156286e+41
6.185945322001156286e+41
6.185945322001156286e+41
5.776471484293689086e+41
5.776471484293689086e+41
5.776471484293673612e+41
5.712155850188204232e+41
2.945045892547516283e+41
2.945038664076266569e+41
2.945038664076266569e+41
2.945038664076266569e+41
1.055908239375149090e+41
1.055908239375149090e+41
1.055908239375149090e+41
1.055908239115685948e+41
1.055822129853071777e+41
1.055822129853071777e+41
1.055822129853071777e+41
1.055822129822813041e+41
8.663525723661575512e+40
8.663525723661575512e+40
8.663525723661575512e+40
8.663525723661575512e+40
6.546648395964324003e+40
6.539191508012819484e+40
6.539191380705721612e+40
6.539191380705721612e+40
6.525227346417705318e+40
2.023779034549062891e+40
2.023779034549061198e+40
2.023778917842645290e+40
2.023778917842645290e+40
1.290896824533974849e+40
1.290896824533974849e+40
1.290896824533974849e+40
1.290896824533401577e+40
1.290896824533401577e+40
1.290896824533401577e+40
1.290896341536518022e+40
1.290896341536312263e+40
1.273694186201313995e+40
1.180100768487469356e+40
1.180100768487469356e+40
1.180100768487469356e+40
1.179942889649403349e+40
4.413316594083804863e+39
4.413316594083804863e+39
1.958675148404163379e+39
1.958675145709444153e+39
1.958675145709444153e+39
1.958666924634209131e+39
1.958666924623808137e+39
1.958666924623808137e+39
1.958666924623808137e+39
1.866608444877122702e+39
1.866608444877122702e+39
1.866608444877111822e+39
1.840448629534417779e+39
1.020624535334829495e+39
1.020618954069444779e+39
1.020618954069444779e+39
1.020618954069444779e+39
3.202403065689686678e+38
3.202403065689686678e+38
3.202403065689686678e+38
3.202403065223190161e+38
3.202279936208407164e+38
3.202279936208407164e+38
3.202279936208407164e+38
3.202279936080862090e+38
2.794922531676950050e+38
2.794922531676950050e+38
2.794922531676950050e+38
2.794922531676950050e+38
2.189025010930421385e+38
2.185769093200700844e+38
2.185769065398021295e+38
2.185769065398021295e+38
2.183341285564518626e+38
6.022665391619880577e+37
6.022665391619878688e+37
6.022664727134173115e+37
6.022664727134173115e+37
4.392113939439402628e+37
4.392113939439402628e+37
4.392113939439402628e+37
4.392113939436362369e+37
4.392113939436362369e+37
4.392113939436362369e+37
4.392112846532167082e+37
4.392112846531867684e+37
4.360961682794360968e+37
4.067867758955883743e+37
4.067867758955883743e+37
4.067867758955883743e+37
4.067134929155726700e+37
1.340154962610233081e+37
1.340154962610233081e+37
1.340154962610233081e+37
7.298539558089370183e+36
7.298539534034651809e+36
7.298539534034651809e+36
7.298517221454085417e+36
7.298517221435953891e+36
7.298517221435953891e+36
7.298517221435953891e+36
7.095805660099903073e+36
7.095805660099903073e+36
7.095805660099831057e+36
6.995511508945055299e+36
3.368151828611274607e+36
3.368128082791228647e+36
3.368128082791228647e+36
3.368128082791228647e+36
1.302499980331326549e+36
1.302499980331326549e+36
1.302499980331326549e+36
1.302499980234443364e+36
1.302499980234443364e+36
1.302460165770610441e+36
1.302460165770610441e+36
1.302460165770610441e+36
1.302460165634962678e+36
1.192563458527576860e+36
1.192563458527576860e+36
1.192563458527576860e+36
1.192563458527576860e+36
8.418551470238725858e+35
8.405774432057090587e+35
8.405774380435760340e+35
8.405774380435758864e+35
8.398754178973315326e+35
2.609151578664051357e+35
2.609151578664050988e+35
2.609151091460288622e+35
2.609151091460288622e+35
2.087298329656366530e+35
2.087298329656366530e+35
2.087298329656366530e+35
2.087298329651951856e+35
2.087298329651951856e+35
2.087298329651951856e+35
2.087298019767610608e+35
2.087298019767548627e+35
2.073538960074667735e+35
1.849983039101359254e+35
1.849983039101359254e+35
1.849983039101359254e+35
1.849983039101359254e+35
1.849580891518485056e+35
6.097560529315286528e+34
6.097560529315286528e+34
6.097560529315286528e+34
3.831504159372158352e+34
3.831504133473884292e+34
3.831504133473884292e+34
3.831496413558123274e+34
3.831496413553526346e+34
3.831496413553526346e+34
3.831496413553526346e+34
3.722376388689399119e+34
3.722376388689399119e+34
3.722376388689272759e+34
3.626177021013164856e+34
1.628534063209554003e+34
1.628519333528245222e+34
1.628519333528245222e+34
1.628519333528245222e+34
7.429426203920083445e+33
7.429426203920083445e+33
7.429426203920083445e+33
7.429426203630104087e+33
7.429426203630104087e+33
7.429263575609489364e+33
7.429263575609489364e+33
7.429263575609489364e+33
7.429263573885325230e+33
6.737067724847852451e+33
6.737067724847852451e+33
6.737067724847852451e+33
6.737067724847852451e+33
4.440697779641474503e+33
4.428173882699851823e+33
4.428173869520701764e+33
4.428173869520701188e+33
4.425727275391745188e+33
1.570713086849160102e+33
1.570713086849160102e+33
1.570712618356964802e+33
1.570712618356964802e+33
1.213660406735380637e+33
1.213660406735380637e+33
1.213660406735380637e+33
1.213660406735380637e+33
1.213660406729549593e+33
1.213660406729549593e+33
1.213660406729549593e+33
1.213660310349019891e+33
1.213660310348996833e+33
1.207809938342500198e+33
1.046024567590204705e+33
1.046024567590204705e+33
1.046024567590204705e+33
1.046024567590204705e+33
1.045571160425427703e+33
3.751866110475317581e+32
3.751866110475317581e+32
3.751866110475317581e+32
2.192378911373392653e+32
2.192378888874552829e+32
2.192378888874552829e+32
2.192376563623058724e+32
2.192376563621412928e+32
2.192376563621412928e+32
2.192376563621412928e+32
2.147160673673369308e+32
2.147160673673369308e+32
2.147160673673204296e+32
2.077311443563735321e+32
9.928078176354432183e+31
9.927885080021366689e+31
9.927885080021366689e+31
9.927885080021366689e+31
4.101766885486588147e+31
4.101766885486588147e+31
4.101766885486588147e+31
4.101766885389932793e+31
4.101766885389932793e+31
4.101721282140695466e+31
4.101721282140695466e+31
4.101721282140695466e+31
4.101721280746202679e+31
3.829034915297944928e+31
3.829034915297944928e+31
3.829034915297944928e+31
3.829034915297944928e+31
3.829034915297944928e+31
2.628244902363716886e+31
2.618613415083692857e+31
2.618613410043977074e+31
2.618613410043975723e+31
2.617826130200420770e+31
8.440361650910622765e+30
8.440361650910622765e+30
8.440356879144572166e+30
8.440356879144572166e+30
7.042611696061094961e+30
7.042611696061094961e+30
7.042611696061094961e+30
7.042611696061094961e+30
7.042611696008998447e+30
7.042611696008998447e+30
7.042611696008998447e+30
7.042611341124002359e+30
7.042611341123946064e+30
7.024447906214065282e+30
6.162710554179826161e+30
6.162710554179826161e+30
6.162710554179826161e+30
6.162710554179826161e+30
6.159252870676850630e+30
2.014520872174796792e+30
2.014520872174796792e+30
2.014520872174796792e+30
1.361625130320366565e+30
1.361625099708309464e+30
1.361625099708309464e+30
1.361624118911257117e+30
1.361624118910795779e+30
1.361624118910795779e+30
1.361624118910795779e+30
1.345436014290162625e+30
1.345436014290162625e+30
1.345436014289990926e+30
1.302766539597969306e+30
5.569583848390410721e+29
5.569450318124992550e+29
5.569450318124992550e+29
5.569450318124992550e+29
2.784213639364800409e+29
2.784213639364800409e+29
2.784213639364800409e+29
2.784213639332429731e+29
2.784213639332429731e+29
2.784190662751985156e+29
2.784190662751985156e+29
2.784190662751985156e+29
2.784190660485617605e+29
2.665648161097221812e+29
2.665648161097221812e+29
2.665648161097221812e+29
2.665648161097221812e+29
2.665648161097221812e+29
1.643726111937384705e+29
1.637869357238142681e+29
1.637869355805015652e+29
1.637869355805013893e+29
6.178944107275951264e+28
6.178464664279912714e+28
6.178464664279912714e+28
6.178459045907130070e+28
6.178459045907130070e+28
5.450045400004058311e+28
5.450045400004058311e+28
5.450045400004058311e+28
5.450045400004058311e+28
5.450045399894007752e+28
5.450045399894007752e+28
5.450045399894007752e+28
5.450045245410062628e+28
5.450045245410045035e+28
5.438145759098443808e+28
5.438145759098443808e+28
4.488400785472361636e+28
4.488400785472361636e+28
4.488400785472361636e+28
4.485549866082101611e+28
1.556897091039992849e+28
1.556897091039992849e+28
1.556897091039992849e+28
1.161075686994062668e+28
1.161075638084814584e+28
1.161075638084814584e+28
1.161075119704920033e+28
1.161075119704735755e+28
1.161075119704735755e+28
1.161075119704735755e+28
1.148193328537945549e+28
1.148193328537945549e+28
1.148193328537504205e+28
1.088710883143420113e+28
4.527049098328572799e+27
4.526911961509700335e+27
4.526911961509700335e+27
4.526911961509700335e+27
2.589735958230602653e+27
2.589735958230602653e+27
2.589735958230602653e+27
2.589735958230602653e+27
2.589735958215224334e+27
2.589721508630524850e+27
2.589721508630524850e+27
2.589721504321975836e+27
2.589721504321975836e+27
2.477651160965300615e+27
2.477651160965300615e+27
2.477651160965300615e+27
2.477651160965300615e+27
2.477651160965300615e+27
1.435925729650125753e+27
1.427211236450365678e+27
1.427211236450365678e+27
1.427211235852845980e+27
1.427211235852841582e+27
6.143113155591170534e+26
6.142768680542141364e+26
6.142768680542141364e+26
6.142760047383717303e+26
6.142760047383717303e+26
5.363417895118599193e+26
5.363417895118599193e+26
5.363417895118599193e+26
5.363417895118599193e+26
5.363417894884409401e+26
5.363417894884409401e+26
5.363417894884409401e+26
5.363417812732843009e+26
5.363417812732831327e+26
5.363417812732831327e+26
5.355035878927099630e+26
4.244669231160437009e+26
4.244669231160437009e+26
4.244669231160437009e+26
4.239688088751216491e+26
1.608592642153419496e+26
1.608592642153419496e+26
1.608592642153419496e+26
1.161297929529123509e+26
1.161297853470334845e+26
1.161297853470334845e+26
1.161297853470334845e+26
1.161297568720214846e+26
1.161297568720101115e+26
1.161297568720101115e+26
1.161297568720101115e+26
1.151902003395732685e+26
1.151902003395732685e+26
1.151902003394756868e+26
1.077739208601275149e+26
4.728139490857085275e+25
4.727847099789823504e+25
4.727847099789823504e+25
4.727847099789823504e+25
2.549694471910982189e+25
2.549694471910982189e+25
2.549694471910982189e+25
2.549694471910982189e+25
2.549694471901780651e+25
2.549686781106570455e+25
2.549686781106570455e+25
2.549686774614388085e+25
2.549686774614388085e+25
2.549686774614388085e+25
2.469740437116033893e+25
2.469740437116033893e+25
2.469740437116033893e+25
2.469740437116033893e+25
1.483088682609820836e+25
1.471438658496874273e+25
1.471438658496874273e+25
1.471438658104822786e+25
1.471438658104812478e+25
5.904984507567664628e+24
5.904809732602982595e+24
5.904809732602982595e+24
5.904794139726207332e+24
5.904794139726207332e+24
5.360542855825089278e+24
5.360542855825089278e+24
5.360542855825089278e+24
5.360542855825089278e+24
5.360542855461431176e+24
5.360542855461431176e+24
5.360542855461431176e+24
5.360542804805162031e+24
5.360542804805156663e+24
5.360542804805156663e+24
5.355941994756842189e+24
4.316901440313974296e+24
4.316901440313974296e+24
4.316901440313974296e+24
4.310435374666391512e+24
1.529360177194180379e+24
1.529360177194180379e+24
1.529360177194180379e+24
1.529360177194180379e+24
1.207852899492893764e+24
1.207852738664122850e+24
1.207852738664122850e+24
1.207852548517872156e+24
1.207852548517819945e+24
1.207852548517819945e+24
1.207852548517819945e+24
1.202252100268186361e+24
1.202252100268186361e+24
1.202252100266533738e+24
1.127740172920656492e+24
4.576924386903551661e+23
4.576580416661151610e+23
4.576580416661151610e+23
4.576580416661151610e+23
2.858412282727509178e+23
2.858412282727509178e+23
2.858412282727509178e+23
2.858412282727509178e+23
2.858412282722587414e+23
2.858412282722587414e+23
2.858406316105228647e+23
2.858406300156041405e+23
2.858406300156041405e+23
2.858406300156041405e+23
2.802560711028565470e+23
2.802560711028565470e+23
2.802560711028565470e+23
2.802560711028565470e+23
1.535215332061975979e+23
1.523726964452882173e+23
1.523726964452882173e+23
1.523726964273967928e+23
1.523726964273967928e+23
1.523726964273950816e+23
7.177445954592167271e+22
7.177286562103207710e+22
7.177286562103207710e+22
7.177257639988788671e+22
7.177257639988788671e+22
6.721769042906900018e+22
6.721769042906900018e+22
6.721769042906900018e+22
6.721769042906900018e+22
6.721769041789223698e+22
6.721769041789223698e+22
6.721769041789223698e+22
6.721769007892727752e+22
6.721769007892727752e+22
6.721769007892725236e+22
6.717302673308771575e+22
5.050226418981535744e+22
5.050226418981535744e+22
5.042086271189787240e+22
5.042086271189787240e+22
1.980269114886196507e+22
1.980269114886196507e+22
1.980269114886196507e+22
1.980269114886196507e+22
1.980268572161408919e+22
1.665137858675353007e+22
1.665137858675353007e+22
1.665137704883904420e+22
1.665137704883871076e+22
1.665137704883871076e+22
1.665137704883871076e+22
1.658562965758129104e+22
1.658562965758129104e+22
1.658562965751981723e+22
1.508232608571244256e+22
6.224234416783952445e+21
6.223649220695505764e+21
6.223649220695505764e+21
6.223649220695505764e+21
4.295600077289709109e+21
4.295600077289709109e+21
4.295600077289709109e+21
4.295600077289709109e+21
4.295600077289709109e+21
4.295600077286011306e+21
4.295594342747968897e+21
4.295594297527736730e+21
4.295594297527736730e+21
4.295594297527736730e+21
4.295594297527736730e+21
4.217631950419774669e+21
4.217631950419774669e+21
4.217631950419774669e+21
4.217631950419774669e+21
2.216271660177943167e+21
2.190203253785902449e+21
2.190203253785902449e+21
2.190203253785902449e+21
2.190203253662918115e+21
2.190203253662849434e+21
1.161108781823702073e+21
1.161091029762176975e+21
1.161084066616475386e+21
1.161084066616475386e+21
1.161084066616475386e+21
1.087495617523179586e+21
1.087495617523179586e+21
1.087495617523179586e+21
1.087495617523179586e+21
1.087495617155897491e+21
1.087495617155897491e+21
1.087495617155897491e+21
1.087495614204053684e+21
1.087495614204053684e+21
1.087495614204053422e+21
7.832418061896910111e+20
7.832418061896910111e+20
7.829836436157754245e+20
7.808463968587374920e+20
7.808463968587374920e+20
3.373277409367001661e+20
3.373277409367001661e+20
3.373277409367001661e+20
3.373277409367001661e+20
3.373275960596456407e+20
3.373275960596455752e+20
2.813409613090818621e+20
2.813409467025043948e+20
2.813409467025011180e+20
2.813409467025011180e+20
2.813409467025011180e+20
2.805413000266388931e+20
2.805413000244308541e+20
2.805413000244308541e+20
2.805413000244308541e+20
2.499147521722730414e+20
1.089013320100510106e+20
1.089013320100510106e+20
1.088817442927865528e+20
1.088817442927865528e+20
1.088817442927865528e+20
7.333506783527005389e+19
7.333506783527005389e+19
7.333506783527005389e+19
7.333506783527005389e+19
7.333506783523247718e+19
7.333501222878905139e+19
7.333501101631253709e+19
7.333501101631253709e+19
7.333501101631253709e+19
7.333501101631253709e+19
7.236317293625806848e+19
7.236317293625806848e+19
7.236317293625806848e+19
7.236317293625806848e+19
3.909943096341031322e+19
3.851162724937250406e+19
3.851162724937250406e+19
3.851162724936983347e+19
3.851162724936983347e+19
3.851162724804414669e+19
1.962880891416870093e+19
1.962864012503214080e+19
1.962842251628115968e+19
1.962842251628115968e+19
1.871721543509737882e+19
1.871721543509737882e+19
1.871721543509737882e+19
1.871721543509737882e+19
1.871721543509737882e+19
1.871721543509737882e+19
1.871721542508836454e+19
1.871721542508836454e+19
1.871721539460261478e+19
1.871721539460261478e+19
1.871721539460261478e+19
1.871721539460261478e+19
1.369102185050371482e+19
1.368839712489117491e+19
1.364095145578264371e+19
5.641832477214708736e+18
5.641832477214708736e+18
5.641832477214708736e+18
5.641832477214708736e+18
5.641832477214708736e+18
5.641828045611087872e+18
5.641828045611085824e+18
4.941854954381261824e+18
4.941854797258696704e+18
4.941854797258672128e+18
4.941854797258672128e+18
4.941854797258672128e+18
4.933636606043333632e+18
4.933636605980510208e+18
4.933636605980510208e+18
4.933636605980510208e+18
4.411577282178956800e+18
1.829806943199503872e+18
1.829806943199503872e+18
1.829404991706875904e+18
1.829404991706875904e+18
1.829404991706875904e+18
1.358547970223833344e+18
1.358547970223833344e+18
1.358547970223833344e+18
1.358547970223833344e+18
1.358547970223508992e+18
1.358547304907727360e+18
1.358547259406268928e+18
1.358547259406268928e+18
1.358547259406268928e+18
1.358547259406268928e+18
1.358547259406268928e+18
1.347394427314749440e+18
1.347394427314749440e+18
1.347394427314749440e+18
6.812507672957792000e+17
6.714459937183715840e+17
6.714459937183715840e+17
6.714459937182969600e+17
6.714459937081630720e+17
6.714459937081630720e+17
3.917925248875555840e+17
3.917901804101342080e+17
3.917838786219212160e+17
3.917838786219212160e+17
3.795146769982628480e+17
3.795146769982628480e+17
3.795146769982628480e+17
3.795146769982628480e+17
3.795146769982628480e+17
3.795146765482848640e+17
3.795146765482848640e+17
3.795146765482848640e+17
3.795146765482848640e+17
3.795146765482848640e+17
3.795146762331000320e+17
3.795146762331000320e+17
3.795146762331000320e+17
2.600328258709232000e+17
2.599998138058811200e+17
2.590600423643664320e+17
1.207228142193412480e+17
1.207228142193412480e+17
1.207228142193412480e+17
1.207228142193412480e+17
1.207228142193412480e+17
1.207226667295375680e+17
1.207226667295374560e+17
1.096646394409899200e+17
1.096646374952468000e+17
1.096646374952465440e+17
1.096646374952465440e+17
1.096646374952465440e+17
1.096646374952465440e+17
1.095234913503866400e+17
1.095234913470011200e+17
1.095234913470011200e+17
9.424115452416953600e+16
4.128463301642101600e+16
4.128463301642101600e+16
4.128463301642101600e+16
4.127339818322842400e+16
4.127339818322842400e+16
3.275274541972696800e+16
3.275274541972696800e+16
3.275274541972696800e+16
3.275274541972696800e+16
3.275274541972311200e+16
3.275273569522785200e+16
3.275273377287154800e+16
3.275273377287154800e+16
3.275273377287154800e+16
3.275273377287154800e+16
3.275273377287154800e+16
3.275273377287154800e+16
3.275273377287154800e+16
3.275273377287154800e+16
3.275273377287154800e+16
3.275273377287154800e+16
3.275273377287154800e+16
3.275273377287154800e+16
3.275273377287154800e+16
3.275273377287154800e+16
3.275273377287154800e+16
3.275273377287154800e+16
3.275273377287154800e+16
3.275273377287154800e+16
3.275273377287154800e+16
3.275273377287154800e+16
3.275273377287154800e+16
3.275273377287154800e+16
3.275273377287154800e+16
3.275273377287154800e+16
3.275273377287154800e+16
3.275273377287154800e+16
3.275273377287154800e+16
3.275273377287154800e+16
3.275273377287154800e+16
3.275273377287154800e+16
3.275273377287154800e+16
3.275273377287154800e+16
3.275273377287154800e+16
3.275273377287154800e+16
3.275273377287154800e+16
3.275273377287154800e+16
3.275273377287154800e+16
3.275273377287154800e+16
3.275273377287154800e+16
3.275273377287154800e+16
3.275273377287154800e+16
3.275273377287154800e+16
3.275273377287154800e+16
3.275273377287154800e+16
3.275273377287154800e+16
3.275273377287154800e+16
3.275273377287154800e+16
3.275273377287154800e+16
3.275273377287154800e+16
3.275273377287154800e+16
3.275273377287154800e+16
3.275273377287154800e+16
3.275273377287154800e+16
3.275273377287154800e+16
3.275273377287154800e+16
3.275273377287154800e+16
3.275273377287154800e+16
3.275273377287154800e+16
3.275273377287154800e+16
3.275273377287154800e+16
3.275273377287154800e+16
3.275273377287154800e+16
3.275273377287154800e+16
3.275273377287154800e+16
3.275273377287154800e+16
3.275273377287154800e+16
3.275273377287154800e+16
3.275273377287154800e+16
3.275273377287154800e+16
3.275273377287154800e+16
3.275273377287154800e+16
3.275273377287154800e+16
3.275273377287154800e+16
3.275273377287154800e+16
3.275273377287154800e+16
3.275273377287154800e+16
3.275273377287154800e+16
3.275273377287154800e+16
3.275273377287154800e+16
3.275273377287154800e+16
3.275273377287154800e+16
3.275273377287154800e+16
3.275273377287154800e+16
3.275273377287154800e+16
3.275273377287154800e+16
3.275273377287154800e+16
3.275273377287154800e+16
3.275273377287154800e+16
3.275273377287154800e+16
3.275273377287154800e+16
3.275273377287154800e+16
3.275273377287154800e+16
3.275273377287154800e+16
3.275273377287154800e+16
3.275273377287154800e+16
3.275273377287154800e+16
3.275273377287154800e+16
3.275273377287154800e+16
3.275273377287154800e+16
3.275273377287154800e+16
3.275273377287154800e+16
3.275273377287154800e+16
3.275273377287154800e+16
3.275273377287154800e+16
3.275273377287154800e+16
3.275273377287154800e+16
3.275273377287154800e+16
3.275273377287154800e+16
3.275273377287154800e+16
3.275273377287154800e+16
3.275273377287154800e+16
3.275273377287154800e+16
3.275273377287154800e+16
3.275273377287154800e+16
3.275273377287154800e+16
3.275273377287154800e+16
3.275273377287154800e+16
3.275273377287154800e+16
3.275273377287154800e+16
3.275273377287154800e+16
3.275273377287154800e+16
3.275273377287154800e+16
3.275273377287154800e+16
3.275273377287154800e+16
3.275273377287154800e+16
3.275273377287154800e+16
3.275273377287154800e+16
3.275273377287154800e+16
3.275273377287154800e+16
3.275273377287154800e+16
3.275273377287154800e+16
3.275273377287154800e+16
3.275273377287154800e+16
3.275273377287154800e+16
3.275273377287154800e+16
3.275273377287154800e+16
3.275273377287154800e+16
3.275273377287154800e+16
3.275273377287154800e+16
3.275273377287154800e+16
3.275273377287154800e+16
3.275273377287154800e+16
3.275273377287154800e+16
3.275273377287154800e+16
3.275273377287154800e+16
3.275273377287154800e+16
3.275273377287154800e+16
3.275273377287154800e+16
3.275273377287154800e+16
3.275273377287154800e+16
3.275273377287154800e+16
3.275273377287154800e+16
3.275273377287154800e+16
3.275273377287154800e+16
3.275273377287154800e+16
3.275273377287154800e+16
3.275273377287154800e+16
3.275273377287154800e+16
3.275273377287154800e+16
3.275273377287154800e+16
3.275273377287154800e+16
3.275273377287154800e+16
3.275273377287154800e+16
3.275273377287154800e+16
3.275273377287154800e+16
3.275273377287154800e+16
3.275273377287154800e+16
3.275273377287154800e+16
3.275273377287154800e+16
3.275273377287154800e+16
3.275273377287154800e+16
3.275273377287154800e+16
3.275273377287154800e+16
3.275273377287154800e+16
3.275273377287154800e+16
3.275273377287154800e+16
3.275273377287154800e+16
3.275273377287154800e+16
3.275273377287154800e+16
3.275273377287154800e+16
3.275273377287154800e+16
3.275273377287154800e+16
3.275273377287154800e+16
3.275273377287154800e+16
3.275273377287154800e+16
3.275273377287154800e+16
3.275273377287154800e+16
3.275273377287154800e+16
3.275273377287154800e+16
3.275273377287154800e+16
3.275273377287154800e+16
3.275273377287154800e+16
3.275273377287154800e+16
3.275273377287154800e+16
3.275273377287154800e+16
3.275273377287154800e+16
3.275273377287154800e+16
3.275273377287154800e+16
3.275273377287154800e+16
3.275273377287154800e+16
3.275273377287154800e+16
3.275273377287154800e+16
3.275273377287154800e+16
3.275273377287154800e+16
3.275273377287154800e+16
3.275273377287154800e+16
3.275273377287154800e+16
3.275273377287154800e+16
3.275273377287154800e+16
3.275273377287154800e+16
3.275273377287154800e+16
3.275273377287154800e+16
3.275273377287154800e+16
3.275273377287154800e+16
3.275273377287154800e+16
3.275273377287154800e+16
3.275273377287154800e+16
3.275273377287154800e+16
3.275273377287154800e+16
3.275273377287154800e+16
3.275273377287154800e+16
3.275273377287154800e+16
3.275273377287154800e+16
3.275273377287154800e+16
3.275273377287154800e+16
3.275273377287154800e+16
3.275273377287154800e+16
3.275273377287154800e+16
3.275273377287154800e+16
3.275273377287154800e+16
3.275273377287154800e+16
3.275273377287154800e+16
3.275273377287154800e+16
3.275273377287154800e+16
3.275273377287154800e+16
3.275273377287154800e+16
3.275273377287154800e+16
3.275273377287154800e+16
3.275273377287154800e+16
3.275273377287154800e+16
3.275273377287154800e+16
3.275273377287154800e+16
3.275273377287154800e+16
3.275273377287154800e+16
3.275273377287154800e+16
3.275273377287154800e+16
3.275273377287154800e+16
3.275273377287154800e+16
3.275273377287154800e+16
3.275273377287154800e+16
3.275273377287154800e+16
3.275273377287154800e+16
3.275273377287154800e+16
3.275273377287154800e+16
3.275273377287154800e+16
3.275273377287154800e+16
3.275273377287154800e+16
3.275273377287154800e+16
3.275273377287154800e+16
3.275273377287154800e+16
3.275273377287154800e+16
3.275273377287154800e+16
3.275273377287154800e+16
3.275273377287154800e+16
3.275273377287154800e+16
3.275273377287154800e+16
3.275273377287154800e+16
3.275273377287154800e+16
3.275273377287154800e+16
3.275273377287154800e+16
3.275273377287154800e+16
3.275273377287154800e+16
3.275273377287154800e+16
3.275273377287154800e+16
3.275273377287154800e+16
3.275273377287154800e+16
3.275273377287154800e+16
3.275273377287154800e+16
3.275273377287154800e+16
3.275273377287154800e+16
3.275273377287154800e+16
3.275273377287154800e+16
3.275273377287154800e+16
3.275273377287154800e+16
3.275273377287154800e+16
3.275273377287154800e+16
3.275273377287154800e+16
3.275273377287154800e+16
3.275273377287154800e+16
3.275273377287154800e+16
3.275273377287154800e+16
3.275273377287154800e+16
3.275273377287154800e+16
3.275273377287154800e+16
3.275273377287154800e+16
3.275273377287154800e+16
3.275273377287154800e+16
3.275273377287154800e+16
3.275273377287154800e+16
3.275273377287154800e+16
3.275273377287154800e+16
3.275273377287154800e+16
3.275273377287154800e+16
3.275273377287154800e+16
3.275273377287154800e+16
3.275273377287154800e+16
3.275273377287154800e+16
3.275273377287154800e+16
3.275273377287154800e+16
3.275273377287154800e+16
3.275273377287154800e+16
3.275273377287154800e+16
3.275273377287154800e+16
3.275273377287154800e+16
3.275273377287154800e+16
3.275273377287154800e+16
3.275273377287154800e+16
3.275273377287154800e+16
3.275273377287154800e+16
3.275273377287154800e+16
3.275273377287154800e+16
3.275273377287154800e+16
3.275273377287154800e+16
3.275273377287154800e+16
3.275273377287154800e+16
3.275273377287154800e+16
3.275273377287154800e+16
3.275273377287154800e+16
3.275273377287154800e+16
3.275273377287154800e+16
3.275273377287154800e+16
3.275273377287154800e+16
3.275273377287154800e+16
3.275273377287154800e+16
3.275273377287154800e+16
3.275273377287154800e+16
3.275273377287154800e+16
3.275273377287154800e+16
3.275273377287154800e+16
3.275273377287154800e+16
3.275273377287154800e+16
3.275273377287154800e+16
3.275273377287154800e+16
3.275273377287154800e+16
3.275273377287154800e+16
3.275273377287154800e+16
3.275273377287154800e+16
3.275273377287154800e+16
3.275273377287154800e+16
3.275273377287154800e+16
3.275273377287154800e+16
3.275273377287154800e+16
3.275273377287154800e+16
3.275273377287154800e+16
3.275273377287154800e+16
3.275273377287154800e+16
3.275273377287154800e+16
3.275273377287154800e+16
3.275273377287154800e+16
3.275273377287154800e+16
3.275273377287154800e+16
3.275273377287154800e+16
3.275273377287154800e+16
3.275273377287154800e+16
3.275273377287154800e+16
3.275273377287154000e+16
3.275273377287150000e+16
3.275273377287132800e+16
3.275273377287077200e+16
3.275273377286976000e+16
3.275273377286928000e+16
3.275273377286926400e+16
3.275273377286926400e+16
3.275273377286926400e+16
3.275273377286926400e+16
3.275273377286926400e+16
3.275273377286926400e+16
3.275273377286926400e+16
3.275273377286926400e+16
3.275273377286926400e+16
3.275273377286926400e+16
3.275273377286926400e+16
3.275273377286926400e+16
3.275273377286926400e+16
3.275273377286926400e+16
3.275273377286926400e+16
3.275273377286926400e+16
3.275273377286926400e+16
3.275273377286926400e+16
3.275273377286926400e+16
3.275273377286926400e+16
3.275273377286926400e+16
3.275273377286925200e+16
3.275273377286912000e+16
3.275273377286812800e+16
3.275273377286154400e+16
3.275273377282632400e+16
3.275273377267159600e+16
3.275273377216033600e+16
3.275273377123262800e+16
3.275273377078904000e+16
3.275273377077527600e+16
3.275273377077527600e+16
3.275273377077527600e+16
3.275273377077527600e+16
3.275273377077527600e+16
3.275273377077527600e+16
3.275273377077527600e+16
3.275273377077527600e+16
3.275273377077527600e+16
3.275273377077527600e+16
3.275273377077527600e+16
3.275273377077527600e+16
3.275273377077527600e+16
3.275273377077527600e+16
3.275273377077527600e+16
3.275273377077527600e+16
3.275273377077527600e+16
3.275273377077527600e+16
3.275273377077526800e+16
3.275273377077520400e+16
3.275273377077440400e+16
3.275273377076534400e+16
3.275273377068412400e+16
3.275273377007057200e+16
3.275273376601082800e+16
3.275273374429064400e+16
3.275273364886851600e+16
3.275273333357084000e+16
3.275273276144079200e+16
3.275273248787388400e+16
3.275273247938669600e+16
3.275273247938488400e+16
3.275273247938488400e+16
3.275273247938488400e+16
3.275273247938488400e+16
3.275273247938488400e+16
3.275273247938488400e+16
3.275273247938488400e+16
3.275273247938488400e+16
3.275273247938488400e+16
3.275273247938488400e+16
3.275273247938488400e+16
3.275273247938488400e+16
3.275273247938488400e+16
3.275273247938488400e+16
3.275273247938487600e+16
3.275273247938478400e+16
3.275273247938300000e+16
3.275273247935624400e+16
3.275273247902280800e+16
3.275273247524397200e+16
3.275273244136539600e+16
3.275273218544369600e+16
3.275273049207482000e+16
3.275272143232361200e+16
3.275268163066622000e+16
3.275255011710010400e+16
3.275231147907283600e+16
3.275219737430739600e+16
3.275219383431208400e+16
3.275219383355553200e+16
3.275219383355553200e+16
3.275219383355553200e+16
3.275219383355553200e+16
3.275219383355553200e+16
3.275219383355553200e+16
3.275219383355553200e+16
3.275219383355553200e+16
3.275219383355553200e+16
3.275219383355553200e+16
3.275219383355553200e+16
3.275219383355553200e+16
3.275219383355553200e+16
3.275219383355548000e+16
3.275219383355421600e+16
3.275219383352844800e+16
3.275219383302140400e+16
3.275219382543017200e+16
3.275219373083170800e+16
3.275219265874334400e+16
3.275218304709708000e+16
3.275211044007060800e+16
3.275163002591252800e+16
3.274905998410303600e+16
3.273777393467782800e+16
3.270053736487080800e+16
3.263318482358388800e+16
3.260107781342896800e+16
3.260008272982360000e+16
3.260008251716496800e+16
3.260008251716496800e+16
3.260008251716496800e+16
3.260008251716496800e+16
3.260008251716496800e+16
3.260008251716496800e+16
3.260008251716496800e+16
3.260008251716496800e+16
3.260008251716496800e+16
3.260008251716496800e+16
3.260008251716496000e+16
3.260008251716468800e+16
3.260008251715505200e+16
3.260008251691280000e+16
3.260008251195931200e+16
3.260008241448316000e+16
3.260008095511411200e+16
3.260006276913946000e+16
3.259985666813269200e+16
3.259800901649928800e+16
3.258405845981805600e+16
3.249205120537580800e+16
3.200849496653854000e+16
3.004416036529936800e+16
2.497896383651942800e+16
1.912745957079359200e+16
1.720077774526019800e+16
1.714719238035855400e+16
1.714718096400166000e+16
1.714718096400164200e+16
1.714718096400164200e+16
1.714718096400164200e+16
1.714718096400164200e+16
1.714718096400164200e+16
1.714718096400164200e+16
1.714718096400164200e+16
1.714718096400164200e+16
1.714718096400163600e+16
1.714718096400132800e+16
1.714718096399113000e+16
1.714718096363556400e+16
1.714718095469398000e+16
1.714718077186087200e+16
1.714717717401736800e+16
1.714712330890222400e+16
1.714645209500460400e+16
1.713884887008297400e+16
1.707098330912701800e+16
1.657518156474765400e+16
1.390332743848749000e+16
7.465190692923195000e+15
2.460222335332801500e+15
7.651615979410426250e+14
3.400392388752768750e+14
2.686651046348426875e+14
2.669268852028475312e+14
2.669265161217916250e+14
2.669265161217910000e+14
2.669265161217910000e+14
2.669265161217910000e+14
2.669265161217910000e+14
2.669265161217910000e+14
2.669265161217910000e+14
2.669265161217910000e+14
2.669265161217908125e+14
2.669265161217839688e+14
2.669265161215561250e+14
2.669265161136123750e+14
2.669265159138478438e+14
2.669265118291610312e+14
2.669264314495041875e+14
2.669252280472010625e+14
2.669102327114511875e+14
2.667404076024224062e+14
2.652274647987155312e+14
2.543302940742759062e+14
1.999677570859392188e+14
9.328682784721635938e+13
2.789881654891615625e+13
8.413246901905169922e+12
3.710585200763518555e+12
2.928016558600819336e+12
2.908982926534584473e+12
2.908978885194412109e+12
2.908978885194405762e+12
2.908978885194405762e+12
2.908978885194405762e+12
2.908978885194405762e+12
2.908978885194405762e+12
2.908978885194405762e+12
2.908978885194405762e+12
2.908978885194404297e+12
2.908978885194352051e+12
2.908978885192619629e+12
2.908978885132215332e+12
2.908978883613187012e+12
2.908978852552859375e+12
2.908978241338622559e+12
2.908969090544523926e+12
2.908855062387421387e+12
2.907563400895754883e+12
2.896034241067470215e+12
2.811810133085660156e+12
2.358046599796632324e+12
1.265458658996949707e+12
4.168745239451204224e+11
1.296356810398993683e+11
5.760835504778364563e+10
4.551611556932353973e+10
4.522162735679438782e+10
4.522156482728681946e+10
4.522156482728672028e+10
4.522156482728672028e+10
4.522156482728672028e+10
4.522156482728672028e+10
4.522156482728672028e+10
4.522156482728672028e+10
4.522156482728672028e+10
4.522156482728670502e+10
4.522156482728614807e+10
4.522156482726744080e+10
4.522156482661531067e+10
4.522156481021585846e+10
4.522156447488794708e+10
4.522155787620651245e+10
4.522145908394454193e+10
4.522022801643423462e+10
4.520628095870160675e+10
4.508162393876028442e+10
4.416171289525937653e+10
3.890839079505760956e+10
2.377633630369503403e+10
8.778093716799953461e+09
2.846026572008207798e+09
1.278393523004905939e+09
1.011887756260165691e+09
1.005385335630854607e+09
1.005383954892572045e+09
1.005383954892569780e+09
1.005383954892569780e+09
1.005383954892569780e+09
1.005383954892569780e+09
1.005383954892569780e+09
1.005383954892569780e+09
1.005383954892569542e+09
1.005383954892560840e+09
1.005383954892271280e+09
1.005383954882177591e+09
1.005383954628343225e+09
1.005383949438063979e+09
1.005383847302213550e+09
1.005382318172651529e+09
1.005363263253738403e+09
1.005147363513528228e+09
1.003215880717714548e+09
9.888616929933462143e+08
9.033393425357022285e+08
6.175792344099551439e+08
2.584285492594923973e+08
8.845543845322455466e+07
4.032660179952122271e+07
3.200103728921358287e+07
3.179737352046482265e+07
3.179733027136470377e+07
3.179733027136463672e+07
3.179733027136463672e+07
3.179733027136463672e+07
3.179733027136463672e+07
3.179733027136463672e+07
3.179733027136463672e+07
3.179733027136463299e+07
3.179733027136443928e+07
3.179733027135805413e+07
3.179733027113544941e+07
3.179733026553742588e+07
3.179733015107182786e+07
3.179732789858388528e+07
3.179729417538502067e+07
3.179687393839656189e+07
3.179211215087738633e+07
3.174948467613433674e+07
3.143112931238395348e+07
2.947552274718176946e+07
2.211417816828952730e+07
1.054467939595153183e+07
3.864383903007122688e+06
1.797745472200082615e+06
1.431652989685824374e+06
1.422664935148613527e+06
1.422663026321141282e+06
1.422663026321138255e+06
1.422663026321138255e+06
1.422663026321138255e+06
1.422663026321138255e+06
1.422663026321138255e+06
1.422663026321138022e+06
1.422663026321132202e+06
1.422663026320932899e+06
1.422663026313985465e+06
1.422663026139281457e+06
1.422663022567020031e+06
1.422662952271001879e+06
1.422661899831447983e+06
1.422648784944560612e+06
1.422500170269827591e+06
1.421169173154159216e+06
1.411194615155466134e+06
1.348567135719255777e+06
1.089809365552037721e+06
5.913367954762289301e+05
2.354665693344457832e+05
1.125546234397832595e+05
9.007297488915780559e+04
8.951825100213305268e+04
8.951813317913339415e+04
8.951813317913320498e+04
8.951813317913320498e+04
8.951813317913320498e+04
8.951813317913320498e+04
8.951813317913320498e+04
8.951813317913320498e+04
8.951813317913295759e+04
8.951813317912422644e+04
8.951813317881975672e+04
8.951813317116301914e+04
8.951813301460172806e+04
8.951812993374234065e+04
8.951808380852584378e+04
8.951750902128693997e+04
8.951099544885198702e+04
8.945264129650926043e+04
8.901427515809146280e+04
8.621858397523433086e+04
7.381520021818303212e+04
4.522958952809822949e+04
1.984104297020108424e+04
9.829276066118498420e+03
7.918683701276609099e+03
7.871217021360141189e+03
7.871206937800121523e+03
7.871206937800105152e+03
7.871206937800105152e+03
7.871206937800105152e+03
7.871206937800105152e+03
7.871206937800105152e+03
7.871206937800087871e+03
7.871206937799555817e+03
7.871206937780979388e+03
7.871206937313840172e+03
7.871206927762008490e+03
7.871206739798217313e+03
7.871203925689887001e+03
7.871168857735419806e+03
7.870771452950895764e+03
7.867210371039092934e+03
7.840413407437935348e+03
7.667603378553540097e+03
6.858799992808293609e+03
4.686849704576466138e+03
2.290355702437815580e+03
1.188047382555865170e+03
9.657918852671073182e+02
9.602188799833628536e+02
9.602176958181308919e+02
9.602176958181289592e+02
9.602176958181289592e+02
9.602176958181289592e+02
9.602176958181289592e+02
9.602176958181289592e+02
9.602176958181289592e+02
9.602176958181275950e+02
9.602176958180828024e+02
9.602176958165215410e+02
9.602176957772617243e+02
9.602176949744965668e+02
9.602176791774454614e+02
9.602174426711573005e+02
9.602144954483828769e+02
9.601810957115596921e+02
9.598817590826141668e+02
9.576265601507664087e+02
9.429674270071666342e+02
8.715857010010065551e+02
6.540664271451250897e+02
3.584651683904383503e+02
1.969497760067119998e+02
1.620392767073942650e+02
1.611530606976974695e+02
1.611528723353719386e+02
1.611528723353716543e+02
1.611528723353716543e+02
1.611528723353716543e+02
1.611528723353716543e+02
1.611528723353716543e+02
1.611528723353716543e+02
1.611528723353714838e+02
1.611528723353663679e+02
1.611528723351879933e+02
1.611528723307019391e+02
1.611528722389732593e+02
1.611528704339093565e+02
1.611528434093083320e+02
1.611525066419249015e+02
1.611486901411964254e+02
1.611144819428677124e+02
1.608565387311037966e+02
1.591703884474698611e+02
1.507178511499559193e+02
1.222071994424663615e+02
7.520215911262603470e+01
4.429008458676863569e+01
3.701491098421131198e+01
3.682723597749303224e+01
3.682719607177933341e+01
3.682719607177926946e+01
3.682719607177926946e+01
3.682719607177926946e+01
3.682719607177926946e+01
3.682719607177926946e+01
3.682719607177924814e+01
3.682719607177846655e+01
3.682719607175121723e+01
3.682719607106600535e+01
3.682719605705526789e+01
3.682719578134773997e+01
3.682719165357912772e+01
3.682714021530345150e+01
3.682655727317769845e+01
3.682133181621140494e+01
3.678190612207045262e+01
3.652314885902067232e+01
3.519836317322330643e+01
3.036032430375195190e+01
2.087811046473359156e+01
1.332590212537213503e+01
1.136089501067403518e+01
1.130915836621537807e+01
1.130914735963848372e+01
1.130914735963846596e+01
1.130914735963846596e+01
1.130914735963846596e+01
1.130914735963846596e+01
1.130914735963846596e+01
1.130914735963846063e+01
1.130914735963830431e+01
1.130914735963286866e+01
1.130914735949613181e+01
1.130914735670021543e+01
1.130914730168132287e+01
1.130914647796327266e+01
1.130913621317798068e+01
1.130901988323158669e+01
1.130797705123183761e+01
1.130010561745014641e+01
1.124829721616119471e+01
1.097899185876831218e+01
9.934097985954339904e+00
7.557484099322497428e+00
5.269791644960031718e+00
4.603482593930092293e+00
4.585495169907172652e+00
4.585491340733693022e+00
4.585491340733685917e+00
4.585491340733685917e+00
4.585491340733685917e+00
4.585491340733685917e+00
4.585491340733685917e+00
4.585491340733685028e+00
4.585491340733645949e+00
4.585491340732272825e+00
4.585491340697736895e+00
4.585491339991571103e+00
4.585491326095418430e+00
4.585491118048479642e+00
4.585488525464836762e+00
4.585459143808940041e+00
4.585195743745314800e+00
4.583206974114975907e+00
4.570091139258931179e+00
4.501175583034218164e+00
4.221505931192842453e+00
3.502449550234279840e+00
2.675506567372380573e+00
2.404097381099504549e+00
2.396555036122452353e+00
2.396553429262043178e+00
2.396553429262040513e+00
2.396553429262040513e+00
2.396553429262040513e+00
2.396553429262040513e+00
2.396553429262040513e+00
2.396553429262028079e+00
2.396553429261608414e+00
2.396553429251051970e+00
2.396553429035203742e+00
2.396553424787674302e+00
2.396553361195577381e+00
2.396552568740410116e+00
2.396543587848892543e+00
2.396463074003368998e+00
2.395855040181459117e+00
2.391839596610050744e+00
2.370583035612775724e+00
2.281505537126152561e+00
2.029518849178688633e+00
1.690681109816190242e+00
1.565691559274628997e+00
1.562108749625714221e+00
1.562107985675116550e+00
1.562107985675114996e+00
1.562107985675114996e+00
1.562107985675114996e+00
1.562107985675114996e+00
1.562107985675114996e+00
1.562107985675110999e+00
1.562107985674965338e+00
1.562107985671297827e+00
1.562107985596308479e+00
1.562107984120644222e+00
1.562107962027663000e+00
1.562107686715148658e+00
1.562104566593484067e+00
1.562076594161765808e+00
1.561865320351683906e+00
1.560468814007932359e+00
1.553039534736113669e+00
1.521221770765726289e+00
1.424771379086206213e+00
1.277764916527478478e+00
1.217689523063560486e+00
1.215915947554832233e+00
1.215915569065859625e+00
1.215915569065858959e+00
1.215915569065858959e+00
1.215915569065858959e+00
1.215915569065858959e+00
1.215915569065858959e+00
1.215915569065857404e+00
1.215915569065804558e+00
1.215915569064472512e+00
1.215915569037238964e+00
1.215915568501327426e+00
1.215915560477898394e+00
1.215915460493625311e+00
1.215914327368752268e+00
1.215904168599932111e+00
1.215827433864148377e+00
1.215319943548268222e+00
1.212611981847927511e+00
1.200856818870567277e+00
1.163585333008838596e+00
1.101546676160925387e+00
1.074162299258721420e+00
1.073334480041075789e+00
1.073334303259375844e+00
1.073334303259375622e+00
1.073334303259375622e+00
1.073334303259375622e+00
1.073334303259375622e+00
1.073334303259375178e+00
1.073334303259356970e+00
1.073334303258899558e+00
1.073334303249547261e+00
1.073334303065508699e+00
1.073334300310166745e+00
1.073334265974364765e+00
1.073333876845413037e+00
1.073330388180054218e+00
1.073304035232350628e+00
1.073129697068303301e+00
1.072197925380176331e+00
1.068123519328427973e+00
1.054878172929510693e+00
1.031663952557664743e+00
1.020921267166985613e+00
1.020591561024525085e+00
1.020591490583863337e+00
1.020591490583863115e+00
1.020591490583863115e+00
1.020591490583863115e+00
1.020591490583863115e+00
1.020591490583863115e+00
1.020591490583857786e+00
1.020591490583723449e+00
1.020591490580975425e+00
1.020591490526899792e+00
1.020591489717303846e+00
1.020591479628494058e+00
1.020591365291596553e+00
1.020590340222227610e+00
1.020582596825921895e+00
1.020531363698227389e+00
1.020257346839236412e+00
1.019055264552287676e+00
1.015103360414896239e+00
1.008010073276819130e+00
1.004653297760109254e+00
1.004549514038822533e+00
1.004549491860889932e+00
1.004549491860889932e+00
1.004549491860889932e+00
1.004549491860889932e+00
1.004549491860889932e+00
1.004549491860889932e+00
1.004549491860888599e+00
1.004549491860857291e+00
1.004549491860217580e+00
1.004549491847626985e+00
1.004549491659127103e+00
1.004549489310130328e+00
1.004549462688850481e+00
1.004549224019773979e+00
1.004547421096552595e+00
1.004535491774168676e+00
1.004471673086727135e+00
1.004191397924693696e+00
1.003266412561771403e+00
1.001592305042260156e+00
1.000793794806404513e+00
1.000769042034791889e+00
1.000769036744863616e+00
1.000769036744863616e+00
1.000769036744863616e+00
1.000769036744863616e+00
1.000769036744863616e+00
1.000769036744863394e+00
1.000769036744857843e+00
1.000769036744744600e+00
1.000769036742517493e+00
1.000769036709175941e+00
1.000769036293687853e+00
1.000769031584942237e+00
1.000768989369383855e+00
1.000768670469513566e+00
1.000766560395114135e+00
1.000755271360739496e+00
1.000705678871504967e+00
1.000541848299284053e+00
1.000244703011081260e+00
1.000102683833777428e+00
1.000098278448702249e+00
1.000098277507205813e+00
1.000098277507205813e+00
1.000098277507205813e+00
1.000098277507205813e+00
1.000098277507205813e+00
1.000098277507205813e+00
1.000098277507204925e+00
1.000098277507190048e+00
1.000098277506895394e+00
1.000098277502482924e+00
1.000098277447498019e+00
1.000098276824351373e+00
1.000098271237623848e+00
1.000098229035002451e+00
1.000097949791054930e+00
1.000096455800538964e+00
1.000089892385393808e+00
1.000068205894914408e+00
1.000028856616370421e+00
1.000010042651671371e+00
1.000009458974960630e+00
1.000009458850219746e+00
1.000009458850219746e+00
1.000009458850219746e+00
1.000009458850219746e+00
1.000009458850219746e+00
1.000009458850219746e+00
1.000009458850218191e+00
1.000009458850189104e+00
1.000009458849753230e+00
1.000009458844322241e+00
1.000009458782771476e+00
1.000009458230949111e+00
1.000009454062435355e+00
1.000009426480437558e+00
1.000009278913018163e+00
1.000008630613542060e+00
1.000006488482041878e+00
1.000002601455435736e+00
1.000000742864444625e+00
1.000000685203273232e+00
1.000000685190950200e+00
1.000000685190950200e+00
1.000000685190950200e+00
1.000000685190950200e+00
1.000000685190950200e+00
1.000000685190950200e+00
1.000000685190949978e+00
1.000000685190947980e+00
1.000000685190915783e+00
1.000000685190514771e+00
1.000000685185970184e+00
1.000000685145225887e+00
1.000000684837440534e+00
1.000000682800902041e+00
1.000000671905144189e+00
1.000000624037400643e+00
1.000000465870889421e+00
1.000000178866627509e+00
1.000000041634128589e+00
1.000000037376601814e+00
1.000000037375691875e+00
1.000000037375691875e+00
1.000000037375691875e+00
1.000000037375691875e+00
1.000000037375691875e+00
1.000000037375691875e+00
1.000000037375691875e+00
1.000000037375690098e+00
1.000000037375667894e+00
1.000000037375416317e+00
1.000000037373162343e+00
1.000000037356134852e+00
1.000000037243468087e+00
1.000000036640686041e+00
1.000000033992516135e+00
1.000000025242325119e+00
1.000000009364481635e+00
1.000000001772409775e+00
1.000000001536871741e+00
1.000000001536821559e+00
1.000000001536821559e+00
1.000000001536821559e+00
1.000000001536821559e+00
1.000000001536821559e+00
1.000000001536821559e+00
1.000000001536821559e+00
1.000000001536821337e+00
1.000000001536820449e+00
1.000000001536810013e+00
1.000000001536716310e+00
1.000000001536008876e+00
1.000000001531327509e+00
1.000000001506281544e+00
1.000000001396248894e+00
1.000000001032673946e+00
1.000000000372941455e+00
1.000000000057487126e+00
1.000000000047700288e+00
1.000000000047698290e+00
1.000000000047698290e+00
1.000000000047698290e+00
1.000000000047698290e+00
1.000000000047698290e+00
1.000000000047698290e+00
1.000000000047698290e+00
1.000000000047698290e+00
1.000000000047698290e+00
1.000000000047697846e+00
1.000000000047694959e+00
1.000000000047672977e+00
1.000000000047526427e+00
1.000000000046743054e+00
1.000000000043301140e+00
1.000000000031928682e+00
1.000000000011292300e+00
1.000000000001424860e+00
1.000000000001118883e+00
1.000000000001118661e+00
1.000000000001118661e+00
1.000000000001118661e+00
1.000000000001118661e+00
1.000000000001118661e+00
1.000000000001118661e+00
1.000000000001118661e+00
1.000000000001118661e+00
1.000000000001118661e+00
1.000000000001118661e+00
1.000000000001117995e+00
1.000000000001114664e+00
1.000000000001096012e+00
1.000000000001014744e+00
1.000000000000746292e+00
1.000000000000259348e+00
1.000000000000026423e+00
1.000000000000019096e+00
1.000000000000019096e+00
1.000000000000019096e+00
1.000000000000019096e+00
1.000000000000019096e+00
1.000000000000019096e+00
1.000000000000019096e+00
1.000000000000019096e+00
1.000000000000019096e+00
1.000000000000019096e+00
1.000000000000019096e+00
1.000000000000019096e+00
1.000000000000019096e+00
1.000000000000018652e+00
1.000000000000017319e+00
1.000000000000012434e+00
1.000000000000003775e+00
9.999999999999995559e-01
9.999999999999993339e-01
9.999999999999993339e-01
9.999999999999993339e-01
9.999999999999993339e-01
9.999999999999993339e-01
9.999999999999993339e-01
9.999999999999993339e-01
9.999999999999993339e-01
9.999999999999993339e-01
9.999999999999993339e-01
9.999999999999993339e-01
9.999999999999993339e-01
9.999999999999993339e-01
9.999999999999993339e-01
9.999999999999993339e-01
9.999999999999993339e-01
9.999999999999991118e-01
9.999999999999991118e-01
9.999999999999991118e-01
9.999999999999991118e-01
9.999999999999991118e-01
9.999999999999991118e-01
9.999999999999991118e-01
9.999999999999991118e-01
9.999999999999991118e-01
9.999999999999991118e-01
9.999999999999991118e-01
9.999999999999991118e-01
9.999999999999991118e-01
9.999999999999991118e-01
9.999999999999991118e-01
9.999999999999991118e-01
9.999999999999991118e-01
9.999999999999991118e-01
9.999999999999991118e-01
9.999999999999991118e-01
9.999999999999991118e-01
9.999999999999991118e-01
9.999999999999991118e-01
9.999999999999991118e-01
9.999999999999991118e-01
9.999999999999991118e-01
9.999999999999991118e-01
9.999999999999991118e-01
9.999999999999991118e-01
9.999999999999991118e-01
9.999999999999991118e-01
9.999999999999991118e-01
9.999999999999991118e-01
9.999999999999991118e-01
9.999999999999991118e-01
9.999999999999991118e-01
9.999999999999991118e-01
9.999999999999991118e-01
9.999999999999991118e-01
9.999999999999991118e-01
9.999999999999991118e-01
9.999999999999991118e-01
9.999999999999991118e-01
9.999999999999991118e-01
9.999999999999991118e-01
9.999999999999991118e-01
9.999999999999991118e-01
9.999999999999991118e-01
9.999999999999991118e-01
9.999999999999991118e-01
9.999999999999991118e-01
9.999999999999991118e-01
9.999999999999991118e-01
9.999999999999991118e-01
9.999999999999991118e-01
9.999999999999991118e-01
9.999999999999991118e-01
9.999999999999991118e-01
9.999999999999991118e-01
9.999999999999991118e-01
9.999999999999991118e-01
9.999999999999991118e-01
9.999999999999991118e-01
9.999999999999991118e-01
9.999999999999991118e-01
9.999999999999991118e-01
9.999999999999991118e-01
9.999999999999991118e-01
9.999999999999991118e-01
9.999999999999991118e-01
9.999999999999991118e-01
9.999999999999991118e-01
9.999999999999991118e-01
9.999999999999991118e-01
9.999999999999991118e-01
9.999999999999991118e-01
9.999999999999991118e-01
9.999999999999991118e-01
9.999999999999991118e-01
9.999999999999991118e-01
9.999999999999991118e-01
9.999999999999991118e-01
9.999999999999991118e-01
9.999999999999991118e-01
9.999999999999991118e-01
9.999999999999991118e-01
9.999999999999991118e-01
9.999999999999991118e-01
9.999999999999991118e-01
9.999999999999991118e-01
9.999999999999991118e-01
9.999999999999991118e-01
9.999999999999991118e-01
9.999999999999991118e-01
9.999999999999991118e-01
9.999999999999991118e-01
9.999999999999991118e-01
9.999999999999991118e-01
9.999999999999991118e-01
9.999999999999991118e-01
9.999999999999991118e-01
9.999999999999991118e-01
9.999999999999991118e-01
9.999999999999991118e-01
9.999999999999991118e-01
9.999999999999991118e-01
9.999999999999991118e-01
9.999999999999991118e-01
9.999999999999991118e-01
9.999999999999991118e-01
9.999999999999991118e-01
9.999999999999991118e-01
9.999999999999991118e-01
9.999999999999991118e-01
9.999999999999991118e-01
9.999999999999991118e-01
9.999999999999991118e-01
9.999999999999991118e-01
9.999999999999991118e-01
9.999999999999991118e-01
9.999999999999991118e-01
9.999999999999991118e-01
9.999999999999991118e-01
9.999999999999991118e-01
9.999999999999991118e-01
9.999999999999991118e-01
9.999999999999991118e-01
9.999999999999991118e-01
9.999999999999991118e-01
9.999999999999991118e-01
9.999999999999991118e-01
9.999999999999991118e-01
9.999999999999991118e-01
9.999999999999991118e-01
9.999999999999991118e-01
9.999999999999991118e-01
9.999999999999991118e-01
9.999999999999991118e-01
9.999999999999991118e-01
9.999999999999991118e-01
9.999999999999991118e-01
9.999999999999991118e-01
9.999999999999991118e-01
9.999999999999991118e-01
9.999999999999991118e-01
9.999999999999991118e-01
9.999999999999991118e-01
9.999999999999991118e-01
9.999999999999991118e-01
9.999999999999991118e-01
9.999999999999991118e-01
9.999999999999991118e-01
9.999999999999991118e-01
9.999999999999991118e-01
9.999999999999991118e-01
9.999999999999991118e-01
9.999999999999991118e-01
9.999999999999991118e-01
9.999999999999991118e-01
9.999999999999991118e-01
9.999999999999991118e-01
9.999999999999991118e-01
9.999999999999991118e-01
9.999999999999991118e-01
9.999999999999991118e-01
9.999999999999991118e-01
9.999999999999991118e-01
9.999999999999991118e-01
9.999999999999991118e-01
9.999999999999991118e-01
9.999999999999991118e-01
9.999999999999991118e-01
9.999999999999991118e-01
9.999999999999991118e-01
9.999999999999991118e-01
9.999999999999991118e-01
9.999999999999991118e-01
9.999999999999991118e-01
9.999999999999991118e-01
9.999999999999991118e-01
9.999999999999991118e-01
9.999999999999991118e-01
9.999999999999991118e-01
9.999999999999991118e-01
9.999999999999991118e-01
9.999999999999991118e-01
9.999999999999991118e-01
9.999999999999991118e-01
9.999999999999991118e-01
9.999999999999991118e-01
9.999999999999991118e-01
9.999999999999991118e-01
9.999999999999991118e-01
9.999999999999991118e-01
9.999999999999991118e-01
9.999999999999991118e-01
9.999999999999991118e-01
9.999999999999991118e-01
9.999999999999991118e-01
9.999999999999991118e-01
9.999999999999991118e-01
9.999999999999991118e-01
9.999999999999991118e-01
9.999999999999991118e-01
9.999999999999991118e-01
9.999999999999991118e-01
9.999999999999991118e-01
9.999999999999991118e-01
9.999999999999991118e-01
9.999999999999991118e-01
9.999999999999991118e-01
9.999999999999991118e-01
9.999999999999991118e-01
9.999999999999991118e-01
9.999999999999991118e-01
9.999999999999991118e-01
9.999999999999991118e-01
9.999999999999991118e-01
9.999999999999991118e-01
9.999999999999991118e-01
9.999999999999991118e-01
9.999999999999991118e-01
9.999999999999991118e-01
9.999999999999991118e-01
9.999999999999991118e-01
9.999999999999991118e-01
9.999999999999991118e-01
9.999999999999991118e-01
9.999999999999991118e-01
9.999999999999991118e-01
9.999999999999991118e-01
9.999999999999991118e-01
9.999999999999991118e-01
9.999999999999991118e-01
9.999999999999991118e-01
9.999999999999991118e-01
9.999999999999991118e-01
9.999999999999991118e-01
9.999999999999991118e-01
9.999999999999991118e-01
9.999999999999991118e-01
9.999999999999991118e-01
9.999999999999991118e-01
9.999999999999991118e-01
9.999999999999991118e-01
9.999999999999991118e-01
9.999999999999991118e-01
9.999999999999991118e-01
9.999999999999991118e-01
9.999999999999991118e-01
9.999999999999991118e-01
9.999999999999991118e-01
9.999999999999991118e-01
9.999999999999991118e-01
9.999999999999991118e-01
9.999999999999991118e-01
9.999999999999991118e-01
9.999999999999991118e-01
9.999999999999991118e-01
9.999999999999991118e-01
9.999999999999991118e-01
9.999999999999991118e-01
9.999999999999991118e-01
9.999999999999991118e-01
9.999999999999991118e-01
9.999999999999991118e-01
9.999999999999991118e-01
9.999999999999991118e-01
9.999999999999991118e-01
9.999999999999991118e-01
9.999999999999991118e-01
9.999999999999991118e-01
9.999999999999991118e-01
9.999999999999991118e-01
9.999999999999991118e-01
9.999999999999991118e-01
9.999999999999991118e-01
9.999999999999991118e-01
9.999999999999991118e-01
9.999999999999991118e-01
9.999999999999991118e-01
9.999999999999991118e-01
9.999999999999991118e-01
9.999999999999991118e-01
9.999999999999991118e-01
9.999999999999991118e-01
9.999999999999991118e-01
9.999999999999991118e-01
9.999999999999991118e-01
9.999999999999991118e-01
9.999999999999991118e-01
9.999999999999991118e-01
9.999999999999991118e-01
9.999999999999991118e-01
9.999999999999991118e-01
9.999999999999991118e-01
9.999999999999991118e-01
9.999999999999991118e-01
9.999999999999991118e-01
9.999999999999991118e-01
9.999999999999991118e-01
9.999999999999991118e-01
9.999999999999991118e-01
9.999999999999991118e-01
9.999999999999991118e-01
9.999999999999991118e-01
9.999999999999991118e-01
9.999999999999991118e-01
9.999999999999991118e-01
9.999999999999991118e-01
9.999999999999991118e-01
9.999999999999991118e-01
9.999999999999991118e-01
9.999999999999991118e-01
9.999999999999991118e-01
9.999999999999991118e-01
9.999999999999991118e-01
9.999999999999991118e-01
9.999999999999991118e-01
9.999999999999991118e-01
9.999999999999991118e-01
9.999999999999991118e-01
9.999999999999991118e-01
9.999999999999991118e-01
