2.532004664390843622e+73
2.125157650271486154e+71
2.125157650271482966e+71
2.454993694122875072e+53
2.454993694122875072e+53
2.454993694122875072e+53
2.151013956911439077e+50
2.151013956911439077e+50
2.151013956911439077e+50
2.150996041675142683e+50
2.150996041675142683e+50
2.150996041673135133e+50
2.150996040617272428e+50
2.150988145299292709e+50
2.150988145299292709e+50
2.150988145299292709e+50
2.150988145299292709e+50
2.150988145189000016e+50
2.150988145189000016e+50
2.150988145189000016e+50
2.150988145189000016e+50
2.150988145189000016e+50
2.150988145189000016e+50
1.711613876282718693e+50
1.711613876282718693e+50
1.711613876282718693e+50
1.711613876282718693e+50
1.711613876282718693e+50
1.711613876282718693e+50
1.711554537090741614e+50
1.711554537090741614e+50
1.711554537090741614e+50
1.711554537090741614e+50
1.437000710102945782e+50
1.437000710102945782e+50
1.437000710089068434e+50
1.437000710089068434e+50
1.437000710089068434e+50
1.437000710089068434e+50
1.437000710089068434e+50
1.437000710089068434e+50
1.437000710089068434e+50
1.437000710089068434e+50
1.437000710089068434e+50
1.437000710088959396e+50
1.437000710088959396e+50
1.437000653964804769e+50
1.437000650859864624e+50
1.437000650859864624e+50
1.437000650859864624e+50
1.437000650859864624e+50
1.437000649431947057e+50
1.437000649431947057e+50
1.437000649431947057e+50
1.437000649431947057e+50
1.437000649431947057e+50
1.437000649431947057e+50
1.437000649431947057e+50
1.437000649431947057e+50
1.437000649431947057e+50
1.437000649431947057e+50
1.436463037786366341e+50
1.436463006930297784e+50
1.436463006930294460e+50
1.436463006930294460e+50
1.436463006930294460e+50
1.436463006930294460e+50
1.436463006930291137e+50
1.436463006930291137e+50
1.436463006930291137e+50
1.436463006930291137e+50
1.436463006930291137e+50
1.436463006930291137e+50
1.436463006930291137e+50
1.436463006930291137e+50
1.436463006930291137e+50
1.436463006930291137e+50
1.436463006930291137e+50
1.436463006930291137e+50
1.436463006930291137e+50
1.436463006930291137e+50
1.436463006930291137e+50
1.436463006930291137e+50
1.436463006930291137e+50
1.436463006930291137e+50
1.436463006930291137e+50
1.435457804294792601e+50
1.435457804294792601e+50
1.435457804294792601e+50
1.435457804294792601e+50
1.435457804294792393e+50
1.435457804294792393e+50
1.435457804294715962e+50
1.435457785105578108e+50
1.435457785105578108e+50
1.435457785105578108e+50
1.435457785105578108e+50
1.435457785105578108e+50
1.426074784009284148e+50
1.426074784009284148e+50
1.426074784009284148e+50
1.426074774190388681e+50
1.426074774190388681e+50
9.855787312631470147e+49
9.855787312631470147e+49
9.855787312631470147e+49
9.855787312631470147e+49
9.855787312611390496e+49
9.855787312551656236e+49
9.855787312551656236e+49
9.855787311844565096e+49
9.855787311844565096e+49
9.855787311844565096e+49
9.855787311844565096e+49
9.855787311844525635e+49
9.855787311844509020e+49
9.855787311844509020e+49
9.855787311844504866e+49
9.855787289301578979e+49
9.855787289301578979e+49
9.855787289301578979e+49
9.855787280308865588e+49
9.855787280308865588e+49
9.855787280308863511e+49
9.855787280308863511e+49
9.855787280308863511e+49
9.855787280308863511e+49
9.855787280308863511e+49
9.855787280308863511e+49
9.855787280308863511e+49
9.855787280308863511e+49
9.782063114928732031e+49
9.782063114928457878e+49
9.782063114928457878e+49
9.782057808387192561e+49
9.782057385395378984e+49
9.782057385395378984e+49
9.782057385395378984e+49
9.782057385395378984e+49
9.782057385395378984e+49
9.782057308319678264e+49
9.775779590299793195e+49
9.775779590298580274e+49
9.775779590298578197e+49
9.775779590298578197e+49
9.775779590298578197e+49
9.775779590298578197e+49
9.775779589701518059e+49
9.775779589701518059e+49
9.775779589701518059e+49
9.775779589664010983e+49
9.775779589664010983e+49
9.775779589664010983e+49
9.775779589664010983e+49
9.775779589664010983e+49
9.775779589664010983e+49
9.775510890699762494e+49
9.775510890699762494e+49
9.775510888149345739e+49
9.775509248501070264e+49
9.775509248501070264e+49
9.775509248501070264e+49
9.775509248501070264e+49
9.775509248501070264e+49
9.775509248501070264e+49
9.775509248501070264e+49
9.775509248485545296e+49
9.775509248485545296e+49
9.775509248485545296e+49
9.775509248485545296e+49
9.775509248485545296e+49
9.775509248478791156e+49
9.775509248478791156e+49
9.775509248478791156e+49
9.775509248473746321e+49
9.775509248473746321e+49
9.775509248473746321e+49
9.775509248473746321e+49
9.775509248473746321e+49
9.775509193718905260e+49
9.775509193718905260e+49
9.775509193718905260e+49
9.775509193718905260e+49
9.775509193718905260e+49
9.775473588011869110e+49
9.775473588011869110e+49
9.775473588011869110e+49
9.775473588011842110e+49
9.775473588011842110e+49
9.775473588011842110e+49
9.775473588011842110e+49
9.775473588011842110e+49
9.862931263976985239e+48
9.860367385675663613e+48
9.860367385675663613e+48
9.860367385675663613e+48
9.860367385563735866e+48
9.860367385563735866e+48
9.860367385563735866e+48
9.860367362470118089e+48
9.860367362470118089e+48
9.860366746448244626e+48
9.860366746448244626e+48
9.860366746448244626e+48
9.860366746447677368e+48
9.860366746447677368e+48
9.860366746447677368e+48
9.860366746447677368e+48
9.860366746447677368e+48
9.860366746445776987e+48
9.860366746414048159e+48
9.860366746414048159e+48
9.860366746414048159e+48
9.860366746414044265e+48
9.860366744345254062e+48
9.860366744341744069e+48
9.860366744341744069e+48
9.860366744341744069e+48
9.860366744341744069e+48
9.860366744341744069e+48
9.860366744341744069e+48
9.860366744341744069e+48
9.860366744341742771e+48
9.860366744341742771e+48
9.860366744341742771e+48
9.860366744341742771e+48
9.860366744341698637e+48
9.860366744341698637e+48
9.860366744341698637e+48
9.860366744341698637e+48
9.860366744180120849e+48
9.860366744180120849e+48
9.860366744180120849e+48
9.860366744180120849e+48
9.860366744180120849e+48
9.860366744180120849e+48
9.860366744180120849e+48
9.860366744180120849e+48
9.860366744180120849e+48
9.860366744180120849e+48
9.860366744180120849e+48
9.860366744180120849e+48
9.860366744180120849e+48
9.858403108211370311e+48
9.858403108211370311e+48
9.858403108211370311e+48
9.858403108211370311e+48
9.858393764830076800e+48
9.858393764830076800e+48
9.858393764801292004e+48
9.858393764801292004e+48
9.858393764801292004e+48
9.858393764801292004e+48
9.858393764801292004e+48
9.858393764801292004e+48
9.858393764801292004e+48
9.858393764801292004e+48
9.858393764801292004e+48
9.858393764801292004e+48
9.858393764801292004e+48
9.858393764801292004e+48
9.858393764801292004e+48
9.858393764801292004e+48
9.858393764801292004e+48
9.858393764801292004e+48
9.858393764801292004e+48
9.858393764801292004e+48
9.858393764801292004e+48
9.858393764801292004e+48
9.858393764801292004e+48
9.858393764801292004e+48
9.858393764801292004e+48
9.858393764801292004e+48
9.858393764778978108e+48
9.858393764778978108e+48
9.858393764778978108e+48
9.858391654320375060e+48
9.858391654316792375e+48
9.858391654316792375e+48
9.858391654309482920e+48
9.858390620341059871e+48
9.858390618997216858e+48
9.858390618997216858e+48
9.858390618997216858e+48
9.858390618695009604e+48
9.858390618693775135e+48
9.858390618693775135e+48
9.858390618693775135e+48
9.858237287971432088e+48
9.858237287971432088e+48
9.858237287971432088e+48
8.809164013103293262e+48
8.809164013103293262e+48
8.809157882763702298e+48
8.809157882760307834e+48
8.809157882760307834e+48
8.809157882760307834e+48
8.809157597112999321e+48
8.809157597112999321e+48
8.809157597112998023e+48
8.809157597112998023e+48
7.824050904031413447e+48
7.824009870700432063e+48
7.824009870700432063e+48
7.824009870700432063e+48
7.824009870700432063e+48
7.824009870700432063e+48
7.824009870700432063e+48
7.824009870700432063e+48
7.824009865311866383e+48
7.824009865311866383e+48
7.824009865311866383e+48
7.823998093322164175e+48
7.816034667307608541e+48
7.816034667307608541e+48
7.816034667307608541e+48
7.816034667307608541e+48
7.816034667307608541e+48
7.816034667307608541e+48
7.816034667307608541e+48
7.816034667307608541e+48
7.816034667307594262e+48
7.816034667307594262e+48
7.816034667307589070e+48
7.816034667307589070e+48
7.816034667307589070e+48
7.816034667307589070e+48
7.816034667307589070e+48
7.816034667307589070e+48
7.816034661289941578e+48
7.816034661289940280e+48
7.816034659367088667e+48
7.816034659367088667e+48
7.816034659367088667e+48
7.816034659367087369e+48
7.816034659367087369e+48
7.816034659367087369e+48
7.816034659367087369e+48
7.816034659367086070e+48
7.816034659367086070e+48
7.816034659367086070e+48
7.816034659366979628e+48
7.816034659366979628e+48
7.816034659366979628e+48
7.816034659366979628e+48
7.816030713054450375e+48
7.816030713054450375e+48
7.816030713054450375e+48
7.816030713054450375e+48
7.816030713054450375e+48
7.816026400362991007e+48
7.816026400362991007e+48
7.816026400362991007e+48
7.816026400362991007e+48
7.816026400362991007e+48
7.803891722134258395e+48
7.803891722134258395e+48
7.798528951429552875e+48
7.798528951429552875e+48
7.798528951429552875e+48
7.798528951429552875e+48
7.798528951429552875e+48
7.798528951429552875e+48
7.798528951429552875e+48
7.798528951429550279e+48
7.798528951429550279e+48
7.798528951429550279e+48
7.798528870374529065e+48
7.798528868727776539e+48
7.792845660837608464e+48
7.792845660837608464e+48
7.792845660837608464e+48
7.792845660837608464e+48
7.792845660837608464e+48
7.792845660837372215e+48
7.792845660837259282e+48
7.792845660837259282e+48
7.792845649107689333e+48
7.792845098523621834e+48
7.792845098523621834e+48
7.792845098523621834e+48
5.406179936442623040e+48
5.406179936442623040e+48
5.406179936442623040e+48
5.406179936442623040e+48
5.406178593410825576e+48
5.406178593410825576e+48
5.406178593410825576e+48
5.406178593410825576e+48
5.406178593410825576e+48
5.406178593410825576e+48
5.406178593410825576e+48
5.406178593410825576e+48
5.406178593410825576e+48
5.406178593410671754e+48
5.406178593410671754e+48
5.406178593410671754e+48
5.406178593410671754e+48
5.406178593410671754e+48
5.405081135636916914e+48
5.405081135636916914e+48
5.405081135636916914e+48
5.405081135636916914e+48
5.405081135636916914e+48
5.405081135636916914e+48
5.405081135636916264e+48
5.405081135636907178e+48
5.405081135636907178e+48
5.405081135636907178e+48
5.405081135636907178e+48
5.405081135636907178e+48
5.405081135636907178e+48
5.405081135636718308e+48
5.405081135624912972e+48
5.405080413727212175e+48
5.405080413727212175e+48
5.358987054464962058e+48
5.358987054464962058e+48
5.358987054464962058e+48
4.565506015262771356e+48
4.565506015262771356e+48
4.563764779310640467e+48
1.368688559924576379e+48
1.368688559924576379e+48
6.676168993277038919e+47
6.676168960184931975e+47
6.676168960184931975e+47
6.676158238028625813e+47
6.676158238020385475e+47
6.676158238020385475e+47
6.456859286997874323e+47
6.456859286997874323e+47
6.456859286997660141e+47
6.238901001116650579e+47
2.680082291964293317e+47
2.680043220051093709e+47
2.680043220051093709e+47
2.680043220051093709e+47
2.680043220051093709e+47
8.697515967402508676e+46
8.697515967095332597e+46
8.697381425634497667e+46
8.697381425634497667e+46
8.697381425634497667e+46
8.697381424250080221e+46
7.860348427332561249e+46
7.860348427332561249e+46
7.860348427332561249e+46
7.860348427332561249e+46
5.189058025145692975e+46
5.171302678591864885e+46
5.171302660372284849e+46
5.171302660372283835e+46
5.168639066257734433e+46
1.282812070329120174e+46
1.282812070329120174e+46
1.282811647310113412e+46
1.282811647310113412e+46
9.991490872703845760e+45
9.991490872703845760e+45
9.991490872703845760e+45
9.991490872671492782e+45
9.991490872671492782e+45
9.991490002549095465e+45
9.991490002548953489e+45
9.949515808220286374e+45
9.949515808220286374e+45
8.667909086644605317e+45
8.667909086644605317e+45
8.663468835817332222e+45
2.250865623352395534e+45
2.250865623352395534e+45
1.344074528432580313e+45
1.344074512554944861e+45
1.344074512554944861e+45
1.344072979622906087e+45
1.344072979622171958e+45
1.344072979622171958e+45
1.320122058516365684e+45
1.320122058516365684e+45
1.320122058516294061e+45
1.278285171455451182e+45
4.649815115856484980e+44
4.649731902271423703e+44
4.649731902271423703e+44
4.649731902271423703e+44
4.649731902271423703e+44
1.928766680192634586e+44
1.928766680159441155e+44
1.928743341546883211e+44
1.928743341546883211e+44
1.928743341546883211e+44
1.928743340740933143e+44
1.815016258931662490e+44
1.815016258931662490e+44
1.815016258931662490e+44
1.815016258931662490e+44
1.028800120156547786e+44
1.025601050562600526e+44
1.025601048987936637e+44
1.025601048987936241e+44
1.025231441492947311e+44
3.062853967151036721e+43
3.062853967151036721e+43
3.062852260902965434e+43
3.062852260902965434e+43
2.595948274072596392e+43
2.595948274072596392e+43
2.595948274072596392e+43
2.595948274046743748e+43
2.595948274046743748e+43
2.595948274046743748e+43
2.595948144982965245e+43
2.595948144982950390e+43
2.585950105887932524e+43
2.585950105887932524e+43
2.073641218649491141e+43
2.073641218649491141e+43
2.072476829376497947e+43
5.658668946603552838e+42
5.658668946603552838e+42
3.902438915489826728e+42
3.902438820786064987e+42
3.902438820786064987e+42
3.902435981290921232e+42
3.902435981289959353e+42
3.902435981289959353e+42
3.831247490066473691e+42
3.831247490066473691e+42
3.831247490065760019e+42
3.610754234645496267e+42
1.232276182307264716e+42
1.232249402289413401e+42
1.232249402289413401e+42
1.232249402289413401e+42
1.232249402289413401e+42
1.232249402289413401e+42
6.185998078749431068e+41
6.185998078696355163e+41
6.185945327866954114e+41
6.185945327866954114e+41
6.185945327866954114e+41
6.185945322001153965e+41
5.776471484293686765e+41
5.776471484293686765e+41
5.776471484293686765e+41
5.776471484293686765e+41
2.962049389044207716e+41
2.945045892547519377e+41
2.945045890529119267e+41
2.944376131948777486e+41
2.944376131948773618e+41
1.055823058916347605e+41
1.055823058916347605e+41
1.055822129853071777e+41
1.055822129853071777e+41
8.663525723865307560e+40
8.663525723865307560e+40
8.663525723865307560e+40
8.663525723661575512e+40
8.663525723661575512e+40
8.663525723661575512e+40
8.663525500204639028e+40
8.663525500204607112e+40
8.639031994375240776e+40
8.639031994375240776e+40
6.532652402567258468e+40
6.532652402567258468e+40
6.525227346417686942e+40
2.023779034549061198e+40
2.023779034549061198e+40
1.290896872018451158e+40
1.290896824533975091e+40
1.290896824533975091e+40
1.290896341537091536e+40
1.290896341536885777e+40
1.290896341536885777e+40
1.273694186201872277e+40
1.273694186201872277e+40
1.273694186201313995e+40
1.180100768487469597e+40
4.413537443237456646e+39
4.413316594083804863e+39
4.413316594083804863e+39
4.413316594083804863e+39
4.413316594083804863e+39
4.413316594083804863e+39
1.958675148404163379e+39
1.958675148393762083e+39
1.958675148393762083e+39
1.958666927318504696e+39
1.958666927318504696e+39
1.958666927318504696e+39
1.958666924623808137e+39
1.866608444877122702e+39
1.866608444877122702e+39
1.866608444877122702e+39
1.866608444877122702e+39
1.028618794202003238e+39
1.020624535334832668e+39
1.020624534860995855e+39
1.020499479040815328e+39
1.020499479040812154e+39
3.202285430634973174e+38
3.202285430634973174e+38
3.202279936208407164e+38
3.202279936208407164e+38
2.794922531774109151e+38
2.794922531774109151e+38
2.794922531774109151e+38
2.794922531676950050e+38
2.794922531676950050e+38
2.794922531676950050e+38
2.794922486218184691e+38
2.794922486218180536e+38
2.790954173666391241e+38
2.790954173666391241e+38
2.186589969020238725e+38
2.186589969020238725e+38
2.183341285564515982e+38
6.022665391619878688e+37
6.022665391619878688e+37
4.392114292830374928e+37
4.392113939439402628e+37
4.392113939439402628e+37
4.392112846535207342e+37
4.392112846534908888e+37
4.392112846534908888e+37
4.392112846534908888e+37
4.360961682797358726e+37
4.360961682797358726e+37
4.360961682794360968e+37
4.067867758955883743e+37
1.340234520550985967e+37
1.340154962610233081e+37
1.340154962610233081e+37
1.340154962610233081e+37
1.340154962610233081e+37
1.340154962610233081e+37
7.298539558089370183e+36
7.298539558071238657e+36
7.298539558071238657e+36
7.298517245490525872e+36
7.298517245490525872e+36
7.298517245490525872e+36
7.298517221435953891e+36
7.095805660099903073e+36
7.095805660099903073e+36
7.095805660099903073e+36
7.095805660099903073e+36
3.391230103292704664e+36
3.368151828611291135e+36
3.368151827963439122e+36
3.367885603666915036e+36
3.367885603666899098e+36
1.302463716658797258e+36
1.302463716658797258e+36
1.302460165770610589e+36
1.302460165770610589e+36
1.192563458641299561e+36
1.192563458641299561e+36
1.192563458641299561e+36
1.192563458527577155e+36
1.192563458527577155e+36
1.192563458527577155e+36
1.192563448137070618e+36
1.192563448137069880e+36
1.192563448137069880e+36
1.191150893512247787e+36
1.191150893512247787e+36
8.411509867868491470e+35
8.411509867868491470e+35
8.398754178973313850e+35
2.609151578664051357e+35
2.609151578664051357e+35
2.087298641460027673e+35
2.087298329656366899e+35
2.087298329656366899e+35
2.087298019772025652e+35
2.087298019771963671e+35
2.087298019771963671e+35
2.087298019771963671e+35
2.073538960079024856e+35
2.073538960079024856e+35
2.073538960074668104e+35
1.849983039101359623e+35
6.097997535668372704e+34
6.097560529315286528e+34
6.097560529315286528e+34
6.097560529315286528e+34
6.097560529315286528e+34
6.097560529315286528e+34
3.831504159372158352e+34
3.831504159367561424e+34
3.831504159367561424e+34
3.831496439451695721e+34
3.831496439451695721e+34
3.831496439451695721e+34
3.831496413553526346e+34
3.831496413553526346e+34
3.722376388689399119e+34
3.722376388689399119e+34
3.722376388689399119e+34
3.722376388689399119e+34
1.647657534435980830e+34
1.628534063209578215e+34
1.628534063070246498e+34
1.628455924188502436e+34
1.628455924188478224e+34
7.429294230298168237e+33
7.429294230298168237e+33
7.429263575609489364e+33
7.429263575609489364e+33
6.737067726265699177e+33
6.737067726265699177e+33
6.737067726265699177e+33
6.737067724847852451e+33
6.737067724847852451e+33
6.737067724847852451e+33
6.737067694342229663e+33
6.737067694342227357e+33
6.737067694342227357e+33
6.731406222816567722e+33
6.731406222816567722e+33
4.438237317468624388e+33
4.438237317468624388e+33
4.438237317468624388e+33
4.425727275391745188e+33
1.570713086849160102e+33
1.570713086849160102e+33
1.213660686442315471e+33
1.213660406735380781e+33
1.213660406735380781e+33
1.213660310354850936e+33
1.213660310354828022e+33
1.213660310354828022e+33
1.213660310354828022e+33
1.207809938348275326e+33
1.207809938348275326e+33
1.207809938342500486e+33
1.046024567590204849e+33
3.752449764005417606e+32
3.751866110475318302e+32
3.751866110475318302e+32
3.751866110475318302e+32
3.751866110475318302e+32
3.751866110475318302e+32
2.192378911373393013e+32
2.192378911373393013e+32
2.192378911371747578e+32
2.192376586120205554e+32
2.192376586120205554e+32
2.192376586120205554e+32
2.192376563621413288e+32
2.192376563621413288e+32
2.147160673673369668e+32
2.147160673673369668e+32
2.147160673673369668e+32
2.147160673673369668e+32
1.008487276768571846e+32
9.928078176354787067e+31
9.928078175788531471e+31
9.928078175788180191e+31
9.927811012145613739e+31
4.101754242191993587e+31
4.101754242191993587e+31
4.101721282140695466e+31
4.101721282140695466e+31
3.829034916513186344e+31
3.829034916513186344e+31
3.829034916513186344e+31
3.829034915297944928e+31
3.829034915297944928e+31
3.829034915297944928e+31
3.829034904522333871e+31
3.829034904522332970e+31
3.829034904522332970e+31
3.827351824915306813e+31
3.827351824915306813e+31
2.627451816302629040e+31
2.627451816302629040e+31
2.627451816302629040e+31
2.617826130200422121e+31
8.440361650910622765e+30
8.440361650910622765e+30
8.440361650910622765e+30
7.042615018254940874e+30
7.042611696061094961e+30
7.042611696061093835e+30
7.042611341176097748e+30
7.042611341176040327e+30
7.042611341176040327e+30
7.042611341176040327e+30
7.024447906265892706e+30
7.024447906265892706e+30
7.024447906214064156e+30
6.162710554179826161e+30
2.014890622598004979e+30
2.014520872174797073e+30
2.014520872174797073e+30
2.014520872174797073e+30
2.014520872174797073e+30
2.014520872174797073e+30
1.361625130320366847e+30
1.361625130320366847e+30
1.361625130319905509e+30
1.361624149522808971e+30
1.361624149522808971e+30
1.361624149522808971e+30
1.361624118910795779e+30
1.361624118910795779e+30
1.345436014290162907e+30
1.345436014290162907e+30
1.345436014290162907e+30
1.345436014290162907e+30
5.646136774059745173e+29
5.569583848390705566e+29
5.569583848261170078e+29
5.569583848260875233e+29
5.569491904516083988e+29
2.784224032104662284e+29
2.784224032104662284e+29
2.784190662751985156e+29
2.784190662751985156e+29
2.665648163174707691e+29
2.665648163174707691e+29
2.665648163174707691e+29
2.665648161097221812e+29
2.665648161097221812e+29
2.665648161097221812e+29
2.665648157301172519e+29
2.665648157301172519e+29
2.665648157301172519e+29
2.664756080116603273e+29
1.643386867091294779e+29
1.643386867091294779e+29
1.643386867091294779e+29
1.643386867091294779e+29
1.637532525361641651e+29
6.178464664279914473e+28
6.178464664279914473e+28
6.178464664279914473e+28
5.450049771704552057e+28
5.450045400004060070e+28
5.450045400004058311e+28
5.450045245520113186e+28
5.450045245520095594e+28
5.450045245520095594e+28
5.450045245520095594e+28
5.438145759208014100e+28
5.438145759208014100e+28
5.438145759098443808e+28
4.488400785472361636e+28
1.557240406365144195e+28
1.556897091039992849e+28
1.556897091039992849e+28
1.556897091039992849e+28
1.556897091039992849e+28
1.556897091039992849e+28
1.161075686994062668e+28
1.161075686994062668e+28
1.161075686993878610e+28
1.161075168613940298e+28
1.161075168613940298e+28
1.161075168613940298e+28
1.161075119704735755e+28
1.161075119704735755e+28
1.148193328537945549e+28
1.148193328537945549e+28
1.148193328537945549e+28
1.148193328537945549e+28
4.626715606059917945e+27
4.527049098329258894e+27
4.527049098282267416e+27
4.527049098281581871e+27
4.527004943983236628e+27
2.589766388384927961e+27
2.589766388384927961e+27
2.589721508630524850e+27
2.589721508630524850e+27
2.477651164909012978e+27
2.477651164909012978e+27
2.477651164909012978e+27
2.477651164909012978e+27
2.477651164909012978e+27
2.477651160965300615e+27
2.477651160965300615e+27
2.477651159164540262e+27
2.477651159164540262e+27
2.477651159164540262e+27
2.477090902284579659e+27
1.435737532292718844e+27
1.435737532292718844e+27
1.435737532292718844e+27
1.427025316316282844e+27
1.427025316316282844e+27
6.142768680542149610e+26
6.142768680542149610e+26
6.142768680542149610e+26
5.363424476632531689e+26
5.363417895118605377e+26
5.363417895118599193e+26
5.363417812967032114e+26
5.363417812967021119e+26
5.363417812967021119e+26
5.363417812967021119e+26
5.355035879160556873e+26
5.355035879160556873e+26
5.355035878927099630e+26
4.244669231160437009e+26
1.609309176088646743e+26
1.609309176088646743e+26
1.608592642153419496e+26
1.608592642153419496e+26
1.608592642153419496e+26
1.608592642153419496e+26
1.161297929529123509e+26
1.161297929529123509e+26
1.161297929529009606e+26
1.161297929529009606e+26
1.161297644778852498e+26
1.161297644778852498e+26
1.161297568720101115e+26
1.161297568720101115e+26
1.151902003395732685e+26
1.151902003395732685e+26
1.151902003395732685e+26
1.151902003395732685e+26
4.865569258000920587e+25
4.728139490858728530e+25
4.728139490858728530e+25
4.728139490827087505e+25
4.728139490825442533e+25
4.728113043947878796e+25
2.549771816269003942e+25
2.549771816269003942e+25
2.549686781106570885e+25
2.549686781106570885e+25
2.469740443207470474e+25
2.469740443207470474e+25
2.469740443207470474e+25
2.469740443207470474e+25
2.469740443207470474e+25
2.469740437116034322e+25
2.469740437116034322e+25
2.469740436011545686e+25
2.469740436011545686e+25
2.469740436011545686e+25
2.469434730395937743e+25
1.482978437818789124e+25
1.482978437818789124e+25
1.482978437818789124e+25
1.471330138839397562e+25
5.904809732603000849e+24
5.904809732603000849e+24
5.904809732603000849e+24
5.904809732603000849e+24
5.360555706743426506e+24
5.360542855825103237e+24
5.360542855825089278e+24
5.360542805168820134e+24
5.360542805168815839e+24
5.360542805168815839e+24
5.360542805168815839e+24
5.355941995119876447e+24
5.355941995119876447e+24
5.355941994756842189e+24
4.316901440313975370e+24
1.530173376982630361e+24
1.530173376982630361e+24
1.529360177194180647e+24
1.529360177194180647e+24
1.529360177194180647e+24
1.529360177194180647e+24
1.529360177194180647e+24
1.207852899492894033e+24
1.207852899492841688e+24
1.207852899492841688e+24
1.207852709346540394e+24
1.207852548517820214e+24
1.207852548517820214e+24
1.207852548517820214e+24
1.202252100268186629e+24
1.202252100268186629e+24
1.202252100268186629e+24
1.202252100268186629e+24
4.695019615209365334e+23
4.576924386905947447e+23
4.576924386905947447e+23
4.576924386893328967e+23
4.576924386890933852e+23
2.858546459130577048e+23
2.858540491953048849e+23
2.858540491953048849e+23
2.858406316105229318e+23
2.858406316105229318e+23
2.802560726360632349e+23
2.802560726360632349e+23
2.802560726360632349e+23
2.802560726360632349e+23
2.802560726360632349e+23
2.802560711028565806e+23
2.802560711028565806e+23
2.802560710423307270e+23
2.802560710423307270e+23
2.802560710423307270e+23
2.802317708318432045e+23
1.535142410378632694e+23
1.535142410378632694e+23
1.535142410378632694e+23
1.523655130039768989e+23
7.177286562103243781e+22
7.177286562103243781e+22
7.177286562103243781e+22
7.177286562103243781e+22
7.177257639988824742e+22
6.721769042906931895e+22
6.721769042906899179e+22
6.721769009010402394e+22
6.721769009010399878e+22
6.721769009010399878e+22
6.721769009010399878e+22
6.717302674424962272e+22
6.717302674424962272e+22
6.717302674424962272e+22
6.717302673308770737e+22
5.050226418981534066e+22
1.981523510745930662e+22
1.981523510745930662e+22
1.980269114886196507e+22
1.980269114886196507e+22
1.980269114886196507e+22
1.665138242410729230e+22
1.665138242410729230e+22
1.665138242410729230e+22
1.665138242410729230e+22
1.665138242410696095e+22
1.665138088619176624e+22
1.665137704883870866e+22
1.665137704883870866e+22
1.665137704883870866e+22
1.658562965758128685e+22
1.658562965758128685e+22
1.658562965758128685e+22
1.658562965758128685e+22
6.466100395170187969e+21
6.466100395170187969e+21
6.224234416792609489e+21
6.224234416792609489e+21
6.224234416784845832e+21
6.224234416776187740e+21
4.295878847413348729e+21
4.295873112130978316e+21
4.295873112130978316e+21
4.295594342747968373e+21
4.295594342747968373e+21
4.217631994013463609e+21
4.217631994013463609e+21
4.217631994013463609e+21
4.217631994013463609e+21
4.217631994013463609e+21
4.217631950419774145e+21
4.217631950419774145e+21
4.217631949963716985e+21
4.217631949963716985e+21
4.217631949963716985e+21
4.217631949963716985e+21
4.217397730569545056e+21
2.216206984085571633e+21
2.216206984085571633e+21
2.190140090200365990e+21
1.161091029762196242e+21
1.161091029762196242e+21
1.161091029762196242e+21
1.161091029762196242e+21
1.161084066616494653e+21
1.161084066616475386e+21
1.087495617523179586e+21
1.087495614571335778e+21
1.087495614571335516e+21
1.087495614571335516e+21
1.087495614571335516e+21
1.086997990949269012e+21
1.086997990949269012e+21
1.086997990949269012e+21
1.086997990582322987e+21
7.829836436157754245e+20
3.377259882966329590e+20
3.377259882966329590e+20
3.377259882966329590e+20
3.373277409367001661e+20
3.373277409367001661e+20
2.813410620861613998e+20
2.813410620861613998e+20
2.813410620861613998e+20
2.813410620861613998e+20
2.813410620861581230e+20
2.813410474795701699e+20
2.813410474795701699e+20
2.813409467025011835e+20
2.813409467025011835e+20
2.813409467025011180e+20
2.805413000266388931e+20
2.805413000266388931e+20
2.805413000266388931e+20
2.805413000266388931e+20
1.143406335440254239e+20
1.089013320103837368e+20
1.089013320103837368e+20
1.089013320100510106e+20
1.089013320099681403e+20
7.334395312462473626e+19
7.334389750470592922e+19
7.333501222878905139e+19
7.333501222878905139e+19
7.333501222878905139e+19
7.236317411681194803e+19
7.236317411681194803e+19
7.236317411681194803e+19
7.236317411681194803e+19
7.236317411681194803e+19
7.236317411681194803e+19
7.236317293625806848e+19
7.236317293625806848e+19
7.236317293625806848e+19
7.236317293157755290e+19
7.236317293157755290e+19
7.236317293157755290e+19
3.909943096204384666e+19
3.909876124127594086e+19
3.851097751232654541e+19
3.851097751232654541e+19
1.962864012503283712e+19
1.962864012503283712e+19
1.962864012503283712e+19
1.962864012503283712e+19
1.962864012503214080e+19
1.962842251628115968e+19
1.871721543509737882e+19
1.871721540461163315e+19
1.871721540461162906e+19
1.871721540461162906e+19
1.871721540461162906e+19
1.871721540461162906e+19
1.871231012131836723e+19
1.871231011131459584e+19
1.871231011131459584e+19
1.368839712489117491e+19
5.649932061480594432e+18
5.649932061480594432e+18
5.649932061480594432e+18
5.641832477214708736e+18
5.641832477214708736e+18
4.941858354555438080e+18
4.941858354555438080e+18
4.941858354555438080e+18
4.941858354555438080e+18
4.941858354555413504e+18
4.941858197432632320e+18
4.941858197432632320e+18
4.941854797258673152e+18
4.941854797258673152e+18
4.941854797258671104e+18
4.933636606043332608e+18
4.933636606043332608e+18
4.933636606043332608e+18
4.933636606043332608e+18
1.913803487684201472e+18
1.829806943208145408e+18
1.829806943208145408e+18
1.829806943199503872e+18
1.829806943198915584e+18
1.358769626137314560e+18
1.358768960604414208e+18
1.358547304907727360e+18
1.358547304907727360e+18
1.358547304907727360e+18
1.347394472072196864e+18
1.347394472072196864e+18
1.347394472072196864e+18
1.347394472072196864e+18
1.347394472072196864e+18
1.347394472072196864e+18
1.347394427314749440e+18
1.347394427314749440e+18
1.347394427314749440e+18
1.347394427273942016e+18
1.347394427273942016e+18
1.347394427273942016e+18
6.812507672853473280e+17
6.812436789239463680e+17
6.714391079133496320e+17
6.714391079133496320e+17
3.917901804101596800e+17
3.917901804101596800e+17
3.917901804101596800e+17
3.917901804101596800e+17
3.917901804101342720e+17
3.917838786219212800e+17
3.795146769982629760e+17
3.795146766830781440e+17
3.795146766830781440e+17
3.795146766830781440e+17
3.795146766830781440e+17
3.795146766830781440e+17
3.794443616542709120e+17
3.794443612044596480e+17
3.794443612044596480e+17
2.599998138058811200e+17
2.599998138058811200e+17
1.209264994814654880e+17
1.209264994814654880e+17
1.207228142193412480e+17
1.207228142193412480e+17
1.096647611485451680e+17
1.096647611485451680e+17
1.096647611485451680e+17
1.096647611485451680e+17
1.096647611485449120e+17
1.096647592027974720e+17
1.096647592027974720e+17
1.096646374952466400e+17
1.096646374952466400e+17
1.096646374952466400e+17
1.096646374952465440e+17
1.095234913503866400e+17
1.095234913503866400e+17
1.095234913503866400e+17
1.095234913503866400e+17
4.397252441178380800e+16
4.128463301690206400e+16
4.128463301642101600e+16
4.128463301642101600e+16
4.128463301641489600e+16
3.275981994314120800e+16
3.275981021444454800e+16
3.275273569522785200e+16
3.275273569522785200e+16
3.275273569522785200e+16
3.252644024980920400e+16
3.252644024980920400e+16
3.252644024980920400e+16
3.252644024980920400e+16
3.252644024980920400e+16
3.252643835392504800e+16
3.252643835392504800e+16
3.252643835392504800e+16
3.252643835392504800e+16
3.252643835343879600e+16
3.252643835343879600e+16
3.252643835343879600e+16
1.622624666499460800e+16
1.622614553883850600e+16
1.588510345378599200e+16
1.017092167111439200e+16
1.017092167111439200e+16
1.017092167111439200e+16
1.017092167111439200e+16
1.017092167111439200e+16
1.017092167111251800e+16
1.017068847365279400e+16
9.881558579030564000e+15
9.881558574661392000e+15
9.881558574661392000e+15
9.881558574661392000e+15
9.881558574661392000e+15
9.881558574661392000e+15
9.880359728705244000e+15
9.880359706536424000e+15
9.880359706536424000e+15
6.547253862338322000e+15
6.547253862338322000e+15
3.334453088821279000e+15
3.334453088821279000e+15
3.334453088821279000e+15
3.324904577783708500e+15
3.324904577783708500e+15
3.031396423116420000e+15
3.031396423116420000e+15
3.031396423116420000e+15
3.031396423116420000e+15
3.031396423116415500e+15
3.031396392716103000e+15
3.031396392716103000e+15
3.031391286278708000e+15
3.031391286278708000e+15
3.031391286278700500e+15
3.031391286278700500e+15
3.028678072949623500e+15
3.028678072949623500e+15
3.028678072949623500e+15
3.028678072949623500e+15
1.277117585985431500e+15
1.181999713854745250e+15
1.181999713826083000e+15
1.181999713826083000e+15
1.181999713825984250e+15
9.382843960688763750e+14
9.379262219285177500e+14
9.379260588677930000e+14
9.379260588677930000e+14
9.379260588677930000e+14
9.379260588677930000e+14
9.332502997019561250e+14
9.332502997019561250e+14
9.332502997019561250e+14
9.332502997019561250e+14
9.332502997019561250e+14
9.332502140012411250e+14
9.332502140012411250e+14
9.332502140012411250e+14
9.332502139933638750e+14
9.332502139933638750e+14
4.764081285544498750e+14
4.764081285544498750e+14
4.764063460645864375e+14
4.639602582890689375e+14
4.639602582890689375e+14
2.951241690291368750e+14
2.951241690291368750e+14
2.951241690291368750e+14
2.951241690291368750e+14
2.951241690290222500e+14
2.951120494382606250e+14
2.889431145677064375e+14
2.889431145677064375e+14
2.889431144941940625e+14
2.889431144941940625e+14
2.889431144941940625e+14
2.889431144941940625e+14
2.889431134531449375e+14
2.889221530960995000e+14
2.889221530960995000e+14
2.889221530960995000e+14
1.932230803888419375e+14
1.932230803888419375e+14
9.703030765166654688e+13
9.703030765166654688e+13
9.668645144641710938e+13
9.668645144641710938e+13
9.029332607046615625e+13
9.029332607046615625e+13
9.029332607046615625e+13
9.029332607046615625e+13
9.029332607046615625e+13
9.029332607046609375e+13
9.029332553971437500e+13
9.029304588231218750e+13
9.029304588231168750e+13
9.029304588231168750e+13
9.029304588231168750e+13
9.024380783115321875e+13
9.024380783115321875e+13
9.024380783115321875e+13
7.588723640731890625e+13
3.452432478253079688e+13
3.452432478253079688e+13
3.452432478118811328e+13
3.452432478118684766e+13
3.452432478118684766e+13
2.899285189379551953e+13
2.897829975350849219e+13
2.897829669051998438e+13
2.897829669051998438e+13
2.897829669051998438e+13
2.897829669051998438e+13
2.897829669051998438e+13
2.888686453425076953e+13
2.888686453425076953e+13
2.888686453425076953e+13
2.888685946583742969e+13
2.888685946583742969e+13
2.888685946583742969e+13
2.888685946583742969e+13
2.888685946583742969e+13
2.888685946572443750e+13
1.419626615265230078e+13
1.419626615265230078e+13
1.419623500644245898e+13
1.419623500644245898e+13
1.382846821333015430e+13
9.678427889075693359e+12
9.678427889075693359e+12
9.678427889075693359e+12
9.678427889068923828e+12
9.678427889068923828e+12
9.677873195715666016e+12
9.677873195715666016e+12
9.541277300808121094e+12
9.541277300808121094e+12
9.541277299608027344e+12
9.541277299608027344e+12
9.541277299608027344e+12
9.541277229536330078e+12
9.541277229536330078e+12
9.540827464629103516e+12
9.540827464629103516e+12
9.540827464629103516e+12
6.076172185426839844e+12
6.076172185426839844e+12
6.076172185426839844e+12
3.405982151493986328e+12
3.391894478759807617e+12
3.391894478759807617e+12
3.227948349272417480e+12
3.227948349272417480e+12
3.227948349272417480e+12
3.227948349272417480e+12
3.227948349272417480e+12
3.227948349272416504e+12
3.227933138913777344e+12
3.227933128758402832e+12
3.227933128758368652e+12
3.227933128758368652e+12
3.227933128758368652e+12
3.226694620068759277e+12
3.226694620068759277e+12
2.610954117624350098e+12
2.610954117624350098e+12
1.282017810244398438e+12
1.282017810130112061e+12
1.282017810130112061e+12
1.282017810130090332e+12
1.119799688764019287e+12
1.119077560602093018e+12
1.119077560602093018e+12
1.119077492213016602e+12
1.119077492213016602e+12
1.119077492213016602e+12
1.119077492213016602e+12
1.119077492213016602e+12
1.116392208457841797e+12
1.116392208457841797e+12
1.116392208457841797e+12
1.116391886294041260e+12
1.116391886294041260e+12
1.116391886294041260e+12
1.116391886294041260e+12
1.116391886294041260e+12
1.116391886291938232e+12
5.566052403750455322e+11
5.566052403750455322e+11
5.566052403750455322e+11
5.370803830928084106e+11
5.370797156674370117e+11
4.006479718361553955e+11
4.006479718361553955e+11
4.006479718354394531e+11
4.006479718354394531e+11
4.006163482906947021e+11
4.006163482906947021e+11
4.006163482906947021e+11
3.959982763932673950e+11
3.959982763932673950e+11
3.959982763675064697e+11
3.959982763675064697e+11
3.959982712307595825e+11
3.959982712307595825e+11
3.959866718809027710e+11
3.959866718809027710e+11
3.959866718809027710e+11
3.959866718809027710e+11
2.482459208390435181e+11
2.482459208390435181e+11
2.482459208390435181e+11
1.500042521466348877e+11
1.490536978949161682e+11
1.490536978949161682e+11
1.490536978949161682e+11
1.490536978949161682e+11
1.427826796312795105e+11
1.427826796312795105e+11
1.427816895129315796e+11
1.427816895129315796e+11
1.427816895129315491e+11
1.427816892653241272e+11
1.427816892653200073e+11
1.427816892653200073e+11
1.427454050198568726e+11
1.427454050198568726e+11
1.427454050198568726e+11
1.130782700929619293e+11
1.130782700551231842e+11
5.895714749562364197e+10
5.895714749562364197e+10
5.895714749562364197e+10
5.888739679061772156e+10
5.206939128685077667e+10
5.206939128685037231e+10
5.206939128685037231e+10
5.206938944182183075e+10
5.206938944182183075e+10
5.206938944182183075e+10
5.206938944182183075e+10
5.206938944182183075e+10
5.206938944182183075e+10
5.198228949398600769e+10
5.198228949398600769e+10
5.198226625567277527e+10
5.198226625567277527e+10
5.198226625567277527e+10
5.198226625567277527e+10
5.198226625567276001e+10
5.198226625567276001e+10
5.198226625562108612e+10
2.655497831399428558e+10
2.544517411845730591e+10
2.544517411845730591e+10
2.544515545006497574e+10
1.931361139809103012e+10
1.931361139809103012e+10
1.931361139809103012e+10
1.931361139802022552e+10
1.931104948530841446e+10
1.931104948530841446e+10
1.931104948530841446e+10
1.914988197973199081e+10
1.914988197973199081e+10
1.914988197904925156e+10
1.914988197904925156e+10
1.914988157939495087e+10
1.914988157939495087e+10
1.914988157939495087e+10
1.914954354879161072e+10
1.914954354879161072e+10
1.914954354879161072e+10
1.914954354879161072e+10
1.205521488466560364e+10
1.205521488466560364e+10
7.414700434072947502e+09
7.356385156180514336e+09
7.356385156180514336e+09
7.356385156180514336e+09
7.356385156180514336e+09
7.125154553911741257e+09
7.125068593510719299e+09
7.125068593510719299e+09
7.125068586522875786e+09
7.125068586522875786e+09
7.125068586522875786e+09
7.125068586522439003e+09
7.125068586522439003e+09
7.125068586522439003e+09
7.123942518537192345e+09
7.123942518537192345e+09
7.123942513540646553e+09
5.619453253472043037e+09
2.961186611781362057e+09
2.961186611781362057e+09
2.961186611781362057e+09
2.956763114258936882e+09
2.956763114258936882e+09
2.691803793000183105e+09
2.691803793000173569e+09
2.691803737118240833e+09
2.691803737118240833e+09
2.691803737118240833e+09
2.691803737118240833e+09
2.691803737118240833e+09
2.691803737118240833e+09
2.691803737118240833e+09
2.691803737118240833e+09
2.688901252254613876e+09
2.688899084453798294e+09
2.688899084453798294e+09
2.688899084453798294e+09
2.688899084453796387e+09
2.688899084453796387e+09
2.688899084453796387e+09
2.688899084452556610e+09
1.361690293268023491e+09
1.302141650779338598e+09
1.302141096716299057e+09
1.302141096716299057e+09
1.047381298728139281e+09
1.047381298728139281e+09
1.047381298721211553e+09
1.047381298721211553e+09
1.047191837765542626e+09
1.047191837765542626e+09
1.047191837765542626e+09
1.047191837765542626e+09
1.041269860110558391e+09
1.041269860092460990e+09
1.041269818896474361e+09
1.041269818896474361e+09
1.041269818896474361e+09
1.041269818896474361e+09
1.041258492288790345e+09
1.041258492288790345e+09
1.041258492288790345e+09
1.041258492288790345e+09
6.389319935218760967e+08
6.389319935218760967e+08
4.269183529127225280e+08
4.229708734702780843e+08
4.229708734702780843e+08
4.229708734702780843e+08
4.229708734702780843e+08
4.133592576240093112e+08
4.133519822305688858e+08
4.133519822305198908e+08
4.133519822305198908e+08
4.133519820196704268e+08
4.133519820196704268e+08
4.133519820196704268e+08
4.133519820196704268e+08
4.133519820196704268e+08
4.133090287140231729e+08
4.133090287140231729e+08
4.133090281276759505e+08
3.165520716619135141e+08
1.801564452257397473e+08
1.801564452257397473e+08
1.801564452257397473e+08
1.801564452257397473e+08
1.798217759260796309e+08
1.673384848481851220e+08
1.673384848481851220e+08
1.673384848481848240e+08
1.673384829120142460e+08
1.673384829120142460e+08
1.673384829120142460e+08
1.673384829120142460e+08
1.673384829120142460e+08
1.673384829120142460e+08
1.673384829120142460e+08
1.673382717796443999e+08
1.672111094001264870e+08
1.672111094001264870e+08
1.672111094001264870e+08
1.672111094001262188e+08
1.672111094001262188e+08
1.672111094001262188e+08
8.766254107442276180e+07
8.766254107441280782e+07
8.286197811794537306e+07
8.286197811794537306e+07
8.286195800291328132e+07
8.286195800291328132e+07
6.946358324868038297e+07
6.946358324761801958e+07
6.944654453442072868e+07
6.944654453442072868e+07
6.944654453442072868e+07
6.944654453442072868e+07
6.944654453442072868e+07
6.915096617674629390e+07
6.915096160777422786e+07
6.915096160717129707e+07
6.915096160717129707e+07
6.915096160717129707e+07
6.915096160717129707e+07
6.915096160717129707e+07
6.915051375055579841e+07
6.915051375055579841e+07
4.252598166304390132e+07
4.252598166304390132e+07
3.011971197715406120e+07
2.973444414198151976e+07
2.973444414198151976e+07
2.973444414198151976e+07
2.973444414198151976e+07
2.973444414198151976e+07
2.919362428061271086e+07
2.919288226321147010e+07
2.919288226320296153e+07
2.919288225525842607e+07
2.919288225525842607e+07
2.919288225525842607e+07
2.919288225525842607e+07
2.919288225525842607e+07
2.919096140112060681e+07
2.919096140112060681e+07
2.919096140112060681e+07
2.919096132756841555e+07
2.206080961690764874e+07
1.330965401615317725e+07
1.330965401615317725e+07
1.330965401615317725e+07
1.327373938872486539e+07
1.327373938872486539e+07
1.327373938872486539e+07
1.249402903747700900e+07
1.249402903747699782e+07
1.249402903747699782e+07
1.249402903747699782e+07
1.249402895594296232e+07
1.249402895594296232e+07
1.249402895594296232e+07
1.249402895594296232e+07
1.249402895594296232e+07
1.249400488970512152e+07
1.248764795289533585e+07
1.248764795289528742e+07
1.248764795289528742e+07
1.248764795289528742e+07
1.248764795289528742e+07
1.248764795289528742e+07
6.770165584664544091e+06
6.770165584664544091e+06
6.770165584664151073e+06
6.345126220468646847e+06
6.345125329478967004e+06
5.435314413450137712e+06
5.435314413450137712e+06
5.435314413286567666e+06
5.433261825224934146e+06
5.433261825224934146e+06
5.433261825224934146e+06
5.417020845789059065e+06
5.417020845789059065e+06
5.417020845789059065e+06
5.417020272487262264e+06
5.417020272487262264e+06
5.417020272462780587e+06
5.417020272462780587e+06
5.417020272462780587e+06
5.417020272462780587e+06
5.416999511543574743e+06
5.416999511543574743e+06
3.362150593432772439e+06
3.362150593432772439e+06
3.362150593432772439e+06
3.362150593432772439e+06
3.362150593432772439e+06
2.455805321827042848e+06
2.455805321827042848e+06
2.417567647968470119e+06
2.417567647968470119e+06
2.385356656664679293e+06
2.385259174419582821e+06
2.385259174418153707e+06
2.385259174418153707e+06
2.385259174418153707e+06
2.385259174418153707e+06
2.385259174418153707e+06
2.385259174418153707e+06
2.385259174418153707e+06
2.385259174418153707e+06
2.385259174418153707e+06
2.385259174418153707e+06
2.385259174418153707e+06
2.385259174418153707e+06
2.385259174418153707e+06
2.385259174418153707e+06
2.385259174418153707e+06
2.385259174418153707e+06
2.385259174418153707e+06
2.385259174418153707e+06
2.385259174418153707e+06
2.385259174418153707e+06
2.385259174418153707e+06
2.385259174418153707e+06
2.385259174418153707e+06
2.385259174418153707e+06
2.385259174418153707e+06
2.385259174418153707e+06
2.385259174418153707e+06
2.385259174418153707e+06
2.385259174418153707e+06
2.385259174418153707e+06
2.385259174418153707e+06
2.385259174418153707e+06
2.385259174418153707e+06
2.385259174418153707e+06
2.385259174418153707e+06
2.385259174418153707e+06
2.385259174418153707e+06
2.385259174418153707e+06
2.385259174418153707e+06
2.385259174418153707e+06
2.385259174418153707e+06
2.385259174418153707e+06
2.385259174418153707e+06
2.385259174418153707e+06
2.385259174418153707e+06
2.385259174418153707e+06
2.385259174418153707e+06
2.385259174418153707e+06
2.385259174418153707e+06
2.385259174418153707e+06
2.385259174418153707e+06
2.385259174418153707e+06
2.385259174418153707e+06
2.385259174418153707e+06
2.385259174418153707e+06
2.385259174418153707e+06
2.385259174418153707e+06
2.385259174418153707e+06
2.385259174418153707e+06
2.385259174418153707e+06
2.385259174418153707e+06
2.385259174418153707e+06
2.385259174418153707e+06
2.385259174418153707e+06
2.385259174418153707e+06
2.385259174418153707e+06
2.385259174418153707e+06
2.385259174418153707e+06
2.385259174418153707e+06
2.385259174418153707e+06
2.385259174418153707e+06
2.385259174418153707e+06
2.385259174418153707e+06
2.385259174418153707e+06
2.385259174418153707e+06
2.385259174418153707e+06
2.385259174418153707e+06
2.385259174418153707e+06
2.385259174418153707e+06
2.385259174418153707e+06
2.385259174418153707e+06
2.385259174418153707e+06
2.385259174418153707e+06
2.385259174418153707e+06
2.385259174418153707e+06
2.385259174418153707e+06
2.385259174418153707e+06
2.385259174418153707e+06
2.385259174418153707e+06
2.385259174418153707e+06
2.385259174418153707e+06
2.385259174418153707e+06
2.385259174418153707e+06
2.385259174418153707e+06
2.385259174418153707e+06
2.385259174418153707e+06
2.385259174418153707e+06
2.385259174418153707e+06
2.385259174418153707e+06
2.385259174418153707e+06
2.385259174418153707e+06
2.385259174418153707e+06
2.385259174418153707e+06
2.385259174418153707e+06
2.385259174418153707e+06
2.385259174418153707e+06
2.385259174418153707e+06
2.385259174418153707e+06
2.385259174418153707e+06
2.385259174418153707e+06
2.385259174418153707e+06
2.385259174418153707e+06
2.385259174418153707e+06
2.385259174418153707e+06
2.385259174418153707e+06
2.385259174418153707e+06
2.385259174418153707e+06
2.385259174418153707e+06
2.385259174418153707e+06
2.385259174418153707e+06
2.385259174418153707e+06
2.385259174418153707e+06
2.385259174418153707e+06
2.385259174418153707e+06
2.385259174418153707e+06
2.385259174418153707e+06
2.385259174418153707e+06
2.385259174418153707e+06
2.385259174418153707e+06
2.385259174418153707e+06
2.385259174418153707e+06
2.385259174418153707e+06
2.385259174418153707e+06
2.385259174418153707e+06
2.385259174418153707e+06
2.385259174418153707e+06
2.385259174418153707e+06
2.385259174418153707e+06
2.385259174418153707e+06
2.385259174418153707e+06
2.385259174418153707e+06
2.385259174418153707e+06
2.385259174418153707e+06
2.385259174418153707e+06
2.385259174418153707e+06
2.385259174418153707e+06
2.385259174418153707e+06
2.385259174418153707e+06
2.385259174418153707e+06
2.385259174418153707e+06
2.385259174418153707e+06
2.385259174418153707e+06
2.385259174418153707e+06
2.385259174418153707e+06
2.385259174418153707e+06
2.385259174418153707e+06
2.385259174418153707e+06
2.385259174418153707e+06
2.385259174418153707e+06
2.385259174418153707e+06
2.385259174418153707e+06
2.385259174418153707e+06
2.385259174418153707e+06
2.385259174418153707e+06
2.385259174418153707e+06
2.385259174418153707e+06
2.385259174418153707e+06
2.385259174418153707e+06
2.385259174418153707e+06
2.385259174418153707e+06
2.385259174418153707e+06
2.385259174418153707e+06
2.385259174418153707e+06
2.385259174418153707e+06
2.385259174418153707e+06
2.385259174418153707e+06
2.385259174418153707e+06
2.385259174418153707e+06
2.385259174418153707e+06
2.385259174418153707e+06
2.385259174418153707e+06
2.385259174418153707e+06
2.385259174418153707e+06
2.385259174418153707e+06
2.385259174418153707e+06
2.385259174418153707e+06
2.385259174418153707e+06
2.385259174418153707e+06
2.385259174418153707e+06
2.385259174418153707e+06
2.385259174418153707e+06
2.385259174418153707e+06
2.385259174418153707e+06
2.385259174418153707e+06
2.385259174418153707e+06
2.385259174418153707e+06
2.385259174418153707e+06
2.385259174418153707e+06
2.385259174418153707e+06
2.385259174418153707e+06
2.385259174418153707e+06
2.385259174418153707e+06
2.385259174418153707e+06
2.385259174418153707e+06
2.385259174418153707e+06
2.385259174418153707e+06
2.385259174418153707e+06
2.385259174418153707e+06
2.385259174418153707e+06
2.385259174418153707e+06
2.385259174418153707e+06
2.385259174418153707e+06
2.385259174418153707e+06
2.385259174418153707e+06
2.385259174418153707e+06
2.385259174418153707e+06
2.385259174418153707e+06
2.385259174418153707e+06
2.385259174418153707e+06
2.385259174418153707e+06
2.385259174418153707e+06
2.385259174418153707e+06
2.385259174418153707e+06
2.385259174418153707e+06
2.385259174418153707e+06
2.385259174418153707e+06
2.385259174418153707e+06
2.385259174418153707e+06
2.385259174418153707e+06
2.385259174418153707e+06
2.385259174418153707e+06
2.385259174418153707e+06
2.385259174418153707e+06
2.385259174418153707e+06
2.385259174418153707e+06
2.385259174418153707e+06
2.385259174418153707e+06
2.385259174418153707e+06
2.385259174418153707e+06
2.385259174418153707e+06
2.385259174418153707e+06
2.385259174418153707e+06
2.385259174418153707e+06
2.385259174418153707e+06
2.385259174418153707e+06
2.385259174418153707e+06
2.385259174418153707e+06
2.385259174418153707e+06
2.385259174418153707e+06
2.385259174418153707e+06
2.385259174418153707e+06
2.385259174418153707e+06
2.385259174418153707e+06
2.385259174418153707e+06
2.385259174418153707e+06
2.385259174418153707e+06
2.385259174418153707e+06
2.385259174418153707e+06
2.385259174418153707e+06
2.385259174418153707e+06
2.385259174418153707e+06
2.385259174418153707e+06
2.385259174418153707e+06
2.385259174418153707e+06
2.385259174418153707e+06
2.385259174418153707e+06
2.385259174418153707e+06
2.385259174418153707e+06
2.385259174418153707e+06
2.385259174418153707e+06
2.385259174418153707e+06
2.385259174418153707e+06
2.385259174418153707e+06
2.385259174418153707e+06
2.385259174418153707e+06
2.385259174418153707e+06
2.385259174418153707e+06
2.385259174418153707e+06
2.385259174418153707e+06
2.385259174418153707e+06
2.385259174418153707e+06
2.385259174418153707e+06
2.385259174418153707e+06
2.385259174418153707e+06
2.385259174418153707e+06
2.385259174418153707e+06
2.385259174418153707e+06
2.385259174418153707e+06
2.385259174418153707e+06
2.385259174418153707e+06
2.385259174418153707e+06
2.385259174418153707e+06
2.385259174418153707e+06
2.385259174418153707e+06
2.385259174418153707e+06
2.385259174418153707e+06
2.385259174418153707e+06
2.385259174418153707e+06
2.385259174418153707e+06
2.385259174418153707e+06
2.385259174418153707e+06
2.385259174418153707e+06
2.385259174418153707e+06
2.385259174418153707e+06
2.385259174418153707e+06
2.385259174418153707e+06
2.385259174418153707e+06
2.385259174418153707e+06
2.385259174418153707e+06
2.385259174418153707e+06
2.385259174418153707e+06
2.385259174418153707e+06
2.385259174418153707e+06
2.385259174418153707e+06
2.385259174418153707e+06
2.385259174418153707e+06
2.385259174418153707e+06
2.385259174418153707e+06
2.385259174418153707e+06
2.385259174418153707e+06
2.385259174418153707e+06
2.385259174418153707e+06
2.385259174418153707e+06
2.385259174418153707e+06
2.385259174418153707e+06
2.385259174418153707e+06
2.385259174418153707e+06
2.385259174418153707e+06
2.385259174418153707e+06
2.385259174418153707e+06
2.385259174418153707e+06
2.385259174418153707e+06
2.385259174418153707e+06
2.385259174418153707e+06
2.385259174418153707e+06
2.385259174418153707e+06
2.385259174418153707e+06
2.385259174418153707e+06
2.385259174418153707e+06
2.385259174418153707e+06
2.385259174418153707e+06
2.385259174418153707e+06
2.385259174418153707e+06
2.385259174418153707e+06
2.385259174418153707e+06
2.385259174418153707e+06
2.385259174418153707e+06
2.385259174418153707e+06
2.385259174418153707e+06
2.385259174418153707e+06
2.385259174418153707e+06
2.385259174418153707e+06
2.385259174418153707e+06
2.385259174418153707e+06
2.385259174418153707e+06
2.385259174418153707e+06
2.385259174418153707e+06
2.385259174418153707e+06
2.385259174418153707e+06
2.385259174418153707e+06
2.385259174418153707e+06
2.385259174418153707e+06
2.385259174418153707e+06
2.385259174418153707e+06
2.385259174418153707e+06
2.385259174418153707e+06
2.385259174418153707e+06
2.385259174418153707e+06
2.385259174418153707e+06
2.385259174418153707e+06
2.385259174418153707e+06
2.385259174418153707e+06
2.385259174418153707e+06
2.385259174418153707e+06
2.385259174418153707e+06
2.385259174418153707e+06
2.385259174418153707e+06
2.385259174418153707e+06
2.385259174418153241e+06
2.385259174418152776e+06
2.385259174418151844e+06
2.385259174418150913e+06
2.385259174418150913e+06
2.385259174418150913e+06
2.385259174418150913e+06
2.385259174418150913e+06
2.385259174418150913e+06
2.385259174418150913e+06
2.385259174418150913e+06
2.385259174418150913e+06
2.385259174418150913e+06
2.385259174418150913e+06
2.385259174418150913e+06
2.385259174418150913e+06
2.385259174418150913e+06
2.385259174418150913e+06
2.385259174418150913e+06
2.385259174418148119e+06
2.385259174418134615e+06
2.385259174418075010e+06
2.385259174417877104e+06
2.385259174417518079e+06
2.385259174417346250e+06
2.385259174417340662e+06
2.385259174417340662e+06
2.385259174417340662e+06
2.385259174417340662e+06
2.385259174417340662e+06
2.385259174417340662e+06
2.385259174417340662e+06
2.385259174417340662e+06
2.385259174417340662e+06
2.385259174417340662e+06
2.385259174417340662e+06
2.385259174417340662e+06
2.385259174417339731e+06
2.385259174417329486e+06
2.385259174417254981e+06
2.385259174416760448e+06
2.385259174414115027e+06
2.385259174402493518e+06
2.385259174364093225e+06
2.385259174294413533e+06
2.385259174261095468e+06
2.385259174260061700e+06
2.385259174260061234e+06
2.385259174260061234e+06
2.385259174260061234e+06
2.385259174260061234e+06
2.385259174260061234e+06
2.385259174260061234e+06
2.385259174260061234e+06
2.385259174260061234e+06
2.385259174260060769e+06
2.385259174260047730e+06
2.385259174259900115e+06
2.385259174258580431e+06
2.385259174248611089e+06
2.385259174182646908e+06
2.385259173829731066e+06
2.385259172279282939e+06
2.385259167156229261e+06
2.385259157860084437e+06
2.385259153415084817e+06
2.385259153277182486e+06
2.385259153277153149e+06
2.385259153277153149e+06
2.385259153277153149e+06
2.385259153277153149e+06
2.385259153277153149e+06
2.385259153277153149e+06
2.385259153277152684e+06
2.385259153277146630e+06
2.385259153277050238e+06
2.385259153275853023e+06
2.385259153262281325e+06
2.385259153140610550e+06
2.385259152221499011e+06
2.385259146139969584e+06
2.385259113602960948e+06
2.385258970659885090e+06
2.385258498341684695e+06
2.385257641287177801e+06
2.385257231482395437e+06
2.385257218768536113e+06
2.385257218765818980e+06
2.385257218765818980e+06
2.385257218765818980e+06
2.385257218765818980e+06
2.385257218765818048e+06
2.385257218765797094e+06
2.385257218765386380e+06
2.385257218759234063e+06
2.385257218682564329e+06
2.385257217813668307e+06
2.385257210023708642e+06
2.385257151177680120e+06
2.385256761808512732e+06
2.385254678632579278e+06
2.385245526771117002e+06
2.385215287317913026e+06
2.385160417636134662e+06
2.385134182309023570e+06
2.385133368388457689e+06
2.385133368214509916e+06
2.385133368214509916e+06
2.385133368214509916e+06
2.385133368214509916e+06
2.385133368214464281e+06
2.385133368213531561e+06
2.385133368195175193e+06
2.385133367920348886e+06
2.385133364495590795e+06
2.385133325682663359e+06
2.385132977711170446e+06
2.385130349107642658e+06
2.385112956451110076e+06
2.385019907677748706e+06
2.384611207511077635e+06
2.383261759306726046e+06
2.380816985660304781e+06
2.379649776290426496e+06
2.379613582867616322e+06
2.379613575132626574e+06
2.379613575132626574e+06
2.379613575132626574e+06
2.379613575132626574e+06
2.379613575103550218e+06
2.379613574531377293e+06
2.379613565965062939e+06
2.379613459215598647e+06
2.379612249420048669e+06
2.379601403232242446e+06
2.379519473384144250e+06
2.378977506502148230e+06
2.376082098504548892e+06
2.363444910371142905e+06
2.322627980882225093e+06
2.252053521638313308e+06
2.219801945549503900e+06
2.218816133744590916e+06
2.218815923154584132e+06
2.218815923154584132e+06
2.218815923154584132e+06
2.218815923154584132e+06
2.218815922597223427e+06
2.218815911629316863e+06
2.218815747422764078e+06
2.218813701158291195e+06
2.218790511019686703e+06
2.218582624920279253e+06
2.217013493029372301e+06
2.206686616548278835e+06
2.153030929932050873e+06
1.945236872966901632e+06
1.474893373017392121e+06
1.025121711127277813e+06
8.946664951994302683e+05
8.911481666011621710e+05
8.911474176362443250e+05
8.911474176362431608e+05
8.911474176362431608e+05
8.911474176362431608e+05
8.911474162345974473e+05
8.911473886525976704e+05
8.911469757074994268e+05
8.911418298077828949e+05
8.910835152602636954e+05
8.905610455559565453e+05
8.866339720269256504e+05
8.614975271908367286e+05
7.480364078856196720e+05
4.738605880445517250e+05
2.143104047143633943e+05
1.074827709002192569e+05
8.679537806026518228e+04
8.628017505322578654e+04
8.628006559990203823e+04
8.628006559990186361e+04
8.628006559990186361e+04
8.628006559990186361e+04
8.628006273789428815e+04
8.628001988922606688e+04
8.627948593240718765e+04
8.627343503888821579e+04
8.621922453902127745e+04
8.581190445533434104e+04
8.321081105721663334e+04
7.159945449734422436e+04
4.438790052286637365e+04
1.967736290229320730e+04
9.788937404210930254e+03
7.892481909266660296e+03
7.845327895311632346e+03
7.845317877973920076e+03
7.845317877973903705e+03
7.845317877973903705e+03
7.845317877973903705e+03
7.845317691244535126e+03
7.845314895617428192e+03
7.845280057965793276e+03
7.844885262998325743e+03
7.841347561395901721e+03
7.814726195750431543e+03
7.643034254006723131e+03
6.839134107845673498e+03
4.677658471645368991e+03
2.288158584893673833e+03
1.187455936009053175e+03
9.654009943944735141e+02
9.598324863858289291e+02
9.598313031734246579e+02
9.598313031734226115e+02
9.598313031734226115e+02
9.598313031734226115e+02
9.598313031734226115e+02
9.598310668574287092e+02
9.598281220060021042e+02
9.597947491422385156e+02
9.594956533145368667e+02
9.572422661644325217e+02
9.425948060537185711e+02
8.712673493729460006e+02
6.538871313158307430e+02
3.584113074162686416e+02
1.969335160020697515e+02
1.620282700200449710e+02
1.611421740713757629e+02
1.611419857344988031e+02
1.611419857344985189e+02
1.611419857344985189e+02
1.611419857344985189e+02
1.611419857344985189e+02
1.611419587135480072e+02
1.611416219916553132e+02
1.611378060064556621e+02
1.611036024283885979e+02
1.608456940236264359e+02
1.591597698963466598e+02
1.507083303895586255e+02
1.222009399226073043e+02
7.519978874005084890e+01
4.428926239212955807e+01
3.701433671390058322e+01
3.682666751576742570e+01
3.682662761128567297e+01
3.682662761128560902e+01
3.682662761128560902e+01
3.682662761128560902e+01
3.682662761128560902e+01
3.682662348364436156e+01
3.682657204695585307e+01
3.682598912281705594e+01
3.682076382707200679e+01
3.678133934859621235e+01
3.652259003183285557e+01
3.519784415061323557e+01
3.035993815464551204e+01
2.087792785398831441e+01
1.332582773126099518e+01
1.136084093888099211e+01
1.130910478577741785e+01
1.130909377930481696e+01
1.130909377930479920e+01
1.130909377930479920e+01
1.130909377930479920e+01
1.130909377930479920e+01
1.130908351461517292e+01
1.130896718575292326e+01
1.130792436347142882e+01
1.130005300301547777e+01
1.124824508306976512e+01
1.097894219211618783e+01
9.934057323178141274e+00
7.557460565360005766e+00
5.269780202276911574e+00
4.603473861922349641e+00
4.585486506004095020e+00
4.585482676845085592e+00
4.585482676845079375e+00
4.585482676845079375e+00
4.585482676845079375e+00
4.585482676845079375e+00
4.585480084270981749e+00
4.585450702723258942e+00
4.585187303629358446e+00
4.583198541319007724e+00
4.570082754658387536e+00
4.501167449401163978e+00
4.221498776886653204e+00
3.502444625570134917e+00
2.675503693648561221e+00
2.404095060836886955e+00
2.396552730395653086e+00
2.396551123538335659e+00
2.396551123538332995e+00
2.396551123538332995e+00
2.396551123538332995e+00
2.396551123538332995e+00
2.396550331084645435e+00
2.396541350209898891e+00
2.396460836514723525e+00
2.395852803828065980e+00
2.391837367746611154e+00
2.370580846189625834e+00
2.281503509151928011e+00
2.029517244435290912e+00
1.690679996181176703e+00
1.565690604211853909e+00
1.562107798928922708e+00
1.562107034979254960e+00
1.562107034979253628e+00
1.562107034979253628e+00
1.562107034979253628e+00
1.562107034979253628e+00
1.562103914860192511e+00
1.562075942451815136e+00
1.561864668818011337e+00
1.560468163638846661e+00
1.553038890545005435e+00
1.521221152699843815e+00
1.424770836910463911e+00
1.277764480462052710e+00
1.217689127038306784e+00
1.215915552682366618e+00
1.215915174193639814e+00
1.215915174193639148e+00
1.215915174193639148e+00
1.215915174193639148e+00
1.215915174193639148e+00
1.215914041069299900e+00
1.215903882305263473e+00
1.215827147605614389e+00
1.215319657528654895e+00
1.212611697101505071e+00
1.200856539618096797e+00
1.163585070821903544e+00
1.101546441186614933e+00
1.074162075822083118e+00
1.073334256948694332e+00
1.073334080167067883e+00
1.073334080167067661e+00
1.073334080167067661e+00
1.073334080167067661e+00
1.073334080167067661e+00
1.073333691038250493e+00
1.073330202374099596e+00
1.073303849435520041e+00
1.073129511331826214e+00
1.072197739966099794e+00
1.068123335320839473e+00
1.054877993457226104e+00
1.031663780897592142e+00
1.020921099063281767e+00
1.020591393029381733e+00
1.020591322588743077e+00
1.020591322588743077e+00
1.020591322588743077e+00
1.020591322588743077e+00
1.020591322588743077e+00
1.020590297519459844e+00
1.020582554123802055e+00
1.020531321000394565e+00
1.020257304164329915e+00
1.019055221977882342e+00
1.015103318170058166e+00
1.008010031620310887e+00
1.004653256380579895e+00
1.004549472667841892e+00
1.004549450489911067e+00
1.004549450489911067e+00
1.004549450489911067e+00
1.004549450489911067e+00
1.004549450489911067e+00
1.004549211820840116e+00
1.004547408897662697e+00
1.004535479575568546e+00
1.004471660889676876e+00
1.004191385734449105e+00
1.003266400393973967e+00
1.001592292915036486e+00
1.000793782698510048e+00
1.000769029927496057e+00
1.000769024637568005e+00
1.000769024637568005e+00
1.000769024637568005e+00
1.000769024637568005e+00
1.000769024637568005e+00
1.000768982422010289e+00
1.000768663522144442e+00
1.000766553447774099e+00
1.000755264413556223e+00
1.000705671925010476e+00
1.000541841355063744e+00
1.000244696070984762e+00
1.000102676895651799e+00
1.000098271510637682e+00
1.000098270569141246e+00
1.000098270569141246e+00
1.000098270569141246e+00
1.000098270569141246e+00
1.000098270569141246e+00
1.000098228366519848e+00
1.000097949122572549e+00
1.000096455132058804e+00
1.000089891716922086e+00
1.000068205226471774e+00
1.000028855947980411e+00
1.000010041983306452e+00
1.000009458306596599e+00
1.000009458181855715e+00
1.000009458181855715e+00
1.000009458181855715e+00
1.000009458181855715e+00
1.000009454013341959e+00
1.000009426431344162e+00
1.000009278863924767e+00
1.000008630564448664e+00
1.000006488432948704e+00
1.000002601406343006e+00
1.000000742815351895e+00
1.000000685154180724e+00
1.000000685141857693e+00
1.000000685141857693e+00
1.000000685141857693e+00
1.000000685141857693e+00
1.000000684834072118e+00
1.000000682797533846e+00
1.000000671901775773e+00
1.000000624034032226e+00
1.000000465867521005e+00
1.000000178863259093e+00
1.000000041630760172e+00
1.000000037373233619e+00
1.000000037372323680e+00
1.000000037372323680e+00
1.000000037372323680e+00
1.000000037372323680e+00
1.000000037355296190e+00
1.000000037242629425e+00
1.000000036639847378e+00
1.000000033991677473e+00
1.000000025241486457e+00
1.000000009363642972e+00
1.000000001771571112e+00
1.000000001536033079e+00
1.000000001535982896e+00
1.000000001535982896e+00
1.000000001535982896e+00
1.000000001535982896e+00
1.000000001531301530e+00
1.000000001506255565e+00
1.000000001396222915e+00
1.000000001032647967e+00
1.000000000372915476e+00
1.000000000057461147e+00
1.000000000047674309e+00
1.000000000047672311e+00
1.000000000047672311e+00
1.000000000047672311e+00
1.000000000047672311e+00
1.000000000047525761e+00
1.000000000046742388e+00
1.000000000043300474e+00
1.000000000031928016e+00
1.000000000011291634e+00
1.000000000001424194e+00
1.000000000001118217e+00
1.000000000001117995e+00
1.000000000001117995e+00
1.000000000001117995e+00
1.000000000001117995e+00
1.000000000001114664e+00
1.000000000001096012e+00
1.000000000001014744e+00
1.000000000000746292e+00
1.000000000000259348e+00
1.000000000000026423e+00
1.000000000000019096e+00
1.000000000000019096e+00
1.000000000000019096e+00
1.000000000000019096e+00
1.000000000000019096e+00
1.000000000000019096e+00
1.000000000000018652e+00
1.000000000000017319e+00
1.000000000000012434e+00
1.000000000000003775e+00
9.999999999999995559e-01
9.999999999999993339e-01
9.999999999999993339e-01
9.999999999999993339e-01
9.999999999999993339e-01
9.999999999999993339e-01
9.999999999999993339e-01
9.999999999999993339e-01
9.999999999999993339e-01
9.999999999999991118e-01
9.999999999999991118e-01
9.999999999999991118e-01
9.999999999999991118e-01
9.999999999999991118e-01
9.999999999999991118e-01
9.999999999999991118e-01
9.999999999999991118e-01
9.999999999999991118e-01
9.999999999999991118e-01
9.999999999999991118e-01
9.999999999999991118e-01
9.999999999999991118e-01
9.999999999999991118e-01
9.999999999999991118e-01
9.999999999999991118e-01
9.999999999999991118e-01
9.999999999999991118e-01
9.999999999999991118e-01
9.999999999999991118e-01
9.999999999999991118e-01
9.999999999999991118e-01
9.999999999999991118e-01
9.999999999999991118e-01
9.999999999999991118e-01
9.999999999999991118e-01
9.999999999999991118e-01
9.999999999999991118e-01
9.999999999999991118e-01
9.999999999999991118e-01
9.999999999999991118e-01
9.999999999999991118e-01
9.999999999999991118e-01
9.999999999999991118e-01
9.999999999999991118e-01
9.999999999999991118e-01
9.999999999999991118e-01
9.999999999999991118e-01
9.999999999999991118e-01
9.999999999999991118e-01
9.999999999999991118e-01
9.999999999999991118e-01
9.999999999999991118e-01
9.999999999999991118e-01
9.999999999999991118e-01
9.999999999999991118e-01
9.999999999999991118e-01
9.999999999999991118e-01
9.999999999999991118e-01
9.999999999999991118e-01
9.999999999999991118e-01
9.999999999999991118e-01
9.999999999999991118e-01
9.999999999999991118e-01
9.999999999999991118e-01
9.999999999999991118e-01
9.999999999999991118e-01
9.999999999999991118e-01
9.999999999999991118e-01
9.999999999999991118e-01
9.999999999999991118e-01
9.999999999999991118e-01
9.999999999999991118e-01
9.999999999999991118e-01
9.999999999999991118e-01
9.999999999999991118e-01
9.999999999999991118e-01
9.999999999999991118e-01
9.999999999999991118e-01
9.999999999999991118e-01
9.999999999999991118e-01
9.999999999999991118e-01
9.999999999999991118e-01
9.999999999999991118e-01
9.999999999999991118e-01
9.999999999999991118e-01
9.999999999999991118e-01
9.999999999999991118e-01
9.999999999999991118e-01
9.999999999999991118e-01
9.999999999999991118e-01
9.999999999999991118e-01
9.999999999999991118e-01
9.999999999999991118e-01
9.999999999999991118e-01
9.999999999999991118e-01
9.999999999999991118e-01
9.999999999999991118e-01
9.999999999999991118e-01
9.999999999999991118e-01
9.999999999999991118e-01
9.999999999999991118e-01
9.999999999999991118e-01
9.999999999999991118e-01
9.999999999999991118e-01
9.999999999999991118e-01
9.999999999999991118e-01
9.999999999999991118e-01
9.999999999999991118e-01
9.999999999999991118e-01
9.999999999999991118e-01
9.999999999999991118e-01
9.999999999999991118e-01
9.999999999999991118e-01
9.999999999999991118e-01
9.999999999999991118e-01
9.999999999999991118e-01
9.999999999999991118e-01
9.999999999999991118e-01
9.999999999999991118e-01
9.999999999999991118e-01
9.999999999999991118e-01
9.999999999999991118e-01
9.999999999999991118e-01
9.999999999999991118e-01
9.999999999999991118e-01
9.999999999999991118e-01
9.999999999999991118e-01
9.999999999999991118e-01
9.999999999999991118e-01
9.999999999999991118e-01
9.999999999999991118e-01
9.999999999999991118e-01
9.999999999999991118e-01
9.999999999999991118e-01
9.999999999999991118e-01
9.999999999999991118e-01
9.999999999999991118e-01
9.999999999999991118e-01
9.999999999999991118e-01
9.999999999999991118e-01
9.999999999999991118e-01
9.999999999999991118e-01
9.999999999999991118e-01
9.999999999999991118e-01
9.999999999999991118e-01
9.999999999999991118e-01
9.999999999999991118e-01
9.999999999999991118e-01
9.999999999999991118e-01
9.999999999999991118e-01
9.999999999999991118e-01
9.999999999999991118e-01
9.999999999999991118e-01
9.999999999999991118e-01
9.999999999999991118e-01
9.999999999999991118e-01
9.999999999999991118e-01
9.999999999999991118e-01
9.999999999999991118e-01
9.999999999999991118e-01
9.999999999999991118e-01
9.999999999999991118e-01
9.999999999999991118e-01
9.999999999999991118e-01
9.999999999999991118e-01
