5.177258357102398907e+85
6.423037258215782056e+82
2.458463842443084192e+79
2.458463842068684844e+79
2.458446129431898317e+79
2.458446129366957163e+79
2.458445990915118940e+79
1.128293716083590997e+78
3.378250580794250406e+65
1.765204582896318994e+49
1.765204582896318994e+49
1.765204582896318994e+49
1.765204582896318994e+49
1.763511227852094045e+49
1.763511227852094045e+49
1.763511227852094045e+49
1.763511227794590137e+49
1.763511227794590137e+49
1.763511227794589358e+49
9.024385231721846050e+48
9.024385231721846050e+48
9.024385231721846050e+48
9.024385231721846050e+48
9.024385231721846050e+48
9.024385231721846050e+48
9.024385231721846050e+48
9.024385231721846050e+48
9.024385231721842156e+48
9.024385231721842156e+48
9.024385231721842156e+48
9.024385231721842156e+48
9.024385231721842156e+48
9.024385231721842156e+48
9.024385231721842156e+48
9.024385231721842156e+48
9.024385231721842156e+48
9.024385231721842156e+48
9.024385231721842156e+48
9.024385231721842156e+48
9.024385231721842156e+48
9.024385231721842156e+48
9.024385231721842156e+48
9.024385231703143397e+48
9.024385231703143397e+48
9.024383463224676708e+48
9.024383463224676708e+48
9.024383463224674112e+48
9.024383463224674112e+48
9.024383463224674112e+48
9.024383463224674112e+48
9.024383463221112196e+48
9.024383463221112196e+48
9.024383463221112196e+48
9.024383463221112196e+48
9.024383463221112196e+48
9.024377029677997811e+48
9.024377029651419742e+48
9.024377029647250327e+48
9.024377029647250327e+48
9.024377029647250327e+48
9.024376578014631220e+48
9.024376578014631220e+48
9.024376578014631220e+48
9.024376578014631220e+48
9.024376578014631220e+48
9.024376578014631220e+48
9.024376578014315788e+48
9.024376578014315788e+48
9.024376578014315788e+48
9.024376578014315788e+48
9.024044860750537918e+48
9.024044860656792296e+48
9.024044860656792296e+48
9.024044860656792296e+48
9.024044841314484385e+48
9.024044841314484385e+48
9.024044841314484385e+48
9.024044841314484385e+48
9.020987453456097896e+48
9.020987453456097896e+48
9.020987453456097896e+48
9.020987445440019718e+48
6.979148643212415530e+48
6.979148643212415530e+48
6.979071796727620576e+48
6.979071796727306442e+48
6.979071796696875688e+48
6.979071796696875688e+48
6.979071796696875688e+48
6.979071796696875688e+48
6.979071796696875688e+48
6.979071795163783839e+48
6.979071795163783839e+48
6.979071795163783839e+48
6.979071795163783839e+48
6.979071795163783839e+48
6.979071795162776533e+48
6.346050377488362977e+48
6.346050377487851536e+48
6.346050377487851536e+48
6.346050377487851536e+48
6.346050377487851536e+48
6.346050377487833363e+48
6.346050377487833363e+48
6.346050377487824276e+48
6.346050377487824276e+48
6.346050376553204351e+48
6.346050376553204351e+48
6.346050376553204351e+48
6.346050376553204351e+48
6.346050376553204351e+48
6.346050376553204351e+48
6.346050376461300697e+48
6.346050376461065745e+48
6.346050376461065745e+48
6.346050376461065745e+48
4.374528511489434903e+47
4.374528511489434903e+47
4.374528511489434903e+47
4.374528511489434903e+47
4.374528511489434903e+47
4.374528511489434903e+47
4.374528511489434903e+47
4.374528511489434903e+47
4.374528511489434903e+47
4.374528511489434903e+47
4.374528511489434903e+47
4.374528511489434903e+47
4.374528511489434903e+47
4.374528511489434903e+47
4.372393352330905854e+47
4.372393352330875024e+47
4.372393352330875024e+47
4.372393352330865289e+47
4.372393352330865289e+47
4.372393352330865289e+47
4.372393352330862044e+47
4.372392814787472996e+47
4.372392814787472996e+47
4.372392814418217126e+47
4.372392814418217126e+47
4.372392814418217126e+47
4.372392814418217126e+47
4.372392814417650841e+47
4.372224358250187491e+47
4.371975435328863681e+47
4.371975435328863681e+47
4.371975435328863681e+47
4.371970457130708127e+47
4.371970457130708127e+47
4.371970457130708127e+47
4.371970457130708127e+47
4.371970457130708127e+47
4.371970457130708127e+47
4.371970457078952285e+47
4.371970457078952285e+47
4.371970457078952285e+47
4.371970457078942550e+47
4.371970457078942550e+47
4.371970457078942550e+47
4.371970456559437023e+47
4.371970456559436212e+47
4.371970456559436212e+47
4.371970456559436212e+47
4.371970456559436212e+47
4.371970456559436212e+47
4.371970456559436212e+47
4.371970456559436212e+47
4.276846588601879027e+47
4.276846588601844141e+47
4.276846588601844141e+47
4.276846588431501919e+47
4.276846588431501919e+47
4.276846588431501919e+47
4.276846588431501919e+47
4.276846588431501919e+47
4.276846588431501919e+47
3.509165479081709851e+47
3.509165479081709851e+47
3.509165467917211646e+47
3.509165467917211646e+47
3.509165467917211646e+47
3.509165467917211646e+47
3.509165467917211646e+47
3.509165467917136196e+47
3.509109024961183644e+47
3.509109024961183644e+47
3.509109024959137149e+47
3.509109024940621742e+47
3.509109024940621742e+47
3.509108199531360958e+47
3.509108199531360958e+47
3.509108199531360958e+47
3.509108199531360958e+47
3.509108199531360958e+47
3.509005296957630730e+47
3.509005296931431130e+47
3.509005296931431130e+47
3.509005296931431130e+47
3.509005296931431130e+47
3.507046997478301161e+47
3.507046997478301161e+47
3.507046997478298727e+47
3.507046997478298727e+47
3.507046997478298727e+47
3.507046997478298727e+47
3.507046997478298727e+47
3.507046997478298727e+47
3.503196520975051910e+47
3.503196520975051910e+47
3.503196520975051910e+47
3.503196520975051910e+47
3.503196520975051910e+47
3.503196520974759438e+47
3.503196520974759438e+47
3.503196520974759438e+47
3.503196520974759438e+47
3.503196520974759438e+47
3.503196520973865795e+47
3.503196520973865795e+47
3.503196520973865795e+47
3.503196520973865795e+47
3.503196520973865795e+47
3.503196464579670436e+47
3.503102620811849011e+47
3.503102620811849011e+47
3.503102620811849011e+47
3.503102620811849011e+47
3.503102620628339853e+47
3.503102620628339853e+47
3.503102620628339853e+47
3.503102620628339853e+47
3.503102573111733679e+47
3.503102455134819442e+47
3.503102453029212041e+47
3.503102453029212041e+47
3.503102453029212041e+47
3.503102453029212041e+47
3.503102453029212041e+47
3.503102453029212041e+47
3.503102452930364907e+47
3.503102452930364907e+47
3.503102452930364907e+47
3.503102431989352606e+47
3.503102431989350983e+47
3.503102431989350983e+47
3.503096449613801471e+47
3.503096449613801471e+47
3.503096449613801471e+47
9.415424599582838765e+46
9.415424599582838765e+46
9.415422466990158781e+46
9.415422466990158781e+46
9.415422466990158781e+46
9.415422466990158781e+46
9.415422466912122210e+46
9.415422466912122210e+46
9.415399095936162849e+46
9.415399095936162849e+46
9.415399092672998984e+46
9.415399092672998984e+46
9.415399092672998984e+46
9.415399092672998984e+46
9.415399092672998984e+46
9.415399092672998984e+46
9.415399092672998984e+46
9.415399092672998984e+46
9.415399092672998984e+46
9.415399092672998984e+46
9.415399092672998984e+46
9.415399092672998984e+46
9.335273665907175756e+46
9.335273665521939781e+46
9.335273665521939781e+46
9.335273665521939781e+46
9.335273665521939781e+46
9.335273497932808763e+46
9.335273497932808763e+46
9.335273497932808763e+46
9.335273497932808763e+46
9.335273497932808763e+46
9.335273497932808763e+46
9.335273497890732905e+46
9.335273497890732905e+46
8.711334421467348863e+46
8.711334421467348863e+46
8.711334421467348863e+46
8.711334421467348863e+46
8.711334421467348863e+46
8.711334421467348863e+46
8.711334421467348863e+46
8.711334421467348863e+46
8.711334421467348863e+46
8.711334421467348863e+46
8.711334421467348863e+46
8.711334421467348863e+46
8.711334421467348863e+46
8.711334421467348863e+46
8.711334421467348863e+46
8.711334421467348863e+46
8.711334421467348863e+46
8.711334421467348863e+46
8.711334421467348863e+46
8.711334421467297143e+46
8.711334421467267733e+46
8.711334421467267733e+46
8.711334421467267733e+46
8.711334421467267733e+46
8.711334421467267733e+46
8.711334421467267733e+46
8.711334421467267733e+46
8.711334421467267733e+46
8.711334421467267733e+46
8.711334421467267733e+46
8.711334421467267733e+46
8.711334421467267733e+46
8.711334413393717684e+46
8.711334259679353089e+46
8.711334259679353089e+46
8.711334259679353089e+46
8.711334258667951466e+46
8.710428703293076016e+46
8.710428703293076016e+46
8.710428701904501690e+46
8.710428652893023311e+46
8.710428652893023311e+46
8.710428652893023311e+46
8.710428652893023311e+46
8.710428652893023311e+46
8.710428599331221832e+46
8.710428599331221832e+46
8.710428599329196634e+46
8.710428599329196634e+46
8.710428599318706571e+46
8.710428599318706571e+46
8.710428599318706571e+46
8.710428599318706571e+46
8.710428599318400307e+46
8.710428593685282516e+46
8.710428593685282516e+46
8.710428593685282516e+46
8.710428593685282516e+46
8.710428593685282516e+46
8.710428593685282516e+46
8.710428593685282516e+46
8.710428593685282516e+46
8.710428593641810213e+46
8.710428593641810213e+46
8.710428565372092380e+46
8.710428565372092380e+46
8.710428565372092380e+46
8.710428565372092380e+46
8.710428565365068582e+46
8.710428565365068582e+46
8.710428565365068582e+46
8.710428565365068582e+46
8.710428565365068582e+46
8.701272810238040110e+46
8.701272810238040110e+46
8.701272810238040110e+46
8.701272810238040110e+46
8.701122188010931631e+46
8.701122188010927574e+46
8.701122188010927574e+46
8.701122188005691670e+46
8.701122188005691670e+46
8.701122188005691670e+46
8.701122188005664289e+46
8.701122188005664289e+46
8.701122188005664289e+46
8.701122188005664289e+46
8.701122188005664289e+46
8.701122188003310515e+46
8.701122183206412133e+46
8.701122183206412133e+46
8.701122183206412133e+46
8.701122183206412133e+46
8.701122183206412133e+46
8.701122183206412133e+46
8.701122183206412133e+46
8.701122183206412133e+46
8.701106889557750688e+46
8.701106889557750688e+46
8.701106889557750688e+46
8.701106889557750688e+46
8.701106889557750688e+46
8.701106889557693897e+46
8.700972236979167851e+46
8.700972236979167851e+46
8.700972236979161766e+46
8.700972236979134385e+46
8.700972236979134385e+46
8.700972236979134385e+46
8.700972236979134385e+46
8.700972236979134385e+46
8.700972236979134385e+46
8.700967266989097800e+46
8.700967266989097800e+46
8.700967266989097800e+46
8.700967266989097800e+46
8.700967266989097800e+46
8.700967266989097800e+46
8.700967266989097800e+46
8.700967266989097800e+46
8.700967266989097800e+46
8.700967266989097800e+46
8.700967266989097800e+46
8.697452183297020139e+46
8.697452183297020139e+46
8.697452183297020139e+46
8.697452183297020139e+46
8.697452183297020139e+46
8.697452183297020139e+46
8.697452183297020139e+46
8.697452183297020139e+46
8.697452183297020139e+46
8.697381443248927674e+46
8.697381443248927674e+46
8.697381442941760721e+46
8.697381442941760721e+46
8.697381442941760721e+46
8.697381442941760721e+46
8.697381442941760721e+46
8.697381442941760721e+46
8.697381442941760721e+46
8.697381442941760721e+46
8.697381442941760721e+46
8.697381442941760721e+46
8.697381442941760721e+46
8.697381442941760721e+46
8.697381442941760721e+46
8.697381442941760721e+46
8.697381442941760721e+46
8.697381442941760721e+46
8.697381442941760721e+46
8.697381442941760721e+46
8.697381424250082249e+46
8.697381424250082249e+46
8.697381424250082249e+46
8.697381424250082249e+46
8.697381424250082249e+46
7.860348427332563277e+46
7.860348427332563277e+46
7.860348427332563277e+46
7.860348427332563277e+46
7.860348427332563277e+46
5.189058025145693990e+46
5.189058025145691961e+46
5.171302678591864885e+46
5.171302678591864885e+46
5.171302660372283835e+46
1.282976081519978912e+46
1.282975658392796679e+46
1.282975658392796679e+46
1.282975658392796679e+46
1.282811647310113412e+46
1.282811647310113412e+46
1.282811647310113412e+46
9.991490872703845760e+45
9.991490872703845760e+45
9.991490872703845760e+45
9.991490872703845760e+45
9.991490872671492782e+45
9.991490002549095465e+45
9.991490002549095465e+45
9.991490002548953489e+45
8.699748952717989970e+45
8.667909086644605317e+45
8.663468835817332222e+45
2.250865623352395534e+45
2.250865623352395534e+45
2.250865623352395534e+45
2.250865623352395534e+45
2.250865578823875655e+45
1.344074512554944861e+45
1.344072979622906087e+45
1.344072979622171958e+45
1.344072979622171958e+45
1.344072979622097801e+45
1.320122058516294061e+45
1.320122058516294061e+45
1.278285171455451182e+45
1.278285171455451182e+45
4.649815115856484980e+44
4.649815115856484980e+44
4.649731902271423703e+44
4.649731902271423703e+44
1.928766680192634586e+44
1.928766680192634586e+44
1.928766680159441155e+44
1.928743341546883211e+44
1.928743340740933143e+44
1.928743340740933143e+44
1.928743340740933143e+44
1.815016258931662490e+44
1.815016258931662490e+44
1.815016258931662490e+44
1.028800120156547786e+44
1.025601050562600526e+44
1.025601050562600130e+44
1.025601048987936241e+44
3.063183758863555403e+43
3.062853967151036226e+43
3.062852260902964939e+43
3.062852260902964939e+43
3.062852260902964939e+43
2.595948274072596392e+43
2.595948274072596392e+43
2.595948274072596392e+43
2.595948274072596392e+43
2.595948274046743253e+43
2.595948274046743253e+43
2.595948144982964750e+43
2.595948144982964750e+43
2.595948144982949895e+43
2.080065273744177564e+43
2.073641218649490645e+43
2.072476829376497451e+43
5.658668946603551600e+42
5.658668946603551600e+42
5.658668946603551600e+42
5.658668946603551600e+42
5.658668747479567971e+42
3.902438820786064368e+42
3.902435981290920613e+42
3.902435981289958734e+42
3.902435981289958734e+42
3.831247490066473072e+42
3.831247490065759400e+42
3.831247490065759400e+42
3.610754234645495648e+42
3.610754234645495648e+42
1.232276182307264716e+42
1.232276182307264716e+42
1.232249402289413401e+42
1.232249402289413401e+42
6.185998078749431068e+41
6.185998078749431068e+41
6.185998078749431068e+41
6.185998078696355163e+41
6.185945327866954114e+41
6.185945322001153965e+41
6.185945322001153965e+41
6.185945322001153965e+41
5.776471484293686765e+41
5.776471484293686765e+41
5.776471484293686765e+41
2.962049389044207716e+41
2.945045892547519377e+41
2.945045892547515509e+41
2.945045890529115398e+41
1.055909168330510590e+41
1.055823058916347605e+41
1.055822129853071777e+41
1.055822129853071777e+41
1.055822129853071777e+41
1.055822129853071777e+41
8.663525723865307560e+40
8.663525723865307560e+40
8.663525723865307560e+40
8.663525723661575512e+40
8.663525723661575512e+40
8.663525500204639028e+40
8.663525500204639028e+40
8.663525500204607112e+40
6.546648268366696112e+40
6.532652402567258468e+40
6.525227346417686942e+40
2.023779034549061198e+40
2.023779034549061198e+40
2.023779034549061198e+40
2.023779034549061198e+40
2.023778917842645290e+40
1.290896824533974849e+40
1.290896341537091295e+40
1.290896341536885535e+40
1.290896341536885535e+40
1.273694186201872035e+40
1.273694186201313995e+40
1.273694186201313995e+40
1.180100768487469356e+40
1.180100768487469356e+40
4.413537443237456646e+39
4.413537443237456646e+39
4.413537443237456646e+39
4.413316594083804863e+39
4.413316594083804863e+39
1.958675148404163379e+39
1.958675148404163379e+39
1.958675148404163379e+39
1.958675148393762083e+39
1.958666927318504696e+39
1.958666924623808137e+39
1.958666924623808137e+39
1.958666924623808137e+39
1.866608444877122702e+39
1.866608444877122702e+39
1.866608444877122702e+39
1.028618794202003238e+39
1.020624535334832668e+39
1.020624535334829495e+39
1.020624534860992682e+39
3.202408560072290857e+38
3.202285430634973174e+38
3.202279936208407164e+38
3.202279936208407164e+38
3.202279936208407164e+38
2.794922531774109151e+38
2.794922531774109151e+38
2.794922531774109151e+38
2.794922531774109151e+38
2.794922531676950050e+38
2.794922531676950050e+38
2.794922486218184691e+38
2.794922486218184691e+38
2.794922486218180536e+38
2.189024983044848059e+38
2.186589969020238725e+38
2.183341285564515982e+38
6.022665391619878688e+37
6.022665391619878688e+37
6.022665391619878688e+37
6.022665391619878688e+37
6.022664727134173115e+37
4.392113939439402628e+37
4.392112846535207342e+37
4.392112846534908888e+37
4.392112846534908888e+37
4.392112846534908888e+37
4.360961682797358726e+37
4.360961682794360968e+37
4.360961682794360968e+37
4.067867758955883743e+37
4.067867758955883743e+37
1.340234520550985967e+37
1.340234520550985967e+37
1.340154962610233081e+37
1.340154962610233081e+37
1.340154962610233081e+37
7.298539558089370183e+36
7.298539558089370183e+36
7.298539558089370183e+36
7.298539558071238657e+36
7.298517245490525872e+36
7.298517221435953891e+36
7.298517221435953891e+36
7.298517221435953891e+36
7.095805660099903073e+36
7.095805660099903073e+36
7.095805660099903073e+36
3.391230103292704664e+36
3.368151828611291135e+36
3.368151828611274607e+36
3.368151827963422594e+36
1.302503531339725632e+36
1.302463716658797258e+36
1.302460165770610589e+36
1.302460165770610589e+36
1.302460165770610589e+36
1.192563458641299561e+36
1.192563458641299561e+36
1.192563458641299561e+36
1.192563458641299561e+36
1.192563458527577155e+36
1.192563458527577155e+36
1.192563458527577155e+36
1.192563448137070618e+36
1.192563448137070618e+36
1.192563448137069880e+36
8.418551418460342983e+35
8.411509867868491470e+35
8.398754178973313850e+35
2.609151578664051357e+35
2.609151578664051357e+35
2.609151578664051357e+35
2.609151578664051357e+35
2.609151091460288991e+35
2.087298329656366899e+35
2.087298019772025652e+35
2.087298019771963671e+35
2.087298019771963671e+35
2.087298019771963671e+35
2.073538960079024856e+35
2.073538960074668104e+35
2.073538960074668104e+35
1.849983039101359623e+35
1.849983039101359623e+35
6.097997535668372704e+34
6.097997535668372704e+34
6.097997535668372704e+34
6.097560529315286528e+34
6.097560529315286528e+34
3.831504159372158352e+34
3.831504159372158352e+34
3.831504159372158352e+34
3.831504159367561424e+34
3.831504159367561424e+34
3.831496439451695721e+34
3.831496413553526346e+34
3.831496413553526346e+34
3.831496413553526346e+34
3.722376388689399119e+34
3.722376388689399119e+34
3.722376388689399119e+34
1.647657534435980830e+34
1.628534063209578215e+34
1.628534063209554003e+34
1.628534063070222056e+34
7.429456859660872366e+33
7.429294230298167084e+33
7.429263575609488211e+33
7.429263575609488211e+33
7.429263575609488211e+33
7.429263575609488211e+33
6.737067726265698024e+33
6.737067726265698024e+33
6.737067726265698024e+33
6.737067724847851299e+33
6.737067724847851299e+33
6.737067724847851299e+33
6.737067694342228510e+33
6.737067694342228510e+33
6.737067694342226204e+33
4.440697766387671048e+33
4.438237317468624388e+33
4.425727275391745188e+33
1.570713086849160102e+33
1.570713086849160102e+33
1.570713086849160102e+33
1.570713086849160102e+33
1.570713086849160102e+33
1.570712618356964802e+33
1.213660406735380637e+33
1.213660310354850792e+33
1.213660310354827733e+33
1.213660310354827733e+33
1.213660310354827733e+33
1.207809938348275038e+33
1.207809938342500198e+33
1.207809938342500198e+33
1.046024567590204705e+33
1.046024567590204705e+33
3.752449764005416886e+32
3.752449764005416886e+32
3.752449764005416886e+32
3.751866110475317581e+32
3.751866110475317581e+32
2.192378911373392653e+32
2.192378911373392653e+32
2.192378911373392653e+32
2.192378911373392653e+32
2.192378911371747218e+32
2.192376586120205194e+32
2.192376563621412928e+32
2.192376563621412928e+32
2.192376563621412928e+32
2.147160673673369308e+32
2.147160673673369308e+32
2.147160673673369308e+32
1.008487276768571666e+32
9.928078176354787067e+31
9.928078176354433985e+31
9.928078175788178389e+31
4.101799846174143114e+31
4.101754242191993587e+31
4.101721282140695466e+31
4.101721282140695466e+31
4.101721282140695466e+31
3.829034916513186344e+31
3.829034916513186344e+31
3.829034916513186344e+31
3.829034916513186344e+31
3.829034915297944928e+31
3.829034915297944928e+31
3.829034915297944928e+31
3.829034904522333871e+31
3.829034904522333871e+31
3.829034904522332970e+31
2.628244897286859917e+31
2.627451816302629040e+31
2.617826130200422121e+31
8.440361650910622765e+30
8.440361650910622765e+30
8.440361650910622765e+30
8.440361650910622765e+30
8.440361650910622765e+30
8.440361650910621640e+30
8.440356879144571040e+30
7.042611696061093835e+30
7.042611341176097748e+30
7.042611341176040327e+30
7.042611341176040327e+30
7.042611341176040327e+30
7.042611341123944939e+30
7.024447906214064156e+30
7.024447906214064156e+30
6.162710554179826161e+30
6.162710554179826161e+30
2.014890622598004979e+30
2.014890622598004979e+30
2.014890622598004979e+30
2.014520872174797073e+30
2.014520872174797073e+30
1.361625130320366847e+30
1.361625130320366847e+30
1.361625130320366847e+30
1.361625130320366847e+30
1.361625130319905509e+30
1.361624149522808971e+30
1.361624118910795779e+30
1.361624118910795779e+30
1.361624118910795779e+30
1.345436014290162907e+30
1.345436014290162907e+30
1.345436014290162907e+30
5.646136774059745173e+29
5.569583848390705566e+29
5.569583848390410721e+29
5.569583848260875233e+29
2.784247009235874575e+29
2.784213639332429731e+29
2.784190662751985156e+29
2.784190662751985156e+29
2.784190662751985156e+29
2.665648163174707691e+29
2.665648163174707691e+29
2.665648163174707691e+29
2.665648163174707691e+29
2.665648163174707691e+29
2.665648161097221812e+29
2.665648161097221812e+29
2.665648157301172519e+29
2.665648157301172519e+29
2.665648157301172519e+29
1.643726110493989820e+29
1.643386867091294779e+29
1.637532525361641651e+29
1.637532525361641651e+29
6.178464664279914473e+28
6.178464664279914473e+28
6.178464664279914473e+28
6.178464664279914473e+28
6.178464664279912714e+28
6.178459045907130070e+28
5.450045400004058311e+28
5.450045245520113186e+28
5.450045245520095594e+28
5.450045245520095594e+28
5.450045245520095594e+28
5.450045245410045035e+28
5.438145759098443808e+28
5.438145759098443808e+28
4.488400785472361636e+28
4.488400785472361636e+28
1.557240406365144195e+28
1.557240406365144195e+28
1.557240406365144195e+28
1.556897091039992849e+28
1.556897091039992849e+28
1.161075686994062668e+28
1.161075686994062668e+28
1.161075686994062668e+28
1.161075686994062668e+28
1.161075686993878610e+28
1.161075168613940298e+28
1.161075119704735755e+28
1.161075119704735755e+28
1.161075119704735755e+28
1.148193328537945549e+28
1.148193328537945549e+28
1.148193328537945549e+28
4.626715606059917945e+27
4.527049098329258894e+27
4.527049098328573349e+27
4.527049098281581871e+27
2.589780838470454442e+27
2.589735958215224334e+27
2.589721508630524850e+27
2.589721508630524850e+27
2.589721508630524850e+27
2.589721508630524850e+27
2.477651164909012429e+27
2.477651164909012429e+27
2.477651164909012429e+27
2.477651164909012429e+27
2.477651160965300615e+27
2.477651160965300615e+27
2.477651160965300615e+27
2.477651159164539712e+27
2.477651159164539712e+27
1.435925729045286880e+27
1.435925729045286880e+27
1.435737532292718844e+27
1.427025316316282844e+27
1.427025316316282844e+27
6.142768680542149610e+26
6.142768680542149610e+26
6.142768680542149610e+26
6.142768680542149610e+26
6.142768680542141364e+26
6.142760047383717303e+26
5.363417895118599193e+26
5.363417812967032114e+26
5.363417812967021119e+26
5.363417812967021119e+26
5.363417812967021119e+26
5.363417812732831327e+26
5.355035878927099630e+26
5.355035878927099630e+26
5.355035878927099630e+26
4.244669231160437009e+26
4.244669231160437009e+26
1.609309176088646743e+26
1.609309176088646743e+26
1.608592642153419496e+26
1.608592642153419496e+26
1.161297929529123509e+26
1.161297929529123509e+26
1.161297929529123509e+26
1.161297929529123509e+26
1.161297929529009606e+26
1.161297644778852498e+26
1.161297568720101115e+26
1.161297568720101115e+26
1.161297568720101115e+26
1.151902003395732685e+26
1.151902003395732685e+26
1.151902003395732685e+26
1.151902003395732685e+26
4.865569258000920587e+25
4.728139490858728530e+25
4.728139490857084416e+25
4.728139490825442533e+25
2.549779507577218346e+25
2.549694471901781081e+25
2.549686781106570885e+25
2.549686781106570885e+25
2.549686781106570885e+25
2.549686781106570885e+25
2.469740443207470474e+25
2.469740443207470474e+25
2.469740443207470474e+25
2.469740437116034322e+25
2.469740437116034322e+25
2.469740437116034322e+25
2.469740437116034322e+25
2.469740437116034322e+25
2.469740436011545686e+25
1.483088682211536923e+25
1.483088682211536923e+25
1.482978437818789124e+25
1.471330138839397562e+25
1.471330138839397562e+25
5.904809732603000849e+24
5.904809732603000849e+24
5.904809732603000849e+24
5.904809732602983669e+24
5.904809732602983669e+24
5.904794139726208406e+24
5.360542855825089278e+24
5.360542805168820134e+24
5.360542805168815839e+24
5.360542805168815839e+24
5.360542804805157736e+24
5.360542804805157736e+24
5.355941994756842189e+24
5.355941994756842189e+24
5.355941994756842189e+24
4.316901440313975370e+24
4.316901440313975370e+24
1.530173376982630361e+24
1.530173376982630361e+24
1.529360177194180647e+24
1.529360177194180647e+24
1.207852899492894033e+24
1.207852899492894033e+24
1.207852899492894033e+24
1.207852899492894033e+24
1.207852899492841688e+24
1.207852709346540394e+24
1.207852548517820214e+24
1.207852548517820214e+24
1.207852548517820214e+24
1.202252100268186629e+24
1.202252100268186629e+24
1.202252100268186629e+24
1.127740172922110876e+24
4.576924386905947447e+23
4.576924386905947447e+23
4.576924386903552332e+23
4.576924386890933852e+23
2.858546459130577048e+23
2.858412282722588085e+23
2.858406316105229318e+23
2.858406316105229318e+23
2.858406316105229318e+23
2.858406316105229318e+23
2.802560726360632349e+23
2.802560726360632349e+23
2.802560726360632349e+23
2.802560711028565806e+23
2.802560711028565806e+23
2.802560711028565806e+23
2.802560711028565806e+23
2.802560711028565806e+23
2.802560710423307270e+23
1.535215331880353892e+23
1.535215331880353892e+23
1.535215331880353892e+23
1.535142410378632694e+23
1.523655130039768989e+23
7.177286562103243781e+22
7.177286562103243781e+22
7.177286562103243781e+22
7.177286562103206032e+22
7.177286562103206032e+22
7.177257639988786994e+22
6.721769042906899179e+22
6.721769042906899179e+22
6.721769009010402394e+22
6.721769009010399878e+22
6.721769009010399878e+22
6.721769007892723558e+22
6.721769007892723558e+22
6.717302673308770737e+22
6.717302673308770737e+22
6.717302673308770737e+22
5.050226418981534066e+22
5.050226418981534066e+22
5.050226418981534066e+22
1.981523510745930662e+22
1.980269114886196507e+22
1.980269114886196507e+22
1.665138242410729230e+22
1.665138242410729230e+22
1.665138242410729230e+22
1.665138242410729230e+22
1.665138242410696095e+22
1.665138088619176624e+22
1.665137704883870866e+22
1.665137704883870866e+22
1.665137704883870866e+22
1.658562965758128685e+22
1.658562965758128685e+22
1.658562965758128685e+22
1.508232608576327333e+22
6.224234416792610537e+21
6.224234416783952445e+21
6.224234416783952445e+21
6.224234416776188789e+21
4.295878847413348729e+21
4.295878847413348729e+21
4.295600077286010257e+21
4.295594342747968373e+21
4.295594342747968373e+21
4.295594342747968373e+21
4.295594342747968373e+21
4.217631994013463609e+21
4.217631994013463609e+21
4.217631994013463609e+21
4.217631950419774145e+21
4.217631950419774145e+21
4.217631950419774145e+21
4.217631950419774145e+21
4.217631950419774145e+21
4.217631949963716985e+21
2.216271660052013384e+21
2.216271660052013384e+21
2.216271660052013384e+21
2.216206984085571633e+21
2.190140090200365990e+21
1.161091029762196242e+21
1.161091029762196242e+21
1.161091029762176975e+21
1.161091029762176975e+21
1.161084066616475386e+21
1.161084066616475386e+21
1.087495617523179586e+21
1.087495617523179586e+21
1.087495614571335778e+21
1.087495614571335516e+21
1.087495614571335516e+21
1.087495614204053422e+21
1.087495614204053422e+21
1.086997990582322987e+21
1.086997990582322987e+21
7.829836436157754245e+20
7.829836436157754245e+20
7.829836436157754245e+20
7.829836436157754245e+20
3.377259882966329590e+20
3.373277409367001661e+20
3.373277409367001661e+20
3.373277409367001661e+20
2.813410620861613998e+20
2.813410620861613998e+20
2.813410620861613998e+20
2.813409613090819277e+20
2.813409613090786509e+20
2.813409467025011835e+20
2.813409467025011180e+20
2.813409467025011180e+20
2.805413000266388931e+20
2.805413000266388931e+20
2.499147521740253102e+20
1.089013320103837368e+20
1.089013320103837368e+20
1.089013320100510106e+20
1.089013320100510106e+20
1.089013320099681403e+20
1.088817442927037153e+20
7.333506783523247718e+19
7.333506783523247718e+19
7.333501222878905139e+19
7.333501222878905139e+19
7.333501222878905139e+19
7.333501222878905139e+19
7.333501222878905139e+19
7.236317411681194803e+19
7.236317411681194803e+19
7.236317293625806848e+19
7.236317293625806848e+19
7.236317293625806848e+19
7.236317293625806848e+19
7.236317293625806848e+19
7.236317293625806848e+19
7.236317293157755290e+19
7.236317293157755290e+19
3.909943096204384666e+19
3.909943096204384666e+19
3.851162724804681728e+19
3.851097751232654541e+19
1.962864012503283712e+19
1.962864012503283712e+19
1.962864012503214080e+19
1.962842251628115968e+19
1.962842251628115968e+19
1.962842251628115968e+19
1.871721543509737882e+19
1.871721543509737882e+19
1.871721540461163315e+19
1.871721540461162906e+19
1.871721539460261478e+19
1.871721539460261478e+19
1.871231011131459584e+19
1.871231011131459584e+19
1.871231011131459584e+19
1.871231011131459584e+19
1.368839712489117491e+19
1.368839712489117491e+19
1.368839712489117491e+19
5.649932061480594432e+18
5.641832477214708736e+18
5.641832477214708736e+18
5.641832477214708736e+18
4.941858354555438080e+18
4.941858354555438080e+18
4.941854954381262848e+18
4.941854954381262848e+18
4.941854954381238272e+18
4.941854797258673152e+18
4.941854797258671104e+18
4.941854797258671104e+18
4.933636606043332608e+18
4.933636606043332608e+18
4.411577282229188096e+18
4.411577282178956800e+18
1.829806943199503872e+18
1.829806943199503872e+18
1.829806943199503872e+18
1.829404991706875904e+18
1.358547970223833344e+18
1.358547970223508992e+18
1.358547970223508992e+18
1.358547304907727360e+18
1.358547304907727360e+18
1.358547304907727360e+18
1.358547304907727360e+18
1.358547304907727360e+18
1.358547304907727360e+18
1.347394472072196864e+18
1.347394472072196864e+18
1.347394427314749440e+18
1.347394427314749440e+18
1.347394427314749440e+18
1.347394427314749440e+18
1.347394427314749440e+18
1.347394427314749440e+18
1.347394427273942016e+18
6.812507672853473280e+17
6.714459937082378240e+17
6.714459937082378240e+17
6.714391079133496320e+17
3.917901804101596800e+17
3.917901804101596800e+17
3.917901804101342720e+17
3.917838786219212800e+17
3.917838786219212800e+17
3.917838786219212800e+17
3.795146769982629760e+17
3.795146769982629760e+17
3.795146766830781440e+17
3.795146766830781440e+17
3.795146762331001600e+17
3.795146762331001600e+17
3.794443612044596480e+17
3.794443612044596480e+17
3.794443612044596480e+17
3.794443612044596480e+17
3.794443612044596480e+17
2.599998138058811200e+17
2.599998138058811200e+17
1.209264994814654880e+17
1.207228142193412480e+17
1.207228142193412480e+17
1.207228142193412480e+17
1.207228142193412480e+17
1.096647611485451680e+17
1.096646394409900160e+17
1.096646394409900160e+17
1.096646374952468960e+17
1.096646374952468960e+17
1.096646374952466400e+17
1.096646374952465440e+17
1.096646374952465440e+17
1.096646374952465440e+17
1.095234913503866400e+17
1.095234913470011200e+17
9.424115452416953600e+16
4.128463301642101600e+16
4.128463301642101600e+16
4.128463301642101600e+16
4.127339818322842400e+16
3.275274541972696800e+16
3.275274541972311200e+16
3.275273569522785200e+16
3.275273569522785200e+16
3.275273569522785200e+16
3.275273569522785200e+16
3.275273569522785200e+16
3.275273569522785200e+16
3.275273569522785200e+16
3.275273569522785200e+16
3.252644024980920400e+16
3.252643835392504800e+16
3.252643835392504800e+16
3.252643835392504800e+16
3.252643835392504800e+16
3.252643835392504800e+16
3.252643835392504800e+16
3.252643835343879600e+16
1.622624666499460800e+16
1.588520037365173000e+16
1.588520037365173000e+16
1.588510345378599200e+16
1.017092167111439200e+16
1.017092167111251800e+16
1.017092167111251800e+16
1.017068847365279400e+16
1.017068847365279400e+16
1.017068847365279400e+16
9.881558579030564000e+15
9.881558579030564000e+15
9.881558574661392000e+15
9.881558552487192000e+15
9.881558552487192000e+15
9.881558552487192000e+15
9.881558552487192000e+15
9.880359706536424000e+15
9.880359706536424000e+15
9.880359706536424000e+15
9.880359706536424000e+15
6.547253862338322000e+15
6.547253862338322000e+15
3.334453088821279000e+15
3.324904577783708500e+15
3.324904577783708500e+15
3.324904577783708500e+15
3.324904577783708500e+15
3.031396423116420000e+15
3.031391316678922500e+15
3.031391316678922500e+15
3.031391286278712500e+15
3.031391286278708000e+15
3.031391286278700500e+15
3.031391286278700500e+15
3.031391286278700500e+15
3.031391286278700500e+15
3.028678072949623500e+15
3.028678072949623500e+15
3.028678072761440500e+15
2.543314620701744000e+15
1.181999713826083000e+15
1.181999713826083000e+15
1.181999713826083000e+15
1.181431362441355250e+15
9.379262219285800000e+14
9.379262219285178750e+14
9.379262219285178750e+14
9.379260588677932500e+14
9.379260588677932500e+14
9.379260588677932500e+14
9.379260588677932500e+14
9.379260588677932500e+14
9.379260588677932500e+14
9.379260588677932500e+14
9.332502997019562500e+14
9.332502140012412500e+14
9.332502140012412500e+14
9.332502140012412500e+14
9.332502140012412500e+14
9.332502140012412500e+14
9.332502140012412500e+14
9.332502139933641250e+14
4.764081285544498750e+14
4.639619488604531250e+14
4.639602582890689375e+14
4.639602582890689375e+14
2.951241690291368750e+14
2.951241690290222500e+14
2.951120494382606250e+14
2.951120494382606250e+14
2.951120494382606250e+14
2.951120494382606250e+14
2.951120494382606250e+14
2.889431145677064375e+14
2.889431144941940625e+14
2.889431134531449375e+14
2.889431134531449375e+14
2.889431134531449375e+14
2.889431134531449375e+14
2.889221530960995000e+14
2.889221530960995000e+14
2.889221530960995000e+14
2.889221530960995000e+14
1.932230803888419375e+14
9.703030765166654688e+13
9.703030765166654688e+13
9.668645144641710938e+13
9.668645144641710938e+13
9.668645144641710938e+13
9.668645144641710938e+13
9.029332607046615625e+13
9.029304641306067188e+13
9.029304641306018750e+13
9.029304641306018750e+13
9.029304588231175000e+13
9.029304588231168750e+13
9.029304588231168750e+13
9.029304588231168750e+13
9.024380783115321875e+13
9.024380783115321875e+13
9.024380783115321875e+13
9.024380782197923438e+13
7.588723640083165625e+13
3.452432478118812109e+13
3.452432478118812109e+13
3.452432478118812109e+13
3.450369218874673047e+13
2.897829975350939062e+13
2.897829975350939062e+13
2.897829975350850000e+13
2.897829669051998828e+13
2.897829669051998828e+13
2.897829669051998828e+13
2.897829669051998828e+13
2.897829669051998828e+13
2.897829669051998828e+13
2.897829669051998828e+13
2.897829158997098438e+13
2.888685946583743359e+13
2.888685946583743359e+13
2.888685946583743359e+13
2.888685946583743359e+13
2.888685946583743359e+13
2.888685946583743359e+13
1.419626615267958984e+13
1.419626615265230078e+13
1.382849776669748438e+13
1.382849776669748438e+13
1.382846821333015430e+13
1.382846821333015430e+13
9.678427889075693359e+12
9.678427889068923828e+12
9.677873195715666016e+12
9.677873195715666016e+12
9.677873195715666016e+12
9.677873195715666016e+12
9.677873195715666016e+12
9.541277300808121094e+12
9.541277230736425781e+12
9.541277229536330078e+12
9.541277229536330078e+12
9.541277229536330078e+12
9.541277229536330078e+12
9.541277229536330078e+12
9.540827464629103516e+12
9.540827464629103516e+12
6.076172185426839844e+12
6.076172185426839844e+12
3.405982151493986328e+12
3.391894478759807617e+12
3.391894478759807617e+12
3.391894478759807617e+12
3.391894478759807617e+12
3.391894478759807617e+12
3.227948349272417480e+12
3.227933138913778809e+12
3.227933138913744629e+12
3.227933128758370117e+12
3.227933128758370117e+12
3.227933128758368652e+12
3.227933128758368652e+12
3.227933128758368652e+12
3.226694620068759277e+12
3.226694620068759277e+12
3.226694620068759277e+12
3.226694619344786621e+12
2.610954117150321289e+12
1.282017810130112061e+12
1.282017810130112061e+12
1.281071396153908203e+12
1.281071396153908203e+12
1.281071396153908203e+12
1.119077560602109619e+12
1.119077560602093018e+12
1.119077560602093018e+12
1.119077560602093018e+12
1.119077492213016602e+12
1.119077492213016602e+12
1.119077492213016602e+12
1.119077492213016602e+12
1.119077492213016602e+12
1.119077168497536621e+12
1.116391886294041260e+12
1.116391886294041260e+12
1.116391886294041260e+12
1.116391886294041260e+12
1.116391886294041260e+12
1.116391886294041260e+12
5.566052403755683594e+11
5.566052403755683594e+11
5.566052403750455322e+11
5.370803830928084106e+11
5.370797156674370117e+11
4.006479718361553955e+11
4.006479718361553955e+11
4.006479718354394531e+11
4.006163482906947021e+11
4.006163482906947021e+11
4.006163482906947021e+11
3.959982763932673950e+11
3.959982763932673950e+11
3.959982763932673950e+11
3.959982712565204468e+11
3.959982712565204468e+11
3.959982712307595825e+11
3.959982712307595825e+11
3.959982712307595825e+11
3.959982712307595825e+11
3.959866718809027710e+11
3.959866718809027710e+11
2.482459208390435181e+11
2.482459208390435181e+11
2.482459208390435181e+11
1.500042521466348877e+11
1.500042521466348877e+11
1.500042521466348877e+11
1.490536978949161682e+11
1.490536978949161682e+11
1.427826796312795105e+11
1.427816895129315796e+11
1.427816895129274597e+11
1.427816895129274597e+11
1.427816892653200378e+11
1.427816892653200073e+11
1.427816892653200073e+11
1.427816892653200073e+11
1.427454050198568726e+11
1.427454050198568726e+11
1.427454050198568726e+11
1.427454049595589294e+11
1.130782700551231842e+11
5.895714749562364197e+10
5.895714749562364197e+10
5.888739679061772156e+10
5.888739679061772156e+10
5.888739679061772156e+10
5.206939128685077667e+10
5.206939128685077667e+10
5.206939128685077667e+10
5.206939128685037231e+10
5.206938944182183075e+10
5.206938944182183075e+10
5.206938944182183075e+10
5.206938944182183075e+10
5.206938944182183075e+10
5.206936612556854248e+10
5.198226625567277527e+10
5.198226625567276001e+10
5.198226625567276001e+10
5.198226625567276001e+10
5.198226625567276001e+10
5.198226625567276001e+10
5.198226625567276001e+10
2.655497831400777435e+10
2.544517411846969223e+10
2.544517411845731354e+10
2.544515545006498337e+10
1.931361139809103012e+10
1.931361139809103012e+10
1.931361139802022552e+10
1.931361139802022552e+10
1.931104948530841446e+10
1.931104948530841446e+10
1.914988197973199081e+10
1.914988197973199081e+10
1.914988197973199081e+10
1.914988158007768631e+10
1.914988158007768631e+10
1.914988158007768631e+10
1.914988157939495087e+10
1.914988157939495087e+10
1.914988157939495087e+10
1.914954354879161072e+10
1.914954354879161072e+10
1.205521488466560364e+10
1.205521488466560364e+10
1.205521488466560364e+10
1.205521488466560364e+10
7.414700434072947502e+09
7.356385156180514336e+09
7.356385156180514336e+09
7.356385156180514336e+09
7.125154553911741257e+09
7.125068593510719299e+09
7.125068593510282516e+09
7.125068593510282516e+09
7.125068586522439003e+09
7.125068586522439003e+09
7.125068586522439003e+09
7.125068586522439003e+09
7.123942518537192345e+09
7.123942518537192345e+09
7.123942513540646553e+09
7.123942513540646553e+09
7.123942513540646553e+09
5.619453253472043037e+09
2.961186611781362057e+09
2.961186611781362057e+09
2.956763114258936882e+09
2.956763114258936882e+09
2.956763114258936882e+09
2.956763114258936882e+09
2.691803793000183105e+09
2.691803793000183105e+09
2.691803793000173569e+09
2.691803737118240833e+09
2.691803737118240833e+09
2.691803737118240833e+09
2.691803737118240833e+09
2.691803737118240833e+09
2.691801564634916306e+09
2.688899084453798294e+09
2.688899084453798294e+09
2.688899084453796387e+09
2.688899084453796387e+09
2.688899084453796387e+09
2.688899084453796387e+09
1.361690293268341303e+09
1.361690293268341303e+09
1.302141650779629230e+09
1.302141650779338598e+09
1.302141650768630743e+09
1.302141096705591440e+09
1.047381298721211553e+09
1.047381298721211553e+09
1.047381298721211553e+09
1.047191837765542626e+09
1.047191837765542626e+09
1.041269860110558391e+09
1.041269860110558391e+09
1.041269860110558391e+09
1.041269860110558391e+09
1.041269818914571643e+09
1.041269818914571643e+09
1.041269818914571643e+09
1.041269818896474361e+09
1.041269818896474361e+09
1.041269818896474361e+09
1.041258492288790345e+09
1.041258492288790345e+09
6.389319935218760967e+08
6.389319935218760967e+08
6.389319935218760967e+08
6.301306328640618324e+08
4.229708734702780843e+08
4.229708734702780843e+08
4.229708734702780843e+08
4.229708734702780843e+08
4.229708734702780843e+08
4.229708734702780843e+08
4.229708734702780843e+08
4.229708734702780843e+08
4.229708734702780843e+08
4.229708734702780843e+08
4.229708734702780843e+08
4.229708734702780843e+08
4.229708734702780843e+08
4.229708734702780843e+08
4.229708734702780843e+08
4.229708734702780843e+08
4.229708734702780843e+08
4.229708734702780843e+08
4.229708734702780843e+08
4.229708734702780843e+08
4.229708734702780843e+08
4.229708734702780843e+08
4.229708734702780843e+08
4.229708734702780843e+08
4.229708734702780843e+08
4.229708734702780843e+08
4.229708734702780843e+08
4.229708734702780843e+08
4.229708734702780843e+08
4.229708734702780843e+08
4.229708734702780843e+08
4.229708734702780843e+08
4.229708734702780843e+08
4.229708734702780843e+08
4.229708734702780843e+08
4.229708734702780843e+08
4.229708734702780843e+08
4.229708734702780843e+08
4.229708734702780843e+08
4.229708734702780843e+08
4.229708734702780843e+08
4.229708734702780843e+08
4.229708734702780843e+08
4.229708734702780843e+08
4.229708734702780843e+08
4.229708734702780843e+08
4.229708734702780843e+08
4.229708734702780843e+08
4.229708734702780843e+08
4.229708734702780843e+08
4.229708734702780843e+08
4.229708734702780843e+08
4.229708734702780843e+08
4.229708734702780843e+08
4.229708734702780843e+08
4.229708734702780843e+08
4.229708734702780843e+08
4.229708734702780843e+08
4.229708734702780843e+08
4.229708734702780843e+08
4.229708734702780843e+08
4.229708734702780843e+08
4.229708734702780843e+08
4.229708734702780843e+08
4.229708734702780843e+08
4.229708734702780843e+08
4.229708734702780843e+08
4.229708734702780843e+08
4.229708734702780843e+08
4.229708734702780843e+08
4.229708734702780843e+08
4.229708734702780843e+08
4.229708734702780843e+08
4.229708734702780843e+08
4.229708734702780843e+08
4.229708734702780843e+08
4.229708734702780843e+08
4.229708734702780843e+08
4.229708734702780843e+08
4.229708734702780843e+08
4.229708734702780843e+08
4.229708734702780843e+08
4.229708734702780843e+08
4.229708734702780843e+08
4.229708734702780843e+08
4.229708734702780843e+08
4.229708734702780843e+08
4.229708734702780843e+08
4.229708734702780843e+08
4.229708734702780843e+08
4.229708734702780843e+08
4.229708734702780843e+08
4.229708734702780843e+08
4.229708734702780843e+08
4.229708734702780843e+08
4.229708734702780843e+08
4.229708734702780843e+08
4.229708734702780843e+08
4.229708734702780843e+08
4.229708734702780843e+08
4.229708734702780843e+08
4.229708734702780843e+08
4.229708734702780843e+08
4.229708734702780843e+08
4.229708734702780843e+08
4.229708734702780843e+08
4.229708734702780843e+08
4.229708734702780843e+08
4.229708734702780843e+08
4.229708734702780843e+08
4.229708734702780843e+08
4.229708734702780843e+08
4.229708734702780843e+08
4.229708734702780843e+08
4.229708734702780843e+08
4.229708734702780843e+08
4.229708734702780843e+08
4.229708734702780843e+08
4.229708734702780843e+08
4.229708734702780843e+08
4.229708734702780843e+08
4.229708734702780843e+08
4.229708734702780843e+08
4.229708734702780843e+08
4.229708734702780843e+08
4.229708734702780843e+08
4.229708734702780843e+08
4.229708734702780843e+08
4.229708734702780843e+08
4.229708734702780843e+08
4.229708734702780843e+08
4.229708734702780843e+08
4.229708734702780843e+08
4.229708734702780843e+08
4.229708734702780843e+08
4.229708734702780843e+08
4.229708734702780843e+08
4.229708734702780843e+08
4.229708734702780843e+08
4.229708734702780843e+08
4.229708734702780843e+08
4.229708734702780843e+08
4.229708734702780843e+08
4.229708734702780843e+08
4.229708734702780843e+08
4.229708734702780843e+08
4.229708734702780843e+08
4.229708734702780843e+08
4.229708734702780843e+08
4.229708734702780843e+08
4.229708734702780843e+08
4.229708734702780843e+08
4.229708734702780843e+08
4.229708734702780843e+08
4.229708734702780843e+08
4.229708734702780843e+08
4.229708734702780843e+08
4.229708734702780843e+08
4.229708734702780843e+08
4.229708734702780843e+08
4.229708734702780843e+08
4.229708734702780843e+08
4.229708734702780843e+08
4.229708734702780843e+08
4.229708734702780843e+08
4.229708734702780843e+08
4.229708734702780843e+08
4.229708734702780843e+08
4.229708734702780843e+08
4.229708734702780843e+08
4.229708734702780843e+08
4.229708734702780843e+08
4.229708734702780843e+08
4.229708734702780843e+08
4.229708734702780843e+08
4.229708734702780843e+08
4.229708734702780843e+08
4.229708734702780843e+08
4.229708734702780843e+08
4.229708734702780843e+08
4.229708734702780843e+08
4.229708734702780843e+08
4.229708734702780843e+08
4.229708734702780843e+08
4.229708734702780843e+08
4.229708734702780843e+08
4.229708734702780843e+08
4.229708734702780843e+08
4.229708734702780843e+08
4.229708734702780843e+08
4.229708734702780843e+08
4.229708734702780843e+08
4.229708734702780843e+08
4.229708734702780843e+08
4.229708734702780843e+08
4.229708734702780843e+08
4.229708734702780843e+08
4.229708734702780843e+08
4.229708734702780843e+08
4.229708734702780843e+08
4.229708734702780843e+08
4.229708734702780843e+08
4.229708734702780843e+08
4.229708734702780843e+08
4.229708734702780843e+08
4.229708734702780843e+08
4.229708734702780843e+08
4.229708734702780843e+08
4.229708734702780843e+08
4.229708734702780843e+08
4.229708734702780843e+08
4.229708734702780843e+08
4.229708734702780843e+08
4.229708734702780843e+08
4.229708734702780843e+08
4.229708734702780843e+08
4.229708734702780843e+08
4.229708734702780843e+08
4.229708734702780843e+08
4.229708734702780843e+08
4.229708734702780843e+08
4.229708734702780843e+08
4.229708734702780843e+08
4.229708734702780843e+08
4.229708734702780843e+08
4.229708734702780843e+08
4.229708734702780843e+08
4.229708734702780843e+08
4.229708734702780843e+08
4.229708734702780843e+08
4.229708734702780843e+08
4.229708734702780843e+08
4.229708734702780843e+08
4.229708734702780843e+08
4.229708734702780843e+08
4.229708734702780843e+08
4.229708734702780843e+08
4.229708734702780843e+08
4.229708734702780843e+08
4.229708734702780843e+08
4.229708734702780843e+08
4.229708734702780843e+08
4.229708734702780843e+08
4.229708734702780843e+08
4.229708734702780843e+08
4.229708734702780843e+08
4.229708734702780843e+08
4.229708734702780843e+08
4.229708734702780843e+08
4.229708734702780843e+08
4.229708734702780843e+08
4.229708734702780843e+08
4.229708734702780843e+08
4.229708734702780843e+08
4.229708734702780843e+08
4.229708734702780843e+08
4.229708734702780843e+08
4.229708734702780843e+08
4.229708734702780843e+08
4.229708734702780843e+08
4.229708734702780843e+08
4.229708734702780843e+08
4.229708734702780843e+08
4.229708734702780843e+08
4.229708734702780843e+08
4.229708734702780843e+08
4.229708734702780843e+08
4.229708734702780843e+08
4.229708734702780843e+08
4.229708734702780843e+08
4.229708734702780843e+08
4.229708734702780843e+08
4.229708734702780843e+08
4.229708734702780843e+08
4.229708734702780843e+08
4.229708734702780843e+08
4.229708734702780843e+08
4.229708734702780843e+08
4.229708734702780843e+08
4.229708734702780843e+08
4.229708734702780843e+08
4.229708734702780843e+08
4.229708734702780843e+08
4.229708734702780843e+08
4.229708734702780843e+08
4.229708734702780843e+08
4.229708734702780843e+08
4.229708734702780843e+08
4.229708734702780843e+08
4.229708734702780843e+08
4.229708734702780843e+08
4.229708734702780843e+08
4.229708734702780843e+08
4.229708734702780843e+08
4.229708734702780843e+08
4.229708734702780843e+08
4.229708734702780843e+08
4.229708734702780843e+08
4.229708734702780843e+08
4.229708734702780843e+08
4.229708734702780843e+08
4.229708734702780843e+08
4.229708734702780843e+08
4.229708734702780843e+08
4.229708734702780843e+08
4.229708734702780843e+08
4.229708734702780843e+08
4.229708734702780843e+08
4.229708734702780843e+08
4.229708734702780843e+08
4.229708734702780843e+08
4.229708734702780843e+08
4.229708734702780843e+08
4.229708734702780843e+08
4.229708734702780843e+08
4.229708734702780843e+08
4.229708734702780843e+08
4.229708734702780843e+08
4.229708734702780843e+08
4.229708734702780843e+08
4.229708734702780843e+08
4.229708734702780843e+08
4.229708734702780843e+08
4.229708734702780843e+08
4.229708734702780843e+08
4.229708734702780843e+08
4.229708734702780843e+08
4.229708734702780843e+08
4.229708734702780843e+08
4.229708734702780843e+08
4.229708734702780843e+08
4.229708734702780843e+08
4.229708734702780843e+08
4.229708734702780843e+08
4.229708734702780843e+08
4.229708734702780843e+08
4.229708734702780843e+08
4.229708734702780843e+08
4.229708734702780843e+08
4.229708734702780843e+08
4.229708734702780843e+08
4.229708734702780843e+08
4.229708734702780843e+08
4.229708734702780843e+08
4.229708734702780843e+08
4.229708734702780843e+08
4.229708734702780843e+08
4.229708734702780843e+08
4.229708734702780843e+08
4.229708734702780843e+08
4.229708734702780843e+08
4.229708734702780843e+08
4.229708734702780843e+08
4.229708734702780843e+08
4.229708734702780843e+08
4.229708734702780843e+08
4.229708734702780843e+08
4.229708734702780843e+08
4.229708734702780843e+08
4.229708734702780843e+08
4.229708734702780843e+08
4.229708734702780843e+08
4.229708734702780843e+08
4.229708734702780843e+08
4.229708734702780843e+08
4.229708734702780843e+08
4.229708734702780843e+08
4.229708734702780843e+08
4.229708734702780843e+08
4.229708734702780843e+08
4.229708734702780843e+08
4.229708734702780843e+08
4.229708734702780843e+08
4.229708734702780843e+08
4.229708734702780843e+08
4.229708734702780843e+08
4.229708734702780843e+08
4.229708734702780843e+08
4.229708734702780843e+08
4.229708734702780843e+08
4.229708734702779651e+08
4.229708734702779055e+08
4.229708734702778459e+08
4.229708734702778459e+08
4.229708734702778459e+08
4.229708734702778459e+08
4.229708734702778459e+08
4.229708734702778459e+08
4.229708734702778459e+08
4.229708734702778459e+08
4.229708734702778459e+08
4.229708734702778459e+08
4.229708734702778459e+08
4.229708734702778459e+08
4.229708734702778459e+08
4.229708734702778459e+08
4.229708734702778459e+08
4.229708734702778459e+08
4.229708734702778459e+08
4.229708734702778459e+08
4.229708734702777863e+08
4.229708734702774882e+08
4.229708734702759981e+08
4.229708734702693224e+08
4.229708734702474475e+08
4.229708734702076316e+08
4.229708734701886177e+08
4.229708734701880217e+08
4.229708734701880217e+08
4.229708734701880217e+08
4.229708734701880217e+08
4.229708734701880217e+08
4.229708734701880217e+08
4.229708734701880217e+08
4.229708734701880217e+08
4.229708734701880217e+08
4.229708734701880217e+08
4.229708734701880217e+08
4.229708734701880217e+08
4.229708734701880217e+08
4.229708734701880217e+08
4.229708734701878428e+08
4.229708734701862335e+08
4.229708734701740742e+08
4.229708734700939655e+08
4.229708734696653485e+08
4.229708734677820206e+08
4.229708734615592360e+08
4.229708734502674937e+08
4.229708734448683262e+08
4.229708734447007775e+08
4.229708734447007775e+08
4.229708734447007775e+08
4.229708734447007775e+08
4.229708734447007775e+08
4.229708734447007775e+08
4.229708734447007775e+08
4.229708734447007775e+08
4.229708734447007775e+08
4.229708734447007775e+08
4.229708734447007775e+08
4.229708734447007775e+08
4.229708734447005391e+08
4.229708734446974993e+08
4.229708734446628094e+08
4.229708734443517327e+08
4.229708734420020580e+08
4.229708734264545441e+08
4.229708733432732224e+08
4.229708729778375030e+08
4.229708717703497410e+08
4.229708695792772770e+08
4.229708685316048265e+08
4.229708684991016388e+08
4.229708684990946651e+08
4.229708684990946651e+08
4.229708684990946651e+08
4.229708684990946651e+08
4.229708684990946651e+08
4.229708684990946651e+08
4.229708684990946651e+08
4.229708684990946651e+08
4.229708684990945458e+08
4.229708684990922809e+08
4.229708684990594983e+08
4.229708684986510873e+08
4.229708684940223694e+08
4.229708684525240660e+08
4.229708681390424371e+08
4.229708660648138523e+08
4.229708549674087763e+08
4.229708062137840986e+08
4.229706451201560497e+08
4.229703528046177030e+08
4.229702130325894356e+08
4.229702086962768435e+08
4.229702086953501105e+08
4.229702086953501105e+08
4.229702086953501105e+08
4.229702086953501105e+08
4.229702086953501105e+08
4.229702086953501105e+08
4.229702086953501105e+08
4.229702086953495741e+08
4.229702086953392625e+08
4.229702086951374412e+08
4.229702086921157241e+08
4.229702086544609070e+08
4.229702082277168632e+08
4.229702044018067718e+08
4.229701755005527139e+08
4.229699842683877349e+08
4.229689611531879306e+08
4.229644664149514437e+08
4.229496153974785209e+08
4.229226698324489594e+08
4.229097868858739138e+08
4.229093872154327631e+08
4.229093871300169230e+08
4.229093871300169230e+08
4.229093871300169230e+08
4.229093871300169230e+08
4.229093871300169230e+08
4.229093871300156713e+08
4.229093871299835443e+08
4.229093871293270588e+08
4.229093871164087653e+08
4.229093869230009913e+08
4.229093845128427148e+08
4.229093571984183192e+08
4.229091123151510358e+08
4.229072624548935890e+08
4.228950228067607284e+08
4.228295510546491146e+08
4.225421575367982388e+08
4.215953121264560223e+08
4.198879860024305582e+08
4.190764966481645703e+08
4.190513710095969439e+08
4.190513656401721239e+08
4.190513656401721239e+08
4.190513656401721239e+08
4.190513656401721239e+08
4.190513656401705742e+08
4.190513656401145458e+08
4.190513656387062669e+08
4.190513656099115610e+08
4.190513650432802439e+08
4.190513565599309802e+08
4.190512508443639874e+08
4.190500527690715790e+08
4.190393119085671902e+08
4.189581923038629293e+08
4.184222348782747388e+08
4.155779249494132400e+08
4.035270023502744436e+08
3.682432851947553158e+08
3.178174125609467626e+08
2.982865650656688213e+08
2.977189546570234299e+08
2.977188335805774927e+08
2.977188335805773139e+08
2.977188335805773139e+08
2.977188335805773139e+08
2.977188335805519223e+08
2.977188335796667337e+08
2.977188335574080944e+08
2.977188331022739410e+08
2.977188241460083723e+08
2.977186900568908453e+08
2.977170191101339459e+08
2.976980835101308823e+08
2.975284267330610752e+08
2.962530456834368110e+08
2.880821013832661510e+08
2.510383961708232760e+08
1.604165576005513370e+08
7.315633411313609779e+07
3.681647087861166894e+07
2.975020300456186384e+07
2.957410275047101080e+07
2.957406533788100630e+07
2.957406533788094670e+07
2.957406533788094670e+07
2.957406533788094670e+07
2.957406533768838271e+07
2.957406533284581825e+07
2.957406523382746056e+07
2.957406328531486169e+07
2.957403411309079081e+07
2.957367058708373830e+07
2.956955135585008934e+07
2.953267219560734555e+07
2.925702824785530567e+07
2.755528106111265346e+07
2.101542891069138795e+07
1.028819433693353459e+07
3.829397424030259717e+06
1.790136885790632106e+06
1.426823540922671789e+06
1.417895834517980693e+06
1.417893938466708641e+06
1.417893938466705848e+06
1.417893938466705848e+06
1.417893938466705848e+06
1.417893938459804980e+06
1.417893938286270248e+06
1.417893934737918666e+06
1.417893864912407007e+06
1.417892819517053664e+06
1.417879792410444235e+06
1.417732172383990372e+06
1.416410078756309813e+06
1.406501979990401305e+06
1.344281135310105048e+06
1.087008623851699056e+06
5.905112279617444146e+05
2.353355587627450295e+05
1.125246800710471725e+05
9.005379765058630437e+04
8.949930922144294891e+04
8.949919144829994184e+04
8.949919144829975266e+04
8.949919144829975266e+04
8.949919144829975266e+04
8.949919144064626016e+04
8.949919128415122395e+04
8.949918820459549897e+04
8.949914209889680205e+04
8.949856755487727060e+04
8.949205673853048938e+04
8.943372726863899152e+04
8.899554603444322129e+04
8.620101272033037094e+04
7.380232053013012046e+04
4.522475350485057425e+04
1.984011229498523608e+04
9.829047652234587076e+03
7.918535453773722111e+03
7.871070545783419220e+03
7.871060462598685262e+03
7.871060462598668892e+03
7.871060462598668892e+03
7.871060462598668892e+03
7.871060462131546956e+03
7.871060452580070887e+03
7.871060264623275543e+03
7.871057450619679912e+03
7.871022383970354895e+03
7.870624993975849065e+03
7.867064044561750052e+03
7.840268076075996760e+03
7.667464383010147685e+03
6.858688773880624467e+03
4.686797771181968528e+03
2.290343300401817487e+03
1.188044045559203369e+03
9.657896800285316203e+02
9.602167001215458413e+02
9.602155159616904712e+02
9.602155159616884248e+02
9.602155159616884248e+02
9.602155159616884248e+02
9.602155159616884248e+02
9.602155159224288354e+02
9.602155151196673160e+02
9.602154993226879469e+02
9.602152628174735582e+02
9.602123156080805302e+02
9.601789160229000117e+02
9.598795807527777697e+02
9.576243920446697757e+02
9.429653247707153696e+02
8.715839049922628874e+02
6.540654157236006085e+02
3.584648645939814173e+02
1.969496843002522155e+02
1.620392146305581775e+02
1.611529992980186705e+02
1.611528109358366692e+02
1.611528109358363565e+02
1.611528109358363565e+02
1.611528109358363565e+02
1.611528109358363565e+02
1.611528108441077904e+02
1.611528090390452235e+02
1.611527820144648047e+02
1.611524452473379654e+02
1.611486287495174281e+02
1.611144205772500584e+02
1.608564775618206966e+02
1.591703285538577575e+02
1.507177974485879304e+02
1.222071641363803565e+02
7.520214574308006661e+01
4.429007994942701032e+01
3.701490774522212490e+01
3.682723277126558514e+01
3.682719286555882832e+01
3.682719286555876437e+01
3.682719286555876437e+01
3.682719286555876437e+01
3.682719286555876437e+01
3.682719285154802691e+01
3.682719257584054873e+01
3.682718844807265413e+01
3.682713700980593075e+01
3.682655406778165741e+01
3.682132861172495097e+01
3.678190292444260479e+01
3.652314570622458945e+01
3.519836024499865346e+01
3.036032212517816120e+01
2.087810943448542034e+01
1.332590170565885046e+01
1.136089470561451975e+01
1.130915806392797052e+01
1.130914705735166592e+01
1.130914705735164816e+01
1.130914705735164816e+01
1.130914705735164816e+01
1.130914705735164816e+01
1.130914700233276093e+01
1.130914617861475158e+01
1.130913591383000494e+01
1.130901958388976780e+01
1.130797675194522434e+01
1.130010531858005152e+01
1.124829692002531978e+01
1.097899157664278569e+01
9.934097754974361649e+00
7.557483965640801493e+00
5.269791579961379036e+00
4.603482544329087212e+00
4.585495120693027005e+00
4.585491291519629975e+00
4.585491291519622870e+00
4.585491291519622870e+00
4.585491291519622870e+00
4.585491291519622870e+00
4.585491277623471085e+00
4.585491069576536738e+00
4.585488476992948925e+00
4.585459095337673929e+00
4.585195695279616679e+00
4.583206925691310829e+00
4.570091091112019832e+00
4.501175536328438476e+00
4.221505890110658576e+00
3.502449521955381062e+00
2.675506550870601963e+00
2.404097367775866356e+00
2.396555022882283392e+00
2.396553416021891980e+00
2.396553416021889316e+00
2.396553416021889316e+00
2.396553416021889316e+00
2.396553416021889316e+00
2.396553411774360320e+00
2.396553348182264287e+00
2.396552555727105460e+00
2.396543574835685586e+00
2.396463060991036009e+00
2.395855027175728402e+00
2.391839583647878520e+00
2.370583022879972468e+00
2.281505525332271578e+00
2.029518839846148559e+00
1.690681103339739533e+00
1.565691553720370610e+00
1.562108744096846413e+00
1.562107980146254071e+00
1.562107980146252739e+00
1.562107980146252739e+00
1.562107980146252739e+00
1.562107980146252739e+00
1.562107958053271739e+00
1.562107682740758507e+00
1.562104562619109904e+00
1.562076590187534197e+00
1.561865316378527213e+00
1.560468810041877319e+00
1.553039530807732937e+00
1.521221766996661451e+00
1.424771375779931848e+00
1.277764913868281615e+00
1.217689520648535195e+00
1.215915945146836652e+00
1.215915566657865599e+00
1.215915566657864932e+00
1.215915566657864932e+00
1.215915566657864932e+00
1.215915566657864932e+00
1.215915558634435900e+00
1.215915458650163261e+00
1.215914325525293549e+00
1.215904166756504257e+00
1.215827432020953225e+00
1.215319941706611395e+00
1.212611980014468571e+00
1.200856817072483373e+00
1.163585331320638572e+00
1.101546674647945201e+00
1.074162297820031364e+00
1.073334478604602404e+00
1.073334301822903125e+00
1.073334301822902681e+00
1.073334301822902681e+00
1.073334301822902681e+00
1.073334301822902681e+00
1.073334299067560949e+00
1.073334264731758969e+00
1.073333875602808130e+00
1.073330386937457304e+00
1.073304033989814776e+00
1.073129695826171126e+00
1.072197924140200209e+00
1.068123518097857882e+00
1.054878171729271008e+00
1.031663951409669933e+00
1.020921266042774445e+00
1.020591559901040002e+00
1.020591489460378254e+00
1.020591489460378032e+00
1.020591489460378032e+00
1.020591489460378032e+00
1.020591489460378032e+00
1.020591479371568244e+00
1.020591365034670961e+00
1.020590339965302462e+00
1.020582596569000522e+00
1.020531363441331774e+00
1.020257346582478908e+00
1.019055264296134800e+00
1.015103360160725998e+00
1.008010073026188724e+00
1.004653297511145515e+00
1.004549513789910087e+00
1.004549491611977485e+00
1.004549491611977485e+00
1.004549491611977485e+00
1.004549491611977485e+00
1.004549491611977485e+00
1.004549489262980710e+00
1.004549462641700863e+00
1.004549223972624139e+00
1.004547421049403200e+00
1.004535491727020169e+00
1.004471673039584623e+00
1.004191397877577607e+00
1.003266412514741912e+00
1.001592304995387650e+00
1.000793794759606836e+00
1.000769041987996211e+00
1.000769036698067938e+00
1.000769036698067938e+00
1.000769036698067938e+00
1.000769036698067938e+00
1.000769036698067938e+00
1.000769036282579849e+00
1.000769031573834233e+00
1.000768989358275851e+00
1.000768670458405563e+00
1.000766560384006132e+00
1.000755271349631714e+00
1.000705678860398518e+00
1.000541848288181157e+00
1.000244702999984803e+00
1.000102683822684302e+00
1.000098278437609123e+00
1.000098277496112686e+00
1.000098277496112686e+00
1.000098277496112686e+00
1.000098277496112686e+00
1.000098277496112686e+00
1.000098277441127781e+00
1.000098276817981136e+00
1.000098271231253610e+00
1.000098229028632213e+00
1.000097949784684692e+00
1.000096455794168726e+00
1.000089892379023571e+00
1.000068205888544393e+00
1.000028856610001071e+00
1.000010042645302244e+00
1.000009458968591503e+00
1.000009458843850618e+00
1.000009458843850618e+00
1.000009458843850618e+00
1.000009458843850618e+00
1.000009458782300076e+00
1.000009458230477710e+00
1.000009454061963732e+00
1.000009426479966157e+00
1.000009278912546540e+00
1.000008630613070437e+00
1.000006488481570255e+00
1.000002601454964113e+00
1.000000742863973002e+00
1.000000685202801831e+00
1.000000685190478578e+00
1.000000685190478578e+00
1.000000685190478578e+00
1.000000685190478578e+00
1.000000685185933991e+00
1.000000685145189916e+00
1.000000684837404341e+00
1.000000682800866070e+00
1.000000671905107996e+00
1.000000624037364449e+00
1.000000465870853228e+00
1.000000178866591316e+00
1.000000041634092396e+00
1.000000037376565842e+00
1.000000037375655904e+00
1.000000037375655904e+00
1.000000037375655904e+00
1.000000037375655904e+00
1.000000037375404327e+00
1.000000037373150352e+00
1.000000037356122862e+00
1.000000037243456097e+00
1.000000036640674050e+00
1.000000033992504145e+00
1.000000025242313129e+00
1.000000009364469644e+00
1.000000001772397784e+00
1.000000001536859751e+00
1.000000001536809568e+00
1.000000001536809568e+00
1.000000001536809568e+00
1.000000001536809568e+00
1.000000001536715866e+00
1.000000001536008210e+00
1.000000001531326843e+00
1.000000001506281100e+00
1.000000001396248228e+00
1.000000001032673502e+00
1.000000000372941011e+00
1.000000000057486460e+00
1.000000000047699844e+00
1.000000000047697624e+00
1.000000000047697624e+00
1.000000000047697624e+00
1.000000000047697624e+00
1.000000000047694737e+00
1.000000000047672755e+00
1.000000000047526205e+00
1.000000000046742832e+00
1.000000000043300918e+00
1.000000000031928460e+00
1.000000000011292078e+00
1.000000000001424638e+00
1.000000000001118661e+00
1.000000000001118439e+00
1.000000000001118439e+00
1.000000000001118439e+00
1.000000000001118439e+00
1.000000000001118439e+00
1.000000000001117773e+00
1.000000000001114442e+00
1.000000000001095790e+00
1.000000000001014522e+00
1.000000000000746070e+00
1.000000000000259126e+00
1.000000000000026201e+00
1.000000000000018874e+00
1.000000000000018874e+00
1.000000000000018874e+00
1.000000000000018874e+00
1.000000000000018874e+00
1.000000000000018874e+00
1.000000000000018874e+00
1.000000000000018874e+00
1.000000000000018430e+00
1.000000000000017097e+00
1.000000000000012212e+00
1.000000000000003553e+00
9.999999999999993339e-01
9.999999999999991118e-01
9.999999999999991118e-01
9.999999999999991118e-01
9.999999999999991118e-01
9.999999999999991118e-01
9.999999999999991118e-01
9.999999999999991118e-01
9.999999999999991118e-01
9.999999999999991118e-01
9.999999999999991118e-01
9.999999999999988898e-01
9.999999999999988898e-01
9.999999999999988898e-01
9.999999999999988898e-01
9.999999999999988898e-01
9.999999999999988898e-01
9.999999999999988898e-01
9.999999999999988898e-01
9.999999999999988898e-01
9.999999999999988898e-01
9.999999999999988898e-01
9.999999999999988898e-01
9.999999999999988898e-01
9.999999999999988898e-01
9.999999999999988898e-01
9.999999999999988898e-01
9.999999999999988898e-01
9.999999999999988898e-01
9.999999999999988898e-01
9.999999999999988898e-01
9.999999999999988898e-01
9.999999999999988898e-01
9.999999999999988898e-01
9.999999999999988898e-01
9.999999999999988898e-01
9.999999999999988898e-01
9.999999999999988898e-01
9.999999999999988898e-01
9.999999999999988898e-01
9.999999999999988898e-01
9.999999999999988898e-01
9.999999999999988898e-01
9.999999999999988898e-01
9.999999999999988898e-01
9.999999999999988898e-01
9.999999999999988898e-01
9.999999999999988898e-01
9.999999999999988898e-01
9.999999999999988898e-01
9.999999999999988898e-01
9.999999999999988898e-01
9.999999999999988898e-01
9.999999999999988898e-01
9.999999999999988898e-01
9.999999999999988898e-01
9.999999999999988898e-01
9.999999999999988898e-01
9.999999999999988898e-01
9.999999999999988898e-01
9.999999999999988898e-01
9.999999999999988898e-01
9.999999999999988898e-01
9.999999999999988898e-01
9.999999999999988898e-01
9.999999999999988898e-01
9.999999999999988898e-01
9.999999999999988898e-01
9.999999999999988898e-01
9.999999999999988898e-01
9.999999999999988898e-01
9.999999999999988898e-01
9.999999999999988898e-01
9.999999999999988898e-01
9.999999999999988898e-01
9.999999999999988898e-01
9.999999999999988898e-01
9.999999999999988898e-01
9.999999999999988898e-01
9.999999999999988898e-01
9.999999999999988898e-01
9.999999999999988898e-01
9.999999999999988898e-01
9.999999999999988898e-01
9.999999999999988898e-01
9.999999999999988898e-01
9.999999999999988898e-01
9.999999999999988898e-01
9.999999999999988898e-01
9.999999999999988898e-01
9.999999999999988898e-01
9.999999999999988898e-01
9.999999999999988898e-01
9.999999999999988898e-01
9.999999999999988898e-01
9.999999999999988898e-01
9.999999999999988898e-01
9.999999999999988898e-01
9.999999999999988898e-01
9.999999999999988898e-01
9.999999999999988898e-01
9.999999999999988898e-01
9.999999999999988898e-01
9.999999999999988898e-01
9.999999999999988898e-01
9.999999999999988898e-01
9.999999999999988898e-01
9.999999999999988898e-01
9.999999999999988898e-01
9.999999999999988898e-01
9.999999999999988898e-01
9.999999999999988898e-01
9.999999999999988898e-01
9.999999999999988898e-01
9.999999999999988898e-01
9.999999999999988898e-01
9.999999999999988898e-01
9.999999999999988898e-01
9.999999999999988898e-01
9.999999999999988898e-01
9.999999999999988898e-01
9.999999999999988898e-01
9.999999999999988898e-01
9.999999999999988898e-01
9.999999999999988898e-01
9.999999999999988898e-01
9.999999999999988898e-01
9.999999999999988898e-01
9.999999999999988898e-01
9.999999999999988898e-01
9.999999999999988898e-01
9.999999999999988898e-01
9.999999999999988898e-01
9.999999999999988898e-01
9.999999999999988898e-01
9.999999999999988898e-01
9.999999999999988898e-01
9.999999999999988898e-01
9.999999999999988898e-01
9.999999999999988898e-01
9.999999999999988898e-01
9.999999999999988898e-01
9.999999999999988898e-01
9.999999999999988898e-01
9.999999999999988898e-01
9.999999999999988898e-01
9.999999999999988898e-01
9.999999999999988898e-01
9.999999999999988898e-01
9.999999999999988898e-01
9.999999999999988898e-01
9.999999999999988898e-01
9.999999999999988898e-01
9.999999999999988898e-01
9.999999999999988898e-01
9.999999999999988898e-01
9.999999999999988898e-01
9.999999999999988898e-01
9.999999999999988898e-01
9.999999999999988898e-01
9.999999999999988898e-01
9.999999999999988898e-01
9.999999999999988898e-01
9.999999999999988898e-01
9.999999999999988898e-01
9.999999999999988898e-01
9.999999999999988898e-01
9.999999999999988898e-01
9.999999999999988898e-01
9.999999999999988898e-01
9.999999999999988898e-01
9.999999999999988898e-01
9.999999999999988898e-01
9.999999999999988898e-01
9.999999999999988898e-01
9.999999999999988898e-01
9.999999999999988898e-01
9.999999999999988898e-01
9.999999999999988898e-01
9.999999999999988898e-01
9.999999999999988898e-01
9.999999999999988898e-01
9.999999999999988898e-01
9.999999999999988898e-01
9.999999999999988898e-01
9.999999999999988898e-01
9.999999999999988898e-01
9.999999999999988898e-01
9.999999999999988898e-01
9.999999999999988898e-01
9.999999999999988898e-01
9.999999999999988898e-01
9.999999999999988898e-01
9.999999999999988898e-01
9.999999999999988898e-01
9.999999999999988898e-01
9.999999999999988898e-01
9.999999999999988898e-01
9.999999999999988898e-01
9.999999999999988898e-01
9.999999999999988898e-01
9.999999999999988898e-01
9.999999999999988898e-01
9.999999999999988898e-01
9.999999999999988898e-01
9.999999999999988898e-01
9.999999999999988898e-01
9.999999999999988898e-01
9.999999999999988898e-01
9.999999999999988898e-01
9.999999999999988898e-01
