2.168092220890645477e+63
2.168062488779969653e+63
2.168062488779965634e+63
2.168062488778937468e+63
1.753401683693957436e+62
1.753401683403968565e+62
1.753395659105524887e+62
1.753395659105174126e+62
3.679213783590629540e+57
3.679213783590629540e+57
3.679213783590629540e+57
3.679213783590629540e+57
3.679213783590629540e+57
3.679213783590629540e+57
3.679213783590629540e+57
3.669386313429377707e+57
3.669386313429377707e+57
3.669383268982381580e+57
1.965673519582033010e+49
1.965673519582033010e+49
1.965673519582032231e+49
1.965673519582032231e+49
1.965673519582032231e+49
1.965673519582032231e+49
1.965673519582031192e+49
1.965673519582031192e+49
1.965673519582031192e+49
1.965673519582031192e+49
1.965666089170275715e+49
1.965666089170275715e+49
1.965666089170275715e+49
1.965666089170275715e+49
1.965666089170275715e+49
1.965666089170275715e+49
1.965666089170275715e+49
1.965666089170275715e+49
1.965666089170275715e+49
1.965666089170275715e+49
1.965666089170275715e+49
1.965666089170275715e+49
1.965605131281845432e+49
1.965604292291471088e+49
1.965604292291471088e+49
1.965604292291471088e+49
3.683921688301152428e+46
3.683921688301152428e+46
3.683921688301152428e+46
7.166044024029067802e+44
7.166044024029067802e+44
7.166044024029067802e+44
7.166044024029067802e+44
7.166044024029067802e+44
7.166044012903602030e+44
7.090535315530471102e+44
7.090535213971245680e+44
7.090535213971245680e+44
5.763023542732652295e+44
5.763023542732652295e+44
5.763022881990901531e+44
5.763022881990901531e+44
5.763022881990901531e+44
5.763022881990901531e+44
1.681896513472800636e+44
1.681896513472800636e+44
1.681896513472800636e+44
1.681896513472800636e+44
1.681896513472800636e+44
1.681879787339239711e+44
1.681879787339239711e+44
1.681760358495703586e+44
1.681760358495703586e+44
1.681760358495703586e+44
1.681760358495702596e+44
1.680766757637952882e+44
1.680766757637952882e+44
1.680766757637952882e+44
1.680766757637952882e+44
1.680766757637952882e+44
1.680766757637952882e+44
1.680766757637952882e+44
1.680766757637952882e+44
1.680766757618009965e+44
1.680766757618009965e+44
1.680766757618009965e+44
1.680766757617942820e+44
3.466798377171618769e+43
3.466798377171618769e+43
3.466798377171618769e+43
3.466798377171618769e+43
3.466798377171565785e+43
3.466798377171565785e+43
3.466798377171564299e+43
3.466798377171564299e+43
3.466798377171564299e+43
3.466798377171564299e+43
3.466798377171564299e+43
3.466798377171564299e+43
3.466798377171564299e+43
3.466798377171564299e+43
3.466798377125456975e+43
3.466798375326221057e+43
3.466798375326221057e+43
3.466798375326221057e+43
3.466798375326221057e+43
3.466798375326214125e+43
3.466797998652328060e+43
3.466797998652328060e+43
3.466797998652328060e+43
3.466797998652328060e+43
3.466797998651435752e+43
3.466797998651412479e+43
3.466797998651412479e+43
3.466797998651412479e+43
3.466797998651412479e+43
3.466797998651412479e+43
3.466797998651412479e+43
3.466797998651412479e+43
3.466797998645889781e+43
3.466797998645889781e+43
3.466797998645889781e+43
3.466796546772476090e+43
3.466796546772476090e+43
3.466796546772476090e+43
3.466796546772476090e+43
3.466796546772476090e+43
3.466796546772476090e+43
3.466796444788156121e+43
3.466796444788156121e+43
3.465863295174532007e+43
3.465863295174532007e+43
3.465863295174532007e+43
3.465863295174532007e+43
3.465863295174522599e+43
3.465863295174522599e+43
3.465863295174483480e+43
3.465863295174483480e+43
3.465863295174483480e+43
3.465863295174483480e+43
3.465863295174483480e+43
3.465863295174483480e+43
3.465863295174483480e+43
3.465856795883065442e+43
2.603709793319521849e+43
2.603709793319521849e+43
2.603709793319521849e+43
2.603709793319521849e+43
2.603709793319521849e+43
2.603709793319521849e+43
2.603709793319521849e+43
2.603709793319521849e+43
2.603709793319521849e+43
2.603709793319521849e+43
2.603709793319521849e+43
2.603709793319521849e+43
2.603709793043378526e+43
2.603709793043378526e+43
2.603709793043378526e+43
2.603709793043378526e+43
2.603709793043378526e+43
2.603709793043378526e+43
2.603709712138270248e+43
2.603709604258850597e+43
2.603709601712721878e+43
2.603709601712721878e+43
2.603709601712721878e+43
2.603709601712715441e+43
2.603709601712715441e+43
2.603709601667273138e+43
2.603709601667273138e+43
2.603709601667273138e+43
2.603709589609767361e+43
2.603709589609767361e+43
2.603709589609767361e+43
2.603709583944367948e+43
2.603709583944364482e+43
2.603709583944364482e+43
2.603709583944364482e+43
2.603709508267200289e+43
2.603709508267200289e+43
2.603709508267200289e+43
2.603709508267200289e+43
2.603705022621391425e+43
2.603705022621391425e+43
2.603704053673052112e+43
2.603704053082166990e+43
2.603703923246042154e+43
2.603703923246042154e+43
2.603703923246042154e+43
2.603559642370225096e+43
2.603559642356494855e+43
2.603559642356494855e+43
2.603559642356494855e+43
2.603559642356494855e+43
2.603559640614010070e+43
2.603559640614010070e+43
2.581457946321794315e+43
2.581451871498418151e+43
2.581451871498418151e+43
2.581451871498418151e+43
2.581451871498418151e+43
2.581451871498418151e+43
2.581451871498418151e+43
2.581451871498418151e+43
2.581451871498418151e+43
2.581451871498418151e+43
2.581451870912728912e+43
2.581451870912728912e+43
2.581451870912306526e+43
2.581451870912306526e+43
2.581417784941836016e+43
2.581417784941836016e+43
2.581417784941836016e+43
2.581417784941836016e+43
2.581417784941836016e+43
2.581417784941836016e+43
2.581417784941836016e+43
2.580981435969168071e+43
2.577083294876827251e+43
2.577083294872302333e+43
2.577083294872302333e+43
2.577083294872180519e+43
2.577083294872180519e+43
2.577083294872180519e+43
2.577083294872180519e+43
2.577083294872180519e+43
2.577083294872180519e+43
2.577083294872180519e+43
2.577083294872180519e+43
2.577083294872180519e+43
2.577083294872180519e+43
2.577083294872180519e+43
2.577083294872180519e+43
2.577080738717586957e+43
2.577080076885493863e+43
2.577080076885493863e+43
2.577080075134622777e+43
2.577080075134378160e+43
2.577076312776132737e+43
2.577076312776132737e+43
2.577076312776132737e+43
2.577076312757459154e+43
2.577076312757459154e+43
2.577076312757459154e+43
2.577076312757459154e+43
2.577076312321471033e+43
2.577076003838928714e+43
2.577076003836454320e+43
2.577076003836454320e+43
2.577076003836454320e+43
2.577075997625773020e+43
2.577075997619388221e+43
2.577075997619388221e+43
2.577075997619388221e+43
2.577075997619388221e+43
2.577025043849849802e+43
2.577025043849848811e+43
2.577025043849848811e+43
2.577025043849848811e+43
2.577025043849848811e+43
2.577025043849848811e+43
2.577025043849848811e+43
2.577025043849848811e+43
2.577025043849848811e+43
2.577025043849848811e+43
2.577025043849848811e+43
2.577025043849848811e+43
2.577025043849848811e+43
2.577025043849848811e+43
2.577025043849848811e+43
2.577025043676885315e+43
2.577025043676885315e+43
2.577025040064350480e+43
2.577025040064350480e+43
2.577025034212374191e+43
2.577025034212374191e+43
2.577025034212374191e+43
2.575379611777514008e+43
2.575379611777504104e+43
2.575379611777502123e+43
2.575379611777502123e+43
2.575379611777502123e+43
2.575379611777134703e+43
2.575298407093784260e+43
2.575298407093784260e+43
2.575298407093784260e+43
2.575298407093784260e+43
2.575298407093784260e+43
2.575298407093782280e+43
2.575298406934237063e+43
2.575298406934237063e+43
2.575298406934237063e+43
2.575298406934237063e+43
2.575298406934209828e+43
2.575298406928292474e+43
2.575298406928292474e+43
2.575298406928292474e+43
2.575298406928292474e+43
2.575298406928292474e+43
2.575298406928292474e+43
2.575298406928292474e+43
2.575298406928292474e+43
2.575298406928292474e+43
2.575298406928292474e+43
2.575298406928292474e+43
2.575298406928292474e+43
2.575298406928292474e+43
2.575298406928292474e+43
2.575298406928292474e+43
2.575298406923053017e+43
2.575298401851473634e+43
2.575298401528160339e+43
2.575298392891619166e+43
2.575298392891619166e+43
2.575298392891619166e+43
2.575298392891613224e+43
2.575298392891613224e+43
2.555571895135205372e+43
2.555571895135205372e+43
2.555571895135205372e+43
2.555571895135205372e+43
2.555571895135205372e+43
2.555571895135205372e+43
2.555569777062942841e+43
2.555569777062942841e+43
2.555565679782505573e+43
2.545875698924697385e+43
2.545875698924697385e+43
2.545875698924697385e+43
2.545875698924697385e+43
2.545875698924697385e+43
2.545001096954489628e+43
2.545001096954378213e+43
2.545001096952777804e+43
2.545001096952777804e+43
2.545001096952777804e+43
2.545001093983950002e+43
2.545001093983950002e+43
2.545001093983950002e+43
2.545001093983950002e+43
2.545001093983950002e+43
2.543038840127472161e+43
2.543038840127472161e+43
2.543038840127472161e+43
2.543038840127472161e+43
2.543038840127472161e+43
2.543038840127472161e+43
2.543038840127472161e+43
2.541608397454219736e+43
2.541608397454219736e+43
2.541608397454219736e+43
2.541608397454219736e+43
2.541608397454219736e+43
2.541608397454133575e+43
2.541608397454133575e+43
2.541608397454133575e+43
2.541608397454133575e+43
2.541608397454133575e+43
2.541608397454133575e+43
2.541608397454133575e+43
2.541608397454132090e+43
2.541608397454132090e+43
2.541608397454132090e+43
2.541608397454132090e+43
2.541608397454132090e+43
2.541608397454132090e+43
2.541607222537892056e+43
2.541607222537892056e+43
2.541607222537892056e+43
2.541607222535390922e+43
2.541607222535390922e+43
2.541607222535390922e+43
2.541607222535387951e+43
2.541607222535387951e+43
2.541607222535387951e+43
2.541607222535382009e+43
2.541607222531209161e+43
2.541607222531209161e+43
2.541607222531207675e+43
2.541607222531207675e+43
2.541607222531207675e+43
2.541607222531207675e+43
2.541607222531207675e+43
2.541607222530520371e+43
2.541607222530520371e+43
2.541607222529934577e+43
2.541607222529934577e+43
2.541607222529934577e+43
2.541607222529934577e+43
2.541607222529934577e+43
2.359649179114956231e+43
2.072476829377258289e+43
2.072476829377258289e+43
2.072476829377258289e+43
2.072476829376525181e+43
2.072476829376525181e+43
2.072476829376525181e+43
2.072476829376515773e+43
2.072476829376515773e+43
2.072476829376515773e+43
2.072476829376515773e+43
2.072476829376515773e+43
2.072476829376515773e+43
2.072476829376515773e+43
2.072476829376515773e+43
2.072476829376515773e+43
2.072476829376515773e+43
2.072476829376515773e+43
2.072476829376515773e+43
2.072476829376515773e+43
2.072476829376515773e+43
2.072476829376515773e+43
2.072476829376515773e+43
2.072476829376515773e+43
2.072476829376515773e+43
2.072476829376515773e+43
2.072476829376515773e+43
2.072476829376515773e+43
2.072476829376515773e+43
2.072476829376515773e+43
2.072476829376515773e+43
2.072476829376515773e+43
2.072476829376515773e+43
2.072476829376515773e+43
2.072476829376515773e+43
2.072476829376515773e+43
2.072476829376515773e+43
2.072476829376515773e+43
2.072476829376515773e+43
2.072476829376515773e+43
2.072476829376515773e+43
2.072476829376515773e+43
2.072476829376515773e+43
2.072476829376515773e+43
2.072476829376515773e+43
2.072476829376515773e+43
2.072476829376515773e+43
2.072476829376515773e+43
2.072476829376515773e+43
2.072476829376515773e+43
2.072476829376515773e+43
2.072476829376515773e+43
2.072476829376515773e+43
2.072476829376515773e+43
2.072476829376515773e+43
2.072476829376515773e+43
2.072476829376515773e+43
2.072476829376515773e+43
2.072476829376515773e+43
2.072476829376515773e+43
2.072476829376515773e+43
2.072476829376515773e+43
2.072476829376515773e+43
2.072476829376515773e+43
2.072476829376515773e+43
2.072476829376515773e+43
2.072476829376515773e+43
2.072476829376515773e+43
2.072476829376515773e+43
2.072476829376515773e+43
2.072476829376515773e+43
2.072476829376515773e+43
2.072476829376515773e+43
2.072476829376515773e+43
2.072476829376515773e+43
2.072476829376515773e+43
2.072476829376515773e+43
2.072476829376515773e+43
2.072476829376515773e+43
2.072476829376515773e+43
2.072476829376515773e+43
2.072476829376515773e+43
2.072476829376515773e+43
2.072476829376515773e+43
2.072476829376515773e+43
2.072476829376515773e+43
2.072476829376515773e+43
2.072476829376515773e+43
2.072476829376515773e+43
2.072476829376515773e+43
2.072476829376515773e+43
2.072476829376515773e+43
2.072476829376515773e+43
2.072476829376515773e+43
2.072476829376515773e+43
2.072476829376515773e+43
2.072476829376515773e+43
2.072476829376515773e+43
2.072476829376515773e+43
2.072476829376515773e+43
2.072476829376515773e+43
2.072476829376515773e+43
2.072476829376515773e+43
2.072476829376515773e+43
2.072476829376515773e+43
2.072476829376515773e+43
2.072476829376515773e+43
2.072476829376515773e+43
2.072476829376515773e+43
2.072476829376515773e+43
2.072476829376515773e+43
2.072476829376515773e+43
2.072476829376515773e+43
5.658668946603565217e+42
5.658668946603565217e+42
5.658668946603565217e+42
5.658668946603565217e+42
5.658668946603565217e+42
5.658668946603565217e+42
5.658668946603565217e+42
5.658668946603565217e+42
5.658668946603565217e+42
5.658668946603565217e+42
5.658668946603565217e+42
5.658668946603565217e+42
5.658668946603551600e+42
5.658668946603551600e+42
5.658668946603551600e+42
5.658668946603551600e+42
5.658668946603551600e+42
5.658668946603551600e+42
5.658668747479567971e+42
5.658668747479567971e+42
3.902438820786064368e+42
3.902438820786064368e+42
3.902438820785323460e+42
3.902438820785323460e+42
3.902435981290179706e+42
3.902435981290179706e+42
3.902435981289217827e+42
3.831247490065759400e+42
3.831247490065759400e+42
3.610754234645495648e+42
3.610754234645495648e+42
1.232276182307264716e+42
1.232249402289413401e+42
1.232249402289413401e+42
6.185998078749431068e+41
6.185998072883530337e+41
6.185998072883530337e+41
6.185945322054229097e+41
6.185945322001153965e+41
6.185945322001153965e+41
6.185945322001153965e+41
5.776471484293686765e+41
5.776471484293686765e+41
5.776471484293672065e+41
5.712155850188201911e+41
2.945045892547516283e+41
2.945038664076266569e+41
2.945038664076266569e+41
2.945038664076266569e+41
1.055908239375149090e+41
1.055908239375149090e+41
1.055908239375149090e+41
1.055908239115685948e+41
1.055822129853071777e+41
1.055822129853071777e+41
1.055822129853071777e+41
1.055822129822813041e+41
8.663525723661575512e+40
8.663525723661575512e+40
8.663525723661575512e+40
8.663525723661575512e+40
6.546648395964324003e+40
6.539191508012819484e+40
6.539191380705721612e+40
6.525227346417705318e+40
2.023779034549062891e+40
2.023779034549061198e+40
2.023779034549061198e+40
2.023778917842645290e+40
2.023778917842645290e+40
1.290896824533974849e+40
1.290896824533974849e+40
1.290896824533401577e+40
1.290896824533401577e+40
1.290896341536518022e+40
1.290896341536518022e+40
1.290896341536518022e+40
1.290896341536312263e+40
1.273694186201313995e+40
1.273694186201313995e+40
1.180100768487469356e+40
1.180100768487469356e+40
4.413537443237456646e+39
4.413316594083804863e+39
4.413316594083804863e+39
1.958675148404163379e+39
1.958675145709444153e+39
1.958675145709444153e+39
1.958666924634209131e+39
1.958666924623808137e+39
1.958666924623808137e+39
1.958666924623808137e+39
1.866608444877122702e+39
1.866608444877122702e+39
1.866608444877111822e+39
1.840448629534417779e+39
1.020624535334829495e+39
1.020618954069444779e+39
1.020618954069444779e+39
1.020618954069444779e+39
3.202403065689686678e+38
3.202403065689686678e+38
3.202403065689686678e+38
3.202403065223190161e+38
3.202279936208407164e+38
3.202279936208407164e+38
3.202279936208407164e+38
3.202279936080862090e+38
2.794922531676950050e+38
2.794922531676950050e+38
2.794922531676950050e+38
2.794922531676950050e+38
2.189025010930421385e+38
2.185769093200700844e+38
2.185769065398021295e+38
2.183341285564518626e+38
6.022665391619880577e+37
6.022665391619878688e+37
6.022665391619878688e+37
6.022664727134173115e+37
6.022664727134173115e+37
4.392113939439402628e+37
4.392113939439402628e+37
4.392113939436362369e+37
4.392113939436362369e+37
4.392112846532167082e+37
4.392112846532167082e+37
4.392112846532167082e+37
4.392112846531867684e+37
4.360961682794360968e+37
4.360961682794360968e+37
4.067867758955883743e+37
4.067867758955883743e+37
4.067867758955883743e+37
1.340234520550985967e+37
1.340154962610233081e+37
1.340154962610233081e+37
7.298539558089370183e+36
7.298539534034651809e+36
7.298539534034651809e+36
7.298517221454085417e+36
7.298517221435953891e+36
7.298517221435953891e+36
7.298517221435953891e+36
7.095805660099903073e+36
7.095805660099903073e+36
7.095805660099831057e+36
6.995511508945055299e+36
3.368151828611274607e+36
3.368128082791228647e+36
3.368128082791228647e+36
3.368128082791228647e+36
1.302499980331326549e+36
1.302499980331326549e+36
1.302499980331326549e+36
1.302499980234443364e+36
1.302460165770610441e+36
1.302460165770610441e+36
1.302460165770610441e+36
1.302460165770610441e+36
1.302460165634962678e+36
1.192563458527576860e+36
1.192563458527576860e+36
1.192563458527576860e+36
1.192563458527576860e+36
8.418551470238725858e+35
8.405774432057090587e+35
8.405774380435760340e+35
8.398754178973316801e+35
2.609151578664051357e+35
2.609151578664050988e+35
2.609151578664050988e+35
2.609151091460288622e+35
2.609151091460288622e+35
2.087298329656366530e+35
2.087298329656366530e+35
2.087298329651951856e+35
2.087298329651951856e+35
2.087298019767610608e+35
2.087298019767610608e+35
2.087298019767610608e+35
2.087298019767548627e+35
2.073538960074667735e+35
2.073538960074667735e+35
1.849983039101359254e+35
1.849983039101359254e+35
1.849983039101359254e+35
1.849983039101359254e+35
6.097997535668372704e+34
6.097560529315286528e+34
6.097560529315286528e+34
3.831504159372158352e+34
3.831504133473884292e+34
3.831504133473884292e+34
3.831496413558123274e+34
3.831496413553526346e+34
3.831496413553526346e+34
3.831496413553526346e+34
3.722376388689399119e+34
3.722376388689399119e+34
3.722376388689272759e+34
3.626177021013164856e+34
1.628534063209554003e+34
1.628519333528245222e+34
1.628519333528245222e+34
1.628519333528245222e+34
7.429426203920083445e+33
7.429426203920083445e+33
7.429426203920083445e+33
7.429426203630104087e+33
7.429263575609489364e+33
7.429263575609489364e+33
7.429263575609489364e+33
7.429263575609489364e+33
7.429263573885325230e+33
6.737067724847852451e+33
6.737067724847852451e+33
6.737067724847852451e+33
6.737067724847852451e+33
4.440697779641474503e+33
4.428173882699851823e+33
4.428173869520701764e+33
4.425727275391745765e+33
1.570713086849160102e+33
1.570713086849160102e+33
1.570713086849159814e+33
1.570712618356964513e+33
1.570712618356964513e+33
1.213660406735380637e+33
1.213660406735380637e+33
1.213660406735380637e+33
1.213660406729549593e+33
1.213660406729549593e+33
1.213660310349019891e+33
1.213660310349019891e+33
1.213660310349019891e+33
1.213660310348996833e+33
1.207809938342500198e+33
1.207809938342500198e+33
1.046024567590204705e+33
1.046024567590204705e+33
1.046024567590204705e+33
1.046024567590204705e+33
3.752449764005416886e+32
3.751866110475317581e+32
3.751866110475317581e+32
2.192378911373392653e+32
2.192378888874552829e+32
2.192378888874552829e+32
2.192376563623058724e+32
2.192376563621412928e+32
2.192376563621412928e+32
2.192376563621412928e+32
2.147160673673369308e+32
2.147160673673369308e+32
2.147160673673204296e+32
2.077311443563735321e+32
9.928078176354432183e+31
9.927885080021366689e+31
9.927885080021366689e+31
9.927885080021366689e+31
4.101766885486588147e+31
4.101766885486588147e+31
4.101766885486588147e+31
4.101766885389932793e+31
4.101721282140695466e+31
4.101721282140695466e+31
4.101721282140695466e+31
4.101721282140695466e+31
4.101721280746202679e+31
3.829034915297944928e+31
3.829034915297944928e+31
3.829034915297944928e+31
3.829034915297944928e+31
3.829034915297944928e+31
2.628244902363716886e+31
2.618613415083692857e+31
2.618613410043977074e+31
2.617826130200422121e+31
8.440361650910625017e+30
8.440361650910625017e+30
8.440361650910622765e+30
8.440356879144572166e+30
8.440356879144572166e+30
7.042611696061094961e+30
7.042611696061094961e+30
7.042611696061094961e+30
7.042611696008998447e+30
7.042611696008998447e+30
7.042611341124002359e+30
7.042611341124002359e+30
7.042611341124002359e+30
7.042611341123946064e+30
7.024447906214065282e+30
7.024447906214065282e+30
6.162710554179826161e+30
6.162710554179826161e+30
6.162710554179826161e+30
6.162710554179826161e+30
2.014890622598004979e+30
2.014520872174797073e+30
2.014520872174797073e+30
1.361625130320366847e+30
1.361625099708309745e+30
1.361625099708309745e+30
1.361624118911257398e+30
1.361624118910795779e+30
1.361624118910795779e+30
1.361624118910795779e+30
1.345436014290162907e+30
1.345436014290162907e+30
1.345436014289991207e+30
1.302766539597969306e+30
5.569583848390410721e+29
5.569450318124992550e+29
5.569450318124992550e+29
5.569450318124992550e+29
2.784213639364800409e+29
2.784213639364800409e+29
2.784213639364800409e+29
2.784213639332429731e+29
2.784190662751985156e+29
2.784190662751985156e+29
2.784190662751985156e+29
2.784190662751985156e+29
2.784190660485617605e+29
2.665648161097221812e+29
2.665648161097221812e+29
2.665648161097221812e+29
2.665648161097221812e+29
2.665648161097221812e+29
1.643726111937384705e+29
1.637869357238142681e+29
1.637869355805015652e+29
1.637532525361641651e+29
6.178464664279914473e+28
6.178464664279912714e+28
6.178464664279912714e+28
6.178459045907130070e+28
6.178459045907130070e+28
5.450045400004058311e+28
5.450045400004058311e+28
5.450045400004058311e+28
5.450045399894007752e+28
5.450045399894007752e+28
5.450045399894007752e+28
5.450045245410062628e+28
5.450045245410062628e+28
5.450045245410045035e+28
5.438145759098443808e+28
4.488400785472361636e+28
4.488400785472361636e+28
4.488400785472361636e+28
4.488400785472361636e+28
1.557240406365144195e+28
1.556897091039992849e+28
1.556897091039992849e+28
1.556897091039992849e+28
1.161075686994062668e+28
1.161075638084814584e+28
1.161075638084814584e+28
1.161075119704920033e+28
1.161075119704735755e+28
1.161075119704735755e+28
1.161075119704735755e+28
1.148193328537945549e+28
1.148193328537945549e+28
1.148193328537504205e+28
1.088710883143420113e+28
4.527049098328572799e+27
4.526911961509700335e+27
4.526911961509700335e+27
4.526911961509700335e+27
2.589735958230602653e+27
2.589735958230602653e+27
2.589735958230602653e+27
2.589735958215224334e+27
2.589721508630524850e+27
2.589721508630524850e+27
2.589721508630524850e+27
2.589721508630524850e+27
2.589721504321975836e+27
2.477651160965300615e+27
2.477651160965300615e+27
2.477651160965300615e+27
2.477651160965300615e+27
2.477651160965300615e+27
2.477651160965300615e+27
1.435925729650125753e+27
1.427211236450365678e+27
1.427211235852845980e+27
1.427025316316282844e+27
6.142768680542149610e+26
6.142768680542141364e+26
6.142768680542141364e+26
6.142760047383717303e+26
6.142760047383717303e+26
5.363417895118599193e+26
5.363417895118599193e+26
5.363417895118599193e+26
5.363417894884409401e+26
5.363417894884409401e+26
5.363417894884409401e+26
5.363417812732843009e+26
5.363417812732843009e+26
5.363417812732831327e+26
5.355035878927099630e+26
4.244669231160437009e+26
4.244669231160437009e+26
4.244669231160437009e+26
4.244669231160437009e+26
4.239688088751216491e+26
1.608592642153419496e+26
1.608592642153419496e+26
1.608592642153419496e+26
1.161297929529123509e+26
1.161297853470334845e+26
1.161297853470334845e+26
1.161297853470334845e+26
1.161297568720214846e+26
1.161297568720101115e+26
1.161297568720101115e+26
1.161297568720101115e+26
1.151902003395732685e+26
1.151902003395732685e+26
1.151902003394756868e+26
1.077739208601275149e+26
4.728139490857085275e+25
4.727847099789823504e+25
4.727847099789823504e+25
4.727847099789823504e+25
4.727847099789823504e+25
2.549694471910982189e+25
2.549694471910982189e+25
2.549694471901780651e+25
2.549686781106570455e+25
2.549686781106570455e+25
2.549686781106570455e+25
2.549686781106570455e+25
2.549686774614388085e+25
2.469740437116033893e+25
2.469740437116033893e+25
2.469740437116033893e+25
2.469740437116033893e+25
2.469740437116033893e+25
1.483088682609820836e+25
1.483088682609820836e+25
1.471438658496874273e+25
1.471438658104822786e+25
1.471330138839397133e+25
5.904809732602999775e+24
5.904809732602982595e+24
5.904809732602982595e+24
5.904794139726207332e+24
5.904794139726207332e+24
5.360542855825089278e+24
5.360542855825089278e+24
5.360542855825089278e+24
5.360542855825089278e+24
5.360542855461431176e+24
5.360542855461431176e+24
5.360542855461431176e+24
5.360542804805162031e+24
5.360542804805156663e+24
5.355941994756842189e+24
4.316901440313974296e+24
4.316901440313974296e+24
4.316901440313974296e+24
4.316901440313974296e+24
4.310435374666391512e+24
1.529360177194180379e+24
1.529360177194180379e+24
1.529360177194180379e+24
1.207852899492893764e+24
1.207852738664122850e+24
1.207852738664122850e+24
1.207852738664122850e+24
1.207852548517872156e+24
1.207852548517819945e+24
1.207852548517819945e+24
1.207852548517819945e+24
1.202252100268186361e+24
1.202252100268186361e+24
1.202252100266533738e+24
1.127740172920656492e+24
4.576924386903551661e+23
4.576580416661151610e+23
4.576580416661151610e+23
4.576580416661151610e+23
2.858412282727509178e+23
2.858412282727509178e+23
2.858412282727509178e+23
2.858412282722587414e+23
2.858412282722587414e+23
2.858406316105228647e+23
2.858406316105228647e+23
2.858406316105228647e+23
2.858406300156041405e+23
2.802560711028565470e+23
2.802560711028565470e+23
2.802560711028565470e+23
2.802560711028565470e+23
2.802560711028565470e+23
1.535215332061975979e+23
1.535215332061975979e+23
1.523726964452882173e+23
1.523726964273967928e+23
1.523726964273950816e+23
1.523655130039751876e+23
7.177286562103206032e+22
7.177286562103206032e+22
7.177286562103206032e+22
7.177257639988786994e+22
7.177257639988786994e+22
6.721769042906899179e+22
6.721769042906899179e+22
6.721769042906899179e+22
6.721769042906899179e+22
6.721769041789222860e+22
6.721769041789222860e+22
6.721769041789222860e+22
6.721769007892726075e+22
6.721769007892723558e+22
6.717302673308770737e+22
5.050226418981534066e+22
5.050226418981534066e+22
5.050226418981534066e+22
5.050226418981534066e+22
5.042086271189785562e+22
1.980269114886196507e+22
1.980269114886196507e+22
1.980269114886196507e+22
1.665138242410729230e+22
1.665137858675352587e+22
1.665137858675352587e+22
1.665137858675352587e+22
1.665137704883904001e+22
1.665137704883870866e+22
1.665137704883870866e+22
1.665137704883870866e+22
1.658562965758128685e+22
1.658562965758128685e+22
1.658562965751981303e+22
1.508232608571243836e+22
6.224234416783952445e+21
6.223649220695505764e+21
6.223649220695505764e+21
6.223649220695505764e+21
4.295600077289709109e+21
4.295600077289709109e+21
4.295600077289709109e+21
4.295600077289709109e+21
4.295600077286011306e+21
4.295594342747968897e+21
4.295594342747968897e+21
4.295594342747968897e+21
4.295594342747968897e+21
4.295594297527736730e+21
4.217631950419774669e+21
4.217631950419774669e+21
4.217631950419774669e+21
4.217631950419774669e+21
4.217631950419774669e+21
2.216271660177943167e+21
2.190203253785902449e+21
2.190203253785902449e+21
2.190203253662918115e+21
2.190203253662849434e+21
1.161108781823702073e+21
1.161091029762176975e+21
1.161091029762176975e+21
1.161091029762176975e+21
1.161084066616475386e+21
1.161084066616475386e+21
1.087495617523179586e+21
1.087495617523179586e+21
1.087495617523179586e+21
1.087495617523179586e+21
1.087495617155897491e+21
1.087495617155897491e+21
1.087495617155897491e+21
1.087495614204053684e+21
1.087495614204053422e+21
1.087495614204053422e+21
1.086997990582322987e+21
7.829836436157754245e+20
7.829836436157754245e+20
7.829836436157754245e+20
7.808463968587374920e+20
3.373277409367001661e+20
3.373277409367001661e+20
3.373277409367001661e+20
2.813410620861613998e+20
2.813409613090819277e+20
2.813409613090819277e+20
2.813409613090818621e+20
2.813409467025043948e+20
2.813409467025011180e+20
2.813409467025011180e+20
2.813409467025011180e+20
2.805413000266388931e+20
2.805413000266388931e+20
2.805413000244308541e+20
2.805413000244308541e+20
2.499147521722730414e+20
1.089013320100510106e+20
1.088817442927865528e+20
1.088817442927865528e+20
1.088817442927865528e+20
7.333506783527005389e+19
7.333506783527005389e+19
7.333506783527005389e+19
7.333506783527005389e+19
7.333506783523247718e+19
7.333506783523247718e+19
7.333501222878905139e+19
7.333501101631253709e+19
7.333501101631253709e+19
7.333501101631253709e+19
7.333501101631253709e+19
7.236317293625806848e+19
7.236317293625806848e+19
7.236317293625806848e+19
7.236317293625806848e+19
3.909943096341031322e+19
3.851162724937250406e+19
3.851162724937250406e+19
3.851162724804681728e+19
3.851162724804414669e+19
3.851162724804414669e+19
1.962880891416870093e+19
1.962864012503214080e+19
1.962864012503214080e+19
1.962842251628115968e+19
1.962842251628115968e+19
1.871721543509737882e+19
1.871721543509737882e+19
1.871721543509737882e+19
1.871721543509737882e+19
1.871721542508836454e+19
1.871721542508836454e+19
1.871721542508836454e+19
1.871721539460261478e+19
1.871721539460261478e+19
1.871721539460261478e+19
1.871231011131459584e+19
1.368839712489117491e+19
1.368839712489117491e+19
1.368839712489117491e+19
1.364095145578264371e+19
5.641832477214708736e+18
5.641832477214708736e+18
5.641832477214708736e+18
5.641832477214708736e+18
5.641828045611087872e+18
4.941854954381263872e+18
4.941854954381261824e+18
4.941854797258696704e+18
4.941854797258672128e+18
4.941854797258672128e+18
4.941854797258672128e+18
4.933636606043333632e+18
4.933636606043333632e+18
4.933636605980510208e+18
4.933636605980510208e+18
4.411577282178956800e+18
1.829806943199503872e+18
1.829404991706875904e+18
1.829404991706875904e+18
1.829404991706875904e+18
1.358547970223833344e+18
1.358547970223833344e+18
1.358547970223833344e+18
1.358547970223833344e+18
1.358547970223833344e+18
1.358547970223508992e+18
1.358547304907727360e+18
1.358547259406268928e+18
1.358547259406268928e+18
1.358547259406268928e+18
1.358547259406268928e+18
1.347394427314749440e+18
1.347394427314749440e+18
1.347394427314749440e+18
1.347394427314749440e+18
6.812507672957792000e+17
6.714459937183715840e+17
6.714459937183715840e+17
6.714459937183715840e+17
6.714459937082378240e+17
6.714459937081630720e+17
3.917925248875555840e+17
3.917901804101342080e+17
3.917838786219212160e+17
3.917838786219212160e+17
3.917838786219212160e+17
3.795146769982628480e+17
3.795146769982628480e+17
3.795146769982628480e+17
3.795146769982628480e+17
3.795146765482848640e+17
3.795146765482848640e+17
3.795146765482848640e+17
3.795146765482848640e+17
3.795146762331000320e+17
3.795146762331000320e+17
3.795146762331000320e+17
2.600328258709232000e+17
2.600328258709232000e+17
2.599998138058811200e+17
2.590600423643664320e+17
2.590600423643664320e+17
1.207228142193412480e+17
1.207228142193412480e+17
1.207228142193412480e+17
1.207228142193412480e+17
1.207226667295375680e+17
1.207226667295374560e+17
1.096646394409899200e+17
1.096646374952468000e+17
1.096646374952465440e+17
1.096646374952465440e+17
1.096646374952465440e+17
1.095234913503866400e+17
1.095234913470011200e+17
1.095234913470011200e+17
1.095234913470011200e+17
9.424115452416953600e+16
4.128463301642101600e+16
4.128463301642101600e+16
4.127339818322842400e+16
4.127339818322842400e+16
4.127339818322842400e+16
3.275274541972696800e+16
3.275274541972696800e+16
3.275274541972696800e+16
3.275274541972696800e+16
3.275274541972311200e+16
3.275273569522785200e+16
3.275273377287154800e+16
3.275273377287154800e+16
3.275273377287154800e+16
3.275273377287154800e+16
3.252643835392504800e+16
3.252643835392504800e+16
3.252643835392504800e+16
3.252643835392504800e+16
1.622624666511561800e+16
1.588520037376770800e+16
1.588520037376770800e+16
1.588520037376313800e+16
1.588520037376313800e+16
1.588520037364716000e+16
1.017096140420562600e+16
1.017092167111252000e+16
1.017068847365279600e+16
1.017068847365279600e+16
9.881558579030566000e+15
9.881558579030566000e+15
9.881558579030566000e+15
9.881558579030566000e+15
9.881558579030566000e+15
9.881558579030566000e+15
9.881558556856366000e+15
9.881558556856366000e+15
9.881558556856366000e+15
9.881558552487192000e+15
9.881558552487192000e+15
9.881558552487192000e+15
9.881558552487192000e+15
6.547780265457074000e+15
6.547253862338322000e+15
6.510541851557464000e+15
3.324904577783708500e+15
3.324904577783708500e+15
3.324904577783708500e+15
3.324904577783708500e+15
3.324904577783708500e+15
3.324898434637471500e+15
3.324898434637462000e+15
3.031391316678915000e+15
3.031391286278704500e+15
3.031391286278700500e+15
3.031391286278700500e+15
3.031391286278700500e+15
3.028678072949623500e+15
3.028678072949623500e+15
3.028678072761440500e+15
3.028678072761440500e+15
2.543314620701744000e+15
1.181999713826083000e+15
1.181999713826083000e+15
1.181999713826083000e+15
1.181431362441355250e+15
1.181431362441355250e+15
1.181431362441355250e+15
9.379262219285800000e+14
9.379262219285800000e+14
9.379262219285800000e+14
9.379262219285800000e+14
9.379262219285178750e+14
9.379260588677932500e+14
9.379259723061737500e+14
9.379259723061737500e+14
9.379259723061737500e+14
9.379259723061737500e+14
9.379259723061737500e+14
9.332502140012412500e+14
9.332502140012412500e+14
9.332502140012412500e+14
9.332502140012412500e+14
9.332502140012412500e+14
9.332502140012412500e+14
9.332502140012412500e+14
9.332502140012412500e+14
9.332502140012412500e+14
9.332502140012412500e+14
9.332502140012412500e+14
9.332502140012412500e+14
9.332502140012412500e+14
9.332502140012412500e+14
9.332502140012412500e+14
9.332502140012412500e+14
9.332502140012412500e+14
9.332502140012412500e+14
9.332502140012412500e+14
9.332502140012412500e+14
9.332502140012412500e+14
9.332502140012412500e+14
9.332502140012412500e+14
9.332502140012412500e+14
9.332502140012412500e+14
9.332502140012412500e+14
9.332502140012412500e+14
9.332502140012412500e+14
9.332502140012412500e+14
9.332502140012412500e+14
9.332502140012412500e+14
9.332502140012412500e+14
9.332502140012412500e+14
9.332502140012412500e+14
9.332502140012412500e+14
9.332502140012412500e+14
9.332502140012412500e+14
9.332502140012412500e+14
9.332502140012412500e+14
9.332502140012412500e+14
9.332502140012412500e+14
9.332502140012412500e+14
9.332502140012412500e+14
9.332502140012412500e+14
9.332502140012412500e+14
9.332502140012412500e+14
9.332502140012412500e+14
9.332502140012412500e+14
9.332502140012412500e+14
9.332502140012412500e+14
9.332502140012412500e+14
9.332502140012412500e+14
9.332502140012412500e+14
9.332502140012412500e+14
9.332502140012412500e+14
9.332502140012412500e+14
9.332502140012412500e+14
9.332502140012412500e+14
9.332502140012412500e+14
9.332502140012412500e+14
9.332502140012412500e+14
9.332502140012412500e+14
9.332502140012412500e+14
9.332502140012412500e+14
9.332502140012412500e+14
9.332502140012412500e+14
9.332502140012412500e+14
9.332502140012412500e+14
9.332502140012412500e+14
9.332502140012412500e+14
9.332502140012412500e+14
9.332502140012412500e+14
9.332502140012412500e+14
9.332502140012412500e+14
9.332502140012412500e+14
9.332502140012412500e+14
9.332502140012412500e+14
9.332502140012412500e+14
9.332502140012412500e+14
9.332502140012412500e+14
9.332502140012412500e+14
9.332502140012412500e+14
9.332502140012412500e+14
9.332502140012412500e+14
9.332502140012412500e+14
9.332502140012412500e+14
9.332502140012412500e+14
9.332502140012412500e+14
9.332502140012412500e+14
9.332502140012412500e+14
9.332502140012412500e+14
9.332502140012412500e+14
9.332502140012412500e+14
9.332502140012412500e+14
9.332502140012412500e+14
9.332502140012412500e+14
9.332502140012412500e+14
9.332502140012412500e+14
9.332502140012412500e+14
9.332502140012412500e+14
9.332502140012412500e+14
9.332502140012412500e+14
9.332502140012412500e+14
9.332502140012412500e+14
9.332502140012412500e+14
9.332502140012412500e+14
9.332502140012412500e+14
9.332502140012412500e+14
9.332502140012412500e+14
9.332502140012412500e+14
9.332502140012412500e+14
9.332502140012412500e+14
9.332502140012412500e+14
9.332502140012412500e+14
9.332502140012412500e+14
9.332502140012412500e+14
9.332502140012412500e+14
9.332502140012412500e+14
9.332502140012412500e+14
9.332502140012412500e+14
9.332502140012412500e+14
9.332502140012412500e+14
9.332502140012412500e+14
9.332502140012412500e+14
9.332502140012412500e+14
9.332502140012412500e+14
9.332502140012412500e+14
9.332502140012412500e+14
9.332502140012412500e+14
9.332502140012412500e+14
9.332502140012412500e+14
9.332502140012412500e+14
9.332502140012412500e+14
9.332502140012412500e+14
9.332502140012412500e+14
9.332502140012412500e+14
9.332502140012412500e+14
9.332502140012412500e+14
9.332502140012412500e+14
9.332502140012412500e+14
9.332502140012412500e+14
9.332502140012412500e+14
9.332502140012412500e+14
9.332502140012412500e+14
9.332502140012412500e+14
9.332502140012412500e+14
9.332502140012412500e+14
9.332502140012412500e+14
9.332502140012412500e+14
9.332502140012412500e+14
9.332502140012412500e+14
9.332502140012412500e+14
9.332502140012412500e+14
9.332502140012412500e+14
9.332502140012412500e+14
9.332502140012412500e+14
9.332502140012412500e+14
9.332502140012412500e+14
9.332502140012412500e+14
9.332502140012412500e+14
9.332502140012412500e+14
9.332502140012412500e+14
9.332502140012412500e+14
9.332502140012412500e+14
9.332502140012412500e+14
9.332502140012412500e+14
9.332502140012412500e+14
9.332502140012412500e+14
9.332502140012412500e+14
9.332502140012412500e+14
9.332502140012412500e+14
9.332502140012412500e+14
9.332502140012412500e+14
9.332502140012412500e+14
9.332502140012412500e+14
9.332502140012412500e+14
9.332502140012412500e+14
9.332502140012412500e+14
9.332502140012412500e+14
9.332502140012412500e+14
9.332502140012412500e+14
9.332502140012412500e+14
9.332502140012412500e+14
9.332502140012412500e+14
9.332502140012412500e+14
9.332502140012412500e+14
9.332502140012412500e+14
9.332502140012412500e+14
9.332502140012412500e+14
9.332502140012412500e+14
9.332502140012412500e+14
9.332502140012412500e+14
9.332502140012412500e+14
9.332502140012412500e+14
9.332502140012412500e+14
9.332502140012412500e+14
9.332502140012412500e+14
9.332502140012412500e+14
9.332502140012412500e+14
9.332502140012412500e+14
9.332502140012412500e+14
9.332502140012412500e+14
9.332502140012412500e+14
9.332502140012412500e+14
9.332502140012412500e+14
9.332502140012412500e+14
9.332502140012412500e+14
9.332502140012412500e+14
9.332502140012412500e+14
9.332502140012412500e+14
9.332502140012412500e+14
9.332502140012412500e+14
9.332502140012412500e+14
9.332502140012412500e+14
9.332502140012412500e+14
9.332502140012412500e+14
9.332502140012412500e+14
9.332502140012412500e+14
9.332502140012412500e+14
9.332502140012412500e+14
9.332502140012412500e+14
9.332502140012412500e+14
9.332502140012412500e+14
9.332502140012412500e+14
9.332502140012412500e+14
9.332502140012412500e+14
9.332502140012412500e+14
9.332502140012412500e+14
9.332502140012412500e+14
9.332502140012412500e+14
9.332502140012412500e+14
9.332502140012412500e+14
9.332502140012412500e+14
9.332502140012412500e+14
9.332502140012412500e+14
9.332502140012412500e+14
9.332502140012412500e+14
9.332502140012412500e+14
9.332502140012412500e+14
9.332502140012412500e+14
9.332502140012412500e+14
9.332502140012412500e+14
9.332502140012412500e+14
9.332502140012412500e+14
9.332502140012412500e+14
9.332502140012412500e+14
9.332502140012412500e+14
9.332502140012412500e+14
9.332502140012412500e+14
9.332502140012412500e+14
9.332502140012412500e+14
9.332502140012412500e+14
9.332502140012412500e+14
9.332502140012412500e+14
9.332502140012412500e+14
9.332502140012412500e+14
9.332502140012412500e+14
9.332502140012412500e+14
9.332502140012412500e+14
9.332502140012412500e+14
9.332502140012412500e+14
9.332502140012412500e+14
9.332502140012412500e+14
9.332502140012412500e+14
9.332502140012412500e+14
9.332502140012412500e+14
9.332502140012412500e+14
9.332502140012412500e+14
9.332502140012412500e+14
9.332502140012412500e+14
9.332502140012412500e+14
9.332502140012412500e+14
9.332502140012412500e+14
9.332502140012412500e+14
9.332502140012412500e+14
9.332502140012412500e+14
9.332502140012412500e+14
9.332502140012412500e+14
9.332502140012412500e+14
9.332502140012412500e+14
9.332502140012412500e+14
9.332502140012412500e+14
9.332502140012412500e+14
9.332502140012412500e+14
9.332502140012412500e+14
9.332502140012412500e+14
9.332502140012412500e+14
9.332502140012412500e+14
9.332502140012412500e+14
9.332502140012412500e+14
9.332502140012412500e+14
9.332502140012412500e+14
9.332502140012412500e+14
9.332502140012412500e+14
9.332502140012412500e+14
9.332502140012412500e+14
9.332502140012412500e+14
9.332502140012412500e+14
9.332502140012412500e+14
9.332502140012412500e+14
9.332502140012412500e+14
9.332502140012412500e+14
9.332502140012412500e+14
9.332502140012412500e+14
9.332502140012412500e+14
9.332502140012412500e+14
9.332502140012412500e+14
9.332502140012412500e+14
9.332502140012412500e+14
9.332502140012412500e+14
9.332502140012412500e+14
9.332502140012412500e+14
9.332502140012412500e+14
9.332502140012412500e+14
9.332502140012412500e+14
9.332502140012412500e+14
9.332502140012412500e+14
9.332502140012412500e+14
9.332502140012412500e+14
9.332502140012412500e+14
9.332502140012412500e+14
9.332502140012412500e+14
9.332502140012412500e+14
9.332502140012412500e+14
9.332502140012412500e+14
9.332502140012412500e+14
9.332502140012412500e+14
9.332502140012412500e+14
9.332502140012412500e+14
9.332502140012412500e+14
9.332502140012412500e+14
9.332502140012412500e+14
9.332502140012412500e+14
9.332502140012412500e+14
9.332502140012412500e+14
9.332502140012412500e+14
9.332502140012412500e+14
9.332502140012412500e+14
9.332502140012412500e+14
9.332502140012412500e+14
9.332502140012412500e+14
9.332502140012412500e+14
9.332502140012412500e+14
9.332502140012412500e+14
9.332502140012412500e+14
9.332502140012412500e+14
9.332502140012412500e+14
9.332502140012412500e+14
9.332502140012412500e+14
9.332502140012412500e+14
9.332502140012412500e+14
9.332502140012412500e+14
9.332502140012412500e+14
9.332502140012412500e+14
9.332502140012412500e+14
9.332502140012412500e+14
9.332502140012412500e+14
9.332502140012412500e+14
9.332502140012412500e+14
9.332502140012412500e+14
9.332502140012411250e+14
9.332502140012406250e+14
9.332502140012397500e+14
9.332502140012393750e+14
9.332502140012393750e+14
9.332502140012393750e+14
9.332502140012393750e+14
9.332502140012393750e+14
9.332502140012393750e+14
9.332502140012393750e+14
9.332502140012393750e+14
9.332502140012393750e+14
9.332502140012393750e+14
9.332502140012393750e+14
9.332502140012393750e+14
9.332502140012393750e+14
9.332502140012393750e+14
9.332502140012393750e+14
9.332502140012393750e+14
9.332502140012393750e+14
9.332502140012393750e+14
9.332502140012393750e+14
9.332502140012393750e+14
9.332502140012393750e+14
9.332502140012393750e+14
9.332502140012392500e+14
9.332502140012383750e+14
9.332502140012330000e+14
9.332502140012045000e+14
9.332502140010790000e+14
9.332502140006637500e+14
9.332502139999106250e+14
9.332502139995503750e+14
9.332502139995392500e+14
9.332502139995392500e+14
9.332502139995392500e+14
9.332502139995392500e+14
9.332502139995392500e+14
9.332502139995392500e+14
9.332502139995392500e+14
9.332502139995392500e+14
9.332502139995392500e+14
9.332502139995392500e+14
9.332502139995392500e+14
9.332502139995392500e+14
9.332502139995392500e+14
9.332502139995392500e+14
9.332502139995392500e+14
9.332502139995392500e+14
9.332502139995392500e+14
9.332502139995392500e+14
9.332502139995392500e+14
9.332502139995386250e+14
9.332502139995311250e+14
9.332502139994652500e+14
9.332502139989671250e+14
9.332502139956711250e+14
9.332502139780366250e+14
9.332502139005637500e+14
9.332502136445742500e+14
9.332502131800635000e+14
9.332502129579552500e+14
9.332502129510645000e+14
9.332502129510628750e+14
9.332502129510628750e+14
9.332502129510628750e+14
9.332502129510628750e+14
9.332502129510628750e+14
9.332502129510628750e+14
9.332502129510628750e+14
9.332502129510628750e+14
9.332502129510628750e+14
9.332502129510628750e+14
9.332502129510628750e+14
9.332502129510628750e+14
9.332502129510628750e+14
9.332502129510628750e+14
9.332502129510628750e+14
9.332502129510615000e+14
9.332502129510398750e+14
9.332502129507692500e+14
9.332502129477011250e+14
9.332502129201952500e+14
9.332502127124131250e+14
9.332502113375712500e+14
9.332502039819806250e+14
9.332501716670613750e+14
9.332500648908081250e+14
9.332498711377606250e+14
9.332497784937775000e+14
9.332497756195731250e+14
9.332497756189588750e+14
9.332497756189588750e+14
9.332497756189588750e+14
9.332497756189588750e+14
9.332497756189588750e+14
9.332497756189588750e+14
9.332497756189588750e+14
9.332497756189588750e+14
9.332497756189588750e+14
9.332497756189588750e+14
9.332497756189588750e+14
9.332497756189588750e+14
9.332497756189588750e+14
9.332497756189578750e+14
9.332497756189368750e+14
9.332497756185252500e+14
9.332497756123617500e+14
9.332497755355550000e+14
9.332497746651015000e+14
9.332497668611793750e+14
9.332497079096791250e+14
9.332493178427490000e+14
9.332472309370668750e+14
9.332380627573636250e+14
9.332077701662917500e+14
9.331528071257555000e+14
9.331265285544750000e+14
9.331257133067341250e+14
9.331257131325030000e+14
9.331257131325030000e+14
9.331257131325030000e+14
9.331257131325030000e+14
9.331257131325030000e+14
9.331257131325030000e+14
9.331257131325030000e+14
9.331257131325030000e+14
9.331257131325030000e+14
9.331257131325030000e+14
9.331257131325028750e+14
9.331257131324948750e+14
9.331257131322963750e+14
9.331257131282380000e+14
9.331257130483758750e+14
9.331257118527148750e+14
9.331256969529376250e+14
9.331255280931625000e+14
9.331240142085968750e+14
9.331125783521201250e+14
9.330369172544737500e+14
9.326323284127377500e+14
9.308590190068540000e+14
9.250472328097248750e+14
9.146845768793788750e+14
9.098112305806778750e+14
9.096608693421348750e+14
9.096608372128695000e+14
9.096608372128695000e+14
9.096608372128695000e+14
9.096608372128695000e+14
9.096608372128695000e+14
9.096608372128695000e+14
9.096608372128695000e+14
9.096608372128695000e+14
9.096608372128695000e+14
9.096608372128686250e+14
9.096608372128400000e+14
9.096608372118392500e+14
9.096608371866747500e+14
9.096608366721237500e+14
9.096608265466373750e+14
9.096606749524325000e+14
9.096587858594381250e+14
9.096373772364447500e+14
9.094454864046203750e+14
9.079985380194168750e+14
8.985392618347596250e+14
8.511020417379185000e+14
6.908656054374522500e+14
4.259114897141102500e+14
2.511408532776458750e+14
2.099473824517556562e+14
2.088844209516133438e+14
2.088841949303235938e+14
2.088841949303232188e+14
2.088841949303232188e+14
2.088841949303232188e+14
2.088841949303232188e+14
2.088841949303232188e+14
2.088841949303232188e+14
2.088841949303230938e+14
2.088841949303189062e+14
2.088841949301793750e+14
2.088841949253147188e+14
2.088841948029810000e+14
2.088841923015617500e+14
2.088841430779015312e+14
2.088834061261609062e+14
2.088742230087757500e+14
2.087702067482771250e+14
2.078422716385590625e+14
2.010904269442588750e+14
1.655136325570484688e+14
8.502953646273232812e+13
2.711143407291591016e+13
8.340202372345299805e+12
3.696307509847607422e+12
2.919118960285011719e+12
2.900200456792122070e+12
2.900196439817403809e+12
2.900196439817397461e+12
2.900196439817397461e+12
2.900196439817397461e+12
2.900196439817397461e+12
2.900196439817397461e+12
2.900196439817397461e+12
2.900196439817396484e+12
2.900196439817344727e+12
2.900196439815622559e+12
2.900196439755582031e+12
2.900196438245712402e+12
2.900196407372648926e+12
2.900195799843452148e+12
2.900186704219839844e+12
2.900073363528350098e+12
2.898789487475847656e+12
2.887329666722554688e+12
2.803603781828755859e+12
2.352272457528042480e+12
1.263793822211571289e+12
4.166936942470977783e+11
1.296181890999978638e+11
5.760490049065882874e+10
4.551395903050988770e+10
4.521949863256644440e+10
4.521943610894565582e+10
4.521943610894555664e+10
4.521943610894555664e+10
4.521943610894555664e+10
4.521943610894555664e+10
4.521943610894555664e+10
4.521943610894554138e+10
4.521943610894497681e+10
4.521943610892627716e+10
4.521943610827420807e+10
4.521943609187629700e+10
4.521943575657995605e+10
4.521942915851974487e+10
4.521933037555845642e+10
4.521809942394384766e+10
4.520415367900096893e+10
4.507950837462297821e+10
4.415968278639114380e+10
3.890681493944861603e+10
2.377574783062368393e+10
8.778013503952943802e+09
2.846018140134602547e+09
1.278391821724035978e+09
1.011886690371858597e+09
1.005384283397385240e+09
1.005382902661992908e+09
1.005382902661990643e+09
1.005382902661990643e+09
1.005382902661990643e+09
1.005382902661990643e+09
1.005382902661990643e+09
1.005382902661990404e+09
1.005382902661981702e+09
1.005382902661692142e+09
1.005382902651598454e+09
1.005382902397764683e+09
1.005382897207496166e+09
1.005382795071859598e+09
1.005381265945498228e+09
1.005362211066470385e+09
1.005146311778121591e+09
1.003214833020434260e+09
9.888606750628328323e+08
9.033384930640015602e+08
6.175788373715077639e+08
2.584284797365193069e+08
8.845543030812282860e+07
4.032660010662354529e+07
3.200103622316849977e+07
3.179737246794579551e+07
3.179732921884853765e+07
3.179732921884847060e+07
3.179732921884847060e+07
3.179732921884847060e+07
3.179732921884847060e+07
3.179732921884847060e+07
3.179732921884846687e+07
3.179732921884827316e+07
3.179732921884188801e+07
3.179732921861928329e+07
3.179732921302125975e+07
3.179732909855566919e+07
3.179732684606787562e+07
3.179729312287124619e+07
3.179687288591060415e+07
3.179211109870664030e+07
3.174948362678324059e+07
3.143112828397125751e+07
2.947552184276106581e+07
2.211417765920596197e+07
1.054467928020333499e+07
3.864383887461503968e+06
1.797745468835711479e+06
1.431652987552175298e+06
1.422664933041670593e+06
1.422663024214204168e+06
1.422663024214201141e+06
1.422663024214201141e+06
1.422663024214201141e+06
1.422663024214201141e+06
1.422663024214200908e+06
1.422663024214194855e+06
1.422663024213995552e+06
1.422663024207048351e+06
1.422663024032344343e+06
1.422663020460082917e+06
1.422662950164064998e+06
1.422661897724514129e+06
1.422648782837665640e+06
1.422500168163372669e+06
1.421169171051644487e+06
1.411194613082360942e+06
1.348567133826072561e+06
1.089809364315667422e+06
5.913367951122155646e+05
2.354665692767284927e+05
1.125546234265953826e+05
9.007297488071207772e+04
8.951825099379103631e+04
8.951813317079140688e+04
8.951813317079121771e+04
8.951813317079121771e+04
8.951813317079121771e+04
8.951813317079121771e+04
8.951813317079121771e+04
8.951813317079095577e+04
8.951813317078222462e+04
8.951813317047775490e+04
8.951813316282101732e+04
8.951813300625974080e+04
8.951812992540035339e+04
8.951808380018385651e+04
8.951750901294505456e+04
8.951099544051132398e+04
8.945264128817946767e+04
8.901427514984310255e+04
8.621858396749595704e+04
7.381520021251100115e+04
4.522958952596865129e+04
1.984104296979128048e+04
9.829276066017922858e+03
7.918683701211332846e+03
7.871217021295645281e+03
7.871206937735625615e+03
7.871206937735609245e+03
7.871206937735609245e+03
7.871206937735609245e+03
7.871206937735609245e+03
7.871206937735591964e+03
7.871206937735059910e+03
7.871206937716483480e+03
7.871206937249344264e+03
7.871206927697512583e+03
7.871206739733721406e+03
7.871203925625391093e+03
7.871168857670923899e+03
7.870771452886407133e+03
7.867210370974662510e+03
7.840413407373942391e+03
7.667603378492337470e+03
6.858799992759321867e+03
4.686849704553598713e+03
2.290355702432354974e+03
1.188047382554395881e+03
9.657918852661362052e+02
9.602188799824029957e+02
9.602176958171710339e+02
9.602176958171691012e+02
9.602176958171691012e+02
9.602176958171691012e+02
9.602176958171691012e+02
9.602176958171691012e+02
9.602176958171676233e+02
9.602176958171229444e+02
9.602176958155616830e+02
9.602176957763018663e+02
9.602176949735367089e+02
9.602176791764856034e+02
9.602174426701974426e+02
9.602144954474230190e+02
9.601810957105998341e+02
9.598817590816549910e+02
9.576265601498117803e+02
9.429674270062409960e+02
8.715857010002156358e+02
6.540664271446796647e+02
3.584651683903045409e+02
1.969497760066716125e+02
1.620392767073669233e+02
1.611530606976704405e+02
1.611528723353449095e+02
1.611528723353445969e+02
1.611528723353445969e+02
1.611528723353445969e+02
1.611528723353445969e+02
1.611528723353445969e+02
1.611528723353444548e+02
1.611528723353393389e+02
1.611528723351609642e+02
1.611528723306748816e+02
1.611528722389462303e+02
1.611528704338822990e+02
1.611528434092813029e+02
1.611525066418978724e+02
1.611486901411693964e+02
1.611144819428407118e+02
1.608565387310768529e+02
1.591703884474434858e+02
1.507178511499322724e+02
1.222071994424508148e+02
7.520215911262015140e+01
4.429008458676658933e+01
3.701491098420988379e+01
3.682723597749162536e+01
3.682719607177791943e+01
3.682719607177785548e+01
3.682719607177785548e+01
3.682719607177785548e+01
3.682719607177785548e+01
3.682719607177783416e+01
3.682719607177705257e+01
3.682719607174980325e+01
3.682719607106459847e+01
3.682719605705385391e+01
3.682719578134632599e+01
3.682719165357771374e+01
3.682714021530204462e+01
3.682655727317628447e+01
3.682133181620999807e+01
3.678190612206904575e+01
3.652314885901927966e+01
3.519836317322201324e+01
3.036032430375099267e+01
2.087811046473313681e+01
1.332590212537195029e+01
1.136089501067389840e+01
1.130915836621524306e+01
1.130914735963834872e+01
1.130914735963833095e+01
1.130914735963833095e+01
1.130914735963833095e+01
1.130914735963833095e+01
1.130914735963832563e+01
1.130914735963816931e+01
1.130914735963273365e+01
1.130914735949599681e+01
1.130914735670008042e+01
1.130914730168118787e+01
1.130914647796313766e+01
1.130913621317784568e+01
1.130901988323145169e+01
1.130797705123170260e+01
1.130010561745001141e+01
1.124829721616106148e+01
1.097899185876818606e+01
9.934097985954236876e+00
7.557484099322437032e+00
5.269791644960002408e+00
4.603482593930070088e+00
4.585495169907150448e+00
4.585491340733670818e+00
4.585491340733664600e+00
4.585491340733664600e+00
4.585491340733664600e+00
4.585491340733664600e+00
4.585491340733662824e+00
4.585491340733623744e+00
4.585491340732250620e+00
4.585491340697714691e+00
4.585491339991548898e+00
4.585491326095396225e+00
4.585491118048457437e+00
4.585488525464814558e+00
4.585459143808917837e+00
4.585195743745292596e+00
4.583206974114953702e+00
4.570091139258909863e+00
4.501175583034196848e+00
4.221505931192823802e+00
3.502449550234266962e+00
2.675506567372373024e+00
2.404097381099498332e+00
2.396555036122446580e+00
2.396553429262037405e+00
2.396553429262034740e+00
2.396553429262034740e+00
2.396553429262034740e+00
2.396553429262034740e+00
2.396553429262022750e+00
2.396553429261602641e+00
2.396553429251046197e+00
2.396553429035197968e+00
2.396553424787668529e+00
2.396553361195571608e+00
2.396552568740404343e+00
2.396543587848886769e+00
2.396463074003363225e+00
2.395855040181453788e+00
2.391839596610044971e+00
2.370583035612769951e+00
2.281505537126147232e+00
2.029518849178684192e+00
1.690681109816187577e+00
1.565691559274626554e+00
1.562108749625711779e+00
1.562107985675114108e+00
1.562107985675112776e+00
1.562107985675112776e+00
1.562107985675112776e+00
1.562107985675112776e+00
1.562107985675108557e+00
1.562107985674962896e+00
1.562107985671295385e+00
1.562107985596306037e+00
1.562107984120641779e+00
1.562107962027660557e+00
1.562107686715146215e+00
1.562104566593481625e+00
1.562076594161763365e+00
1.561865320351681463e+00
1.560468814007929916e+00
1.553039534736111227e+00
1.521221770765723846e+00
1.424771379086204215e+00
1.277764916527476702e+00
1.217689523063558932e+00
1.215915947554830456e+00
1.215915569065858071e+00
1.215915569065857404e+00
1.215915569065857404e+00
1.215915569065857404e+00
1.215915569065857404e+00
1.215915569065855850e+00
1.215915569065802782e+00
1.215915569064470958e+00
1.215915569037237409e+00
1.215915568501325650e+00
1.215915560477896618e+00
1.215915460493623756e+00
1.215914327368750714e+00
1.215904168599930335e+00
1.215827433864146823e+00
1.215319943548266668e+00
1.212611981847925957e+00
1.200856818870565723e+00
1.163585333008837042e+00
1.101546676160924054e+00
1.074162299258720088e+00
1.073334480041074457e+00
1.073334303259374733e+00
1.073334303259374289e+00
1.073334303259374289e+00
1.073334303259374289e+00
1.073334303259374289e+00
1.073334303259356304e+00
1.073334303258898892e+00
1.073334303249546373e+00
1.073334303065508033e+00
1.073334300310166078e+00
1.073334265974364099e+00
1.073333876845412371e+00
1.073330388180053552e+00
1.073304035232349962e+00
1.073129697068302635e+00
1.072197925380175665e+00
1.068123519328427307e+00
1.054878172929510027e+00
1.031663952557664077e+00
1.020921267166984947e+00
1.020591561024524418e+00
1.020591490583862671e+00
1.020591490583862448e+00
1.020591490583862448e+00
1.020591490583862448e+00
1.020591490583862448e+00
1.020591490583857119e+00
1.020591490583722782e+00
1.020591490580974758e+00
1.020591490526899126e+00
1.020591489717303402e+00
1.020591479628493392e+00
1.020591365291596109e+00
1.020590340222227166e+00
1.020582596825921451e+00
1.020531363698226723e+00
1.020257346839235968e+00
1.019055264552287232e+00
1.015103360414895572e+00
1.008010073276818463e+00
1.004653297760108810e+00
1.004549514038822089e+00
1.004549491860889265e+00
1.004549491860889265e+00
1.004549491860889265e+00
1.004549491860889265e+00
1.004549491860889265e+00
1.004549491860888155e+00
1.004549491860856847e+00
1.004549491860216914e+00
1.004549491847626319e+00
1.004549491659126659e+00
1.004549489310129884e+00
1.004549462688850037e+00
1.004549224019773312e+00
1.004547421096552151e+00
1.004535491774168232e+00
1.004471673086726469e+00
1.004191397924693252e+00
1.003266412561770737e+00
1.001592305042259490e+00
1.000793794806404069e+00
1.000769042034791223e+00
1.000769036744862950e+00
1.000769036744862950e+00
1.000769036744862950e+00
1.000769036744862950e+00
1.000769036744862950e+00
1.000769036744857399e+00
1.000769036744744156e+00
1.000769036742517271e+00
1.000769036709175719e+00
1.000769036293687408e+00
1.000769031584941793e+00
1.000768989369383632e+00
1.000768670469513344e+00
1.000766560395113691e+00
1.000755271360739052e+00
1.000705678871504745e+00
1.000541848299283831e+00
1.000244703011080816e+00
1.000102683833777206e+00
1.000098278448701805e+00
1.000098277507205369e+00
1.000098277507205369e+00
1.000098277507205369e+00
1.000098277507205369e+00
1.000098277507205369e+00
1.000098277507204703e+00
1.000098277507189604e+00
1.000098277506894950e+00
1.000098277502482702e+00
1.000098277447497797e+00
1.000098276824351151e+00
1.000098271237623626e+00
1.000098229035002007e+00
1.000097949791054486e+00
1.000096455800538742e+00
1.000089892385393364e+00
1.000068205894913964e+00
1.000028856616370199e+00
1.000010042651670927e+00
1.000009458974960408e+00
1.000009458850219524e+00
1.000009458850219524e+00
1.000009458850219524e+00
1.000009458850219524e+00
1.000009458850219302e+00
1.000009458850217969e+00
1.000009458850188881e+00
1.000009458849753008e+00
1.000009458844321797e+00
1.000009458782771254e+00
1.000009458230948889e+00
1.000009454062434910e+00
1.000009426480437336e+00
1.000009278913017718e+00
1.000008630613541616e+00
1.000006488482041433e+00
1.000002601455435292e+00
1.000000742864444181e+00
1.000000685203273010e+00
1.000000685190949756e+00
1.000000685190949756e+00
1.000000685190949756e+00
1.000000685190949756e+00
1.000000685190949756e+00
1.000000685190947536e+00
1.000000685190915339e+00
1.000000685190514327e+00
1.000000685185969740e+00
1.000000685145225665e+00
1.000000684837440090e+00
1.000000682800901819e+00
1.000000671905143745e+00
1.000000624037400199e+00
1.000000465870888977e+00
1.000000178866627065e+00
1.000000041634128145e+00
1.000000037376601592e+00
1.000000037375691653e+00
1.000000037375691653e+00
1.000000037375691653e+00
1.000000037375691653e+00
1.000000037375691653e+00
1.000000037375691431e+00
1.000000037375689654e+00
1.000000037375667450e+00
1.000000037375416095e+00
1.000000037373161899e+00
1.000000037356134408e+00
1.000000037243467865e+00
1.000000036640685819e+00
1.000000033992515691e+00
1.000000025242324897e+00
1.000000009364481190e+00
1.000000001772409330e+00
1.000000001536871519e+00
1.000000001536821115e+00
1.000000001536821115e+00
1.000000001536821115e+00
1.000000001536821115e+00
1.000000001536821115e+00
1.000000001536821115e+00
1.000000001536821115e+00
1.000000001536820227e+00
1.000000001536809791e+00
1.000000001536716088e+00
1.000000001536008432e+00
1.000000001531327065e+00
1.000000001506281322e+00
1.000000001396248450e+00
1.000000001032673724e+00
1.000000000372941233e+00
1.000000000057486682e+00
1.000000000047700066e+00
1.000000000047697846e+00
1.000000000047697846e+00
1.000000000047697846e+00
1.000000000047697846e+00
1.000000000047697846e+00
1.000000000047697846e+00
1.000000000047697846e+00
1.000000000047697846e+00
1.000000000047697624e+00
1.000000000047694737e+00
1.000000000047672533e+00
1.000000000047526205e+00
1.000000000046742610e+00
1.000000000043300918e+00
1.000000000031928238e+00
1.000000000011291856e+00
1.000000000001424638e+00
1.000000000001118439e+00
1.000000000001118439e+00
1.000000000001118439e+00
1.000000000001118439e+00
1.000000000001118439e+00
1.000000000001118439e+00
1.000000000001118439e+00
1.000000000001118439e+00
1.000000000001118439e+00
1.000000000001118217e+00
1.000000000001117773e+00
1.000000000001114220e+00
1.000000000001095790e+00
1.000000000001014522e+00
1.000000000000746070e+00
1.000000000000258904e+00
1.000000000000025979e+00
1.000000000000018874e+00
1.000000000000018874e+00
1.000000000000018874e+00
1.000000000000018874e+00
1.000000000000018874e+00
1.000000000000018874e+00
1.000000000000018874e+00
1.000000000000018874e+00
1.000000000000018874e+00
1.000000000000018874e+00
1.000000000000018874e+00
1.000000000000018652e+00
1.000000000000018430e+00
1.000000000000016875e+00
1.000000000000012212e+00
1.000000000000003553e+00
9.999999999999993339e-01
9.999999999999991118e-01
9.999999999999991118e-01
9.999999999999991118e-01
9.999999999999991118e-01
9.999999999999991118e-01
9.999999999999991118e-01
9.999999999999991118e-01
9.999999999999991118e-01
9.999999999999991118e-01
9.999999999999991118e-01
9.999999999999991118e-01
9.999999999999991118e-01
9.999999999999991118e-01
9.999999999999991118e-01
9.999999999999991118e-01
9.999999999999988898e-01
9.999999999999988898e-01
9.999999999999988898e-01
9.999999999999988898e-01
9.999999999999988898e-01
9.999999999999988898e-01
9.999999999999988898e-01
9.999999999999988898e-01
9.999999999999988898e-01
9.999999999999988898e-01
9.999999999999988898e-01
9.999999999999988898e-01
9.999999999999988898e-01
9.999999999999988898e-01
9.999999999999988898e-01
9.999999999999988898e-01
9.999999999999988898e-01
9.999999999999988898e-01
9.999999999999988898e-01
9.999999999999988898e-01
9.999999999999988898e-01
9.999999999999988898e-01
9.999999999999988898e-01
9.999999999999988898e-01
9.999999999999988898e-01
9.999999999999988898e-01
9.999999999999988898e-01
9.999999999999988898e-01
9.999999999999988898e-01
9.999999999999988898e-01
9.999999999999988898e-01
9.999999999999988898e-01
9.999999999999988898e-01
9.999999999999988898e-01
9.999999999999988898e-01
9.999999999999988898e-01
9.999999999999988898e-01
9.999999999999988898e-01
9.999999999999988898e-01
9.999999999999988898e-01
9.999999999999988898e-01
9.999999999999988898e-01
9.999999999999988898e-01
9.999999999999988898e-01
9.999999999999988898e-01
9.999999999999988898e-01
9.999999999999988898e-01
9.999999999999988898e-01
9.999999999999988898e-01
9.999999999999988898e-01
9.999999999999988898e-01
9.999999999999988898e-01
9.999999999999988898e-01
9.999999999999988898e-01
9.999999999999988898e-01
9.999999999999988898e-01
9.999999999999988898e-01
9.999999999999988898e-01
9.999999999999988898e-01
9.999999999999988898e-01
9.999999999999988898e-01
9.999999999999988898e-01
9.999999999999988898e-01
9.999999999999988898e-01
9.999999999999988898e-01
9.999999999999988898e-01
9.999999999999988898e-01
9.999999999999988898e-01
9.999999999999988898e-01
9.999999999999988898e-01
9.999999999999988898e-01
9.999999999999988898e-01
9.999999999999988898e-01
9.999999999999988898e-01
9.999999999999988898e-01
9.999999999999988898e-01
9.999999999999988898e-01
9.999999999999988898e-01
9.999999999999988898e-01
9.999999999999988898e-01
9.999999999999988898e-01
9.999999999999988898e-01
9.999999999999988898e-01
9.999999999999988898e-01
9.999999999999988898e-01
9.999999999999988898e-01
9.999999999999988898e-01
9.999999999999988898e-01
9.999999999999988898e-01
9.999999999999988898e-01
9.999999999999988898e-01
9.999999999999988898e-01
9.999999999999988898e-01
9.999999999999988898e-01
9.999999999999988898e-01
9.999999999999988898e-01
9.999999999999988898e-01
9.999999999999988898e-01
9.999999999999988898e-01
9.999999999999988898e-01
9.999999999999988898e-01
9.999999999999988898e-01
9.999999999999988898e-01
9.999999999999988898e-01
9.999999999999988898e-01
9.999999999999988898e-01
9.999999999999988898e-01
9.999999999999988898e-01
9.999999999999988898e-01
9.999999999999988898e-01
9.999999999999988898e-01
9.999999999999988898e-01
9.999999999999988898e-01
9.999999999999988898e-01
9.999999999999988898e-01
9.999999999999988898e-01
9.999999999999988898e-01
9.999999999999988898e-01
9.999999999999988898e-01
9.999999999999988898e-01
9.999999999999988898e-01
9.999999999999988898e-01
9.999999999999988898e-01
9.999999999999988898e-01
9.999999999999988898e-01
9.999999999999988898e-01
9.999999999999988898e-01
9.999999999999988898e-01
9.999999999999988898e-01
9.999999999999988898e-01
9.999999999999988898e-01
9.999999999999988898e-01
9.999999999999988898e-01
9.999999999999988898e-01
9.999999999999988898e-01
9.999999999999988898e-01
9.999999999999988898e-01
9.999999999999988898e-01
9.999999999999988898e-01
9.999999999999988898e-01
9.999999999999988898e-01
9.999999999999988898e-01
9.999999999999988898e-01
9.999999999999988898e-01
9.999999999999988898e-01
9.999999999999988898e-01
9.999999999999988898e-01
9.999999999999988898e-01
9.999999999999988898e-01
9.999999999999988898e-01
9.999999999999988898e-01
9.999999999999988898e-01
9.999999999999988898e-01
9.999999999999988898e-01
9.999999999999988898e-01
9.999999999999988898e-01
9.999999999999988898e-01
9.999999999999988898e-01
9.999999999999988898e-01
9.999999999999988898e-01
9.999999999999988898e-01
9.999999999999988898e-01
9.999999999999988898e-01
9.999999999999988898e-01
9.999999999999988898e-01
9.999999999999988898e-01
9.999999999999988898e-01
9.999999999999988898e-01
9.999999999999988898e-01
9.999999999999988898e-01
9.999999999999988898e-01
9.999999999999988898e-01
9.999999999999988898e-01
9.999999999999988898e-01
9.999999999999988898e-01
9.999999999999988898e-01
9.999999999999988898e-01
9.999999999999988898e-01
9.999999999999988898e-01
9.999999999999988898e-01
9.999999999999988898e-01
9.999999999999988898e-01
9.999999999999988898e-01
9.999999999999988898e-01
9.999999999999988898e-01
9.999999999999988898e-01
9.999999999999988898e-01
9.999999999999988898e-01
9.999999999999988898e-01
9.999999999999988898e-01
9.999999999999988898e-01
9.999999999999988898e-01
9.999999999999988898e-01
9.999999999999988898e-01
9.999999999999988898e-01
9.999999999999988898e-01
9.999999999999988898e-01
9.999999999999988898e-01
9.999999999999988898e-01
9.999999999999988898e-01
9.999999999999988898e-01
9.999999999999988898e-01
9.999999999999988898e-01
9.999999999999988898e-01
9.999999999999988898e-01
9.999999999999988898e-01
9.999999999999988898e-01
9.999999999999988898e-01
9.999999999999988898e-01
9.999999999999988898e-01
9.999999999999988898e-01
9.999999999999988898e-01
9.999999999999988898e-01
9.999999999999988898e-01
9.999999999999988898e-01
9.999999999999988898e-01
9.999999999999988898e-01
9.999999999999988898e-01
9.999999999999988898e-01
9.999999999999988898e-01
9.999999999999988898e-01
9.999999999999988898e-01
9.999999999999988898e-01
9.999999999999988898e-01
9.999999999999988898e-01
9.999999999999988898e-01
9.999999999999988898e-01
9.999999999999988898e-01
9.999999999999988898e-01
9.999999999999988898e-01
9.999999999999988898e-01
9.999999999999988898e-01
9.999999999999988898e-01
9.999999999999988898e-01
9.999999999999988898e-01
9.999999999999988898e-01
9.999999999999988898e-01
9.999999999999988898e-01
9.999999999999988898e-01
9.999999999999988898e-01
9.999999999999988898e-01
9.999999999999988898e-01
9.999999999999988898e-01
9.999999999999988898e-01
9.999999999999988898e-01
9.999999999999988898e-01
9.999999999999988898e-01
9.999999999999988898e-01
9.999999999999988898e-01
9.999999999999988898e-01
9.999999999999988898e-01
9.999999999999988898e-01
9.999999999999988898e-01
9.999999999999988898e-01
9.999999999999988898e-01
9.999999999999988898e-01
9.999999999999988898e-01
9.999999999999988898e-01
9.999999999999988898e-01
9.999999999999988898e-01
9.999999999999988898e-01
9.999999999999988898e-01
9.999999999999988898e-01
9.999999999999988898e-01
9.999999999999988898e-01
9.999999999999988898e-01
9.999999999999988898e-01
9.999999999999988898e-01
9.999999999999988898e-01
9.999999999999988898e-01
9.999999999999988898e-01
9.999999999999988898e-01
9.999999999999988898e-01
9.999999999999988898e-01
9.999999999999988898e-01
9.999999999999988898e-01
9.999999999999988898e-01
9.999999999999988898e-01
9.999999999999988898e-01
9.999999999999988898e-01
9.999999999999988898e-01
9.999999999999988898e-01
9.999999999999988898e-01
9.999999999999988898e-01
9.999999999999988898e-01
9.999999999999988898e-01
9.999999999999988898e-01
9.999999999999988898e-01
9.999999999999988898e-01
9.999999999999988898e-01
9.999999999999988898e-01
9.999999999999988898e-01
9.999999999999988898e-01
9.999999999999988898e-01
9.999999999999988898e-01
9.999999999999988898e-01
9.999999999999988898e-01
9.999999999999988898e-01
9.999999999999988898e-01
9.999999999999988898e-01
