1.656880875667488908e+86
1.655661477972004242e+86
1.894757757616714983e+63
3.370409447996285305e+60
3.370409447996285305e+60
3.370409447996285305e+60
3.370409447996274600e+60
3.370409447994324266e+60
3.370409447994324266e+60
3.370409447994324266e+60
3.370409447994324266e+60
4.635063652136131410e+58
4.635063652136131410e+58
4.635063652136131410e+58
4.635063652136131410e+58
4.635063652136131410e+58
4.635063652136131410e+58
4.633929759000203955e+58
2.824282333066298508e+58
2.824282315632225979e+58
2.824282307441871431e+58
2.824282307441871431e+58
2.824282307441871431e+58
2.824282307441871431e+58
2.824282307441849688e+58
2.824282307441849131e+58
2.824282307403096011e+58
2.824282307403096011e+58
2.824282298521832598e+58
2.824282298521832598e+58
2.824282298521832598e+58
2.824282298521757333e+58
2.824282298521757333e+58
2.824282298521680395e+58
2.824282298521680395e+58
2.824282298521662555e+58
2.824282297584786506e+58
2.824282297584786506e+58
2.824282296620285966e+58
2.798488824097028872e+58
2.798488824097028872e+58
2.798488824097028872e+58
2.798452702761700506e+58
2.798452702761700506e+58
2.798452702761700506e+58
2.798452702761700506e+58
2.798452702761700506e+58
2.750366096961520449e+58
2.750366096961520449e+58
2.750366035749243610e+58
2.750366035749243610e+58
2.750366035749243610e+58
2.750366035749243610e+58
2.750366035707249077e+58
2.750366035707246289e+58
2.750366035707246289e+58
2.750363923288087904e+58
2.750363873506933879e+58
2.750363873506906003e+58
2.750363873506906003e+58
2.750363873506906003e+58
2.750361564970354671e+58
2.747395897526627516e+58
2.747395897526627516e+58
2.747395897526627516e+58
2.747395897526627516e+58
2.744616448425525142e+58
2.744615892731241090e+58
2.744615892731241090e+58
2.744615892731241090e+58
2.744615892731241090e+58
2.744615892731241090e+58
2.744615892731241090e+58
2.744615892731241090e+58
2.744615892731241090e+58
2.744615892731241090e+58
2.744615892731241090e+58
2.744615892731241090e+58
2.744615892731084985e+58
2.744615892723608103e+58
2.744614649142432106e+58
2.744614649142432106e+58
2.744614649129155358e+58
2.744614649129155358e+58
2.744614649123230050e+58
2.744614648996511640e+58
2.744614648996511640e+58
2.744322605931336887e+58
2.744322605931327967e+58
2.744322605931327967e+58
2.744322605931327967e+58
2.744322604455568906e+58
2.744322604455568906e+58
2.744322604455568906e+58
2.744322604455568906e+58
2.744322604455568906e+58
2.744322604455369314e+58
2.744322604455369314e+58
2.744322604455369314e+58
2.744322604455369314e+58
2.744322604455369314e+58
2.744322604455369314e+58
2.744322604455369314e+58
2.744322604455369314e+58
2.744322604448285482e+58
2.744322604448285482e+58
2.744322604448285482e+58
2.744322604448285482e+58
2.744322604448285482e+58
2.744322604448285482e+58
2.744322604448285482e+58
2.744322602643555863e+58
2.744322602643555863e+58
2.744322602643543598e+58
2.744322602643543598e+58
2.744321106558797625e+58
2.744321106558797625e+58
2.744321106558797625e+58
2.744321106168956068e+58
2.744321106168956068e+58
2.744319845531956614e+58
2.744319844230952325e+58
2.744319844230952325e+58
2.744319844230952325e+58
2.528546545344455575e+58
2.528546545312333582e+58
2.528546545312333582e+58
2.528522838731538529e+58
2.528522838731538529e+58
2.528521826122306003e+58
2.528521826122290950e+58
2.528521826122290950e+58
2.528521826122290950e+58
2.528521826122290950e+58
2.528521826122290950e+58
2.528521826122290950e+58
2.528521826121680467e+58
2.528521826121680467e+58
2.528521826121680467e+58
2.528521826121680467e+58
2.528521826121680467e+58
2.528521826121680467e+58
2.528521826121680467e+58
2.528521826121680467e+58
2.528521826121680467e+58
2.528521826121680467e+58
2.528521826121679909e+58
2.528521826121679909e+58
2.528521826121129639e+58
2.528521826121129639e+58
2.523722945531578898e+58
2.523722945531578898e+58
2.523722945531578898e+58
2.523722945531578898e+58
2.523722945531578898e+58
2.523722945531222644e+58
2.148737629959115130e+58
2.148679053163751109e+58
2.148679053163751109e+58
2.148679053163751109e+58
2.148679053163751109e+58
2.148679053163751109e+58
2.148679053163751109e+58
2.148092787381212027e+58
2.148092787381212027e+58
2.148092787381212027e+58
2.148092787381212027e+58
2.148092787381212027e+58
2.148092787381212027e+58
2.148092787381212027e+58
2.148092787381212027e+58
2.148092787381212027e+58
2.148092787380767685e+58
2.148092787380767685e+58
2.148092650792251671e+58
2.148092650792251671e+58
2.148092650792251671e+58
2.148092650792251671e+58
2.148092650792251671e+58
2.148092650792033681e+58
2.148092650792033681e+58
2.148092650792033681e+58
2.148092650792033681e+58
1.623662118740859577e+58
1.623662118740859577e+58
1.623662118740859577e+58
1.623662118740859577e+58
1.623662118740859577e+58
1.623662118740859577e+58
1.623661871262883234e+58
1.621892129948773844e+58
1.621892129948772172e+58
1.621892129948536899e+58
1.621892114792726061e+58
1.621892114792726061e+58
1.621892114792726061e+58
1.621892114792726061e+58
1.621892114792312661e+58
1.621892114792312661e+58
1.621892114792312661e+58
1.621892114792105542e+58
1.621892114792105542e+58
1.621892114434175794e+58
1.621892114433184247e+58
1.621892114433184247e+58
1.621892114433184247e+58
1.621892114066513722e+58
1.621892114066496160e+58
1.621892114066496160e+58
1.621892114031135820e+58
1.621892114031112126e+58
1.579323840134644890e+58
1.579323840134644890e+58
1.579323840134633182e+58
1.579323840134633182e+58
1.579323840134633182e+58
2.984097163394789067e+57
2.984097159925193482e+57
2.984097159915009010e+57
2.984097159915009010e+57
2.984097159915009010e+57
2.984097159911409182e+57
2.984097159910767687e+57
2.984097159910718556e+57
2.984097159910718556e+57
2.984097159720028717e+57
2.984097138372015258e+57
2.984097065067850031e+57
2.984097065067850031e+57
2.984097065067772327e+57
2.984097065047716988e+57
2.984097065047716988e+57
2.984097064989060802e+57
2.984096760885163198e+57
2.984096760885163198e+57
2.984096760885163198e+57
2.984096760885163198e+57
2.983952112741240168e+57
2.983952112741240168e+57
2.983952112741240168e+57
2.983952112741240168e+57
2.983952112741240168e+57
2.983952112741240168e+57
2.983952112557952782e+57
2.983404669599705910e+57
2.983404669599705910e+57
2.983404669599705910e+57
2.727299644538326062e+57
2.727299622979978943e+57
2.727297941129662173e+57
2.727297941077937337e+57
2.727297941077937337e+57
2.727297941077937337e+57
2.727297941077937337e+57
2.727297941077937337e+57
2.727297718206543244e+57
2.727297718206542547e+57
2.727297718206542547e+57
2.727297718206542547e+57
2.727297718206542547e+57
1.655118433798488303e+57
1.655118433798488303e+57
1.655118433798488303e+57
1.655118433798488303e+57
1.655118433798488303e+57
1.654489710333266150e+57
1.654489710333266150e+57
1.654489710333266150e+57
1.654489710333266150e+57
1.654489710333266150e+57
1.654489710333266150e+57
1.654489710333266150e+57
1.654489710333266150e+57
1.654489494686710335e+57
1.654436001987240180e+57
1.654436001987240180e+57
1.654436001987240180e+57
1.654436001987240180e+57
1.654436001969927136e+57
1.654436001969927136e+57
1.654435218351577863e+57
1.654435218351577863e+57
2.333505480234780264e+56
2.333502308654587580e+56
2.333502308654587580e+56
2.333502308654587580e+56
2.307504968537127020e+56
2.307504968537127020e+56
2.307485747816305484e+56
2.307485747816253217e+56
2.307485747816253217e+56
2.307485747789327245e+56
1.764761142128191359e+56
1.764761142128191359e+56
1.764761142128191359e+56
1.764761142128191359e+56
1.637052558972906759e+56
1.637052558112753950e+56
1.637052558112753950e+56
1.637052558112753950e+56
1.637052555136470362e+56
8.580620381572246204e+55
8.580620381572246204e+55
8.521722031356006524e+55
8.519784324133760353e+55
2.040926732495318181e+55
2.040926732495317909e+55
2.040926732495317909e+55
2.040924910379543229e+55
1.676832315031851420e+55
1.676832262639407580e+55
1.676832262639402408e+55
1.676832262617156652e+55
1.672638118964714113e+55
1.672638118964714113e+55
1.672638118964714113e+55
1.301232220694325209e+55
2.793107181453462585e+54
2.792338919175980887e+54
2.792338919175980887e+54
1.816767264130295627e+54
1.816767264130295627e+54
1.816767195899678318e+54
1.816767195899451010e+54
1.816766409090835423e+54
1.816766409090835423e+54
1.816766409090835423e+54
1.796091786603198697e+54
1.796091786602746462e+54
1.796091786602746462e+54
1.679303969096727793e+54
4.601545568422912932e+53
4.601545568381081170e+53
4.601359186233304160e+53
2.093044960280298902e+53
2.093034793518390910e+53
2.093034793518390910e+53
2.093034793518390910e+53
2.093034793518390910e+53
2.007908174819752380e+53
2.007908171970219757e+53
2.007908171970219757e+53
2.007908171970219757e+53
2.007908170221015264e+53
8.661692464227648979e+52
8.661692464227648979e+52
8.660405362650262297e+52
8.612224750041918681e+52
2.633338262267959938e+52
2.633338262267958343e+52
2.633338262267958343e+52
2.633334288921923772e+52
2.333743866480294554e+52
2.333743826834269805e+52
2.333743826834267146e+52
2.333743826739378877e+52
2.333743826739378877e+52
2.328519571176710362e+52
2.328519571176710362e+52
2.328519571176710362e+52
1.583626434188021366e+52
3.815479131516808985e+51
3.814329436297542756e+51
3.814329436297542756e+51
2.854798528924582138e+51
2.854798528924582138e+51
2.854798528924433596e+51
2.854798308249076240e+51
2.854797549277772087e+51
2.854797549277772087e+51
2.854797549277772087e+51
2.821982037675650874e+51
2.821982037675650874e+51
2.821982037673193796e+51
2.498768654073368885e+51
6.594156608610051364e+50
6.594156608587258427e+50
6.593849653799536648e+50
3.690067038154098581e+50
3.690054692941283498e+50
3.690054692941283498e+50
3.690054692941283498e+50
3.690054692941283498e+50
3.520867597922212394e+50
3.520867586445764217e+50
3.520867586445764217e+50
3.520867586445764217e+50
3.520867585018681779e+50
1.335986419683016133e+50
1.335986419683016133e+50
1.335866789459827041e+50
1.322358497270047627e+50
5.091032025656366175e+49
5.091032025656356829e+49
5.091032025656356829e+49
5.091020115538684663e+49
4.390490854176049162e+49
4.390490816944071847e+49
4.390490816944068212e+49
4.390490816944068212e+49
4.390490816504167995e+49
4.390490816504167995e+49
4.383263021645056475e+49
4.383263021645056475e+49
4.383263021645056475e+49
2.694920131895468522e+49
7.796243372823100489e+48
7.790563494359584815e+48
7.790563494359584815e+48
5.405081770045555354e+48
5.405081770045555354e+48
5.405081770045366484e+48
5.405081135636717010e+48
5.405080413739016213e+48
5.405080413739016213e+48
5.405080413739016213e+48
5.358987054476565543e+48
5.358987054476565543e+48
5.358987054464960760e+48
4.565506015262770058e+48
1.368845128430008343e+48
1.368845128426543783e+48
6.676541491596747631e+47
6.676168993268797771e+47
6.676158271112386140e+47
6.676158271112386140e+47
6.676158271112386140e+47
6.676158271112386140e+47
6.676158271112386140e+47
6.456859317951563825e+47
6.456859286997874323e+47
6.456859286997874323e+47
6.456859286997874323e+47
6.456859285304938102e+47
6.456859285304938102e+47
2.719517482957192271e+47
2.719385949846198452e+47
2.679954545486013364e+47
2.679954545486013364e+47
8.697422574118420705e+46
8.697422574118382168e+46
8.697422574118382168e+46
8.697381425634497667e+46
7.860348428463329923e+46
7.860348386369150100e+46
7.860348386369147058e+46
7.860348386369147058e+46
7.860348385238378383e+46
7.854196114757100222e+46
7.854196114757100222e+46
7.854196114757100222e+46
7.854196114757100222e+46
7.854196114757100222e+46
5.186376095459498599e+46
1.283901842034970837e+46
1.282812070329120174e+46
1.282812070329120174e+46
9.991493438928378630e+45
9.991493438928378630e+45
9.991493438928236653e+45
9.991492568805393124e+45
9.991490002581305200e+45
9.991490002581305200e+45
9.991490002581305200e+45
9.949515808252366808e+45
9.949515808252366808e+45
8.667909086668953082e+45
8.667909086644604049e+45
2.251165234715475166e+45
2.251165234713416185e+45
1.344181355806863444e+45
1.344074528431846184e+45
1.344072995499771123e+45
1.344072995499771123e+45
1.344072995499771123e+45
1.344072995499771123e+45
1.344072995499771123e+45
1.320122073833139744e+45
1.320122058516365684e+45
1.320122058516365684e+45
1.320122058516365684e+45
1.320122058360869640e+45
1.320122058360869640e+45
4.704043231252944602e+44
4.703904411683885949e+44
4.649679478218516316e+44
4.649679478218516316e+44
1.928757659559449964e+44
1.928757659559434911e+44
1.928757659559434911e+44
1.928743341546883211e+44
1.815016259645369585e+44
1.815016254713722289e+44
1.815016254713721893e+44
1.815016254713721893e+44
1.815016254000014402e+44
1.813859011320966172e+44
1.813859011320966172e+44
1.813859011320966172e+44
1.813859011320966172e+44
1.813859011320966172e+44
1.028428202128975816e+44
3.065700854551232162e+43
3.062853967151036226e+43
3.062853967151036226e+43
2.595949499766732263e+43
2.595949499766732263e+43
2.595949499766717408e+43
2.595949370702817092e+43
2.595948145008803035e+43
2.595948145008802540e+43
2.595948145008802540e+43
2.585950105913586108e+43
2.585950105913586108e+43
2.073641218665986444e+43
5.659536647536829249e+42
5.659536647524541456e+42
5.659536647522517424e+42
3.902851576126103066e+42
3.902438915488864848e+42
3.902436075993583064e+42
3.902436075993583064e+42
3.902436075993583064e+42
3.902436075993583064e+42
3.902436075993583064e+42
3.902436075993583064e+42
3.831247581346433098e+42
3.831247581346433098e+42
3.831247581346433098e+42
3.831247490066473691e+42
3.831247490066473691e+42
3.831247489862880216e+42
3.831247489862880216e+42
1.256964311077802580e+42
1.256942531382331454e+42
1.232255249734901679e+42
1.232255249734901679e+42
6.186012815016534401e+41
6.186012815016347937e+41
6.186012815016347937e+41
6.185945327866952566e+41
5.776471489408623667e+41
5.776471481643499313e+41
5.776471481643499313e+41
5.776471481643499313e+41
5.776471476528560863e+41
5.773895366112249921e+41
5.773895366112249921e+41
5.773895366112249921e+41
5.773895366112249921e+41
5.773895366112249921e+41
2.961371873158734284e+41
1.058000422010410861e+41
1.055823058916348185e+41
1.055823058916348185e+41
8.663531979235879689e+40
8.663531979235879689e+40
8.663531979235847773e+40
8.663531755778588264e+40
8.663525500408342061e+40
8.663525500408338193e+40
8.663525500408338193e+40
8.639031994577821927e+40
8.639031994577821927e+40
6.532652402683096773e+40
2.024492698661760112e+40
2.024492698650634851e+40
2.024492698650128794e+40
1.291187204285957735e+40
1.290896872018245399e+40
1.290896389021326544e+40
1.290896389021326544e+40
1.290896389021326544e+40
1.290896389021326544e+40
1.290896389021326544e+40
1.290896389021326544e+40
1.273694232429213948e+40
1.273694232429213948e+40
1.273694232429213948e+40
1.273694186201872277e+40
1.273694186201872277e+40
1.273694186157888896e+40
1.273694186157888896e+40
4.538257705605696538e+39
4.538213570953902267e+39
4.413495701003644576e+39
4.413495701003644576e+39
1.958710425857189249e+39
1.958710425857057174e+39
1.958710425857057174e+39
1.958666927318504394e+39
1.866608447324466994e+39
1.866608445739562222e+39
1.866608445739562222e+39
1.866608445739562222e+39
1.866608443292217628e+39
1.866190194932301164e+39
1.866190194932301164e+39
1.866190194932301164e+39
1.866190194932301164e+39
1.866190194932301164e+39
1.028491771297445602e+39
3.210113202049329309e+38
3.202285430634976575e+38
3.202285430634976575e+38
3.202285430634976575e+38
2.794926717234534477e+38
2.794926717234534477e+38
2.794926717234530321e+38
2.794926671775628581e+38
2.794922486315342282e+38
2.794922486315339637e+38
2.794922486315339637e+38
2.790954173763274933e+38
2.790954173763274933e+38
2.790954173763274933e+38
2.186589969079706163e+38
6.025134691989427661e+37
6.025134691944275227e+37
6.025134691943712320e+37
4.393427385883953728e+37
4.392114292830075530e+37
4.392113199925705516e+37
4.392113199925705516e+37
4.392113199925705516e+37
4.392113199925705516e+37
4.392113199925705516e+37
4.392113199925705516e+37
4.360962031193067484e+37
4.360962031193067484e+37
4.360962031193067484e+37
4.360961682797358726e+37
4.360961682797358726e+37
4.360961682732627360e+37
4.360961682732627360e+37
1.370583494686477352e+37
1.370575626263437133e+37
1.340226996725770362e+37
1.340226996725770362e+37
7.298753201495015265e+36
7.298753201494174684e+36
7.298753201494174684e+36
7.298517245490527052e+36
7.095805682836830914e+36
7.095805679961448075e+36
7.095805679961448075e+36
7.095805679961448075e+36
7.095805657224520235e+36
7.094624167897465113e+36
7.094624167897465113e+36
7.094624167897465113e+36
7.094624167897465113e+36
7.094624167897465113e+36
3.390960217696634848e+36
1.305900325341031102e+36
1.302463716658799620e+36
1.302463716658799620e+36
1.302463716658799620e+36
1.192566435587553156e+36
1.192566435587553156e+36
1.192566435587552418e+36
1.192566425196994083e+36
1.192563448250794205e+36
1.192563448250792139e+36
1.192563448250792139e+36
1.191150893625700871e+36
1.191150893625700871e+36
1.191150893625700871e+36
8.411509868434250160e+35
8.411509867868491470e+35
2.610381332978282106e+35
2.610381332978185076e+35
2.088085592976962221e+35
2.087298641459965323e+35
2.087298331575531842e+35
2.087298331575531842e+35
2.087298331575531842e+35
2.087298331575531842e+35
2.087298331575531842e+35
2.087298331575531842e+35
2.073539267785444993e+35
2.073539267785444993e+35
2.073538960079024487e+35
2.073538960079024487e+35
2.073538960079024487e+35
2.073538960079024487e+35
2.073538960065561685e+35
2.073538960065561685e+35
6.322693678021396903e+34
6.322672655844858786e+34
6.097977981105554040e+34
6.097977981105554040e+34
3.831668983824250002e+34
3.831668983822762272e+34
3.831668983822762272e+34
3.831496439451695721e+34
3.722376413133428261e+34
3.722376412405485613e+34
3.722376412405485613e+34
3.722376412405485613e+34
3.722376387961456471e+34
3.721968174543037115e+34
3.721968174543037115e+34
3.721968174543037115e+34
3.721968174543037115e+34
3.721968174543037115e+34
1.647577549550954547e+34
7.468840330720161482e+33
7.429294230298218965e+33
7.429294230298218965e+33
7.429294230298218965e+33
6.737092934767600251e+33
6.737092934767600251e+33
6.737092934767600251e+33
6.737092934767597946e+33
6.737092904261746879e+33
6.737067695760114435e+33
6.737067695760072930e+33
6.737067695760072930e+33
6.737067695760072930e+33
6.731406224232031359e+33
6.731406224232031359e+33
6.731406224232031359e+33
4.438237318083954159e+33
4.438237317468623811e+33
1.572285953841063588e+33
1.572285953841025254e+33
1.214599531653086127e+33
1.213660686442292269e+33
1.213660590061718036e+33
1.213660590061718036e+33
1.213660590061718036e+33
1.213660590061718036e+33
1.213660590061718036e+33
1.213660590061718036e+33
1.213660590061718036e+33
1.207810215365045955e+33
1.207809938348275038e+33
1.207809938348275038e+33
1.207809938348275038e+33
1.207809938348275038e+33
1.207809938343280005e+33
3.941865223992591577e+32
3.941865223992591577e+32
3.941857707038737356e+32
3.752442952107874630e+32
3.752442952107874630e+32
2.192575865648671377e+32
2.192575865646768335e+32
2.192575865646768335e+32
2.192376586120205194e+32
2.147160695253694584e+32
2.147160694988837890e+32
2.147160694988837890e+32
2.147160694988837890e+32
2.147160673408512614e+32
2.147160673408512614e+32
2.147035715864779778e+32
2.147035715864779778e+32
2.147035715864779778e+32
2.147035715864779778e+32
1.008459709828481468e+32
4.128271791420150632e+31
4.101754242192053034e+31
4.101754242192053034e+31
4.101754242192053034e+31
3.829063639791663897e+31
3.829063639791663897e+31
3.829063639791663897e+31
3.829063639791663447e+31
3.829034916513237234e+31
3.829034905737625727e+31
3.829034905737573485e+31
3.829034905737573485e+31
3.829034905737573485e+31
3.827351826129479525e+31
3.827351826129479525e+31
3.827351826129479525e+31
3.827351824915305913e+31
2.627451816302628590e+31
8.450343052560614634e+30
8.450343052560533569e+30
8.440361650910541701e+30
7.042615018254884579e+30
7.042614663369554099e+30
7.042614663369554099e+30
7.042614663369554099e+30
7.042614663369554099e+30
7.042614663369554099e+30
7.042614663369554099e+30
7.042614663369554099e+30
7.024451211345115405e+30
7.024447906265893832e+30
7.024447906265893832e+30
7.024447906265892706e+30
7.024447906265892706e+30
7.024447906253611390e+30
2.099082851572068124e+30
2.099082851572068124e+30
2.099080520675260871e+30
2.014888474934692698e+30
1.361793058915068694e+30
1.361793058915068694e+30
1.361793058913120888e+30
1.361793058913120888e+30
1.361624149522808971e+30
1.361624149522808971e+30
1.345436044178621308e+30
1.345436044103030077e+30
1.345436044103030077e+30
1.345436044103030077e+30
1.345436014214571676e+30
1.345436014214571676e+30
1.345382361383531445e+30
1.345382361383531445e+30
1.345382361383531445e+30
1.345382361383531445e+30
5.646042285332868416e+29
2.803223857528744594e+29
2.784224032104735468e+29
2.784224032104735468e+29
2.784224032104735468e+29
2.665678751469663307e+29
2.665678751469663307e+29
2.665678751469663307e+29
2.665678751469663307e+29
2.665648163174774893e+29
2.665648159378725600e+29
2.665648159378658398e+29
2.665648159378658398e+29
2.665648159378658398e+29
2.664756082192698665e+29
2.664756082192698665e+29
2.664756082192698665e+29
2.664756080116603273e+29
1.643386867091294779e+29
6.186780264100674108e+28
6.186780264100650359e+28
6.178464664279891603e+28
5.450049771704533585e+28
5.450049617220341290e+28
5.450049617220341290e+28
5.450049617220341290e+28
5.450049617220341290e+28
5.450049617220341290e+28
5.450049617220341290e+28
5.450049617220341290e+28
5.438150111838981035e+28
5.438145759208015859e+28
5.438145759208015859e+28
5.438145759208014100e+28
5.438145759208014100e+28
5.438145759203973175e+28
1.657683925558326353e+28
1.657683925558326353e+28
1.557240406373797352e+28
1.557239473896245644e+28
1.161266096653994515e+28
1.161266096653994515e+28
1.161266096648998115e+28
1.161266096648998115e+28
1.161075168613940298e+28
1.161075168613940298e+28
1.148193376367903343e+28
1.148193376337674470e+28
1.148193376337674470e+28
1.148193376337674470e+28
1.148193328507716455e+28
1.148193328507716455e+28
1.148193328507716455e+28
1.148164925383759556e+28
1.148164925383759556e+28
1.148164925383759556e+28
1.148164925383759556e+28
4.626669486138591045e+27
2.622078663491408136e+27
2.589766388385151712e+27
2.589766388385151712e+27
2.589766388385151712e+27
2.477692244332712940e+27
2.477692244332712940e+27
2.477692244332712940e+27
2.477651164909218037e+27
2.477651164909218037e+27
2.477651163108457135e+27
2.477651163108252076e+27
2.477651163108252076e+27
2.477651163108252076e+27
2.477090906226508065e+27
2.477090906226508065e+27
2.477090902284579109e+27
2.477090902284579109e+27
1.435737532292718844e+27
6.158856090133736623e+26
6.158856090133722192e+26
6.142768680542134492e+26
5.363424476632520694e+26
5.363424394480752267e+26
5.363424394480752267e+26
5.363424394480752267e+26
5.363424394480752267e+26
5.363424394480752267e+26
5.363424394480752267e+26
5.363424394480752267e+26
5.355042440119209510e+26
5.355035879160563057e+26
5.355035879160563057e+26
5.355035879160563057e+26
5.355035879160556873e+26
5.355035879158137947e+26
1.746617705604765989e+26
1.746617705604765989e+26
1.609309176109513069e+26
1.609308629275394664e+26
1.161671047881073554e+26
1.161671047881073554e+26
1.161671047870087371e+26
1.161297644778852498e+26
1.161297644778852498e+26
1.161297644778852498e+26
1.151902078228744554e+26
1.151902078209964036e+26
1.151902078209964036e+26
1.151902078209964036e+26
1.151902003376952167e+26
1.151902003376952167e+26
1.151902003376952167e+26
1.151886306204794738e+26
1.151886306204794738e+26
1.151886306204794738e+26
1.151886306204794738e+26
4.865541251322173034e+25
2.589210789105709776e+25
2.549771816269482401e+25
2.549771816269482401e+25
2.549771816269482401e+25
2.469820229274288708e+25
2.469820229274288708e+25
2.469820229274288708e+25
2.469740443207919298e+25
2.469740443207919298e+25
2.469740442103430233e+25
2.469740442102981838e+25
2.469740442102981838e+25
2.469740442102981838e+25
2.469434736485865932e+25
2.469434736485865932e+25
2.469434730395937743e+25
1.482978437818789124e+25
5.923482149433681610e+24
5.923482149433681610e+24
5.923482149433681610e+24
5.923482149433676241e+24
5.904809732602994406e+24
5.360555706743421137e+24
5.360555656086909327e+24
5.360555656086909327e+24
5.360555656086909327e+24
5.360555656086909327e+24
5.360555656086909327e+24
5.360555656086909327e+24
5.355954823988213428e+24
5.355954823988213428e+24
5.355941995119889332e+24
5.355941995119889332e+24
5.355941995119889332e+24
5.355941995119875373e+24
5.355941995118845655e+24
1.643165019806383951e+24
1.643165019806383951e+24
1.530173377012177857e+24
1.530173071842727984e+24
1.208359883520180922e+24
1.208359883520180922e+24
1.208359883501702497e+24
1.208359883501702497e+24
1.207852709346539857e+24
1.207852709346539857e+24
1.202252259608935254e+24
1.202252259600228818e+24
1.202252259600228818e+24
1.202252100259479657e+24
1.202252100259479657e+24
1.202252100259479657e+24
1.202252100259479657e+24
1.202252100259479657e+24
1.202241545055486767e+24
1.202241545055486767e+24
1.202241545055486767e+24
4.695003517909052319e+23
2.904163787799675231e+23
2.904163787799675231e+23
2.858540491953983004e+23
2.858540491953983004e+23
2.802689710434793533e+23
2.802689710434793533e+23
2.802689710434793533e+23
2.802560726361530266e+23
2.802560726361530266e+23
2.802560725756271730e+23
2.802560725755373814e+23
2.802560725755373814e+23
2.802560725755373814e+23
2.802317723647839736e+23
2.802317708318432045e+23
2.802317708318432045e+23
1.535142410378632694e+23
7.202674999804082887e+22
7.202674999804082887e+22
7.202674999804082887e+22
7.177286562103245459e+22
7.177286562103242103e+22
6.721794410544763607e+22
6.721794376648011809e+22
6.721794376648011809e+22
6.721794376648011809e+22
6.721794376648011809e+22
6.721794376648011809e+22
6.721794376648011809e+22
6.717328008362239984e+22
6.717302674424996666e+22
6.717302674424996666e+22
6.717302674424996666e+22
6.717302674424996666e+22
6.717302674424963111e+22
6.717302674424424563e+22
2.195290655842636713e+22
1.981523510843012861e+22
1.981523510843012861e+22
1.981523293056866766e+22
1.666024923877180493e+22
1.666024923877180493e+22
1.666024923808519317e+22
1.666024923808519317e+22
1.666024923808519317e+22
1.665138088619176834e+22
1.665138088619176834e+22
1.658563346469085617e+22
1.658563346463573043e+22
1.658563346463573043e+22
1.658562965752616531e+22
1.658562965752616531e+22
1.658562965752616531e+22
1.658562965752616531e+22
1.658562965752616531e+22
1.658562965752616531e+22
1.658554416797759150e+22
1.658554416797759150e+22
6.466087401386612359e+21
6.466087401386612359e+21
6.466087401386612359e+21
4.409716689079554277e+21
4.295873112135103414e+21
4.295873112135103414e+21
4.217900735930848248e+21
4.217631994017440334e+21
4.217631994017440334e+21
4.217631994017440334e+21
4.217631994017440334e+21
4.217631994013464658e+21
4.217631994013464658e+21
4.217631993557407498e+21
4.217631993557407498e+21
4.217397774158394294e+21
4.217397730569546105e+21
2.216206984085571633e+21
2.216206984085571633e+21
1.168376475769495093e+21
1.168376475769495093e+21
1.168376475769495093e+21
1.161091029762196242e+21
1.161091029762195980e+21
1.087501726001250566e+21
1.087501726001250566e+21
1.087501723049373467e+21
1.087501723049373467e+21
1.087501723049373467e+21
1.087501723049373467e+21
1.087501723049373467e+21
1.087495614571352424e+21
1.086997990949285921e+21
1.086997990949285921e+21
1.086997990949285921e+21
1.086997990949285921e+21
1.086997990949269012e+21
1.086997990949219860e+21
3.840571250991090893e+20
3.377259883320502518e+20
3.377259883320502518e+20
3.377259672840185446e+20
2.816180156990274929e+20
2.816180156743974584e+20
2.816180156743974584e+20
2.816180156743974584e+20
2.813410474795702354e+20
2.813410474795702354e+20
2.813410474795702354e+20
2.805414002316509512e+20
2.805414002311010714e+20
2.805413000260891443e+20
2.805413000260891443e+20
2.805413000260891443e+20
2.805413000260891443e+20
2.805413000260891443e+20
2.805413000260891443e+20
2.805413000260891443e+20
2.805404862697169224e+20
2.805404862697169224e+20
1.143404983669580759e+20
1.143404983669580759e+20
1.143404983669580759e+20
7.577150948987002880e+19
7.577150948987002880e+19
7.334389750485685862e+19
7.237182544341944730e+19
7.236317411695887974e+19
7.236317411695887974e+19
7.236317411695887974e+19
7.236317411695887974e+19
7.236317411681196442e+19
7.236317411681196442e+19
7.236317411213145702e+19
7.236317411213145702e+19
7.236088017357602816e+19
7.236087899309699072e+19
3.909876124127594086e+19
3.909876124127594086e+19
1.978020234649437798e+19
1.978020234649437798e+19
1.978020234649437798e+19
1.962864012503283712e+19
1.871741330867975782e+19
1.871741330867975373e+19
1.871741330867975373e+19
1.871741330867975373e+19
1.871741327819336090e+19
1.871741327819336090e+19
1.871741327819336090e+19
1.871741327819336090e+19
1.871721540461225984e+19
1.871231012131899802e+19
1.871231012131899802e+19
1.871231012131899802e+19
1.871231012131899802e+19
1.871231012131836723e+19
1.871231012131836723e+19
1.871231012131799859e+19
6.354069239583111168e+18
5.649932062392562688e+18
5.649932062392562688e+18
5.649931857018770432e+18
4.948071544521670656e+18
4.948071544521670656e+18
4.948071543822181376e+18
4.948071543822181376e+18
4.941858197432631296e+18
4.941858197432631296e+18
4.941858197432631296e+18
4.933639994917869568e+18
4.933639994917869568e+18
4.933639994913593344e+18
4.933636606039057408e+18
4.933636606039057408e+18
4.933636606039057408e+18
4.933636606039057408e+18
4.933636606039057408e+18
4.933636606039057408e+18
4.933636606039057408e+18
4.933627831756311552e+18
1.913802167384036608e+18
1.913802167384036608e+18
1.913802167384036608e+18
1.404545203572482816e+18
1.404545203572482560e+18
1.358768960609178880e+18
1.347612503107526656e+18
1.347612503107526656e+18
1.347394472076882176e+18
1.347394472072196608e+18
1.347394472072196608e+18
1.347394472072196608e+18
1.347394472072196608e+18
1.347394472031389184e+18
1.347394472031389184e+18
1.347366744133435648e+18
1.347366699377830400e+18
1.347366699377830400e+18
6.812436789239463680e+17
3.951082779860936960e+17
3.951082779860936960e+17
3.951082779860936960e+17
3.917901804101596800e+17
3.917901804101596800e+17
3.795205902669901440e+17
3.795205902669901440e+17
3.795205902669901440e+17
3.795205899517955200e+17
3.795205899517955200e+17
3.795205899517955200e+17
3.795205899517955200e+17
3.795146766831018880e+17
3.794443616542946560e+17
3.794443616542946560e+17
3.794443616542946560e+17
3.794443616542708480e+17
3.794443616542708480e+17
3.794443616542708480e+17
3.794443616542677120e+17
1.416679027812990880e+17
1.209264995271505120e+17
1.209264995271505120e+17
1.209264971612567680e+17
1.209264971612567680e+17
1.098328128982771520e+17
1.098328128605895520e+17
1.098328128605895520e+17
1.096647592027974560e+17
1.096647592027974560e+17
1.096647592027974560e+17
1.095236127448465280e+17
1.095236127448465280e+17
1.095234913503867040e+17
1.095234913503867040e+17
1.095234913503436000e+17
1.095234913503436000e+17
1.095234913503436000e+17
1.095234913503436000e+17
1.095234913503436000e+17
1.095233826112003040e+17
1.095233826112003040e+17
1.095233826112003040e+17
4.397250688369459200e+16
4.397250688369457600e+16
4.397250688369457600e+16
3.442981597181166400e+16
3.275981021474744400e+16
3.253341733798784400e+16
3.253341733798784400e+16
3.252644025010780000e+16
3.252644024980920400e+16
3.252644024980920400e+16
3.252644024980920400e+16
3.252644024932295200e+16
3.252644024932295200e+16
3.252644024932295200e+16
3.252644024932295200e+16
3.252603390171718400e+16
3.252603390171718400e+16
3.252603200588040000e+16
1.622614553883850600e+16
1.030966348230475400e+16
1.030966348230475400e+16
1.030966348230475400e+16
1.017092167111439400e+16
1.017092167111439400e+16
1.017092167111439400e+16
9.881778706241202000e+15
9.881778706241202000e+15
9.881778706241202000e+15
9.881778701871834000e+15
9.881778701871834000e+15
9.881778701871834000e+15
9.881558574663160000e+15
9.880359728707012000e+15
9.880359728707012000e+15
9.880359728707012000e+15
9.880359728705244000e+15
9.880359728705244000e+15
9.880359728705244000e+15
9.880359728705244000e+15
4.026180572458707000e+15
4.026180572458700000e+15
3.334453091346186500e+15
3.334453091346186500e+15
3.334453054563639000e+15
3.334453054563639000e+15
3.039331499431968000e+15
3.039331497334220500e+15
3.031396392716103500e+15
3.031396392716103500e+15
3.031396392716103500e+15
3.031396392716103500e+15
3.028683170250188500e+15
3.028683170250188500e+15
3.028683170250188500e+15
3.028678072949631500e+15
3.028678072948983000e+15
3.028678072948983000e+15
3.028678072948983000e+15
3.028678072948983000e+15
3.028678072948983000e+15
3.028678072948983000e+15
3.028676372678282500e+15
3.028676372678282500e+15
1.277117283660530750e+15
1.277117283660529500e+15
9.972431285916602500e+14
9.382842329016502500e+14
9.382842329016502500e+14
9.382842329016502500e+14
9.336049108160220000e+14
9.332502997198240000e+14
9.332502997019562500e+14
9.332502997019562500e+14
9.332502996940790000e+14
9.332502996940790000e+14
9.332502996940790000e+14
9.332502996940790000e+14
9.332502996940790000e+14
9.332434595781717500e+14
9.332434595781717500e+14
9.332433738787131250e+14
4.764063460645864375e+14
3.001114271872646875e+14
3.001114271872646875e+14
3.001114271872646875e+14
3.001114271872646875e+14
2.951241690291369375e+14
2.951241690291369375e+14
2.889547327557680625e+14
2.889547327557680625e+14
2.889547327557680625e+14
2.889547326822498125e+14
2.889547326822498125e+14
2.889547326822498125e+14
2.889431144943039375e+14
2.889431144943039375e+14
2.889221541371075000e+14
2.889221541371075000e+14
2.889221541369976250e+14
2.889221541369976250e+14
2.889221541369976250e+14
2.889221541369976250e+14
1.163895997073081094e+14
9.703030776906470312e+13
9.703030776906465625e+13
9.703030776906465625e+13
9.703030715615715625e+13
9.703030703875898438e+13
9.703030703875898438e+13
9.059314153933778125e+13
9.029332553971437500e+13
9.029332553971437500e+13
9.029332553971437500e+13
9.029332553971437500e+13
9.024408718363646875e+13
9.024408718363646875e+13
9.024408718363646875e+13
9.024380783115371875e+13
9.024380783115371875e+13
9.024380783115371875e+13
9.024380783114509375e+13
9.024380783114509375e+13
9.024380783114509375e+13
9.024380783114509375e+13
9.024377812582110938e+13
3.721797877245956250e+13
3.721797877245956250e+13
3.721797877245947656e+13
3.452432043492589062e+13
2.899284882867684375e+13
2.899284882867684375e+13
2.899284882867684375e+13
2.890132496471944531e+13
2.888686453519076562e+13
2.888686453425077344e+13
2.888686453425077344e+13
2.888686453413778125e+13
2.888686453413778125e+13
2.888686453413778125e+13
2.888686453413778125e+13
2.888673557362155859e+13
2.888673557362155859e+13
2.888673557362155859e+13
2.888673050525347266e+13
1.419623500644246094e+13
9.857151322597175781e+12
9.857151322597175781e+12
9.678427889075695312e+12
9.678427889075695312e+12
9.678427889075695312e+12
9.678427889075695312e+12
9.678427889075695312e+12
9.541816446075123047e+12
9.541816446075123047e+12
9.541816444874892578e+12
9.541816444874892578e+12
9.541816444874892578e+12
9.541816444874892578e+12
9.541277299614607422e+12
9.541277299614607422e+12
9.540827534700773438e+12
9.540827534694195312e+12
9.540827534694195312e+12
9.540827534694195312e+12
9.540827534694195312e+12
9.540827534694195312e+12
4.276492665143550293e+12
3.405982160423223145e+12
3.405982160423221680e+12
3.405982151493984863e+12
3.405982140187395508e+12
3.240704516899880371e+12
3.240704516899880371e+12
3.227948339116946289e+12
3.227948339116946289e+12
3.227948339116946289e+12
3.227948339116946289e+12
3.226709818757583496e+12
3.226709818757583496e+12
3.226709818757583496e+12
3.226709818757583496e+12
3.226709818757583496e+12
3.226694620068793457e+12
3.226694620068793457e+12
3.226694620068656250e+12
3.226694620068656250e+12
3.226694620068656250e+12
3.226694051501138184e+12
3.226694051501138184e+12
3.226694051501104004e+12
1.414560532961260986e+12
1.414560532961260986e+12
1.282017720490239258e+12
1.119799620373846924e+12
1.119799620373846924e+12
1.119799620373846924e+12
1.117110874096780273e+12
1.116392208544506104e+12
1.116392208457841797e+12
1.116392208457841797e+12
1.116392208455738770e+12
1.116392208455738770e+12
1.116392208455738770e+12
1.116392208455738770e+12
1.116392208455738770e+12
1.116389324708821289e+12
1.116389324708821289e+12
1.116389002546685303e+12
5.566045235408841553e+11
4.114136891992045288e+11
4.114136891992045288e+11
4.114136891992045288e+11
4.006479718361553955e+11
4.006479718361553955e+11
4.006479718361553955e+11
4.006479718361553955e+11
3.960291750371699829e+11
3.960291750371699829e+11
3.960291750371699829e+11
3.960291750114050293e+11
3.960291750114050293e+11
3.960291750114050293e+11
3.959982763682059326e+11
3.959982763682059326e+11
3.959866770180481567e+11
3.959866770173487549e+11
3.959866770173487549e+11
3.959866770173487549e+11
3.959866770173487549e+11
3.959866770173487549e+11
1.936651508491069031e+11
1.500042528837048950e+11
1.500042528837048645e+11
1.500042521466348877e+11
1.500042518733436279e+11
1.436546983797395325e+11
1.436546983797395325e+11
1.427826793836686401e+11
1.427826793836686401e+11
1.427463946350421753e+11
1.427463946350421753e+11
1.427463946350421753e+11
1.427463946350421753e+11
1.427463946350421753e+11
1.427463946350421753e+11
1.427463946350421753e+11
1.427454050198610229e+11
1.427454050198610229e+11
1.427454050198610229e+11
1.427454050198579712e+11
1.427454050198579712e+11
1.427454050198538513e+11
1.427453911534981689e+11
6.612217288051393890e+10
6.612217288051393890e+10
5.895714514047425842e+10
5.895714514047425842e+10
5.212391616123701477e+10
5.212391616123701477e+10
5.212391616123701477e+10
5.212391615319707489e+10
5.206938944182181549e+10
5.198228949398600006e+10
5.198228949398600006e+10
5.198228949393432617e+10
5.198228949393432617e+10
5.198228949393432617e+10
5.198228949393432617e+10
5.198228949393432617e+10
5.198221158154196167e+10
5.198221158154196167e+10
5.198218834329838562e+10
2.655495798162666321e+10
1.994634635548270798e+10
1.994634635548270798e+10
1.994634635548270798e+10
1.931361139809103012e+10
1.931361139809103012e+10
1.931361139809103012e+10
1.931361139809103012e+10
1.915240130539021301e+10
1.915240130539020920e+10
1.915240130539020920e+10
1.915240130470729446e+10
1.915240130470729446e+10
1.915240130470729446e+10
1.914988197911886215e+10
1.914988197911886215e+10
1.914988197904925156e+10
1.914954394843180466e+10
1.914954394843180466e+10
1.914954394843180466e+10
1.914954394843180466e+10
9.602815337905399323e+09
9.602815337905399323e+09
7.414700493988492966e+09
7.414700434072947502e+09
7.414700434072947502e+09
7.179847813707705498e+09
7.179847806612000465e+09
7.179847806612000465e+09
7.125154546923728943e+09
7.125154546923728943e+09
7.125154546923728943e+09
7.124028451769568443e+09
7.124028451769568443e+09
7.124028451769568443e+09
7.124028451769568443e+09
7.124028451769568443e+09
7.124028451769568443e+09
7.123942518537629128e+09
7.123942518537629128e+09
7.123942518537629128e+09
7.123942518537561417e+09
7.123942518537561417e+09
7.123942518537124634e+09
3.331990380955731392e+09
3.331990295332406044e+09
3.331990295332406044e+09
2.961186545018262863e+09
2.961186545018262863e+09
2.695469474714972019e+09
2.695469474714972019e+09
2.695469474714972019e+09
2.695469473999655724e+09
2.691803737118240356e+09
2.688901252254612923e+09
2.688901252254612923e+09
2.688901252253373623e+09
2.688901252253373623e+09
2.688901252253373623e+09
2.688901252253373623e+09
2.688901252253373623e+09
2.688898889642333984e+09
2.688896721845327854e+09
2.688896721845327854e+09
1.361689687370198488e+09
1.361689687370198488e+09
1.085566632783648729e+09
1.085566632783648729e+09
1.085566632783648729e+09
1.047381298728139520e+09
1.047381298728139281e+09
1.041457184097995758e+09
1.041457184097995758e+09
1.041457184097995758e+09
1.041457184097995758e+09
1.041457184097995758e+09
1.041457184097995758e+09
1.041457184079891920e+09
1.041269860099308014e+09
1.041269860099308014e+09
1.041269860099308014e+09
1.041269860092460990e+09
1.041258533483880758e+09
1.041258533483880758e+09
1.041258533483880758e+09
1.041258533483880758e+09
5.754955994708359241e+08
4.269183598376939893e+08
4.269183598376939893e+08
4.269183529127225280e+08
4.269183529127225280e+08
4.171285705638926029e+08
4.171285703491726518e+08
4.133592574131523967e+08
4.133592574131523967e+08
4.133592574131523967e+08
4.133592574131523967e+08
4.133592574131523967e+08
4.133592574131523967e+08
4.133592574131523967e+08
4.133163025955312252e+08
4.133163025955312252e+08
4.133163025955312252e+08
4.133163025955312252e+08
4.133090287140721679e+08
4.133090287140721679e+08
4.133090287140704393e+08
4.133090287140215039e+08
4.133090287140215039e+08
2.078487696591376364e+08
2.078487666720575392e+08
2.078487666720575392e+08
1.801564430929960608e+08
1.801564430929960608e+08
1.676282619740065038e+08
1.676282619740065038e+08
1.676282619740065038e+08
1.676282618775570691e+08
1.676282618775570691e+08
1.673384829120142460e+08
1.672113202117339671e+08
1.672113202117339671e+08
1.672113202116977274e+08
1.672113202116977274e+08
1.672113202116977274e+08
1.672113202116977274e+08
1.672111094000902772e+08
1.672110274894566536e+08
1.672110274894566536e+08
1.672110274894566536e+08
8.766251856116046011e+07
8.766251856116046011e+07
7.280589168452683091e+07
7.280589168452683091e+07
6.946358324868041277e+07
6.946358324868036807e+07
6.916786014168567955e+07
6.916786014168567955e+07
6.916786014168567955e+07
6.916786014168567955e+07
6.916786014168567955e+07
6.916786014168567955e+07
6.916786014168567955e+07
6.916786014108245075e+07
6.915096617719617486e+07
6.915096617614336312e+07
6.915096617614336312e+07
6.915051831946867704e+07
6.915051831946867704e+07
6.915051831946867704e+07
6.915051831946867704e+07
4.141297760698170215e+07
3.011971284396357462e+07
3.011971197715406120e+07
3.011971197715406120e+07
3.011971197715406120e+07
2.956491731088214740e+07
2.919362428061271086e+07
2.919362427266777307e+07
2.919362427266777307e+07
2.919362427266777307e+07
2.919362427266777307e+07
2.919362427266777307e+07
2.919362427266777307e+07
2.919362427266777307e+07
2.919170332088433951e+07
2.919170332088433951e+07
2.919170332088433951e+07
2.919096140112911537e+07
2.919096140112911537e+07
2.919096140112911537e+07
2.919096140112060681e+07
2.919096140112055093e+07
2.919096140112055093e+07
2.919096140112055093e+07
1.561003378127683885e+07
1.561003365400227904e+07
1.330965393891726062e+07
1.252584315356579982e+07
1.252584315356579982e+07
1.252584315356579982e+07
1.252584315356579982e+07
1.252584315356579982e+07
1.252584314002286643e+07
1.249402895594296418e+07
1.248767199464963004e+07
1.248767199464963004e+07
1.248767199464829452e+07
1.248767199464829452e+07
1.248767199464829452e+07
1.248767199464829452e+07
1.248764795289400220e+07
1.248764450182711333e+07
1.248764450182711333e+07
1.248764450182711333e+07
1.248764450182711333e+07
6.770164570307425223e+06
6.770164570307425223e+06
5.744234711589028127e+06
5.435314413450147957e+06
5.435314413450137712e+06
5.435314413450137712e+06
5.435314413450137712e+06
5.419061178952811286e+06
5.419061178952811286e+06
5.419061178952811286e+06
5.419061178952811286e+06
5.419061178952811286e+06
5.419061178928311914e+06
5.417020845927049406e+06
5.417020845764579251e+06
5.417020845764579251e+06
5.417020845764579251e+06
5.417000084840978496e+06
5.417000084840978496e+06
3.362150814282408915e+06
3.362150814282408915e+06
2.455805439655510709e+06
2.455805321827043314e+06
2.455805321827043314e+06
2.455805321827043314e+06
2.455805321827043314e+06
2.422574339412983507e+06
2.385356656664679758e+06
2.385356656313713174e+06
2.385356656313713174e+06
2.385356656313713174e+06
2.385356656313713174e+06
2.385356656313713174e+06
2.385259775008060038e+06
2.385259775008060038e+06
2.385259775008060038e+06
2.385259775008060038e+06
2.385162300681156106e+06
2.385162300681156106e+06
2.385162300681156106e+06
2.385162300679726992e+06
2.385162300679726992e+06
2.385162300679725129e+06
1.320950333725957666e+06
1.320950333725957666e+06
1.117311184602570953e+06
1.117311180288108531e+06
1.067057617719178554e+06
1.067057617719178554e+06
1.067057617719178554e+06
1.067057615709554171e+06
1.067057615709554171e+06
1.063603429937288864e+06
1.063603429937288864e+06
1.063603429937288864e+06
1.063255361335566500e+06
1.063255361335566500e+06
1.063255361335514812e+06
1.063255361335514812e+06
1.063255361335514812e+06
1.063251931563040940e+06
1.063251931563040940e+06
1.063251931563040940e+06
1.063251766020744340e+06
1.063251766020744340e+06
1.063251766020744340e+06
1.063251766020744340e+06
5.858439781904986594e+05
5.145485136654582457e+05
4.838512606365822721e+05
4.838512606365822721e+05
4.838512606365804095e+05
4.838512606365804095e+05
4.838512606365804095e+05
4.828773440908050397e+05
4.828773440908050397e+05
4.828773440908050397e+05
4.826348290039683925e+05
4.826348290039683925e+05
4.826348290029286873e+05
4.826348289765574154e+05
4.826348289765574154e+05
4.826348289765574154e+05
4.826337385205783066e+05
4.826336489665480913e+05
2.984529987426373991e+05
2.984529987426373991e+05
2.306945813642661960e+05
2.306945813642661960e+05
2.306945813642661960e+05
2.265008762828634935e+05
2.265008762828634935e+05
2.243566875985056977e+05
2.243566875985056977e+05
2.243566875985056977e+05
2.243566875818944827e+05
2.243566875818944827e+05
2.243566875818944827e+05
2.243566875818944827e+05
2.243566875818944827e+05
2.243566875818944827e+05
2.243510165444322920e+05
2.243381062991123181e+05
2.243381062991123181e+05
2.243381062991123181e+05
2.243381062991123181e+05
2.243381062988538761e+05
2.243381062988538761e+05
2.243381062988537888e+05
1.335862074818768015e+05
1.105035850905151019e+05
1.105035850905151019e+05
1.105035850905151019e+05
1.105035848647296370e+05
1.067476212588945637e+05
1.067476212588945637e+05
1.067476208631243790e+05
1.067476208631243790e+05
1.063171820098635217e+05
1.063171820098635217e+05
1.063171820098635217e+05
1.063171820098635217e+05
1.062941673315451626e+05
1.062941673315428779e+05
1.062936541451886733e+05
1.062936541451886733e+05
1.062936541451886733e+05
1.062936541451886733e+05
1.062936541451886733e+05
1.062936452937031427e+05
1.062936452937031427e+05
1.062936452937031427e+05
6.142808881216958252e+04
6.142808881216958252e+04
5.535311215107789758e+04
5.535311215107789758e+04
5.137903906475569238e+04
5.137903906475569238e+04
5.137903906475569238e+04
5.137903906475526310e+04
5.130633235942934698e+04
5.127222028901382873e+04
5.127222028901382873e+04
5.127222028901382873e+04
5.127222028315722855e+04
5.127222028315722855e+04
5.127222028310567839e+04
5.127222028310567839e+04
5.127222028310567839e+04
5.127215444151207339e+04
5.127213931009351654e+04
3.229214362571422680e+04
3.229214362571422680e+04
2.604068739737548094e+04
2.604068739737548094e+04
2.604068739737548094e+04
2.604068739737548094e+04
2.543816208072009977e+04
2.525877277470334229e+04
2.525877277470334229e+04
2.525877277377836072e+04
2.525877277377836072e+04
2.525877277377836072e+04
2.525877277377836072e+04
2.525877277377836072e+04
2.525877277377835708e+04
2.525673355160605206e+04
2.525634904124193054e+04
2.525634904124193054e+04
2.525634904124193054e+04
2.525634904124193054e+04
2.525634904117747283e+04
2.525634904117747283e+04
2.525634904117747283e+04
2.525634904117746919e+04
1.600777800698014107e+04
1.307385223909248998e+04
1.307385223909248998e+04
1.307385222520780917e+04
1.272339276511866774e+04
1.272339276511866774e+04
1.272339268094053114e+04
1.272339268094053114e+04
1.272339268094053114e+04
1.265418830637350584e+04
1.265418830637350584e+04
1.265418830637350584e+04
1.265244382807770671e+04
1.265235321815371026e+04
1.265235321815360294e+04
1.265235321815360294e+04
1.265235321815360294e+04
1.265235321815360294e+04
1.265235321815360294e+04
1.265235321815360294e+04
1.265235266718144339e+04
1.265235266718144339e+04
1.265235266718144339e+04
7.636907161648596229e+03
7.636907161648596229e+03
7.636907161648596229e+03
7.636907161648596229e+03
7.004529491871286154e+03
7.004529491871127902e+03
6.439457937414866137e+03
6.433344738964938188e+03
6.427268081676678776e+03
6.427268080298831592e+03
6.427268080298831592e+03
6.427268080298831592e+03
6.427268080296155858e+03
6.427268080296155858e+03
6.427268080296155858e+03
6.427268080296155858e+03
6.427263534869042815e+03
6.427263534869042815e+03
6.427260571809584690e+03
4.129097633459950885e+03
3.432019774774975303e+03
3.432019774774975303e+03
3.432019774774975303e+03
3.432019774774975303e+03
3.338583296537389742e+03
3.322016922147525293e+03
3.322016922147525293e+03
3.322016922147525293e+03
3.322016922147525293e+03
3.322016922147525293e+03
3.322016922094658185e+03
3.322016922094658185e+03
3.322016922094658185e+03
3.322016922094657730e+03
3.321617186285483058e+03
3.321587968912288943e+03
3.321587968912288943e+03
3.321587968912288943e+03
3.321587968895598351e+03
3.321587968895598351e+03
3.321587968895598351e+03
2.210320666974891537e+03
2.210320666974891537e+03
1.791077399924190786e+03
1.791077399924190786e+03
1.791077399063139410e+03
1.791077399063139410e+03
1.755633272367439076e+03
1.755633252394924284e+03
1.755633252394924284e+03
1.743835400236461965e+03
1.743835400236461965e+03
1.743835400236461965e+03
1.743689848590196561e+03
1.743689848590196561e+03
1.743670345196789185e+03
1.743670345196789185e+03
1.743670345196785547e+03
1.743670345196785547e+03
1.743670345196785547e+03
1.743670345196785547e+03
1.743670345196785547e+03
1.743670310619771953e+03
1.743670310619771953e+03
1.090566966472686318e+03
1.090566966472686318e+03
1.090566966472686318e+03
1.090566966472628792e+03
1.020197920821673165e+03
9.303726570567490626e+02
9.303726570567490626e+02
9.298118416915983744e+02
9.298118416915983744e+02
9.286741429728197090e+02
9.286741426143548779e+02
9.286741426142535829e+02
9.286741426142535829e+02
9.286741426142535829e+02
9.286741426142535829e+02
9.286738290544345773e+02
9.286738290544345773e+02
9.286738290544345773e+02
9.286731279851220506e+02
9.286731279851220506e+02
6.061372213261976185e+02
5.227488922500558601e+02
5.064406154447602830e+02
5.064406154447602830e+02
5.064406154447602830e+02
5.064406154447602830e+02
5.064406154447602830e+02
5.064406154447602830e+02
5.047631055896757744e+02
5.047631055896757744e+02
5.047631055896757744e+02
5.047631055874610411e+02
5.047631055874608137e+02
5.047631055874608137e+02
5.046803698790389490e+02
5.046781411954944474e+02
5.046781411954944474e+02
5.046781411906929407e+02
5.046781411906929407e+02
5.046781411906929407e+02
5.046781411906929407e+02
5.046781411906929407e+02
3.582599373925583564e+02
2.863701855199132638e+02
2.863701855199132638e+02
2.863701855199132638e+02
2.863701794975456210e+02
2.863701794576036264e+02
2.823659243887169623e+02
2.823659243887169623e+02
2.800638730757344206e+02
2.800638730757344206e+02
2.800514677262019632e+02
2.800514677262019632e+02
2.800514677262019632e+02
2.800469573516334094e+02
2.800469573516334094e+02
2.800469573516334094e+02
2.800469573516334094e+02
2.800469573516334094e+02
2.800469573516334094e+02
2.800469573516334094e+02
2.800469573516334094e+02
2.800469557332014006e+02
1.848995794386606235e+02
1.848995794386606235e+02
1.848995794386400462e+02
1.657131363841477878e+02
1.584186668778803266e+02
1.584186668778803266e+02
1.584186668778803266e+02
1.583649259800320692e+02
1.581157048762753163e+02
1.581157047585103044e+02
1.581157047585088833e+02
1.581157047585088833e+02
1.581157047585088833e+02
1.581157047585088833e+02
1.581156882648191981e+02
1.581156882648191981e+02
1.581156882648191981e+02
1.581155060634507095e+02
1.064957604165314962e+02
9.482062653232189575e+01
9.482062653232189575e+01
9.482062653232189575e+01
9.129230700955808686e+01
9.129230700955808686e+01
9.129230700955808686e+01
9.111195119558050237e+01
9.111195119558050237e+01
9.111195119558050237e+01
9.111195119558038868e+01
9.111195119554588473e+01
9.109158900201576614e+01
9.109158900201576614e+01
9.109158900201576614e+01
9.109145725298439800e+01
9.109145725298439800e+01
9.109145725121162229e+01
9.109145725121162229e+01
9.109145725121162229e+01
9.109145725121162229e+01
6.879629770170873826e+01
5.469088498220842354e+01
5.469088498220842354e+01
5.469088498220842354e+01
5.469088301292195808e+01
5.420580226595463813e+01
5.420580226527034995e+01
5.420580226527034995e+01
5.364569557378248987e+01
5.364569557378248987e+01
5.364486962875879072e+01
5.364486962875879072e+01
5.364486962875879072e+01
5.364486962875879072e+01
5.364486962875879072e+01
5.364361944996657172e+01
5.364361944996657172e+01
5.364361944996657172e+01
5.364361944996657172e+01
5.364361944996657172e+01
5.364361944996657172e+01
5.364361944994694653e+01
5.364361942155221641e+01
3.743329515735536717e+01
3.743329515735536717e+01
3.326198338413596645e+01
3.227630761876737608e+01
3.227630761876737608e+01
3.227630761876737608e+01
3.227630761876737608e+01
3.220784699926063155e+01
3.220784695545227549e+01
3.220381530764200306e+01
3.220381530764200306e+01
3.220381530764199596e+01
3.220381530764199596e+01
3.220381530764199596e+01
3.220381530764199596e+01
3.220381498048869418e+01
3.220375788549267071e+01
3.220375788549267071e+01
3.220375788549267071e+01
2.246180824016386879e+01
2.068666427473187852e+01
2.068666427473187852e+01
2.068666427473187852e+01
1.979374109249086899e+01
1.979374109249086899e+01
1.977833784484242230e+01
1.977833784484242230e+01
1.977833784484236190e+01
1.977833784484236190e+01
1.977833784484230861e+01
1.977833784484230861e+01
1.977198957207106034e+01
1.977198957207106034e+01
1.977198957207106034e+01
1.977198957132225487e+01
1.977198660334209990e+01
1.977198660334209990e+01
1.977198660334209990e+01
1.977198660334209990e+01
1.604310725935244619e+01
1.269003678626933684e+01
1.269003598535382338e+01
1.269003598535382338e+01
1.264240168742552228e+01
1.264240168742436765e+01
1.247981215611432049e+01
1.247981215611432049e+01
1.247979078278247123e+01
1.247979078278247123e+01
1.247979078278247123e+01
1.247979078278247123e+01
1.247979078278247123e+01
1.247979078278247123e+01
1.247934310105368994e+01
1.247934310105368994e+01
1.247934310105368994e+01
1.247934310105368994e+01
1.247934310104416333e+01
1.247934310104416333e+01
9.362737685494865403e+00
9.362737685468029980e+00
8.228795048694610870e+00
8.228795048694610870e+00
8.117510416464320144e+00
8.117510416464320144e+00
8.117510416464320144e+00
8.117510395442941729e+00
8.094359623580862362e+00
8.094237853433044805e+00
8.094237853433044805e+00
8.094237853433044805e+00
8.094237853433044805e+00
8.094237853433044805e+00
8.094237853433044805e+00
8.094237852791851040e+00
8.094213986810606443e+00
8.094213986810606443e+00
5.950762783689206081e+00
5.950762783689206081e+00
5.715007285702537132e+00
5.715007285702537132e+00
5.715007285702537132e+00
5.418343455928956054e+00
5.418343455928916086e+00
5.417791184947782668e+00
5.417791184947782668e+00
5.417791184947782668e+00
5.417791184947782668e+00
5.417791184947782668e+00
5.415243061443196559e+00
5.415243061443196559e+00
5.415243061018885307e+00
5.415243061018885307e+00
5.415243054111770427e+00
5.415243054111770427e+00
5.415243054111770427e+00
5.415243054111770427e+00
5.415243054111770427e+00
5.415243054111770427e+00
5.415243054111770427e+00
5.415243054111770427e+00
5.415243054111770427e+00
5.415243054111770427e+00
5.415243054111770427e+00
5.415243054111770427e+00
5.415243054111770427e+00
5.415243054111770427e+00
5.415243054111770427e+00
5.415243054111770427e+00
5.415243054111770427e+00
5.415243054111770427e+00
5.415243054111770427e+00
5.415243054111770427e+00
5.415243054111770427e+00
5.415243054111770427e+00
5.415243054111770427e+00
5.415243054111770427e+00
5.415243054111770427e+00
5.415243054111770427e+00
5.415243054111770427e+00
5.415243054111770427e+00
5.415243054111770427e+00
5.415243054111770427e+00
5.415243054111770427e+00
5.415243054111770427e+00
5.415243054111770427e+00
5.415243054111770427e+00
5.415243054111770427e+00
5.415243054111770427e+00
5.415243054111770427e+00
5.415243054111770427e+00
5.415243054111770427e+00
5.415243054111770427e+00
5.415243054111770427e+00
5.415243054111770427e+00
5.415243054111770427e+00
5.415243054111770427e+00
5.415243054111770427e+00
5.415243054111770427e+00
5.415243054111770427e+00
5.415243054111770427e+00
5.415243054111770427e+00
5.415243054111770427e+00
5.415243054111770427e+00
5.415243054111770427e+00
5.415243054111770427e+00
5.415243054111770427e+00
5.415243054111770427e+00
5.415243054111770427e+00
5.415243054111770427e+00
5.415243054111770427e+00
5.415243054111770427e+00
5.415243054111770427e+00
5.415243054111770427e+00
5.415243054111770427e+00
5.415243054111770427e+00
5.415243054111770427e+00
5.415243054111770427e+00
5.415243054111770427e+00
5.415243054111770427e+00
5.415243054111770427e+00
5.415243054111770427e+00
5.415243054111770427e+00
5.415243054111770427e+00
5.415243054111770427e+00
5.415243054111770427e+00
5.415243054111770427e+00
5.415243054111770427e+00
5.415243054111770427e+00
5.415243054111770427e+00
5.415243054111770427e+00
5.415243054111770427e+00
5.415243054111770427e+00
5.415243054111770427e+00
5.415243054111770427e+00
5.415243054111770427e+00
5.415243054111770427e+00
5.415243054111770427e+00
5.415243054111770427e+00
5.415243054111770427e+00
5.415243054111770427e+00
5.415243054111770427e+00
5.415243054111770427e+00
5.415243054111770427e+00
5.415243054111770427e+00
5.415243054111770427e+00
5.415243054111770427e+00
5.415243054111770427e+00
5.415243054111770427e+00
5.415243054111770427e+00
5.415243054111770427e+00
5.415243054111770427e+00
5.415243054111770427e+00
5.415243054111770427e+00
5.415243054111770427e+00
5.415243054111770427e+00
5.415243054111770427e+00
5.415243054111770427e+00
5.415243054111770427e+00
5.415243054111770427e+00
5.415243054111770427e+00
5.415243054111770427e+00
5.415243054111770427e+00
5.415243054111770427e+00
5.415243054111770427e+00
5.415243054111770427e+00
5.415243054111770427e+00
5.415243054111770427e+00
5.415243054111770427e+00
5.415243054111770427e+00
5.415243054111770427e+00
5.415243054111770427e+00
5.415243054111770427e+00
5.415243054111770427e+00
5.415243054111770427e+00
5.415243054111770427e+00
5.415243054111770427e+00
5.415243054111770427e+00
5.415243054111770427e+00
5.415243054111770427e+00
5.415243054111770427e+00
5.415243054111770427e+00
5.415243054111770427e+00
5.415243054111770427e+00
5.415243054111770427e+00
5.415243054111770427e+00
5.415243054111770427e+00
5.415243054111770427e+00
5.415243054111770427e+00
5.415243054111770427e+00
5.415243054111770427e+00
5.415243054111770427e+00
5.415243054111770427e+00
5.415243054111770427e+00
5.415243054111770427e+00
5.415243054111770427e+00
5.415243054111770427e+00
5.415243054111770427e+00
5.415243054111770427e+00
5.415243054111770427e+00
5.415243054111770427e+00
5.415243054111770427e+00
5.415243054111770427e+00
5.415243054111770427e+00
5.415243054111770427e+00
5.415243054111770427e+00
5.415243054111770427e+00
5.415243054111770427e+00
5.415243054111770427e+00
5.415243054111770427e+00
5.415243054111770427e+00
5.415243054111770427e+00
5.415243054111770427e+00
5.415243054111770427e+00
5.415243054111770427e+00
5.415243054111770427e+00
5.415243054111770427e+00
5.415243054111770427e+00
5.415243054111770427e+00
5.415243054111770427e+00
5.415243054111770427e+00
5.415243054111770427e+00
5.415243054111770427e+00
5.415243054111770427e+00
5.415243054111770427e+00
5.415243054111770427e+00
5.415243054111770427e+00
5.415243054111770427e+00
5.415243054111770427e+00
5.415243054111770427e+00
5.415243054111770427e+00
5.415243054111770427e+00
5.415243054111770427e+00
5.415243054111770427e+00
5.415243054111770427e+00
5.415243054111770427e+00
5.415243054111770427e+00
5.415243054111770427e+00
5.415243054111770427e+00
5.415243054111770427e+00
5.415243054111770427e+00
5.415243054111770427e+00
5.415243054111770427e+00
5.415243054111770427e+00
5.415243054111770427e+00
5.415243054111770427e+00
5.415243054111770427e+00
5.415243054111770427e+00
5.415243054111770427e+00
5.415243054111770427e+00
5.415243054111770427e+00
5.415243054111770427e+00
5.415243054111770427e+00
5.415243054111770427e+00
5.415243054111770427e+00
5.415243054111770427e+00
5.415243054111770427e+00
5.415243054111770427e+00
5.415243054111770427e+00
5.415243054111770427e+00
5.415243054111770427e+00
5.415243054111770427e+00
5.415243054111770427e+00
5.415243054111770427e+00
5.415243054111770427e+00
5.415243054111770427e+00
5.415243054111770427e+00
5.415243054111770427e+00
5.415243054111770427e+00
5.415243054111770427e+00
5.415243054111770427e+00
5.415243054111770427e+00
5.415243054111770427e+00
5.415243054111770427e+00
5.415243054111770427e+00
5.415243054111770427e+00
5.415243054111770427e+00
5.415243054111770427e+00
5.415243054111770427e+00
5.415243054111770427e+00
5.415243054111770427e+00
5.415243054111770427e+00
5.415243054111770427e+00
5.415243054111770427e+00
5.415243054111770427e+00
5.415243054111770427e+00
5.415243054111770427e+00
5.415243054111770427e+00
5.415243054111770427e+00
5.415243054111770427e+00
5.415243054111770427e+00
5.415243054111770427e+00
5.415243054111770427e+00
5.415243054111770427e+00
5.415243054111770427e+00
5.415243054111770427e+00
5.415243054111770427e+00
5.415243054111770427e+00
5.415243054111770427e+00
5.415243054111770427e+00
5.415243054111770427e+00
5.415243054111770427e+00
5.415243054111770427e+00
5.415243054111770427e+00
5.415243054111770427e+00
5.415243054111770427e+00
5.415243054111770427e+00
5.415243054111770427e+00
5.415243054111770427e+00
5.415243054111770427e+00
5.415243054111770427e+00
5.415243054111770427e+00
5.415243054111770427e+00
5.415243054111770427e+00
5.415243054111770427e+00
5.415243054111770427e+00
5.415243054111770427e+00
5.415243054111770427e+00
5.415243054111770427e+00
5.415243054111770427e+00
5.415243054111770427e+00
5.415243054111770427e+00
5.415243054111770427e+00
5.415243054111770427e+00
5.415243054111770427e+00
5.415243054111770427e+00
5.415243054111770427e+00
5.415243054111770427e+00
5.415243054111770427e+00
5.415243054111770427e+00
5.415243054111770427e+00
5.415243054111770427e+00
5.415243054111770427e+00
5.415243054111770427e+00
5.415243054111770427e+00
5.415243054111770427e+00
5.415243054111770427e+00
5.415243054111770427e+00
5.415243054111770427e+00
5.415243054111770427e+00
5.415243054111770427e+00
5.415243054111770427e+00
5.415243054111770427e+00
5.415243054111770427e+00
5.415243054111770427e+00
5.415243054111770427e+00
5.415243054111770427e+00
5.415243054111770427e+00
5.415243054111770427e+00
5.415243054111770427e+00
5.415243054111770427e+00
5.415243054111770427e+00
5.415243054111770427e+00
5.415243054111770427e+00
5.415243054111770427e+00
5.415243054111770427e+00
5.415243054111770427e+00
5.415243054111770427e+00
5.415243054111770427e+00
5.415243054111770427e+00
5.415243054111770427e+00
5.415243054111770427e+00
5.415243054111770427e+00
5.415243054111770427e+00
5.415243054111770427e+00
5.415243054111770427e+00
5.415243054111770427e+00
5.415243054111770427e+00
5.415243054111770427e+00
5.415243054111770427e+00
5.415243054111770427e+00
5.415243054111770427e+00
5.415243054111770427e+00
5.415243054111770427e+00
5.415243054111770427e+00
5.415243054111770427e+00
5.415243054111770427e+00
5.415243054111770427e+00
5.415243054111770427e+00
5.415243054111770427e+00
5.415243054111768650e+00
5.415243054111760657e+00
5.415243054111734011e+00
5.415243054111686050e+00
5.415243054111662957e+00
5.415243054111662957e+00
5.415243054111662957e+00
5.415243054111662957e+00
5.415243054111662957e+00
5.415243054111662957e+00
5.415243054111662069e+00
5.415243054111656740e+00
5.415243054111624765e+00
5.415243054111457788e+00
5.415243054110720600e+00
5.415243054108286103e+00
5.415243054103869191e+00
5.415243054101757103e+00
5.415243054101691378e+00
5.415243054101691378e+00
5.415243054101691378e+00
5.415243054101691378e+00
5.415243054101691378e+00
5.415243054101387621e+00
5.415243054099380338e+00
5.415243054088643149e+00
5.415243054041471993e+00
5.415243053885607338e+00
5.415243053602778467e+00
5.415243053467542644e+00
5.415243053463346889e+00
5.415243053463346001e+00
5.415243053463346001e+00
5.415243053463346001e+00
5.415243053463346001e+00
5.415243053449795951e+00
5.415243053360138781e+00
5.415243052880465591e+00
5.415243050773142386e+00
5.415243043810040291e+00
5.415243031174994393e+00
5.415243025133483101e+00
5.415243024946050809e+00
5.415243024946010841e+00
5.415243024946010841e+00
5.415243024946010841e+00
5.415243024946010841e+00
5.415243022138450435e+00
5.415243007117622298e+00
5.415242941127425880e+00
5.415242723079948917e+00
5.415242327417329804e+00
5.415242138229243274e+00
5.415242132359836980e+00
5.415242132358582872e+00
5.415242132358582872e+00
5.415242132358582872e+00
5.415242132358582872e+00
5.415242070457856549e+00
5.415241739280564737e+00
5.415240284337695442e+00
5.415235476861890440e+00
5.415226753376739310e+00
5.415222582207590563e+00
5.415222452800546371e+00
5.415222452772889383e+00
5.415222452772889383e+00
5.415222452772889383e+00
5.415222452772889383e+00
5.415221487749194651e+00
5.415216324746793930e+00
5.415193642523201234e+00
5.415118696349331628e+00
5.414982706481034747e+00
5.414917684643091533e+00
5.414915667418152445e+00
5.414915666987039522e+00
5.414915666987039522e+00
5.414915666987039522e+00
5.414915666987039522e+00
5.414858522767691973e+00
5.414607488436139704e+00
5.413778176088527516e+00
5.412273978356941129e+00
5.411555033863834296e+00
5.411532732247401611e+00
5.411532727481213279e+00
5.411532727481213279e+00
5.411532727481213279e+00
5.411532727481213279e+00
5.411082388420593858e+00
5.409104825731748889e+00
5.402580749175240449e+00
5.390782448480594624e+00
5.385159222303752991e+00
5.384984953879382807e+00
5.384984916636667229e+00
5.384984916636667229e+00
5.384984916636667229e+00
5.384984916636667229e+00
5.384984916636667229e+00
5.373943028588071158e+00
5.337777817049699891e+00
5.273381482827750766e+00
5.243135995568271923e+00
5.242203201638907295e+00
5.242203002321550009e+00
5.242203002321550009e+00
5.242203002321550009e+00
5.242203002321550009e+00
5.242203002321550009e+00
5.200007759937567364e+00
5.065289763735319362e+00
4.837859188169611357e+00
4.736177823670832510e+00
4.733091556553923773e+00
4.733090897399677921e+00
4.733090897399676145e+00
4.733090897399676145e+00
4.733090897399676145e+00
4.733090897399676145e+00
4.633797051388351740e+00
4.333411468334880112e+00
3.877323967985414122e+00
3.691545540783998991e+00
3.686066219213428141e+00
3.686065049934154736e+00
3.686065049934152515e+00
3.686065049934152515e+00
3.686065049934152515e+00
3.686065049934152515e+00
3.300898856660889003e+00
2.774776071030852442e+00
2.578280036972176337e+00
2.572628021935106535e+00
2.572626816658540871e+00
2.572626816658539095e+00
2.572626816658539095e+00
2.572626816658539095e+00
2.572626816658539095e+00
2.286550888254460290e+00
1.902636527236722275e+00
1.761239369027977730e+00
1.757187983804087361e+00
1.757187119951051146e+00
1.757187119951049814e+00
1.757187119951049814e+00
1.757187119951049814e+00
1.757187119951049814e+00
1.603818595957191118e+00
1.384539347781265750e+00
1.299579458712101010e+00
1.297110090030470175e+00
1.297109563290279599e+00
1.297109563290278711e+00
1.297109563290278711e+00
1.297109563290278711e+00
1.297109563290278711e+00
1.174129952628984119e+00
1.123210198239684043e+00
1.121700995092543174e+00
1.121700672985410208e+00
1.121700672985409541e+00
1.121700672985409541e+00
1.121700672985409541e+00
1.121700672985409541e+00
1.063937083751894441e+00
1.038369026775143311e+00
1.037595437755960637e+00
1.037595272550935421e+00
1.037595272550935199e+00
1.037595272550935199e+00
1.037595272550935199e+00
1.037595272550935199e+00
1.015127393746811491e+00
1.004724601286905550e+00
1.004405271938877187e+00
1.004405203714834771e+00
1.004405203714834549e+00
1.004405203714834549e+00
1.004405203714834549e+00
1.004405203714834549e+00
1.001072354736175729e+00
1.000969309502880655e+00
1.000969287482750048e+00
1.000969287482750048e+00
1.000969287482750048e+00
1.000969287482750048e+00
1.000969287482750048e+00
1.000171769932460375e+00
1.000147047920160404e+00
1.000147042636805761e+00
1.000147042636805761e+00
1.000147042636805761e+00
1.000147042636805761e+00
1.000147042636805761e+00
1.000005051188685545e+00
1.000000646663696813e+00
1.000000645722384229e+00
1.000000645722384229e+00
1.000000645722384229e+00
1.000000645722384229e+00
1.000000645722384229e+00
1.000000062056642935e+00
1.000000061931904272e+00
1.000000061931904272e+00
1.000000061931904272e+00
1.000000061931904272e+00
1.000000004270811704e+00
1.000000004258488451e+00
1.000000004258488451e+00
1.000000004258488451e+00
1.000000004258488451e+00
1.000000000000962119e+00
1.000000000000052180e+00
1.000000000000052180e+00
1.000000000000052180e+00
1.000000000000052180e+00
1.000000000000001998e+00
1.000000000000001998e+00
1.000000000000001998e+00
1.000000000000001998e+00
9.999999999999997780e-01
9.999999999999997780e-01
9.999999999999997780e-01
9.999999999999997780e-01
9.999999999999997780e-01
9.999999999999997780e-01
9.999999999999997780e-01
9.999999999999997780e-01
9.999999999999997780e-01
9.999999999999997780e-01
9.999999999999997780e-01
9.999999999999997780e-01
9.999999999999997780e-01
9.999999999999997780e-01
9.999999999999997780e-01
9.999999999999997780e-01
9.999999999999997780e-01
9.999999999999997780e-01
9.999999999999997780e-01
9.999999999999997780e-01
9.999999999999997780e-01
9.999999999999997780e-01
9.999999999999997780e-01
9.999999999999997780e-01
9.999999999999997780e-01
9.999999999999997780e-01
9.999999999999997780e-01
9.999999999999997780e-01
9.999999999999997780e-01
9.999999999999997780e-01
9.999999999999997780e-01
9.999999999999997780e-01
9.999999999999997780e-01
9.999999999999997780e-01
9.999999999999997780e-01
9.999999999999997780e-01
