1.540117909568956235e+86
3.799254626410884475e+83
1.017252497286050458e+70
1.017252496705277252e+70
1.017183998717598357e+70
1.017183998717598357e+70
1.015644634630764107e+70
1.015644634630758283e+70
1.015644634630463891e+70
1.015637076022375351e+70
1.015637076022357267e+70
8.078748000609951861e+67
7.112196383840125777e+67
7.112196383840124580e+67
7.112196383840106621e+67
3.492800760968796026e+63
3.492800760968796026e+63
3.492800760968796026e+63
3.492800760968796026e+63
3.492800760968796026e+63
3.492794833925049335e+63
3.492794728967687779e+63
3.492794728967687779e+63
4.950381420205411407e+52
4.901235292867044997e+52
4.901235292867044997e+52
4.901234545897215337e+52
4.901234545897215337e+52
1.954921594976846491e+48
1.954921594976846491e+48
1.954921594976846491e+48
1.954921594976846491e+48
1.954778071807630595e+48
1.954778071807630595e+48
1.954778071807630595e+48
1.954778071807630595e+48
1.954778071807630595e+48
1.954778071807630595e+48
1.948716300196825685e+48
1.948716300196825685e+48
1.948716300196825685e+48
1.948716299862544640e+48
1.948716299862544640e+48
1.948716299862544640e+48
1.948716299862289244e+48
1.948716299678941778e+48
1.948716299678941778e+48
1.948716299678941778e+48
1.948716299678941778e+48
1.948716299678941778e+48
1.948716299678941778e+48
1.948716299678941778e+48
1.948716299678941778e+48
1.948716298646815061e+48
1.948716274586173533e+48
1.948716274586173533e+48
1.948716274586173533e+48
1.948716274586173533e+48
1.948716274586173533e+48
1.948716274586173533e+48
1.948716274586173533e+48
1.948716274586173533e+48
1.948716274586173533e+48
1.948716274586173533e+48
1.948716274586173533e+48
1.948716274586173533e+48
1.948716274586173533e+48
1.948716274586173533e+48
1.948716029275800808e+48
1.948716029275660941e+48
1.948716029275660941e+48
1.948700560950718128e+48
1.948700560950718128e+48
1.948700560950698008e+48
1.948700560950698008e+48
1.948700560950698008e+48
1.948700560950698008e+48
1.948700560950698008e+48
1.948700560950698008e+48
1.948700560950698008e+48
1.948700560950698008e+48
1.948700560950698008e+48
1.948700560950698008e+48
1.948700560950698008e+48
1.948700560950619474e+48
1.948700560944308887e+48
1.948700560944308887e+48
1.948700560841484858e+48
1.948700560841484858e+48
1.948700560841484858e+48
1.931220096396653947e+48
1.931220096396653947e+48
1.931220096396653947e+48
1.931220096396653947e+48
1.931220096396653947e+48
1.931220096396653947e+48
1.931220096396653947e+48
1.931220096396653947e+48
1.931220096396653947e+48
1.931220096396653947e+48
1.931220096396653947e+48
1.931220096310099008e+48
1.931220096310099008e+48
1.931220096310099008e+48
1.931220096230740592e+48
1.931220096230740592e+48
1.931220096230740592e+48
1.931219957265580459e+48
1.931219957265580459e+48
1.931219957265580459e+48
1.931121637762559351e+48
1.931121637762557403e+48
1.931121637759842481e+48
1.931121637759842481e+48
1.931121637759842481e+48
1.931121637759816195e+48
1.931121637759816195e+48
1.931121637759816195e+48
1.931121603949380130e+48
1.931121603949380130e+48
1.931121603949380130e+48
1.931121603949380130e+48
1.931121603949380130e+48
1.931112632855110332e+48
1.931112632855049647e+48
1.931112632855049647e+48
1.931112632855049647e+48
1.931112632855049647e+48
1.931112632855049647e+48
1.931112632855049647e+48
1.931112632855049647e+48
1.931112632855049647e+48
1.931112632855049647e+48
1.926958696982466022e+48
1.926958696982466022e+48
1.926958696982466022e+48
1.926958696982466022e+48
1.915391229396280662e+48
1.915391229396280662e+48
1.915391229396280662e+48
1.915391229396280662e+48
1.915391227774520932e+48
1.915391227774520932e+48
1.915391227774520932e+48
1.915391227774520932e+48
1.915391207429139152e+48
1.915381652443024909e+48
1.915381652443024909e+48
1.915381652443024909e+48
1.915381652443024909e+48
1.915381652443024909e+48
1.915381652443024909e+48
1.914652066933071333e+48
1.914652066877949909e+48
1.744709704123925145e+48
1.744709704123925145e+48
1.744709628906646774e+48
1.744709628906646774e+48
1.744709628906646774e+48
1.744709628906646774e+48
1.744709628906646774e+48
1.744709628451451090e+48
1.744709628451451090e+48
1.744709628451451090e+48
1.744709628451451090e+48
1.744709628451451090e+48
1.744709628451451090e+48
1.744709628451451090e+48
1.744709628451451090e+48
1.744709628451451090e+48
1.744709628451451090e+48
1.744709628451451090e+48
1.744709628451451090e+48
1.744709628451451090e+48
1.744709628451451090e+48
1.744709628451451090e+48
1.744709628451451090e+48
1.744709628451435188e+48
1.744709628451435188e+48
1.587775563148903601e+48
1.587775563148903601e+48
1.587775563148903601e+48
1.587775520128922725e+48
1.587775520128922725e+48
1.587775520128922725e+48
1.587775520128922725e+48
1.587775520128922725e+48
1.587775520128922725e+48
1.587775520105583675e+48
1.587775404258906256e+48
1.587763114495553113e+48
1.587763114495553113e+48
1.587763114495548246e+48
1.587763114495548246e+48
1.587763114495548246e+48
1.587763114495548246e+48
1.587763114495545000e+48
1.587763114495495998e+48
1.587763114495495998e+48
1.587763114495495998e+48
1.587763114495495998e+48
1.587763114495495998e+48
1.557882314822718696e+48
1.557882314822718696e+48
1.557882314822718696e+48
1.557882314822718696e+48
1.557771078320299452e+48
1.557771078320299452e+48
1.557771078313823035e+48
1.557771078313823035e+48
1.557771078174779491e+48
1.557771077598393975e+48
1.364064990895264850e+48
1.364064990895264850e+48
1.364064990895264850e+48
1.364064990895264850e+48
1.364064990895264850e+48
1.364064990895264850e+48
1.364064990895264850e+48
1.364064990895264850e+48
1.364064990895150295e+48
1.364064990882283945e+48
1.364064990882283945e+48
1.364064990882283945e+48
1.364064990881532036e+48
1.364064990878091653e+48
1.364064990878091653e+48
1.364064990878091653e+48
1.364064990878091653e+48
1.364064990878084351e+48
1.364064971082637716e+48
1.364064971082637716e+48
1.364052756280841512e+48
1.364052756222276785e+48
1.364052756222276785e+48
1.364052756222276785e+48
1.364052756222276785e+48
1.364052624869757422e+48
6.665119640205215792e+47
6.665119640205215792e+47
6.665119640205215792e+47
6.665119640205215792e+47
6.665119640205215792e+47
6.665119640205215792e+47
6.665119640205215792e+47
6.665119640205215792e+47
6.665119640205215792e+47
6.665119640205215792e+47
6.665119640205215792e+47
6.665119640205215792e+47
6.665119640205215792e+47
6.665119640205215792e+47
6.665119640205215792e+47
6.665119640205041363e+47
6.665119640205041363e+47
6.665119640205041363e+47
6.665119640205041363e+47
6.665119640205041363e+47
2.755784720403746214e+47
2.755783522245229821e+47
2.755783522245229821e+47
2.755783522245229821e+47
2.755783522245229821e+47
2.755783522245229821e+47
2.755783522245229821e+47
2.755783522245229821e+47
2.755783522245229821e+47
2.715297373534896656e+47
2.714417774196302081e+47
2.714417774196126435e+47
2.714417774196126435e+47
2.714417774196126435e+47
2.714417774196126435e+47
2.714417774196126435e+47
2.714417774185938175e+47
2.714417774185937769e+47
2.714417774185937769e+47
2.714417774185928440e+47
2.714417774185928440e+47
2.714417703351448863e+47
2.714417209462856258e+47
2.714417209462856258e+47
2.714417209462856258e+47
2.714417209462856258e+47
2.714417209462856258e+47
2.714417209462856258e+47
2.714417209462856258e+47
2.714417209462856258e+47
2.714417209462856258e+47
2.714417209462856258e+47
2.714417002292174940e+47
2.714417002292174940e+47
2.714417002292171695e+47
2.714417002292171289e+47
2.714416986292254147e+47
2.714416986292254147e+47
2.714416986292254147e+47
2.714416986292254147e+47
2.714416986292254147e+47
2.714416986292254147e+47
2.714416986292254147e+47
2.714416986292254147e+47
2.714416986149941403e+47
2.714416986149941403e+47
2.714416986149941403e+47
2.714416986149941403e+47
2.714355413374359437e+47
2.714355413315013513e+47
2.714355413315013513e+47
2.714355413315013513e+47
2.714355413315013513e+47
2.714355413315013513e+47
2.714355413315013513e+47
2.714355413315013513e+47
2.714299073879151485e+47
2.714299073879151485e+47
2.714299073879151485e+47
2.714299071167232279e+47
2.714299071167232279e+47
2.714299071167232279e+47
2.714299071167232279e+47
2.714299071167232279e+47
2.714299071167232279e+47
2.714299071167232279e+47
2.714299071167232279e+47
2.714299071167232279e+47
2.714299071167232279e+47
2.714299071167232279e+47
2.714299071167232279e+47
2.714203134465748616e+47
2.714203134465748616e+47
2.714203134465748616e+47
2.714203134465748616e+47
2.714203134465748616e+47
2.714203134465747399e+47
2.714203105940830204e+47
2.714203104958993641e+47
2.714203104958993641e+47
2.714203104958993641e+47
2.714203104958993641e+47
2.714203104958993641e+47
2.714203104958993641e+47
2.714203104958967274e+47
2.714203104958962000e+47
2.714203104958962000e+47
2.714203104958962000e+47
2.714203104886395190e+47
2.714203104886394784e+47
2.714203104886394784e+47
2.714203104884713778e+47
2.714203104884713778e+47
2.714203104884713778e+47
2.714203104884473229e+47
2.714203104884473229e+47
2.714203104884473229e+47
2.714203104884473229e+47
8.733185727476349529e+46
8.733185727476349529e+46
8.733185727476349529e+46
8.733185727476349529e+46
8.733185727476349529e+46
8.733185727476349529e+46
8.733118521583516056e+46
8.733118521583516056e+46
8.733118521583516056e+46
8.733118521583516056e+46
8.733118521583516056e+46
8.733118521583516056e+46
8.722231372250791281e+46
8.722231372250791281e+46
8.722231372250791281e+46
8.722231372250791281e+46
8.722231372250791281e+46
8.722231372250791281e+46
8.722231372250791281e+46
8.722231372250791281e+46
8.722231372250757815e+46
8.722189988686208050e+46
8.722189988686208050e+46
8.722189988686208050e+46
8.722189988686208050e+46
8.722189988686203994e+46
8.722189988686203994e+46
8.722189988686203994e+46
8.722189988686203994e+46
8.722189988686203994e+46
8.722189988686203994e+46
8.722189988686203994e+46
8.722189988686203994e+46
8.722189988686203994e+46
8.722189988686203994e+46
8.722189928587304826e+46
8.722189928587304826e+46
8.722189928587304826e+46
8.722189928587304826e+46
8.722189928587304826e+46
8.722189928587304826e+46
8.722189928587304826e+46
8.722189928586829204e+46
8.722189928586829204e+46
8.722189928586829204e+46
8.722189928586829204e+46
8.722189928586829204e+46
8.722189928586829204e+46
8.722189928586829204e+46
8.722189928586829204e+46
8.722189928586829204e+46
8.722189927281490844e+46
8.722189927281433039e+46
8.722189927281433039e+46
8.722189927281433039e+46
8.697586860802518063e+46
8.697586860802518063e+46
8.697586860732069141e+46
8.697586860732069141e+46
8.697586860732069141e+46
8.697586860732069141e+46
8.697516118493191471e+46
8.697516118493191471e+46
8.697516118493191471e+46
8.697516118492319327e+46
8.697516118492319327e+46
8.697516118492319327e+46
8.697516118492319327e+46
8.697516118492319327e+46
8.697516118492319327e+46
8.697516118492280791e+46
8.697516118492280791e+46
8.697381577026762653e+46
8.697381577026762653e+46
8.697381571410507657e+46
8.697381425942065197e+46
8.697381425942065197e+46
8.697381425942065197e+46
8.697381425942065197e+46
8.697381425941841076e+46
8.697381425941841076e+46
8.697381425941841076e+46
8.697381425941841076e+46
8.697381425634674124e+46
8.697381425634674124e+46
8.697381425634674124e+46
8.697381424250256677e+46
8.697381424250256677e+46
8.697381424250256677e+46
7.860348427332705254e+46
7.860348427332564291e+46
7.860348427332564291e+46
7.860348427332564291e+46
7.819678689378319103e+46
5.171302678591866913e+46
5.171302678591864885e+46
5.171302660372284849e+46
1.282976081519978912e+46
1.282812070329120174e+46
1.282811647310113412e+46
1.282811647310113412e+46
1.282811647310113412e+46
9.991490872703845760e+45
9.991490872703845760e+45
9.991490872703845760e+45
9.991490872671492782e+45
9.991490872671492782e+45
9.991490002549095465e+45
9.991490002549095465e+45
9.991490002548953489e+45
8.699748952717989970e+45
8.667909086644605317e+45
8.663468835817332222e+45
2.250865623352395534e+45
2.250865623352395534e+45
2.250865623352395534e+45
2.250865623352395534e+45
2.250865578823875655e+45
1.344074512554944861e+45
1.344072979622906087e+45
1.344072979622171958e+45
1.344072979622171958e+45
1.320122058516365684e+45
1.320122058516294061e+45
1.320122058516294061e+45
1.278285171455451182e+45
1.278285171455451182e+45
4.649815115856484980e+44
4.649815115856484980e+44
4.649731902271423703e+44
1.928766680192634586e+44
1.928766680192634586e+44
1.928766680192634586e+44
1.928766680159441155e+44
1.928743341546883211e+44
1.928743340740933143e+44
1.928743340740933143e+44
1.928743340740933143e+44
1.815016258931662490e+44
1.815016258931662490e+44
1.815016258931662490e+44
1.028800120156547786e+44
1.025601050562600526e+44
1.025601050562600130e+44
1.025601048987936241e+44
3.063183758863555403e+43
3.062853967151036226e+43
3.062852260902964939e+43
3.062852260902964939e+43
3.062852260902964939e+43
2.595948274072596392e+43
2.595948274072596392e+43
2.595948274072596392e+43
2.595948274072596392e+43
2.595948274046743253e+43
2.595948274046743253e+43
2.595948144982964750e+43
2.595948144982964750e+43
2.595948144982949895e+43
2.080065273744177564e+43
2.073641218649490645e+43
2.072476829376497451e+43
2.072476829376497451e+43
5.658668946603551600e+42
5.658668946603551600e+42
5.658668946603551600e+42
5.658668747479567971e+42
3.902438820786064368e+42
3.902435981290920613e+42
3.902435981289958734e+42
3.902435981289958734e+42
3.831247490066473072e+42
3.831247490065759400e+42
3.831247490065759400e+42
3.610754234645495648e+42
3.610754234645495648e+42
1.232276182307264716e+42
1.232276182307264716e+42
1.232249402289413401e+42
6.185998078749431068e+41
6.185998078749431068e+41
6.185998078749431068e+41
6.185998078749431068e+41
6.185998078696355163e+41
6.185945327866954114e+41
6.185945322001153965e+41
6.185945322001153965e+41
6.185945322001153965e+41
5.776471484293686765e+41
5.776471484293686765e+41
5.776471484293686765e+41
2.962049389044207716e+41
2.945045892547519377e+41
2.945045892547515509e+41
2.945045890529115398e+41
1.055909168330510590e+41
1.055823058916347605e+41
1.055822129853071777e+41
1.055822129853071777e+41
1.055822129853071777e+41
8.663525723865307560e+40
8.663525723865307560e+40
8.663525723865307560e+40
8.663525723865307560e+40
8.663525723661575512e+40
8.663525723661575512e+40
8.663525500204639028e+40
8.663525500204639028e+40
8.663525500204607112e+40
6.546648268366696112e+40
6.532652402567258468e+40
6.525227346417686942e+40
6.525227346417686942e+40
2.023779034549061198e+40
2.023779034549061198e+40
2.023779034549061198e+40
2.023778917842645290e+40
1.290896824533974849e+40
1.290896341537091295e+40
1.290896341536885535e+40
1.290896341536885535e+40
1.273694186201872035e+40
1.273694186201313995e+40
1.273694186201313995e+40
1.180100768487469356e+40
4.413537443237456646e+39
4.413537443237456646e+39
4.413537443237456646e+39
4.413316594083804863e+39
4.413316594083804863e+39
1.958675148404163379e+39
1.958675148404163379e+39
1.958675148404163379e+39
1.958675148404163379e+39
1.958675148393762083e+39
1.958666927318504696e+39
1.958666924623808137e+39
1.958666924623808137e+39
1.958666924623808137e+39
1.866608444877122702e+39
1.866608444877122702e+39
1.866608444877122702e+39
1.028618794202003238e+39
1.020624535334832668e+39
1.020624535334829495e+39
1.020624534860992682e+39
3.202408560072290857e+38
3.202285430634973174e+38
3.202279936208407164e+38
3.202279936208407164e+38
3.202279936208407164e+38
2.794922531774109151e+38
2.794922531774109151e+38
2.794922531774109151e+38
2.794922531774109151e+38
2.794922531676950050e+38
2.794922531676950050e+38
2.794922486218184691e+38
2.794922486218184691e+38
2.794922486218180536e+38
2.189024983044848059e+38
2.186589969020238725e+38
2.183341285564515982e+38
2.183341285564515982e+38
6.022665391619878688e+37
6.022665391619878688e+37
6.022665391619878688e+37
6.022664727134173115e+37
4.392113939439402628e+37
4.392112846535207342e+37
4.392112846534908888e+37
4.392112846534908888e+37
4.392112846534908888e+37
4.360961682797358726e+37
4.360961682794360968e+37
4.360961682794360968e+37
4.067867758955883743e+37
1.340234520550985967e+37
1.340234520550985967e+37
1.340234520550985967e+37
1.340154962610233081e+37
1.340154962610233081e+37
7.298539558089370183e+36
7.298539558089370183e+36
7.298539558089370183e+36
7.298539558089370183e+36
7.298539558071238657e+36
7.298517245490525872e+36
7.298517221435953891e+36
7.298517221435953891e+36
7.298517221435953891e+36
7.095805660099903073e+36
7.095805660099903073e+36
7.095805660099903073e+36
3.391230103292704664e+36
3.368151828611291135e+36
3.368151828611274607e+36
3.368151827963422594e+36
1.302503531339725632e+36
1.302463716658797258e+36
1.302460165770610589e+36
1.302460165770610589e+36
1.302460165770610589e+36
1.192563458641299561e+36
1.192563458641299561e+36
1.192563458641299561e+36
1.192563458641299561e+36
1.192563458527577155e+36
1.192563458527577155e+36
1.192563458527577155e+36
1.192563448137070618e+36
1.192563448137070618e+36
1.192563448137069880e+36
8.418551418460342983e+35
8.411509867868491470e+35
8.398754178973313850e+35
8.398754178973313850e+35
2.609151578664051357e+35
2.609151578664051357e+35
2.609151578664051357e+35
2.609151091460288991e+35
2.087298329656366899e+35
2.087298019772025652e+35
2.087298019771963671e+35
2.087298019771963671e+35
2.087298019771963671e+35
2.073538960079024856e+35
2.073538960074668104e+35
2.073538960074668104e+35
1.849983039101359623e+35
6.097997535668372704e+34
6.097997535668372704e+34
6.097997535668372704e+34
6.097560529315286528e+34
6.097560529315286528e+34
3.831504159372158352e+34
3.831504159372158352e+34
3.831504159372158352e+34
3.831504159372158352e+34
3.831504159367561424e+34
3.831496439451695721e+34
3.831496439451695721e+34
3.831496413553526346e+34
3.831496413553526346e+34
3.831496413553526346e+34
3.722376388689399119e+34
3.722376388689399119e+34
3.722376388689399119e+34
1.647657534435980830e+34
1.628534063209578215e+34
1.628534063209554003e+34
1.628534063070222056e+34
7.429456859660872366e+33
7.429294230298167084e+33
7.429263575609488211e+33
7.429263575609488211e+33
7.429263575609488211e+33
6.737067726265698024e+33
6.737067726265698024e+33
6.737067726265698024e+33
6.737067726265698024e+33
6.737067724847851299e+33
6.737067724847851299e+33
6.737067724847851299e+33
6.737067694342228510e+33
6.737067694342228510e+33
6.737067694342226204e+33
4.440697766387671048e+33
4.438237317468624388e+33
4.425727275391745188e+33
4.425727275391745188e+33
1.570713086849160102e+33
1.570713086849160102e+33
1.570713086849160102e+33
1.570713086849160102e+33
1.570712618356964802e+33
1.213660406735380637e+33
1.213660310354850792e+33
1.213660310354827733e+33
1.213660310354827733e+33
1.213660310354827733e+33
1.207809938348275038e+33
1.207809938342500198e+33
1.207809938342500198e+33
1.046024567590204705e+33
1.046024567590204705e+33
3.752449764005416886e+32
3.752449764005416886e+32
3.751866110475317581e+32
3.751866110475317581e+32
2.192378911373392653e+32
2.192378911373392653e+32
2.192378911373392653e+32
2.192378911373392653e+32
2.192378911371747218e+32
2.192376586120205194e+32
2.192376586120205194e+32
2.192376563621412928e+32
2.192376563621412928e+32
2.192376563621412928e+32
2.147160673673369308e+32
2.147160673673369308e+32
2.147160673673369308e+32
1.008487276768571666e+32
9.928078176354787067e+31
9.928078176354433985e+31
9.928078175788178389e+31
4.101799846174143114e+31
4.101754242191993587e+31
4.101721282140695466e+31
4.101721282140695466e+31
4.101721282140695466e+31
3.829034916513186344e+31
3.829034916513186344e+31
3.829034916513186344e+31
3.829034916513186344e+31
3.829034915297944928e+31
3.829034915297944928e+31
3.829034915297944928e+31
3.829034904522333871e+31
3.829034904522333871e+31
3.829034904522332970e+31
2.628244897286859917e+31
2.627451816302629040e+31
2.617826130200422121e+31
2.617826130200422121e+31
8.440361650910622765e+30
8.440361650910622765e+30
8.440361650910622765e+30
8.440361650910622765e+30
8.440361650910621640e+30
8.440356879144571040e+30
7.042611696061093835e+30
7.042611341176097748e+30
7.042611341176040327e+30
7.042611341176040327e+30
7.042611341176040327e+30
7.024447906265892706e+30
7.024447906214064156e+30
7.024447906214064156e+30
6.162710554179826161e+30
6.162710554179826161e+30
2.014890622598004979e+30
2.014890622598004979e+30
2.014520872174797073e+30
2.014520872174797073e+30
1.361625130320366847e+30
1.361625130320366847e+30
1.361625130320366847e+30
1.361625130320366847e+30
1.361625130319905509e+30
1.361624149522808971e+30
1.361624149522808971e+30
1.361624118910795779e+30
1.361624118910795779e+30
1.361624118910795779e+30
1.345436014290162907e+30
1.345436014290162907e+30
1.345436014290162907e+30
5.646136774059745173e+29
5.569583848390705566e+29
5.569583848390410721e+29
5.569583848260875233e+29
2.784247009235874575e+29
2.784224032104662284e+29
2.784190662751985156e+29
2.784190662751985156e+29
2.784190662751985156e+29
2.665648163174707691e+29
2.665648163174707691e+29
2.665648163174707691e+29
2.665648163174707691e+29
2.665648161097221812e+29
2.665648161097221812e+29
2.665648161097221812e+29
2.665648157301172519e+29
2.665648157301172519e+29
2.665648157301172519e+29
1.643726110493989820e+29
1.643386867091294779e+29
1.637532525361641651e+29
6.178464664279914473e+28
6.178464664279914473e+28
6.178464664279914473e+28
6.178464664279914473e+28
6.178464664279914473e+28
6.178464664279912714e+28
6.178459045907130070e+28
5.450045400004058311e+28
5.450045245520113186e+28
5.450045245520095594e+28
5.450045245520095594e+28
5.450045245520095594e+28
5.438145759208014100e+28
5.438145759098443808e+28
5.438145759098443808e+28
4.488400785472361636e+28
4.488400785472361636e+28
1.557240406365144195e+28
1.557240406365144195e+28
1.556897091039992849e+28
1.556897091039992849e+28
1.556897091039992849e+28
1.161075686994062668e+28
1.161075686994062668e+28
1.161075686994062668e+28
1.161075686993878610e+28
1.161075686993878610e+28
1.161075168613940298e+28
1.161075119704735755e+28
1.161075119704735755e+28
1.161075119704735755e+28
1.148193328537945549e+28
1.148193328537945549e+28
1.148193328537945549e+28
4.626715606059917945e+27
4.527049098329258894e+27
4.527049098328573349e+27
4.527049098281581871e+27
2.589780838470454442e+27
2.589766388384927411e+27
2.589721508630524850e+27
2.589721508630524850e+27
2.589721508630524850e+27
2.477651164909012429e+27
2.477651164909012429e+27
2.477651164909012429e+27
2.477651164909012429e+27
2.477651160965300615e+27
2.477651160965300615e+27
2.477651160965300615e+27
2.477651160965300615e+27
2.477651159164539712e+27
2.477651159164539712e+27
2.477651159164539712e+27
1.435925729045286880e+27
1.435737532292718844e+27
1.427025316316282844e+27
6.142768680542149610e+26
6.142768680542149610e+26
6.142768680542149610e+26
6.142768680542149610e+26
6.142768680542149610e+26
6.142768680542141364e+26
6.142760047383717303e+26
5.363417895118599193e+26
5.363417812967032114e+26
5.363417812967021119e+26
5.363417812967021119e+26
5.363417812967021119e+26
5.355035879160556873e+26
5.355035878927099630e+26
5.355035878927099630e+26
4.244669231160437009e+26
4.244669231160437009e+26
1.609309176088646743e+26
1.609309176088646743e+26
1.609309176088646743e+26
1.608592642153419496e+26
1.608592642153419496e+26
1.161297929529123509e+26
1.161297929529123509e+26
1.161297929529123509e+26
1.161297929529123509e+26
1.161297929529009606e+26
1.161297644778852498e+26
1.161297568720101115e+26
1.161297568720101115e+26
1.161297568720101115e+26
1.151902003395732685e+26
1.151902003395732685e+26
1.151902003395732685e+26
1.151902003395732685e+26
4.865569258000920587e+25
4.728139490858728530e+25
4.728139490857084416e+25
4.728139490825442533e+25
2.549779507577218346e+25
2.549771816269003942e+25
2.549686781106570885e+25
2.549686781106570885e+25
2.549686781106570885e+25
2.469740443207470474e+25
2.469740443207470474e+25
2.469740443207470474e+25
2.469740443207470474e+25
2.469740437116034322e+25
2.469740437116034322e+25
2.469740437116034322e+25
2.469740437116034322e+25
2.469740436011545686e+25
2.469740436011545686e+25
2.469740436011545686e+25
1.483088682211536923e+25
1.482978437818789124e+25
1.471330138839397562e+25
1.471330138839397562e+25
5.904809732603000849e+24
5.904809732603000849e+24
5.904809732603000849e+24
5.904809732603000849e+24
5.904809732602983669e+24
5.904794139726208406e+24
5.360542855825089278e+24
5.360542805168820134e+24
5.360542805168815839e+24
5.360542805168815839e+24
5.360542805168815839e+24
5.360542804805157736e+24
5.355941994756842189e+24
5.355941994756842189e+24
4.316901440313975370e+24
4.316901440313975370e+24
1.530173376982630361e+24
1.530173376982630361e+24
1.530173376982630361e+24
1.529360177194180647e+24
1.529360177194180647e+24
1.207852899492894033e+24
1.207852899492894033e+24
1.207852899492894033e+24
1.207852899492894033e+24
1.207852899492841688e+24
1.207852709346540394e+24
1.207852548517820214e+24
1.207852548517820214e+24
1.207852548517820214e+24
1.202252100268186629e+24
1.202252100268186629e+24
1.202252100268186629e+24
1.202252100268186629e+24
4.695019615209365334e+23
4.576924386905947447e+23
4.576924386903552332e+23
4.576924386890933852e+23
2.858546459130577048e+23
2.858412282722588085e+23
2.858406316105229318e+23
2.858406316105229318e+23
2.858406316105229318e+23
2.858406316105229318e+23
2.802560726360632349e+23
2.802560726360632349e+23
2.802560726360632349e+23
2.802560726360632349e+23
2.802560711028565806e+23
2.802560711028565806e+23
2.802560711028565806e+23
2.802560711028565806e+23
2.802560710423307270e+23
1.535215331880353892e+23
1.535215331880353892e+23
1.535142410378632694e+23
1.523655130039768989e+23
1.523655130039768989e+23
7.177286562103243781e+22
7.177286562103243781e+22
7.177286562103243781e+22
7.177286562103243781e+22
7.177286562103206032e+22
7.177257639988786994e+22
6.721769042906899179e+22
6.721769042906899179e+22
6.721769009010402394e+22
6.721769009010399878e+22
6.721769009010399878e+22
6.721769009010399878e+22
6.721769007892723558e+22
6.717302673308770737e+22
6.717302673308770737e+22
6.717302673308770737e+22
5.050226418981534066e+22
5.050226418981534066e+22
1.981523510745930662e+22
1.981523510745930662e+22
1.980269114886196507e+22
1.980269114886196507e+22
1.665138242410729230e+22
1.665138242410729230e+22
1.665138242410729230e+22
1.665138242410729230e+22
1.665138242410696095e+22
1.665138088619176624e+22
1.665137704883870866e+22
1.665137704883870866e+22
1.665137704883870866e+22
1.658562965758128685e+22
1.658562965758128685e+22
1.658562965758128685e+22
6.466100395170187969e+21
6.224234416792609489e+21
6.224234416792609489e+21
6.224234416783951397e+21
6.224234416776187740e+21
6.224234416776187740e+21
4.295878847413348729e+21
4.295600077286010257e+21
4.295594342747968373e+21
4.295594342747968373e+21
4.295594342747968373e+21
4.295594342747968373e+21
4.217631994013463609e+21
4.217631994013463609e+21
4.217631994013463609e+21
4.217631950419774145e+21
4.217631950419774145e+21
4.217631950419774145e+21
4.217631950419774145e+21
4.217631950419774145e+21
4.217631949963716985e+21
2.216271660052013384e+21
2.216271660052013384e+21
2.216206984085571633e+21
2.190140090200365990e+21
2.190140090200365990e+21
1.161091029762196242e+21
1.161091029762196242e+21
1.161091029762196242e+21
1.161091029762176975e+21
1.161091029762176975e+21
1.161084066616475386e+21
1.087495617523179586e+21
1.087495617523179586e+21
1.087495614571335778e+21
1.087495614571335516e+21
1.087495614571335516e+21
1.087495614204053422e+21
1.087495614204053422e+21
1.086997990582322987e+21
1.086997990582322987e+21
1.086997990582322987e+21
7.829836436157754245e+20
7.829836436157754245e+20
3.377259882966329590e+20
3.377259882966329590e+20
3.373277409367001661e+20
3.373277409367001661e+20
2.813410620861613998e+20
2.813410620861613998e+20
2.813410620861613998e+20
2.813410620861613998e+20
2.813410620861581230e+20
2.813410474795701699e+20
2.813409467025011835e+20
2.813409467025011180e+20
2.813409467025011180e+20
2.805413000266388931e+20
2.805413000266388931e+20
2.805413000266388931e+20
2.499147521740253102e+20
1.089013320103837368e+20
1.089013320103837368e+20
1.089013320100510106e+20
1.089013320099681403e+20
1.089013320099681403e+20
7.334395312462473626e+19
7.333506783523247718e+19
7.333501222878905139e+19
7.333501222878905139e+19
7.333501222878905139e+19
7.333501222878905139e+19
7.333501222878905139e+19
7.236317411681194803e+19
7.236317411681194803e+19
7.236317411681194803e+19
7.236317293625806848e+19
7.236317293625806848e+19
7.236317293625806848e+19
7.236317293625806848e+19
7.236317293625806848e+19
7.236317293157755290e+19
3.909943096204384666e+19
3.909943096204384666e+19
3.909943096204384666e+19
3.909876124127594086e+19
3.851097751232654541e+19
1.962864012503283712e+19
1.962864012503283712e+19
1.962864012503214080e+19
1.962864012503214080e+19
1.962842251628115968e+19
1.962842251628115968e+19
1.871721543509737882e+19
1.871721543509737882e+19
1.871721540461163315e+19
1.871721540461162906e+19
1.871721540461162906e+19
1.871721539460261478e+19
1.871721539460261478e+19
1.871231011131459584e+19
1.871231011131459584e+19
1.871231011131459584e+19
1.368839712489117491e+19
1.368839712489117491e+19
1.368839712489117491e+19
5.649932061480594432e+18
5.641832477214708736e+18
5.641832477214708736e+18
4.941858354555438080e+18
4.941858354555438080e+18
4.941858354555438080e+18
4.941858354555438080e+18
4.941854954381262848e+18
4.941854954381238272e+18
4.941854797258673152e+18
4.941854797258671104e+18
4.941854797258671104e+18
4.933636606043332608e+18
4.933636606043332608e+18
4.411577282229188096e+18
1.829806943208145408e+18
1.829806943208145408e+18
1.829806943199503872e+18
1.829806943199503872e+18
1.829806943198915584e+18
1.358769626137314560e+18
1.358547970223508992e+18
1.358547970223508992e+18
1.358547304907727360e+18
1.358547304907727360e+18
1.358547304907727360e+18
1.358547304907727360e+18
1.358547304907727360e+18
1.347394472072196864e+18
1.347394472072196864e+18
1.347394472072196864e+18
1.347394427314749440e+18
1.347394427314749440e+18
1.347394427314749440e+18
1.347394427314749440e+18
1.347394427314749440e+18
1.347394427273942016e+18
6.812507672853473280e+17
6.812507672853473280e+17
6.812507672853473280e+17
6.714459937082378240e+17
6.714391079133496320e+17
3.917901804101596800e+17
3.917901804101596800e+17
3.917901804101342720e+17
3.917838786219212800e+17
3.917838786219212800e+17
3.917838786219212800e+17
3.795146769982629760e+17
3.795146769982629760e+17
3.795146766830781440e+17
3.795146766830781440e+17
3.795146762331001600e+17
3.795146762331001600e+17
3.794443612044596480e+17
3.794443612044596480e+17
3.794443612044596480e+17
3.794443612044596480e+17
2.599998138058811200e+17
2.599998138058811200e+17
2.599998138058811200e+17
1.209264994814654880e+17
1.207228142193412480e+17
1.207228142193412480e+17
1.207228142193412480e+17
1.207228142193412480e+17
1.096647611485451680e+17
1.096647611485451680e+17
1.096646394409900160e+17
1.096646394409900160e+17
1.096646394409897600e+17
1.096646374952466400e+17
1.096646374952465440e+17
1.096646374952465440e+17
1.095234913503866400e+17
1.095234913503866400e+17
9.424115452667617600e+16
9.424115452416953600e+16
4.128463301642101600e+16
4.128463301642101600e+16
4.128463301642101600e+16
4.127339818322842400e+16
3.275274541972696800e+16
3.275274541972311200e+16
3.275274541972311200e+16
3.275273569522785200e+16
3.275273569522785200e+16
3.275273569522785200e+16
3.275273569522785200e+16
3.275273569522785200e+16
3.275273569522785200e+16
3.252644024980920400e+16
3.252644024980920400e+16
3.252643835392504800e+16
3.252643835392504800e+16
3.252643835392504800e+16
3.252643835392504800e+16
3.252643835392504800e+16
3.252643835343879600e+16
3.252643835343879600e+16
1.622624666499460800e+16
1.588520037365173000e+16
1.588520037365173000e+16
1.588510345378599200e+16
1.017092167111439200e+16
1.017092167111439200e+16
1.017092167111251800e+16
1.017068847365279400e+16
1.017068847365279400e+16
1.017068847365279400e+16
9.881558579030564000e+15
9.881558579030564000e+15
9.881558574661392000e+15
9.881558574661392000e+15
9.881558552487192000e+15
9.881558552487192000e+15
9.880359706536424000e+15
9.880359706536424000e+15
9.880359706536424000e+15
9.880359706536424000e+15
9.880359706536424000e+15
6.547253862338322000e+15
6.547253862338322000e+15
3.334453088821279000e+15
3.324904577783708500e+15
3.324904577783708500e+15
3.324904577783708500e+15
3.324904577783708500e+15
3.031396423116420000e+15
3.031391316678922500e+15
3.031391316678922500e+15
3.031391316678922500e+15
3.031391286278712500e+15
3.031391286278708000e+15
3.031391286278700500e+15
3.031391286278700500e+15
3.031391286278700500e+15
3.028678072949623500e+15
3.028678072949623500e+15
3.028678072761440500e+15
2.543314620701744000e+15
1.181999713826083000e+15
1.181999713826083000e+15
1.181999713826083000e+15
1.181431362441355250e+15
9.379262219285800000e+14
9.379262219285178750e+14
9.379260588677932500e+14
9.379260588677932500e+14
9.379260588677932500e+14
9.379260588677932500e+14
9.379260588677932500e+14
9.379260588677932500e+14
9.379260588677932500e+14
9.379260588677932500e+14
9.332502997019562500e+14
9.332502140012412500e+14
9.332502140012412500e+14
9.332502140012412500e+14
9.332502140012412500e+14
9.332502140012412500e+14
9.332502140012412500e+14
9.332502139933641250e+14
4.764081285544498750e+14
4.639619488604531250e+14
4.639619488604531250e+14
4.639602582890689375e+14
2.951241690291368750e+14
2.951241690290222500e+14
2.951241690290222500e+14
2.951120494382606250e+14
2.951120494382606250e+14
2.951120494382606250e+14
2.889431145677064375e+14
2.889431145677064375e+14
2.889431144941940625e+14
2.889431134531449375e+14
2.889431134531449375e+14
2.889431134531449375e+14
2.889431134531449375e+14
2.889221530960995000e+14
2.889221530960995000e+14
2.889221530960995000e+14
2.889221530960995000e+14
1.932230803888419375e+14
1.932230803888419375e+14
9.703030765166654688e+13
9.668645144641710938e+13
9.668645144641710938e+13
9.668645144641710938e+13
9.668645144641710938e+13
9.029332607046615625e+13
9.029304641306067188e+13
9.029304641306067188e+13
9.029304588231223438e+13
9.029304588231175000e+13
9.029304588231168750e+13
9.029304588231168750e+13
9.029304588231168750e+13
9.029304588231168750e+13
9.024380783115321875e+13
9.024380783115321875e+13
9.024380782197923438e+13
7.588723640083165625e+13
3.452432478118812109e+13
3.452432478118812109e+13
3.452432478118812109e+13
3.450369218874673047e+13
2.897829975350939062e+13
2.897829975350850000e+13
2.897829975350850000e+13
2.897829669051998828e+13
2.897829669051998828e+13
2.897829669051998828e+13
2.897829669051998828e+13
2.897829669051998828e+13
2.897829669051998828e+13
2.897829669051998828e+13
2.888686453425077344e+13
2.888685946583743359e+13
2.888685946583743359e+13
2.888685946583743359e+13
2.888685946583743359e+13
2.888685946583743359e+13
2.888685946583743359e+13
2.888685946572444531e+13
1.419626615265230078e+13
1.382849776669748438e+13
1.382846821333015430e+13
1.382846821333015430e+13
1.382846821333015430e+13
9.678427889075693359e+12
9.678427889068923828e+12
9.677873195715666016e+12
9.677873195715666016e+12
9.677873195715666016e+12
9.677873195715666016e+12
9.677873195715666016e+12
9.541277300808121094e+12
9.541277299608027344e+12
9.541277229536330078e+12
9.541277229536330078e+12
9.541277229536330078e+12
9.541277229536330078e+12
9.541277229536330078e+12
9.541277229536330078e+12
9.540827464629103516e+12
9.540827464629103516e+12
6.076172185426839844e+12
3.405982151493986328e+12
3.405982151493986328e+12
3.391894478759807617e+12
3.391894478759807617e+12
3.391894478759807617e+12
3.391894478759807617e+12
3.227948349272417480e+12
3.227933138913778809e+12
3.227933138913744629e+12
3.227933128758370117e+12
3.227933128758370117e+12
3.227933128758368652e+12
3.227933128758368652e+12
3.227933128758368652e+12
3.226694620068759277e+12
3.226694620068759277e+12
3.226694620068759277e+12
3.226694619344786621e+12
2.610954117150321289e+12
1.282017810130112061e+12
1.282017810130112061e+12
1.282017810130112061e+12
1.281071396153908203e+12
1.281071396153908203e+12
1.119077560602109619e+12
1.119077560602093018e+12
1.119077492213016602e+12
1.119077492213016602e+12
1.119077492213016602e+12
1.119077492213016602e+12
1.119077492213016602e+12
1.119077492213016602e+12
1.119077492213016602e+12
1.119077168497536621e+12
1.116391886294041260e+12
1.116391886294041260e+12
1.116391886294041260e+12
1.116391886294041260e+12
1.116391886294041260e+12
1.116391886294041260e+12
5.566052403755683594e+11
5.566052403750455322e+11
5.370803830928084106e+11
5.370803830928084106e+11
5.370797156674370117e+11
5.370797156674370117e+11
4.006479718361553955e+11
4.006479718354394531e+11
4.006163482906947021e+11
4.006163482906947021e+11
4.006163482906947021e+11
4.006163482906947021e+11
3.959982763932673950e+11
3.959982763932673950e+11
3.959982712565204468e+11
3.959982712307595825e+11
3.959982712307595825e+11
3.959982712307595825e+11
3.959982712307595825e+11
3.959982712307595825e+11
3.959866718809027710e+11
3.959866718809027710e+11
2.482459208390435181e+11
2.482459208390435181e+11
1.500042521466348877e+11
1.500042521466348877e+11
1.490536978949161682e+11
1.490536978949161682e+11
1.490536978949161682e+11
1.490536978949161682e+11
1.427826796312795105e+11
1.427816895129315796e+11
1.427816895129274597e+11
1.427816892653200378e+11
1.427816892653200378e+11
1.427816892653200073e+11
1.427816892653200073e+11
1.427816892653200073e+11
1.427454050198568726e+11
1.427454050198568726e+11
1.427454050198568726e+11
1.427454049595589294e+11
1.130782700551231842e+11
5.895714749562364197e+10
5.895714749562364197e+10
5.888739679061772156e+10
5.888739679061772156e+10
5.888739679061772156e+10
5.206939128685077667e+10
5.206939128685037231e+10
5.206939128685037231e+10
5.206939128685037231e+10
5.206938944182183075e+10
5.206938944182183075e+10
5.206938944182183075e+10
5.206938944182183075e+10
5.206938944182183075e+10
5.206936612556854248e+10
5.198226625567277527e+10
5.198226625567276001e+10
5.198226625567276001e+10
5.198226625567276001e+10
5.198226625567276001e+10
5.198226625567276001e+10
2.655497831400777435e+10
2.655497831400777435e+10
2.655497831399428940e+10
2.544517411845731354e+10
2.544515545006498337e+10
1.931361139809103012e+10
1.931361139809103012e+10
1.931361139802022552e+10
1.931104948530841446e+10
1.931104948530841446e+10
1.931104948530841446e+10
1.914988197973199081e+10
1.914988197973199081e+10
1.914988197973199081e+10
1.914988158007768631e+10
1.914988158007768631e+10
1.914988157939495087e+10
1.914988157939495087e+10
1.914988157939495087e+10
1.914988157939495087e+10
1.914954354879161072e+10
1.914954354879161072e+10
1.205521488466560364e+10
1.205521488466560364e+10
1.205521488466560364e+10
1.205521488466560364e+10
7.414700434072947502e+09
7.414700434072947502e+09
7.356385156180514336e+09
7.356385156180514336e+09
7.125154553911741257e+09
7.125068593510719299e+09
7.125068593510282516e+09
7.125068593510282516e+09
7.125068586522439003e+09
7.125068586522439003e+09
7.125068586522439003e+09
7.125068586522439003e+09
7.123942518537192345e+09
7.123942518537192345e+09
7.123942518537192345e+09
7.123942513540646553e+09
7.123942513540646553e+09
5.619453253472043037e+09
2.961186611781362057e+09
2.961186611781362057e+09
2.956763114258936882e+09
2.956763114258936882e+09
2.956763114258936882e+09
2.691803793000183105e+09
2.691803793000183105e+09
2.691803793000183105e+09
2.691803793000173569e+09
2.691803737118240833e+09
2.691803737118240833e+09
2.691803737118240833e+09
2.691803737118240833e+09
2.691803737118240833e+09
2.691801564634916306e+09
2.688899084453798294e+09
2.688899084453798294e+09
2.688899084453796387e+09
2.688899084453796387e+09
2.688899084453796387e+09
2.688899084453796387e+09
2.688899084453796387e+09
1.361690293268341303e+09
1.302141650779629230e+09
1.302141650779338598e+09
1.302141096716299057e+09
1.047381298728139281e+09
1.047381298721211553e+09
1.047381298721211553e+09
1.047381298721211553e+09
1.047191837765542626e+09
1.047191837765542626e+09
1.041269860110558391e+09
1.041269860110558391e+09
1.041269860110558391e+09
1.041269818914571643e+09
1.041269818914571643e+09
1.041269818914571643e+09
1.041269818896474361e+09
1.041269818896474361e+09
1.041269818896474361e+09
1.041258492288790345e+09
1.041258492288790345e+09
6.389319935218760967e+08
6.389319935218760967e+08
6.389319935218760967e+08
6.389319935218760967e+08
6.301306328640618324e+08
4.229708734702780843e+08
4.229708734702780843e+08
4.229708734702780843e+08
4.133592576240093112e+08
4.133519822305688858e+08
4.133519822305198908e+08
4.133519822305198908e+08
4.133519820196704268e+08
4.133519820196704268e+08
4.133519820196704268e+08
4.133519820196704268e+08
4.133090287140231729e+08
4.133090287140231729e+08
4.133090287140231729e+08
4.133090281276759505e+08
4.133090281276759505e+08
3.165520716619135141e+08
1.801564452257397473e+08
1.801564452257397473e+08
1.798217759260796309e+08
1.798217759260796309e+08
1.798217759260796309e+08
1.673384848481851220e+08
1.673384848481851220e+08
1.673384848481851220e+08
1.673384848481848240e+08
1.673384848481848240e+08
1.673384829120142460e+08
1.673384829120142460e+08
1.673384829120142460e+08
1.673384829120142460e+08
1.673384829120142460e+08
1.673384829120142460e+08
1.673384829120142460e+08
1.673384829120142460e+08
1.673384829120142460e+08
1.673384829120142460e+08
1.673384829120142460e+08
1.673384829120142460e+08
1.673384829120142460e+08
1.673384829120142460e+08
1.673384829120142460e+08
1.673384829120142460e+08
1.673384829120142460e+08
1.673384829120142460e+08
1.673384829120142460e+08
1.673384829120142460e+08
1.673384829120142460e+08
1.673384829120142460e+08
1.673384829120142460e+08
1.673384829120142460e+08
1.673384829120142460e+08
1.673384829120142460e+08
1.673384829120142460e+08
1.673384829120142460e+08
1.673384829120142460e+08
1.673384829120142460e+08
1.673384829120142460e+08
1.673384829120142460e+08
1.673384829120142460e+08
1.673384829120142460e+08
1.673384829120142460e+08
1.673384829120142460e+08
1.673384829120142460e+08
1.673384829120142460e+08
1.673384829120142460e+08
1.673384829120142460e+08
1.673384829120142460e+08
1.673384829120142460e+08
1.673384829120142460e+08
1.673384829120142460e+08
1.673384829120142460e+08
1.673384829120142460e+08
1.673384829120142460e+08
1.673384829120142460e+08
1.673384829120142460e+08
1.673384829120142460e+08
1.673384829120142460e+08
1.673384829120142460e+08
1.673384829120142460e+08
1.673384829120142460e+08
1.673384829120142460e+08
1.673384829120142460e+08
1.673384829120142460e+08
1.673384829120142460e+08
1.673384829120142460e+08
1.673384829120142460e+08
1.673384829120142460e+08
1.673384829120142460e+08
1.673384829120142460e+08
1.673384829120142460e+08
1.673384829120142460e+08
1.673384829120142460e+08
1.673384829120142460e+08
1.673384829120142460e+08
1.673384829120142460e+08
1.673384829120142460e+08
1.673384829120142460e+08
1.673384829120142460e+08
1.673384829120142460e+08
1.673384829120142460e+08
1.673384829120142460e+08
1.673384829120142460e+08
1.673384829120142460e+08
1.673384829120142460e+08
1.673384829120142460e+08
1.673384829120142460e+08
1.673384829120142460e+08
1.673384829120142460e+08
1.673384829120142460e+08
1.673384829120142460e+08
1.673384829120142460e+08
1.673384829120142460e+08
1.673384829120142460e+08
1.673384829120142460e+08
1.673384829120142460e+08
1.673384829120142460e+08
1.673384829120142460e+08
1.673384829120142460e+08
1.673384829120142460e+08
1.673384829120142460e+08
1.673384829120142460e+08
1.673384829120142460e+08
1.673384829120142460e+08
1.673384829120142460e+08
1.673384829120142460e+08
1.673384829120142460e+08
1.673384829120142460e+08
1.673384829120142460e+08
1.673384829120142460e+08
1.673384829120142460e+08
1.673384829120142460e+08
1.673384829120142460e+08
1.673384829120142460e+08
1.673384829120142460e+08
1.673384829120142460e+08
1.673384829120142460e+08
1.673384829120142460e+08
1.673384829120142460e+08
1.673384829120142460e+08
1.673384829120142460e+08
1.673384829120142460e+08
1.673384829120142460e+08
1.673384829120142460e+08
1.673384829120142460e+08
1.673384829120142460e+08
1.673384829120142460e+08
1.673384829120142460e+08
1.673384829120142460e+08
1.673384829120142460e+08
1.673384829120142460e+08
1.673384829120142460e+08
1.673384829120142460e+08
1.673384829120142460e+08
1.673384829120142460e+08
1.673384829120142460e+08
1.673384829120142460e+08
1.673384829120142460e+08
1.673384829120142460e+08
1.673384829120142460e+08
1.673384829120142460e+08
1.673384829120142460e+08
1.673384829120142460e+08
1.673384829120142460e+08
1.673384829120142460e+08
1.673384829120142460e+08
1.673384829120142460e+08
1.673384829120142460e+08
1.673384829120142460e+08
1.673384829120142460e+08
1.673384829120142460e+08
1.673384829120142460e+08
1.673384829120142460e+08
1.673384829120142460e+08
1.673384829120142460e+08
1.673384829120142460e+08
1.673384829120142460e+08
1.673384829120142460e+08
1.673384829120142460e+08
1.673384829120142460e+08
1.673384829120142460e+08
1.673384829120142460e+08
1.673384829120142460e+08
1.673384829120142460e+08
1.673384829120142460e+08
1.673384829120142460e+08
1.673384829120142460e+08
1.673384829120142460e+08
1.673384829120142460e+08
1.673384829120142460e+08
1.673384829120142460e+08
1.673384829120142460e+08
1.673384829120142460e+08
1.673384829120142460e+08
1.673384829120142460e+08
1.673384829120142460e+08
1.673384829120142460e+08
1.673384829120142460e+08
1.673384829120142460e+08
1.673384829120142460e+08
1.673384829120142460e+08
1.673384829120142460e+08
1.673384829120142460e+08
1.673384829120142460e+08
1.673384829120142460e+08
1.673384829120142460e+08
1.673384829120142460e+08
1.673384829120142460e+08
1.673384829120142460e+08
1.673384829120142460e+08
1.673384829120142460e+08
1.673384829120142460e+08
1.673384829120142460e+08
1.673384829120142460e+08
1.673384829120142460e+08
1.673384829120142460e+08
1.673384829120142460e+08
1.673384829120142460e+08
1.673384829120142460e+08
1.673384829120142460e+08
1.673384829120142460e+08
1.673384829120142460e+08
1.673384829120142460e+08
1.673384829120142460e+08
1.673384829120142460e+08
1.673384829120142460e+08
1.673384829120142460e+08
1.673384829120142460e+08
1.673384829120142460e+08
1.673384829120142460e+08
1.673384829120142460e+08
1.673384829120142460e+08
1.673384829120142460e+08
1.673384829120142460e+08
1.673384829120142460e+08
1.673384829120142460e+08
1.673384829120142460e+08
1.673384829120142460e+08
1.673384829120142460e+08
1.673384829120142460e+08
1.673384829120142460e+08
1.673384829120142460e+08
1.673384829120142460e+08
1.673384829120142460e+08
1.673384829120142460e+08
1.673384829120142460e+08
1.673384829120142460e+08
1.673384829120142460e+08
1.673384829120142460e+08
1.673384829120142460e+08
1.673384829120142460e+08
1.673384829120142460e+08
1.673384829120142460e+08
1.673384829120142460e+08
1.673384829120142460e+08
1.673384829120142460e+08
1.673384829120142460e+08
1.673384829120142460e+08
1.673384829120142460e+08
1.673384829120142460e+08
1.673384829120142460e+08
1.673384829120142460e+08
1.673384829120142460e+08
1.673384829120142460e+08
1.673384829120142460e+08
1.673384829120142460e+08
1.673384829120142460e+08
1.673384829120142460e+08
1.673384829120142460e+08
1.673384829120142460e+08
1.673384829120142460e+08
1.673384829120142460e+08
1.673384829120142460e+08
1.673384829120142460e+08
1.673384829120142460e+08
1.673384829120142460e+08
1.673384829120142460e+08
1.673384829120142460e+08
1.673384829120142460e+08
1.673384829120142460e+08
1.673384829120142460e+08
1.673384829120142460e+08
1.673384829120142460e+08
1.673384829120142460e+08
1.673384829120142460e+08
1.673384829120142460e+08
1.673384829120142460e+08
1.673384829120142460e+08
1.673384829120142460e+08
1.673384829120142460e+08
1.673384829120142460e+08
1.673384829120142460e+08
1.673384829120142460e+08
1.673384829120142460e+08
1.673384829120142460e+08
1.673384829120142460e+08
1.673384829120142460e+08
1.673384829120142460e+08
1.673384829120142460e+08
1.673384829120142460e+08
1.673384829120142460e+08
1.673384829120142460e+08
1.673384829120142460e+08
1.673384829120142460e+08
1.673384829120142460e+08
1.673384829120142460e+08
1.673384829120142460e+08
1.673384829120142460e+08
1.673384829120142460e+08
1.673384829120142460e+08
1.673384829120142460e+08
1.673384829120142460e+08
1.673384829120142460e+08
1.673384829120142460e+08
1.673384829120142460e+08
1.673384829120142460e+08
1.673384829120142460e+08
1.673384829120142460e+08
1.673384829120142460e+08
1.673384829120142460e+08
1.673384829120142460e+08
1.673384829120142460e+08
1.673384829120142460e+08
1.673384829120142460e+08
1.673384829120142460e+08
1.673384829120142460e+08
1.673384829120142460e+08
1.673384829120142460e+08
1.673384829120142460e+08
1.673384829120142460e+08
1.673384829120142460e+08
1.673384829120142460e+08
1.673384829120142460e+08
1.673384829120142460e+08
1.673384829120142460e+08
1.673384829120142460e+08
1.673384829120142460e+08
1.673384829120142460e+08
1.673384829120142460e+08
1.673384829120142460e+08
1.673384829120142460e+08
1.673384829120142460e+08
1.673384829120142460e+08
1.673384829120142460e+08
1.673384829120142460e+08
1.673384829120142460e+08
1.673384829120142460e+08
1.673384829120142460e+08
1.673384829120142460e+08
1.673384829120142460e+08
1.673384829120142460e+08
1.673384829120142460e+08
1.673384829120142460e+08
1.673384829120142460e+08
1.673384829120142460e+08
1.673384829120142460e+08
1.673384829120142460e+08
1.673384829120142460e+08
1.673384829120142460e+08
1.673384829120142460e+08
1.673384829120142460e+08
1.673384829120142460e+08
1.673384829120142460e+08
1.673384829120142460e+08
1.673384829120142460e+08
1.673384829120142460e+08
1.673384829120142460e+08
1.673384829120142460e+08
1.673384829120142460e+08
1.673384829120142460e+08
1.673384829120142460e+08
1.673384829120142460e+08
1.673384829120142460e+08
1.673384829120142460e+08
1.673384829120142460e+08
1.673384829120142460e+08
1.673384829120142460e+08
1.673384829120142460e+08
1.673384829120142460e+08
1.673384829120142460e+08
1.673384829120142460e+08
1.673384829120142460e+08
1.673384829120142460e+08
1.673384829120142460e+08
1.673384829120142460e+08
1.673384829120142460e+08
1.673384829120142460e+08
1.673384829120142460e+08
1.673384829120142460e+08
1.673384829120142460e+08
1.673384829120142460e+08
1.673384829120142460e+08
1.673384829120142460e+08
1.673384829120142460e+08
1.673384829120142460e+08
1.673384829120142460e+08
1.673384829120142460e+08
1.673384829120142460e+08
1.673384829120142460e+08
1.673384829120142460e+08
1.673384829120142460e+08
1.673384829120142460e+08
1.673384829120142460e+08
1.673384829120142162e+08
1.673384829120142162e+08
1.673384829120142162e+08
1.673384829120142162e+08
1.673384829120142162e+08
1.673384829120142162e+08
1.673384829120142162e+08
1.673384829120142162e+08
1.673384829120142162e+08
1.673384829120142162e+08
1.673384829120142162e+08
1.673384829120142162e+08
1.673384829120142162e+08
1.673384829120142162e+08
1.673384829120142162e+08
1.673384829120142162e+08
1.673384829120142162e+08
1.673384829120142162e+08
1.673384829120142162e+08
1.673384829120141864e+08
1.673384829120139480e+08
1.673384829120129049e+08
1.673384829120094776e+08
1.673384829120032489e+08
1.673384829120002389e+08
1.673384829120001495e+08
1.673384829120001495e+08
1.673384829120001495e+08
1.673384829120001495e+08
1.673384829120001495e+08
1.673384829120001495e+08
1.673384829120001495e+08
1.673384829120001495e+08
1.673384829120001495e+08
1.673384829120001495e+08
1.673384829120001495e+08
1.673384829120001495e+08
1.673384829120001495e+08
1.673384829120001495e+08
1.673384829120001495e+08
1.673384829119998813e+08
1.673384829119979739e+08
1.673384829119854569e+08
1.673384829119183421e+08
1.673384829116235673e+08
1.673384829106495678e+08
1.673384829088821709e+08
1.673384829080371261e+08
1.673384829080109000e+08
1.673384829080109000e+08
1.673384829080109000e+08
1.673384829080109000e+08
1.673384829080109000e+08
1.673384829080109000e+08
1.673384829080109000e+08
1.673384829080109000e+08
1.673384829080109000e+08
1.673384829080109000e+08
1.673384829080109000e+08
1.673384829080108404e+08
1.673384829080103636e+08
1.673384829080049396e+08
1.673384829079562426e+08
1.673384829075884819e+08
1.673384829051549733e+08
1.673384828921354115e+08
1.673384828349372745e+08
1.673384826459408998e+08
1.673384823029935658e+08
1.673384821390115023e+08
1.673384821339240968e+08
1.673384821339229941e+08
1.673384821339229941e+08
1.673384821339229941e+08
1.673384821339229941e+08
1.673384821339229941e+08
1.673384821339229941e+08
1.673384821339229941e+08
1.673384821339229941e+08
1.673384821339229941e+08
1.673384821339226365e+08
1.673384821339175105e+08
1.673384821338535845e+08
1.673384821331290901e+08
1.673384821266337633e+08
1.673384820775675178e+08
1.673384817529085875e+08
1.673384800159391463e+08
1.673384723850052357e+08
1.673384471705681682e+08
1.673384014171972275e+08
1.673383795399975479e+08
1.673383788612752259e+08
1.673383788611301780e+08
1.673383788611301780e+08
1.673383788611301780e+08
1.673383788611301780e+08
1.673383788611301780e+08
1.673383788611301780e+08
1.673383788611300886e+08
1.673383788611285090e+08
1.673383788610969186e+08
1.673383788606239557e+08
1.673383788547301888e+08
1.673383787879359424e+08
1.673383781891021430e+08
1.673383736654597223e+08
1.673383437336719632e+08
1.673381835947112143e+08
1.673374800684756339e+08
1.673351554905603230e+08
1.673309375434345901e+08
1.673289207855689824e+08
1.673288582180654705e+08
1.673288582046937943e+08
1.673288582046937943e+08
1.673288582046937943e+08
1.673288582046937943e+08
1.673288582046937943e+08
1.673288582046935856e+08
1.673288582046885490e+08
1.673288582045857906e+08
1.673288582025634348e+08
1.673288581722858846e+08
1.673288577949808538e+08
1.673288535189668238e+08
1.673288151830066741e+08
1.673285255904092491e+08
1.673266094549355507e+08
1.673163586145126820e+08
1.672713390252264738e+08
1.671227555947590470e+08
1.668538133729386032e+08
1.667255229318097830e+08
1.667215459797608852e+08
1.667215451298435628e+08
1.667215451298435628e+08
1.667215451298435628e+08
1.667215451298435628e+08
1.667215451298432946e+08
1.667215451298344135e+08
1.667215451296115220e+08
1.667215451250536442e+08
1.667215450353625119e+08
1.667215436925471723e+08
1.667215269590022862e+08
1.667213373172605634e+08
1.667196371315950751e+08
1.667067949020321667e+08
1.666218709572746754e+08
1.661689820761071742e+08
1.642081522724620104e+08
1.580458266772625446e+08
1.479696325426324606e+08
1.435922617114098370e+08
1.434605956519265473e+08
1.434605675386124849e+08
1.434605675386124253e+08
1.434605675386124253e+08
1.434605675386124253e+08
1.434605675384069085e+08
1.434605675332385898e+08
1.434605674275588095e+08
1.434605653479605615e+08
1.434605342131577432e+08
1.434601462267036140e+08
1.434557493063624799e+08
1.434163414051771760e+08
1.431193487830236852e+08
1.411848010610152483e+08
1.316631925855418146e+08
1.015697276695794612e+08
5.786689075029484928e+07
3.249555591975353658e+07
2.686373996774084121e+07
2.672007113719530776e+07
2.672004059713482112e+07
2.672004059713477269e+07
2.672004059713477269e+07
2.672004059713477269e+07
2.672004059697758034e+07
2.672004059302457422e+07
2.672004051219544560e+07
2.672003892161590233e+07
2.672001510819659755e+07
2.671971835988192260e+07
2.671635575917764008e+07
2.668624662572851405e+07
2.646097379139670730e+07
2.506117004634228721e+07
1.953286381217097864e+07
9.919604703180035576e+06
3.777157192654403858e+06
1.778637272866620449e+06
1.419508481645107968e+06
1.410671798497999320e+06
1.410669921717876103e+06
1.410669921717873076e+06
1.410669921717873076e+06
1.410669921717873076e+06
1.410669921546102269e+06
1.410669918033815455e+06
1.410669848917998141e+06
1.410668814147857251e+06
1.410655919445791282e+06
1.410509799711302388e+06
1.409201135875405045e+06
1.399393287533590104e+06
1.337786027692640200e+06
1.082757792265527882e+06
5.892545017876722850e+05
2.351357034383440914e+05
1.124789682311208016e+05
9.002451755930644867e+04
8.947038853491640475e+04
8.947027083787517040e+04
8.947027083787498123e+04
8.947027083787498123e+04
8.947027083787498123e+04
8.947027083022642182e+04
8.947027067383250687e+04
8.947026759626671264e+04
8.947022152036020998e+04
8.946964734759356361e+04
8.946314073817203462e+04
8.940484894387391978e+04
8.896694995035648753e+04
8.617418405057999189e+04
7.378265372202960134e+04
4.521736781480690115e+04
1.983869072997770490e+04
9.828698739311090321e+03
7.918308996172734624e+03
7.870846794850212063e+03
7.870836712238739892e+03
7.870836712238722612e+03
7.870836712238722612e+03
7.870836712238722612e+03
7.870836711771627961e+03
7.870836702220694860e+03
7.870836514274585170e+03
7.870833700430974204e+03
7.870798635775292496e+03
7.870401268372968843e+03
7.866840521352966789e+03
7.840046072935151642e+03
7.667252058026399936e+03
6.858518878713010963e+03
4.686718438037288252e+03
2.290324354854043577e+03
1.188038947876360226e+03
9.657863112442856846e+02
9.602133701034367732e+02
9.602121859517945950e+02
9.602121859517926623e+02
9.602121859517926623e+02
9.602121859517926623e+02
9.602121859517926623e+02
9.602121851490367135e+02
9.602121693521668249e+02
9.602119328485929373e+02
9.602089856596413711e+02
9.601755863061110858e+02
9.598762531117365597e+02
9.576210800214832943e+02
9.429621133704563363e+02
8.715811613877548325e+02
6.540638706619348568e+02
3.584644005094454542e+02
1.969495442077990504e+02
1.620391198008364597e+02
1.611529055027344270e+02
1.611527171407716708e+02
1.611527171407713581e+02
1.611527171407713581e+02
1.611527171407713581e+02
1.611527171407713581e+02
1.611527170490428773e+02
1.611527152439824420e+02
1.611526882194334860e+02
1.611523514526986389e+02
1.611485349593206422e+02
1.611143268268680799e+02
1.608563841113856654e+02
1.591702370523085790e+02
1.507177154071407870e+02
1.222071101980359629e+02
7.520212531795058908e+01
4.429007286479446037e+01
3.701490279690236918e+01
3.682722787299708500e+01
3.682718796730095079e+01
3.682718796730088684e+01
3.682718796730088684e+01
3.682718796730088684e+01
3.682718796730088684e+01
3.682718769159347971e+01
3.682718356382667935e+01
3.682713212557360549e+01
3.682654918370395336e+01
3.682132372903318895e+01
3.678189805220132769e+01
3.652314090229370436e+01
3.519835578324831715e+01
3.036031880567444929e+01
2.087810786469106361e+01
1.332590106613956316e+01
1.136089424079376720e+01
1.130915760333109610e+01
1.130914659675568679e+01
1.130914659675566902e+01
1.130914659675566902e+01
1.130914659675566902e+01
1.130914659675566902e+01
1.130914654173678535e+01
1.130914571801884527e+01
1.130913545323493352e+01
1.130901912330417325e+01
1.130797629144456806e+01
1.130010485872027637e+01
1.124829646437258290e+01
1.097899114254722619e+01
9.934097399574461917e+00
7.557483759949978896e+00
5.269791479950480806e+00
4.603482468009950423e+00
4.585495044969136735e+00
4.585491215795864939e+00
4.585491215795858722e+00
4.585491215795858722e+00
4.585491215795858722e+00
4.585491215795858722e+00
4.585491201899706937e+00
4.585490993852779695e+00
4.585488401269277148e+00
4.585459019614972043e+00
4.585195619565614500e+00
4.583206850042974345e+00
4.570091015896031728e+00
4.501175463363814799e+00
4.221505825931318512e+00
3.502449477777567211e+00
2.675506525091220666e+00
2.404097346961434845e+00
2.396555002198248463e+00
2.396553395337884584e+00
2.396553395337882364e+00
2.396553395337882364e+00
2.396553395337882364e+00
2.396553395337882364e+00
2.396553331745787219e+00
2.396552539290639050e+00
2.396543558399342189e+00
2.396463044555797506e+00
2.395855010748828562e+00
2.391839567275995115e+00
2.370583006797794212e+00
2.281505510435999806e+00
2.029518828058675339e+00
1.690681095159652036e+00
1.565691546705058945e+00
1.562108737113604651e+00
1.562107973163019192e+00
1.562107973163017860e+00
1.562107973163017860e+00
1.562107973163017860e+00
1.562107973163017860e+00
1.562107951070037082e+00
1.562107675757526293e+00
1.562104555635905667e+00
1.562076583204579983e+00
1.561865309397461710e+00
1.560468803073290278e+00
1.553039523905341834e+00
1.521221760374197318e+00
1.424771369970617041e+00
1.277764909195919785e+00
1.217689516405196626e+00
1.215915940915849980e+00
1.215915562426881591e+00
1.215915562426880925e+00
1.215915562426880925e+00
1.215915562426880925e+00
1.215915562426880925e+00
1.215915554403451893e+00
1.215915454419179920e+00
1.215914321294318201e+00
1.215904162525599519e+00
1.215827427790582504e+00
1.215319937479771628e+00
1.212611975806444198e+00
1.200856812945649388e+00
1.163585327446001516e+00
1.101546671175460457e+00
1.074162294518052008e+00
1.073334475307710534e+00
1.073334298526012143e+00
1.073334298526011921e+00
1.073334298526011921e+00
1.073334298526011921e+00
1.073334298526011921e+00
1.073334264190210163e+00
1.073333875061259546e+00
1.073330386395912495e+00
1.073304033448296391e+00
1.073129695284828822e+00
1.072197923599797376e+00
1.068123517561554436e+00
1.054878171206185877e+00
1.031663950909354366e+00
1.020921265552823920e+00
1.020591559411405891e+00
1.020591488970744365e+00
1.020591488970744143e+00
1.020591488970744143e+00
1.020591488970744143e+00
1.020591488970744143e+00
1.020591478881934355e+00
1.020591364545037072e+00
1.020590339475669683e+00
1.020582596079375293e+00
1.020531362951755616e+00
1.020257346093165429e+00
1.019055263807973732e+00
1.015103359676343908e+00
1.008010072548552349e+00
1.004653297036685045e+00
1.004549513315547760e+00
1.004549491137614936e+00
1.004549491137614936e+00
1.004549491137614936e+00
1.004549491137614936e+00
1.004549491137614936e+00
1.004549488788618161e+00
1.004549462167338314e+00
1.004549223498262034e+00
1.004547420575042649e+00
1.004535491252670942e+00
1.004471672565295570e+00
1.004191397403553232e+00
1.003266412041590394e+00
1.001592304523813759e+00
1.000793794288784566e+00
1.000769041517197477e+00
1.000769036227269204e+00
1.000769036227269204e+00
1.000769036227269204e+00
1.000769036227269204e+00
1.000769036227269204e+00
1.000769031518523589e+00
1.000768989302965428e+00
1.000768670403095140e+00
1.000766560328695931e+00
1.000755271294322624e+00
1.000705678805094978e+00
1.000541848232895825e+00
1.000244702944732111e+00
1.000102683767447376e+00
1.000098278382372641e+00
1.000098277440876204e+00
1.000098277440876204e+00
1.000098277440876204e+00
1.000098277440876204e+00
1.000098277440876204e+00
1.000098276817729781e+00
1.000098271231002256e+00
1.000098229028380636e+00
1.000097949784433116e+00
1.000096455793917372e+00
1.000089892378771994e+00
1.000068205888293038e+00
1.000028856609749495e+00
1.000010042645050667e+00
1.000009458968340148e+00
1.000009458843599042e+00
1.000009458843599042e+00
1.000009458843599042e+00
1.000009458843599042e+00
1.000009458782048499e+00
1.000009458230226134e+00
1.000009454061712377e+00
1.000009426479714580e+00
1.000009278912295185e+00
1.000008630612819083e+00
1.000006488481318900e+00
1.000002601454712758e+00
1.000000742863721648e+00
1.000000685202550255e+00
1.000000685190227223e+00
1.000000685190227223e+00
1.000000685190227223e+00
1.000000685190227223e+00
1.000000685185682636e+00
1.000000685144938339e+00
1.000000684837152987e+00
1.000000682800614493e+00
1.000000671904856642e+00
1.000000624037113095e+00
1.000000465870601873e+00
1.000000178866339962e+00
1.000000041633841041e+00
1.000000037376314266e+00
1.000000037375404327e+00
1.000000037375404327e+00
1.000000037375404327e+00
1.000000037375404327e+00
1.000000037373150352e+00
1.000000037356122862e+00
1.000000037243456097e+00
1.000000036640674050e+00
1.000000033992504145e+00
1.000000025242313129e+00
1.000000009364469644e+00
1.000000001772397784e+00
1.000000001536859751e+00
1.000000001536809568e+00
1.000000001536809568e+00
1.000000001536809568e+00
1.000000001536809568e+00
1.000000001536715866e+00
1.000000001536008210e+00
1.000000001531326843e+00
1.000000001506281100e+00
1.000000001396248228e+00
1.000000001032673502e+00
1.000000000372941011e+00
1.000000000057486460e+00
1.000000000047699844e+00
1.000000000047697624e+00
1.000000000047697624e+00
1.000000000047697624e+00
1.000000000047697624e+00
1.000000000047694737e+00
1.000000000047672755e+00
1.000000000047526205e+00
1.000000000046742832e+00
1.000000000043300918e+00
1.000000000031928460e+00
1.000000000011292078e+00
1.000000000001424638e+00
1.000000000001118661e+00
1.000000000001118439e+00
1.000000000001118439e+00
1.000000000001118439e+00
1.000000000001118439e+00
1.000000000001117995e+00
1.000000000001114442e+00
1.000000000001096012e+00
1.000000000001014744e+00
1.000000000000746292e+00
1.000000000000259126e+00
1.000000000000026201e+00
1.000000000000019096e+00
1.000000000000019096e+00
1.000000000000019096e+00
1.000000000000019096e+00
1.000000000000019096e+00
1.000000000000019096e+00
1.000000000000018874e+00
1.000000000000018652e+00
1.000000000000017097e+00
1.000000000000012434e+00
1.000000000000003775e+00
9.999999999999995559e-01
9.999999999999993339e-01
9.999999999999993339e-01
9.999999999999993339e-01
9.999999999999993339e-01
9.999999999999993339e-01
9.999999999999993339e-01
9.999999999999993339e-01
9.999999999999993339e-01
9.999999999999993339e-01
9.999999999999993339e-01
9.999999999999991118e-01
9.999999999999991118e-01
9.999999999999991118e-01
9.999999999999991118e-01
9.999999999999991118e-01
9.999999999999991118e-01
9.999999999999991118e-01
9.999999999999991118e-01
9.999999999999991118e-01
9.999999999999991118e-01
9.999999999999991118e-01
9.999999999999991118e-01
9.999999999999991118e-01
9.999999999999991118e-01
9.999999999999991118e-01
9.999999999999991118e-01
9.999999999999991118e-01
9.999999999999991118e-01
9.999999999999991118e-01
9.999999999999991118e-01
9.999999999999991118e-01
9.999999999999991118e-01
9.999999999999991118e-01
9.999999999999991118e-01
9.999999999999991118e-01
9.999999999999991118e-01
9.999999999999991118e-01
9.999999999999991118e-01
9.999999999999991118e-01
9.999999999999991118e-01
9.999999999999991118e-01
9.999999999999991118e-01
9.999999999999991118e-01
9.999999999999991118e-01
9.999999999999991118e-01
9.999999999999991118e-01
9.999999999999991118e-01
9.999999999999991118e-01
9.999999999999991118e-01
9.999999999999991118e-01
9.999999999999991118e-01
9.999999999999991118e-01
9.999999999999991118e-01
9.999999999999991118e-01
9.999999999999991118e-01
9.999999999999991118e-01
9.999999999999991118e-01
9.999999999999991118e-01
9.999999999999991118e-01
9.999999999999991118e-01
9.999999999999991118e-01
9.999999999999991118e-01
9.999999999999991118e-01
9.999999999999991118e-01
9.999999999999991118e-01
9.999999999999991118e-01
9.999999999999991118e-01
9.999999999999991118e-01
9.999999999999991118e-01
9.999999999999991118e-01
9.999999999999991118e-01
9.999999999999991118e-01
9.999999999999991118e-01
9.999999999999991118e-01
9.999999999999991118e-01
9.999999999999991118e-01
9.999999999999991118e-01
9.999999999999991118e-01
9.999999999999991118e-01
9.999999999999991118e-01
9.999999999999991118e-01
9.999999999999991118e-01
9.999999999999991118e-01
9.999999999999991118e-01
9.999999999999991118e-01
9.999999999999991118e-01
9.999999999999991118e-01
9.999999999999991118e-01
9.999999999999991118e-01
9.999999999999991118e-01
9.999999999999991118e-01
9.999999999999991118e-01
9.999999999999991118e-01
9.999999999999991118e-01
9.999999999999991118e-01
9.999999999999991118e-01
9.999999999999991118e-01
9.999999999999991118e-01
9.999999999999991118e-01
9.999999999999991118e-01
9.999999999999991118e-01
9.999999999999991118e-01
9.999999999999991118e-01
9.999999999999991118e-01
9.999999999999991118e-01
9.999999999999991118e-01
9.999999999999991118e-01
9.999999999999991118e-01
9.999999999999991118e-01
9.999999999999991118e-01
9.999999999999991118e-01
9.999999999999991118e-01
9.999999999999991118e-01
9.999999999999991118e-01
9.999999999999991118e-01
9.999999999999991118e-01
9.999999999999991118e-01
9.999999999999991118e-01
9.999999999999991118e-01
9.999999999999991118e-01
9.999999999999991118e-01
9.999999999999991118e-01
9.999999999999991118e-01
9.999999999999991118e-01
9.999999999999991118e-01
9.999999999999991118e-01
9.999999999999991118e-01
9.999999999999991118e-01
9.999999999999991118e-01
9.999999999999991118e-01
9.999999999999991118e-01
9.999999999999991118e-01
9.999999999999991118e-01
9.999999999999991118e-01
9.999999999999991118e-01
9.999999999999991118e-01
9.999999999999991118e-01
9.999999999999991118e-01
9.999999999999991118e-01
9.999999999999991118e-01
9.999999999999991118e-01
9.999999999999991118e-01
9.999999999999991118e-01
9.999999999999991118e-01
9.999999999999991118e-01
9.999999999999991118e-01
9.999999999999991118e-01
9.999999999999991118e-01
9.999999999999991118e-01
9.999999999999991118e-01
9.999999999999991118e-01
9.999999999999991118e-01
9.999999999999991118e-01
9.999999999999991118e-01
9.999999999999991118e-01
9.999999999999991118e-01
9.999999999999991118e-01
9.999999999999991118e-01
9.999999999999991118e-01
9.999999999999991118e-01
9.999999999999991118e-01
9.999999999999991118e-01
9.999999999999991118e-01
9.999999999999991118e-01
9.999999999999991118e-01
9.999999999999991118e-01
9.999999999999991118e-01
9.999999999999991118e-01
9.999999999999991118e-01
9.999999999999991118e-01
9.999999999999991118e-01
9.999999999999991118e-01
9.999999999999991118e-01
9.999999999999991118e-01
9.999999999999991118e-01
9.999999999999991118e-01
9.999999999999991118e-01
9.999999999999991118e-01
9.999999999999991118e-01
9.999999999999991118e-01
9.999999999999991118e-01
9.999999999999991118e-01
9.999999999999991118e-01
9.999999999999991118e-01
9.999999999999991118e-01
9.999999999999991118e-01
9.999999999999991118e-01
9.999999999999991118e-01
9.999999999999991118e-01
9.999999999999991118e-01
9.999999999999991118e-01
9.999999999999991118e-01
9.999999999999991118e-01
9.999999999999991118e-01
9.999999999999991118e-01
9.999999999999991118e-01
9.999999999999991118e-01
9.999999999999991118e-01
9.999999999999991118e-01
9.999999999999991118e-01
9.999999999999991118e-01
9.999999999999991118e-01
