1.031985832047001230e+88
4.036195411316817905e+86
5.739763026043966110e+62
5.688054045933184599e+62
6.338348401556306322e+53
6.338348401556306322e+53
6.338348401556306322e+53
6.338348401556306322e+53
6.338348401556306322e+53
6.338348401556306322e+53
6.338348401556306322e+53
6.338348401556306322e+53
6.338348401556306322e+53
6.338348401556306322e+53
6.295893419640033565e+53
6.295893419640033565e+53
6.295893419640033565e+53
6.295893419640033565e+53
6.295886832344208125e+53
6.295886832344208125e+53
6.295886832344208125e+53
1.691168945719296242e+49
1.691168945709962569e+49
1.691168945709962569e+49
1.691168945709962569e+49
1.691168945709962569e+49
1.691168945709962050e+49
1.691168945709962050e+49
1.691168945709962050e+49
1.691168945709962050e+49
1.691168945621028389e+49
1.691168945621028389e+49
1.691168945621028389e+49
1.691168945621028389e+49
1.691168945621028389e+49
1.691168945621028130e+49
1.691168945621028130e+49
1.691168945621028130e+49
1.691168934000961644e+49
1.691168934000961644e+49
1.691168934000961644e+49
1.691168934000961644e+49
1.691168934000961644e+49
1.691168934000961644e+49
1.691168921358096274e+49
1.691168921358096274e+49
1.691168921358096274e+49
1.691168921358096274e+49
1.691168921340227763e+49
1.691168921340227763e+49
1.691168921340227763e+49
1.691168921340174542e+49
1.691168921340174542e+49
1.691168921340174542e+49
1.689858996136080384e+49
1.689858996136080384e+49
1.689858996136080384e+49
1.689858996136080384e+49
1.689858996136065326e+49
1.689858996136065326e+49
1.689858984540309954e+49
1.689858984540309954e+49
1.689858984540309954e+49
1.689858984540309954e+49
1.689858984540309954e+49
1.689858983367563766e+49
1.689858931104984697e+49
1.689858930840616566e+49
1.689858930840616566e+49
1.689858930840616566e+49
1.689858930832158833e+49
1.689858930832158833e+49
1.689858930832158833e+49
1.689858921577812614e+49
1.689858921577812614e+49
1.689858921577812614e+49
1.689858921577812614e+49
1.689858921577812614e+49
1.689858921577812614e+49
1.689858921577812614e+49
1.689858921577812614e+49
1.689858921577812614e+49
1.689856976043678872e+49
1.689856976043678872e+49
1.689856976043678872e+49
1.689856976043678872e+49
1.689856976043678872e+49
1.689856976043678872e+49
1.689856976043678872e+49
1.689856976042558115e+49
1.684793264543412511e+49
1.684793264490927217e+49
1.684793264490927217e+49
1.684793264489473633e+49
1.684793264489473633e+49
1.684793264489473633e+49
1.684793264489473633e+49
1.684793264489473633e+49
4.570933808368457740e+47
4.570933808368457740e+47
4.570933808368457740e+47
4.570933804783519127e+47
4.570933804783427450e+47
4.570933639729717299e+47
4.570933639729717299e+47
4.570933639729717299e+47
4.570933639729717299e+47
4.570933639729717299e+47
4.570933639729717299e+47
4.570933639681229359e+47
4.570933639681229359e+47
4.570933639681229359e+47
4.570933639681229359e+47
4.570933639681229359e+47
4.570933639681229359e+47
4.570933639681229359e+47
4.570933639681229359e+47
4.570933639681229359e+47
4.570933639681229359e+47
4.570933639681229359e+47
4.570933639681229359e+47
4.570933639681152286e+47
4.570518014976989083e+47
4.570518014976989083e+47
4.570518014976989083e+47
4.570517999467388240e+47
4.570462928346230945e+47
4.570462927778481679e+47
4.570462908839706261e+47
4.570462908839706261e+47
4.570462908839706261e+47
4.570462507130219401e+47
4.570462507130219401e+47
4.570462507130219401e+47
4.570462507130219401e+47
4.570462507130219401e+47
4.570462507130219401e+47
4.570453998314620535e+47
4.570453998314620535e+47
4.570453998314620535e+47
4.570453998314620535e+47
4.570453998314620535e+47
4.570453998314620535e+47
4.570453998314141059e+47
4.563916592697040290e+47
4.563916592697040290e+47
4.563916592577691290e+47
4.563916592577691290e+47
4.563916592577691290e+47
4.563916592577691290e+47
4.563916592577679932e+47
4.563916592577679932e+47
4.563916584910480455e+47
4.563916584910479644e+47
4.563916584908081452e+47
4.563916584908081452e+47
4.563916584908081452e+47
4.563742522780938454e+47
4.534166767321832911e+47
4.534166767321832911e+47
4.534166767321832911e+47
4.534166767321832911e+47
4.534166767321832911e+47
4.509466903804400978e+47
4.509466903804400978e+47
4.509466903804400978e+47
4.509466903804400978e+47
4.509466810359457069e+47
4.444467336703981001e+47
4.444467334071325046e+47
4.444467334071325046e+47
4.424869320585433807e+47
4.424869320585433807e+47
4.424869320585420015e+47
4.424869320585420015e+47
4.424869320585420015e+47
4.424762816762833571e+47
4.424762816762702141e+47
4.424762690289439466e+47
4.424762690289439466e+47
4.424762690289439466e+47
4.424762690289439466e+47
4.424762690289439466e+47
4.321308235513318771e+47
4.321308235513318771e+47
4.321308235513318771e+47
4.321308235234076235e+47
4.321308235234076235e+47
4.321308235234076235e+47
4.321308235234076235e+47
4.321308235234076235e+47
4.321308235233320918e+47
4.321308235233320918e+47
4.321308235233320918e+47
4.321308203367692904e+47
4.321270481947872685e+47
4.321270471592307964e+47
4.321270471592307964e+47
4.321270471592305530e+47
4.321270471592305530e+47
4.321270471592305530e+47
4.321270471592296606e+47
4.321270471592296606e+47
4.321270471592296606e+47
4.321270471592296606e+47
4.321270471592296606e+47
4.321270471592296606e+47
4.321270471592287681e+47
4.321270339766917364e+47
4.218012217369642452e+47
4.218012217369642452e+47
4.218012217369642452e+47
4.218012217369642452e+47
4.218012217369642452e+47
4.218012217369642452e+47
4.218012217369642452e+47
4.218012217369642452e+47
4.218012217369635962e+47
4.218012217369635962e+47
4.218012217369635962e+47
4.217876170127842211e+47
4.217876170127842211e+47
4.217876170127842211e+47
4.217876170127842211e+47
4.217876170127842211e+47
4.217876170127842211e+47
4.217876170127842211e+47
4.217876170079670677e+47
4.217876170079670677e+47
3.310121651880828772e+45
3.310121651880828772e+45
3.310121651811406521e+45
3.310121651573474842e+45
3.310121651573474842e+45
3.310109420457557395e+45
3.309110897072184641e+45
3.309110897072184641e+45
3.309110897072184641e+45
3.309110897072184641e+45
3.309110897072184641e+45
3.308386514101657153e+45
3.166955864951951658e+45
3.166955864951951658e+45
3.166955864704120895e+45
3.166955864702183291e+45
3.166955864702183291e+45
3.166955864702183291e+45
3.166955864702183291e+45
3.166955864702183291e+45
3.166955864702183291e+45
3.166909278884934300e+45
3.166909278884934300e+45
2.959484551749294733e+45
2.959484551749294733e+45
2.959484551749294733e+45
2.959484551749294733e+45
2.959484551749294733e+45
2.959484551749294733e+45
2.959484551749294733e+45
2.959484551749294733e+45
2.959484551749294733e+45
2.959484551749294733e+45
2.959484551749294733e+45
2.959484551749294733e+45
2.959484551749294733e+45
2.959484551749294099e+45
2.959484551749294099e+45
2.959483732687217726e+45
2.959483732687217726e+45
2.959483732687217726e+45
2.959483732687217726e+45
2.959483732687217726e+45
2.959483732687217726e+45
1.499828069276156537e+45
1.499827871055823313e+45
1.497078721779939366e+45
1.497078721779939366e+45
1.497078721779939366e+45
1.497078721779730520e+45
1.497078721779730520e+45
1.497078721779730520e+45
1.497078721779730520e+45
1.497078721779659849e+45
1.497078721696151147e+45
1.497078721696151147e+45
1.497078720193822610e+45
1.497078720193821025e+45
1.497078700495536578e+45
1.497078700495536578e+45
1.497078700495316007e+45
1.497078700495135367e+45
1.497078700495135367e+45
1.497078685781856799e+45
1.497078685781856799e+45
1.497078685781856799e+45
1.497078685781856799e+45
1.497078685781856799e+45
1.497078685781856799e+45
1.497078685781856799e+45
1.497078685781856799e+45
1.497078685781856799e+45
1.497078685781856799e+45
1.497078685781856799e+45
1.464497143466473462e+45
1.464497143466473462e+45
1.464496864172405532e+45
1.464496864172405532e+45
1.464496864172405532e+45
1.464496864172405532e+45
1.464496864172405532e+45
1.464496864172405532e+45
1.464387762062995145e+45
1.464387762062995145e+45
1.464387762062995145e+45
1.464387762062995145e+45
1.464387762062995145e+45
1.464387762062995145e+45
1.464387762062485866e+45
1.462744317859273603e+45
1.462744317859267899e+45
1.462744317859267899e+45
1.462744317859267899e+45
1.462744237500729619e+45
1.462744237500729619e+45
1.462744237500729619e+45
1.462744237500729619e+45
1.462744237500729619e+45
1.462744237500729619e+45
1.462744237500729619e+45
1.462744237500729619e+45
1.462744237500729619e+45
1.462744237500729619e+45
1.462744237500683983e+45
1.462744237500683983e+45
1.462744237500683983e+45
1.462744237500683983e+45
1.462744237500495737e+45
1.462744237500495737e+45
1.462744237500495737e+45
1.462744237500495737e+45
1.462744237500495737e+45
1.462744237500495737e+45
1.462744237500495737e+45
1.462744237500495737e+45
1.462744237500495737e+45
1.462744237500495737e+45
1.462744237417648749e+45
1.462744237211951523e+45
1.462744237211951523e+45
1.462744237211951523e+45
1.462744237211951523e+45
1.462744237211951523e+45
1.462744237211951523e+45
1.462744237211951523e+45
1.462744237211951523e+45
1.462744237211951523e+45
1.462741683765012185e+45
1.462741683765012185e+45
1.462741683765012185e+45
1.462741683765012185e+45
1.462741683765012185e+45
1.462741683765012185e+45
1.462741683764980177e+45
1.462741683764980177e+45
1.462741683764980177e+45
1.462741683764977008e+45
1.462741683764977008e+45
1.462741683764977008e+45
1.462741683764977008e+45
1.462741683764977008e+45
1.448861814252907722e+45
1.448861814252893461e+45
1.448861814252893461e+45
1.448861760290914590e+45
1.448861760290914590e+45
1.448861760290914590e+45
1.448861760290914590e+45
1.448861760290914590e+45
1.448861760290914590e+45
1.448861760290914590e+45
1.448861760290914590e+45
1.448861760290914590e+45
1.335464270452636870e+45
1.335464270452636870e+45
1.335464269951172831e+45
1.335464269951172831e+45
1.335464269951172831e+45
1.335464254406401670e+45
1.335464254406401670e+45
1.335464254406397392e+45
1.335464254406397392e+45
1.335464254406372831e+45
1.335464254406372831e+45
1.335464254406372831e+45
1.335464254406372831e+45
1.335464254406372831e+45
1.335464254406372831e+45
1.335464254406372831e+45
1.335461416375561496e+45
1.335461416375561496e+45
1.335461416375561496e+45
1.335461416375475612e+45
1.335461416375475612e+45
1.335461416375475612e+45
1.335461416375475612e+45
1.335461416014225456e+45
1.335461416014225456e+45
1.335461416014225456e+45
1.335461411369287451e+45
1.335461402675051300e+45
1.335461402675051300e+45
1.335461402675051300e+45
1.335461402675051300e+45
1.335461398384719535e+45
1.335461398384719535e+45
1.335461398384719535e+45
1.335461398384719535e+45
1.335461398384719535e+45
1.335461398384719535e+45
1.335461398384719535e+45
1.335461398384719535e+45
1.335461398384719535e+45
1.335461398384719535e+45
1.335461398384719535e+45
1.335461398384719535e+45
1.335461398384719535e+45
1.335461398384719535e+45
1.335461398384719059e+45
1.334708791780959598e+45
1.334708791780959598e+45
1.333798186893177771e+45
1.333798186893177771e+45
1.333798186893177771e+45
1.333798186893177771e+45
1.333798186893177771e+45
1.333798186893177771e+45
1.333798186893177771e+45
1.333798186893177771e+45
1.333729718744291000e+45
1.333729718744291000e+45
1.333729718744291000e+45
1.333729718744291000e+45
1.333729718744291000e+45
1.333729718744291000e+45
1.333729718744291000e+45
1.333729718744291000e+45
1.333729718744291000e+45
1.333729718744291000e+45
1.333729718744291000e+45
1.333729718744291000e+45
1.333729718744291000e+45
1.333729718744291000e+45
1.333729718744291000e+45
1.333729718744291000e+45
1.333729718744291000e+45
1.333729718744291000e+45
1.333729718744291000e+45
1.333729718744291000e+45
1.333729718744291000e+45
1.333729718744291000e+45
1.333729718744291000e+45
1.333729718744291000e+45
1.333729718744291000e+45
1.333729718744291000e+45
1.333729718744291000e+45
1.320056465848863352e+45
1.320056465848863352e+45
1.320056465848863352e+45
4.703959943223679681e+44
4.703959943223679681e+44
4.703959943223679681e+44
4.649733736834725416e+44
4.649733736834725416e+44
4.649731902271422910e+44
4.649731902271422910e+44
4.649731902271422910e+44
4.649731902271422910e+44
4.649731902271422910e+44
4.649731902271422910e+44
4.649731902271422910e+44
4.649731902271422910e+44
4.649731902271422910e+44
4.649731902271422910e+44
4.649731902271422910e+44
1.928766680192634190e+44
1.928766680192634190e+44
1.928766679386664711e+44
1.928766679353471676e+44
1.928766679353471676e+44
1.928766679353471676e+44
1.928743340740933143e+44
1.928743340740933143e+44
1.928743340740933143e+44
1.928743340740933143e+44
1.815016258931662094e+44
1.815016258931660905e+44
1.805082996265982291e+44
1.025601050562600130e+44
1.025601050562600130e+44
1.025601050562600130e+44
1.025599137426185833e+44
3.063182053652702577e+43
3.063182052248024889e+43
3.062852260902964939e+43
3.062852260902964939e+43
3.062852260902964939e+43
3.062852260902964939e+43
3.062852260902964939e+43
2.595948274072596392e+43
2.595948274046743253e+43
2.595948274046743253e+43
2.595948274046743253e+43
2.595948274046743253e+43
2.595948144982964750e+43
2.080065273744187220e+43
2.078893660874211372e+43
2.072476829376506860e+43
2.072476829376497451e+43
5.658668946603551600e+42
5.658668946603551600e+42
5.658668946603551600e+42
5.658668747479567971e+42
5.658668747479567971e+42
3.902438820786064368e+42
3.902435981290920613e+42
3.902435981290179706e+42
3.902435981289217827e+42
3.902435981289217827e+42
3.902435981289217827e+42
3.831247490065759400e+42
3.831247490065759400e+42
3.610754234645495648e+42
3.610754234645495648e+42
1.232276182307264716e+42
1.232249402289413401e+42
1.232249402289413401e+42
6.185998078749431068e+41
6.185998072883530337e+41
6.185998072883530337e+41
6.185945322054229097e+41
6.185945322001153965e+41
6.185945322001153965e+41
6.185945322001153965e+41
6.185945322001153965e+41
5.776471484293686765e+41
5.776471484293672065e+41
5.712155850188201911e+41
2.945045892547516283e+41
2.945045892547516283e+41
2.945045892547516283e+41
2.945038664076266569e+41
1.055908239375149090e+41
1.055908239115685948e+41
1.055822129853071777e+41
1.055822129853071777e+41
1.055822129853071777e+41
1.055822129853071777e+41
1.055822129853071777e+41
8.663525723865307560e+40
8.663525723661575512e+40
8.663525723661575512e+40
8.663525723661575512e+40
8.663525723661575512e+40
8.663525500204639028e+40
6.546648268366715454e+40
6.539191380705721612e+40
6.525227346417705318e+40
6.525227346417686942e+40
2.023779034549061198e+40
2.023779034549061198e+40
2.023779034549061198e+40
2.023778917842645290e+40
2.023778917842645290e+40
1.290896824533974849e+40
1.290896341537091295e+40
1.290896341536518022e+40
1.290896341536312263e+40
1.290896341536312263e+40
1.290896341536312263e+40
1.273694186201313995e+40
1.273694186201313995e+40
1.273694186201313995e+40
1.180100768487469356e+40
1.180100768487469356e+40
4.413537443237456646e+39
4.413316594083804863e+39
4.413316594083804863e+39
1.958675148404163379e+39
1.958675145709444153e+39
1.958675145709444153e+39
1.958666924634209131e+39
1.958666924623808137e+39
1.958666924623808137e+39
1.958666924623808137e+39
1.958666924623808137e+39
1.866608444877122702e+39
1.866608444877111822e+39
1.840448629534417779e+39
1.020624535334829495e+39
1.020624535334829495e+39
1.020624535334829495e+39
1.020618954069444779e+39
3.202403065689686678e+38
3.202403065223190161e+38
3.202279936208407164e+38
3.202279936208407164e+38
3.202279936208407164e+38
3.202279936208407164e+38
3.202279936208407164e+38
2.794922531774109151e+38
2.794922531676950050e+38
2.794922531676950050e+38
2.794922531676950050e+38
2.794922531676950050e+38
2.794922486218184691e+38
2.189024983044850704e+38
2.185769065398021295e+38
2.183341285564518626e+38
2.183341285564515982e+38
6.022665391619878688e+37
6.022665391619878688e+37
6.022665391619878688e+37
6.022664727134173115e+37
6.022664727134173115e+37
4.392113939439402628e+37
4.392112846535207342e+37
4.392112846532167082e+37
4.392112846531867684e+37
4.392112846531867684e+37
4.392112846531867684e+37
4.360961682794360968e+37
4.360961682794360968e+37
4.360961682794360968e+37
4.360961682794360968e+37
4.067867758955883743e+37
4.067867758955883743e+37
1.340234520550985967e+37
1.340154962610233081e+37
1.340154962610233081e+37
7.298539558089370183e+36
7.298539534034651809e+36
7.298539534034651809e+36
7.298517221454085417e+36
7.298517221435953891e+36
7.298517221435953891e+36
7.298517221435953891e+36
7.298517221435953891e+36
7.095805660099903073e+36
7.095805660099831057e+36
6.995511508945055299e+36
3.368151828611274607e+36
3.368151828611274607e+36
3.368151828611274607e+36
3.368128082791228647e+36
1.302499980331326549e+36
1.302499980234443364e+36
1.302460165770610441e+36
1.302460165770610441e+36
1.302460165770610441e+36
1.302460165770610441e+36
1.302460165770610441e+36
1.302460165770610441e+36
1.192563458641299413e+36
1.192563458527576860e+36
1.192563458527576860e+36
1.192563458527576860e+36
1.192563458527576860e+36
1.192563448137070323e+36
8.418551418460344459e+35
8.405774380435760340e+35
8.398754178973316801e+35
8.398754178973312374e+35
2.609151578664051357e+35
2.609151578664051357e+35
2.609151578664051357e+35
2.609151091460288991e+35
2.609151091460288991e+35
2.087298329656366899e+35
2.087298019772025652e+35
2.087298019767610608e+35
2.087298019767548627e+35
2.087298019767548627e+35
2.087298019767548627e+35
2.073538960074668104e+35
2.073538960074668104e+35
2.073538960074668104e+35
2.073538960074668104e+35
1.849983039101359623e+35
1.849983039101359623e+35
6.097997535668372704e+34
6.097560529315286528e+34
6.097560529315286528e+34
6.097560529315286528e+34
3.831504159372158352e+34
3.831504133473884292e+34
3.831504133473884292e+34
3.831496413558123274e+34
3.831496413553526346e+34
3.831496413553526346e+34
3.831496413553526346e+34
3.831496413553526346e+34
3.722376388689399119e+34
3.722376388689272759e+34
3.626177021013164856e+34
1.628534063209554003e+34
1.628534063209554003e+34
1.628534063209554003e+34
1.628519333528245222e+34
7.429426203920083445e+33
7.429426203630104087e+33
7.429263575609489364e+33
7.429263575609489364e+33
7.429263575609489364e+33
7.429263575609489364e+33
7.429263575609489364e+33
7.429263575609489364e+33
6.737067726265699177e+33
6.737067724847852451e+33
6.737067724847852451e+33
6.737067724847852451e+33
6.737067724847852451e+33
6.737067694342229663e+33
4.440697766387672777e+33
4.428173869520702917e+33
4.425727275391746918e+33
4.425727275391745765e+33
1.570713086849160102e+33
1.570713086849160102e+33
1.570713086849160102e+33
1.570712618356964802e+33
1.570712618356964802e+33
1.570712618356964802e+33
1.213660406735380637e+33
1.213660310354850792e+33
1.213660310349019891e+33
1.213660310348996833e+33
1.213660310348996833e+33
1.213660310348996833e+33
1.207809938342500198e+33
1.207809938342500198e+33
1.207809938342500198e+33
1.207809938342500198e+33
1.046024567590204705e+33
1.046024567590204705e+33
3.752449764005416886e+32
3.751866110475317581e+32
3.751866110475317581e+32
3.751866110475317581e+32
2.192378911373392653e+32
2.192378888874552829e+32
2.192378888874552829e+32
2.192376563623058724e+32
2.192376563621412928e+32
2.192376563621412928e+32
2.192376563621412928e+32
2.192376563621412928e+32
2.147160673673369308e+32
2.147160673673204296e+32
2.077311443563735321e+32
9.928078176354432183e+31
9.928078176354432183e+31
9.928078176354432183e+31
9.927885080021366689e+31
4.101766885486588147e+31
4.101766885389932793e+31
4.101721282140695466e+31
4.101721282140695466e+31
4.101721282140695466e+31
4.101721282140695466e+31
4.101721282140695466e+31
4.101721282140695466e+31
3.829034916513185893e+31
3.829034915297944027e+31
3.829034915297944027e+31
3.829034915297944027e+31
3.829034915297944027e+31
3.829034915297944027e+31
3.829034904522332970e+31
2.628244897286859917e+31
2.618613410043976623e+31
2.617826130200422121e+31
2.617826130200421670e+31
8.440361650910622765e+30
8.440361650910621640e+30
8.440361650910621640e+30
8.440356879144571040e+30
8.440356879144571040e+30
8.440356879144571040e+30
7.042611696061093835e+30
7.042611341176097748e+30
7.042611341124001233e+30
7.042611341123944939e+30
7.042611341123944939e+30
7.042611341123944939e+30
7.024447906214064156e+30
7.024447906214064156e+30
7.024447906214064156e+30
7.024447906214064156e+30
6.162710554179826161e+30
6.162710554179826161e+30
2.014890622598004979e+30
2.014520872174797073e+30
2.014520872174797073e+30
2.014520872174797073e+30
1.361625130320366847e+30
1.361625099708309745e+30
1.361625099708309745e+30
1.361624118911257398e+30
1.361624118911257398e+30
1.361624118910795779e+30
1.361624118910795779e+30
1.361624118910795779e+30
1.345436014290162907e+30
1.345436014289991207e+30
1.302766539597969306e+30
5.569583848390410721e+29
5.569583848390410721e+29
5.569583848390410721e+29
5.569450318124992550e+29
2.784213639364800409e+29
2.784213639332429731e+29
2.784190662751985156e+29
2.784190662751985156e+29
2.784190662751985156e+29
2.784190662751985156e+29
2.784190662751985156e+29
2.784190662751985156e+29
2.665648163174707691e+29
2.665648161097221812e+29
2.665648161097221812e+29
2.665648161097221812e+29
2.665648161097221812e+29
2.665648161097221812e+29
2.665648157301172519e+29
1.643726110493989820e+29
1.637869355805015300e+29
1.637532525361641300e+29
1.637532525361641300e+29
6.178464664279914473e+28
6.178464664279912714e+28
6.178464664279912714e+28
6.178459045907130070e+28
6.178459045907130070e+28
6.178459045907130070e+28
5.450045400004058311e+28
5.450045245520113186e+28
5.450045245410062628e+28
5.450045245410045035e+28
5.450045245410045035e+28
5.450045245410045035e+28
5.438145759098443808e+28
5.438145759098443808e+28
5.438145759098443808e+28
5.438145759098443808e+28
4.488400785472361636e+28
4.488400785472361636e+28
1.557240406365144195e+28
1.556897091039992849e+28
1.556897091039992849e+28
1.556897091039992849e+28
1.161075686994062668e+28
1.161075638084814584e+28
1.161075638084814584e+28
1.161075638084814584e+28
1.161075119704920033e+28
1.161075119704735755e+28
1.161075119704735755e+28
1.161075119704735755e+28
1.148193328537945549e+28
1.148193328537504205e+28
1.088710883143420113e+28
4.527049098328572799e+27
4.527049098328572799e+27
4.527049098328572799e+27
4.526911961509700335e+27
2.589735958230602653e+27
2.589735958215224334e+27
2.589721508630524850e+27
2.589721508630524850e+27
2.589721508630524850e+27
2.589721508630524850e+27
2.589721508630524850e+27
2.589721508630524850e+27
2.477651164909012429e+27
2.477651160965300615e+27
2.477651160965300615e+27
2.477651160965300615e+27
2.477651160965300615e+27
2.477651160965300615e+27
2.477651160965300615e+27
2.477651159164539712e+27
1.435925729045286880e+27
1.427211235852845980e+27
1.427025316316282844e+27
1.427025316316282844e+27
6.142768680542149610e+26
6.142768680542141364e+26
6.142760047383717303e+26
6.142760047383717303e+26
6.142760047383717303e+26
6.142760047383717303e+26
5.363417895118599193e+26
5.363417812967032114e+26
5.363417812732843009e+26
5.363417812732831327e+26
5.363417812732831327e+26
5.363417812732831327e+26
5.355035878927099630e+26
5.355035878927099630e+26
5.355035878927099630e+26
5.355035878927099630e+26
4.244669231160437009e+26
1.609309176088646743e+26
1.609309176088646743e+26
1.608592642153419496e+26
1.608592642153419496e+26
1.608592642153419496e+26
1.161297929529123509e+26
1.161297853470334845e+26
1.161297853470334845e+26
1.161297853470334845e+26
1.161297568720214846e+26
1.161297568720101115e+26
1.161297568720101115e+26
1.161297568720101115e+26
1.161297568720101115e+26
1.151902003395732685e+26
1.151902003394756868e+26
1.077739208601275149e+26
4.728139490857085275e+25
4.728139490857085275e+25
4.728139490857085275e+25
4.727847099789823504e+25
2.549694471910982189e+25
2.549694471901780651e+25
2.549686781106570455e+25
2.549686781106570455e+25
2.549686781106570455e+25
2.549686781106570455e+25
2.549686781106570455e+25
2.549686781106570455e+25
2.549686774614388085e+25
2.469740437116033893e+25
2.469740437116033893e+25
2.469740437116033893e+25
2.469740437116033893e+25
2.469740437116033893e+25
2.469740437116033893e+25
1.483088682609820836e+25
1.483088682211536708e+25
1.471438658104822786e+25
1.471330138839397133e+25
1.471330138839397133e+25
5.904809732602999775e+24
5.904809732602982595e+24
5.904794139726207332e+24
5.904794139726207332e+24
5.904794139726207332e+24
5.904794139726207332e+24
5.360542855825089278e+24
5.360542805168819060e+24
5.360542804805162031e+24
5.360542804805156663e+24
5.360542804805156663e+24
5.360542804805156663e+24
5.360542804805156663e+24
5.360542804805156663e+24
5.355941994756842189e+24
4.316901440313974296e+24
4.316901440313974296e+24
1.530173376982630093e+24
1.530173376982630093e+24
1.529360177194180379e+24
1.529360177194180379e+24
1.529360177194180379e+24
1.207852899492893764e+24
1.207852738664122850e+24
1.207852738664122850e+24
1.207852548517872156e+24
1.207852548517872156e+24
1.207852548517819945e+24
1.207852548517819945e+24
1.207852548517819945e+24
1.202252100268186361e+24
1.202252100268186361e+24
1.202252100266533738e+24
1.127740172920656492e+24
4.576924386903551661e+23
4.576924386903551661e+23
4.576924386903551661e+23
4.576580416661151610e+23
2.858412282727509178e+23
2.858412282722587414e+23
2.858406316105228647e+23
2.858406316105228647e+23
2.858406316105228647e+23
2.858406316105228647e+23
2.858406316105228647e+23
2.858406316105228647e+23
2.858406300156041405e+23
2.802560711028565470e+23
2.802560711028565470e+23
2.802560711028565470e+23
2.802560711028565470e+23
2.802560711028565470e+23
2.802560711028565470e+23
1.535215332061975979e+23
1.535215331880353556e+23
1.523726964273967928e+23
1.523655130039768989e+23
1.523655130039768989e+23
7.177286562103243781e+22
7.177286562103206032e+22
7.177257639988786994e+22
7.177257639988786994e+22
7.177257639988786994e+22
7.177257639988786994e+22
7.177257639988786994e+22
6.721769042906899179e+22
6.721769041789222860e+22
6.721769007892726075e+22
6.721769007892726075e+22
6.721769007892723558e+22
6.721769007892723558e+22
6.721769007892723558e+22
6.717302673308770737e+22
6.717302673308770737e+22
5.050226418981534066e+22
5.050226418981534066e+22
1.981523510745930662e+22
1.981523510745930662e+22
1.980269114886196507e+22
1.980269114886196507e+22
1.980269114886196507e+22
1.665138242410729230e+22
1.665137858675352587e+22
1.665137858675352587e+22
1.665137704883904001e+22
1.665137704883904001e+22
1.665137704883870866e+22
1.665137704883870866e+22
1.665137704883870866e+22
1.658562965758128685e+22
1.658562965758128685e+22
1.658562965751981303e+22
1.508232608571243836e+22
6.224234416783952445e+21
6.224234416783952445e+21
6.224234416783952445e+21
6.223649220695505764e+21
4.295600077289709109e+21
4.295600077286011306e+21
4.295600077286011306e+21
4.295594342747968897e+21
4.295594342747968897e+21
4.295594342747968897e+21
4.295594342747968897e+21
4.295594342747968897e+21
4.295594342747968897e+21
4.295594297527736730e+21
4.217631950419774669e+21
4.217631950419774669e+21
4.217631950419774669e+21
4.217631950419774669e+21
4.217631950419774669e+21
4.217631950419774669e+21
2.216271660177943167e+21
2.216271660052013908e+21
2.190203253662918115e+21
2.190140090200366252e+21
2.190140090200366252e+21
1.161091029762196505e+21
1.161091029762177237e+21
1.161084066616475648e+21
1.161084066616475648e+21
1.161084066616475648e+21
1.161084066616475648e+21
1.087495617523179848e+21
1.087495617523179848e+21
1.087495617155897754e+21
1.087495614204053946e+21
1.087495614204053946e+21
1.087495614204053684e+21
1.087495614204053684e+21
1.087495614204053684e+21
1.086997990582323249e+21
1.086997990582323249e+21
7.829836436157755556e+20
7.829836436157755556e+20
3.377259882966329590e+20
3.373277409367001661e+20
3.373277409367001661e+20
3.373277409367001661e+20
3.373277409367001661e+20
2.813410620861613998e+20
2.813409613090819277e+20
2.813409613090818621e+20
2.813409613090818621e+20
2.813409467025043948e+20
2.813409467025011180e+20
2.813409467025011180e+20
2.813409467025011180e+20
2.805413000266388931e+20
2.805413000266388931e+20
2.805413000244308541e+20
2.499147521722730414e+20
1.089013320100510106e+20
1.089013320100510106e+20
1.088817442927865528e+20
1.088817442927865528e+20
1.088817442927865528e+20
7.333506783527005389e+19
7.333506783523247718e+19
7.333506783523247718e+19
7.333506783523247718e+19
7.333501222878905139e+19
7.333501222878905139e+19
7.333501222878905139e+19
7.333501222878905139e+19
7.333501222878905139e+19
7.333501101631253709e+19
7.236317293625806848e+19
7.236317293625806848e+19
7.236317293625806848e+19
7.236317293625806848e+19
7.236317293625806848e+19
7.236317293625806848e+19
3.909943096341031322e+19
3.909943096204384666e+19
3.851162724804681728e+19
3.851097751232654541e+19
1.962864012503283712e+19
1.962864012503283712e+19
1.962864012503214080e+19
1.962842251628115968e+19
1.962842251628115968e+19
1.962842251628115968e+19
1.871721543509737882e+19
1.871721543509737882e+19
1.871721543509737882e+19
1.871721542508836454e+19
1.871721542508836454e+19
1.871721539460261478e+19
1.871721539460261478e+19
1.871721539460261478e+19
1.871721539460261478e+19
1.871231011131459584e+19
1.871231011131459584e+19
1.368839712489117491e+19
1.368839712489117491e+19
5.649932061480594432e+18
5.649932061480594432e+18
5.649932061480594432e+18
5.641832477214708736e+18
5.641832477214708736e+18
4.941858354555438080e+18
4.941854954381262848e+18
4.941854954381261824e+18
4.941854954381261824e+18
4.941854797258696704e+18
4.941854797258671104e+18
4.941854797258671104e+18
4.941854797258671104e+18
4.933636606043332608e+18
4.933636606043332608e+18
4.933636605980509184e+18
4.411577282178955776e+18
1.829806943199503616e+18
1.829806943199503616e+18
1.829404991706875648e+18
1.829404991706875648e+18
1.829404991706875648e+18
1.358547970223832832e+18
1.358547970223832832e+18
1.358547970223832832e+18
1.358547970223508480e+18
1.358547304907726848e+18
1.358547304907726848e+18
1.358547304907726848e+18
1.358547304907726848e+18
1.358547304907726848e+18
1.358547259406268416e+18
1.347394427314748928e+18
1.347394427314748928e+18
1.347394427314748928e+18
1.347394427314748928e+18
1.347394427314748928e+18
1.347394427314748928e+18
6.812507672957792000e+17
6.714459937183715840e+17
6.714459937082378240e+17
6.714391079133495040e+17
3.917901804101596800e+17
3.917901804101596800e+17
3.917901804101342080e+17
3.917838786219212160e+17
3.917838786219212160e+17
3.917838786219212160e+17
3.795146769982628480e+17
3.795146769982628480e+17
3.795146769982628480e+17
3.795146765482848640e+17
3.795146765482848640e+17
3.795146762331000320e+17
3.795146762331000320e+17
3.795146762331000320e+17
3.795146762331000320e+17
3.794443612044595840e+17
3.794443612044595840e+17
2.599998138058810880e+17
2.599998138058810880e+17
2.599998138058810880e+17
2.599998138058810880e+17
2.599998138058810880e+17
1.209264994814654560e+17
1.207228142193412160e+17
1.207228142193412160e+17
1.096647611485451520e+17
1.096646394409900000e+17
1.096646394409899040e+17
1.096646394409899040e+17
1.096646374952467840e+17
1.096646374952465280e+17
1.096646374952465280e+17
1.096646374952465280e+17
1.095234913503866080e+17
1.095234913503866080e+17
1.095234913470010880e+17
9.424115452416952000e+16
4.128463301642101600e+16
4.128463301642101600e+16
4.127339818322842400e+16
4.127339818322842400e+16
4.127339818322842400e+16
3.275274541972696800e+16
3.275274541972696800e+16
3.275274541972696800e+16
3.275274541972311200e+16
3.275273569522785200e+16
3.275273569522785200e+16
3.275273569522785200e+16
3.275273569522785200e+16
3.275273569522785200e+16
3.275273377287154800e+16
3.252643835392504800e+16
3.252643835392504800e+16
3.252643835392504800e+16
3.252643835392504800e+16
3.252643835392504800e+16
3.252643835392504800e+16
1.622624666511561800e+16
1.588520037376770800e+16
1.588520037365173000e+16
1.588510345378599200e+16
1.017092167111439200e+16
1.017092167111251800e+16
1.017092167111251800e+16
1.017092167111251800e+16
1.017068847365279400e+16
1.017068847365279400e+16
9.881558579030564000e+15
9.881558579030564000e+15
9.881558579030564000e+15
9.881558556856366000e+15
9.881558556856366000e+15
9.881558556856366000e+15
9.881558552487192000e+15
9.881558552487192000e+15
9.881558552487192000e+15
9.881558552487192000e+15
9.880359706536424000e+15
6.547253862338322000e+15
6.547253862338322000e+15
6.547253862338322000e+15
6.547253862338322000e+15
6.510541851557464000e+15
3.324904577783708500e+15
3.324904577783708500e+15
3.324904577783708500e+15
3.031396423116420000e+15
3.031391316678922500e+15
3.031391316678915000e+15
3.031391316678915000e+15
3.031391286278704500e+15
3.031391286278700500e+15
3.031391286278700500e+15
3.031391286278700500e+15
3.028678072949623500e+15
3.028678072949623500e+15
3.028678072761440500e+15
3.028678072761440500e+15
2.543314620701744000e+15
1.181999713826083000e+15
1.181999713826083000e+15
1.181431362441355250e+15
1.181431362441355250e+15
1.181431362441355250e+15
9.379262219285800000e+14
9.379262219285800000e+14
9.379262219285800000e+14
9.379262219285178750e+14
9.379262219285178750e+14
9.379260588677932500e+14
9.379260588677932500e+14
9.379260588677932500e+14
9.379260588677932500e+14
9.379259723061737500e+14
9.332502140012412500e+14
9.332502140012412500e+14
9.332502140012412500e+14
9.332502140012412500e+14
9.332502140012412500e+14
4.764081285565026250e+14
4.764081285565026250e+14
4.639619488624000000e+14
4.639619488604531250e+14
4.639619488601698750e+14
4.639602582887856875e+14
2.951241690290222500e+14
2.951241690290222500e+14
2.951241690290222500e+14
2.951120494382606250e+14
2.951120494382606250e+14
2.889431145677064375e+14
2.889431145677064375e+14
2.889431145677064375e+14
2.889431145677064375e+14
2.889431135266573125e+14
2.889431135266573125e+14
2.889431135266573125e+14
2.889431134531449375e+14
2.889431134531449375e+14
2.889431134531449375e+14
2.889221530960995000e+14
2.889221530960995000e+14
1.932230803888419375e+14
1.932230803888419375e+14
1.932230803888419375e+14
1.918642759499125312e+14
9.668645144641710938e+13
9.668645144641710938e+13
9.668645144641710938e+13
9.029332607046615625e+13
9.029304641306067188e+13
9.029304641306067188e+13
9.029304641306018750e+13
9.029304588231175000e+13
9.029304588231168750e+13
9.029304588231168750e+13
9.029304588231168750e+13
9.024380783115321875e+13
9.024380783115321875e+13
9.024380782197923438e+13
9.024380782197923438e+13
7.588723640083165625e+13
7.588723640083165625e+13
3.452432478118812109e+13
3.450369218874673047e+13
3.450369218874673047e+13
3.450369218874673047e+13
2.897829975350939062e+13
2.897829975350939062e+13
2.897829975350939062e+13
2.897829975350939062e+13
2.897829975350850000e+13
2.897829669051998828e+13
2.897829669051998828e+13
2.897829669051998828e+13
2.897829158997098438e+13
2.897829158997098438e+13
2.888685946583743359e+13
2.888685946583743359e+13
2.888685946583743359e+13
2.888685946583743359e+13
2.888685946583743359e+13
2.888685946583743359e+13
1.419626615267958984e+13
1.382849776672337695e+13
1.382849776672337695e+13
1.382849776669748438e+13
1.382849776668366602e+13
1.382849776668366602e+13
9.678442365722404297e+12
9.678427889068923828e+12
9.678427889068923828e+12
9.677873195715666016e+12
9.677873195715666016e+12
9.541277300808121094e+12
9.541277300808121094e+12
9.541277300808121094e+12
9.541277300808121094e+12
9.541277230736425781e+12
9.541277230736425781e+12
9.541277230736425781e+12
9.541277229536330078e+12
9.541277229536330078e+12
9.541277229536330078e+12
9.541277229536330078e+12
9.540827464629103516e+12
6.076172185426839844e+12
6.076172185426839844e+12
6.076172185426839844e+12
6.031482356983210938e+12
3.391894478759807617e+12
3.391894478759807617e+12
3.391894478759807617e+12
3.391894478759807617e+12
3.391877684113488770e+12
3.227933138913778809e+12
3.227933138913744629e+12
3.227933128758370117e+12
3.227933128758368652e+12
3.227933128758368652e+12
3.227933128758368652e+12
3.226694620068759277e+12
3.226694620068759277e+12
3.226694619344786621e+12
3.226694619344786621e+12
2.610954117150321289e+12
2.610954117150321289e+12
1.282017810130112061e+12
1.281071396153908203e+12
1.281071396153908203e+12
1.281071396153908203e+12
1.119077560602109619e+12
1.119077560602109619e+12
1.119077560602109619e+12
1.119077560602109619e+12
1.119077560602109619e+12
1.119077560602093018e+12
1.119077492213016602e+12
1.119077168497536621e+12
1.119077168497536621e+12
1.119077168497536621e+12
1.119077168497536621e+12
1.116391886294041260e+12
1.116391886294041260e+12
1.116391886294041260e+12
1.116391886294041260e+12
1.116391886294041260e+12
5.566052403755683594e+11
5.370803830932951660e+11
5.370803830932951660e+11
5.370803830932951660e+11
5.370803830928084106e+11
5.370803830915218506e+11
5.370803830915218506e+11
5.370803830915218506e+11
5.370803830915218506e+11
5.370803830915218506e+11
5.370803830915218506e+11
5.370803830915218506e+11
5.370803830915218506e+11
5.370803830915218506e+11
5.370803830915218506e+11
5.370803830915218506e+11
5.370803830915218506e+11
5.370803830915218506e+11
5.370803830915218506e+11
5.370803830915218506e+11
5.370803830915218506e+11
5.370803830915218506e+11
5.370803830915218506e+11
5.370803830915218506e+11
5.370803830915218506e+11
5.370803830915218506e+11
5.370803830915218506e+11
5.370803830915218506e+11
5.370803830915218506e+11
5.370803830915218506e+11
5.370803830915218506e+11
5.370803830915218506e+11
5.370803830915218506e+11
5.370803830915218506e+11
5.370803830915218506e+11
5.370803830915218506e+11
5.370803830915218506e+11
5.370803830915218506e+11
5.370803830915218506e+11
5.370803830915218506e+11
5.370803830915218506e+11
5.370803830915218506e+11
5.370803830915218506e+11
5.370803830915218506e+11
5.370803830915218506e+11
5.370803830915218506e+11
5.370803830915218506e+11
5.370803830915218506e+11
5.370803830915218506e+11
5.370803830915218506e+11
5.370803830915218506e+11
5.370803830915218506e+11
5.370803830915218506e+11
5.370803830915218506e+11
5.370803830915218506e+11
5.370803830915218506e+11
5.370803830915218506e+11
5.370803830915218506e+11
5.370803830915218506e+11
5.370803830915218506e+11
5.370803830915218506e+11
5.370803830915218506e+11
5.370803830915218506e+11
5.370803830915218506e+11
5.370803830915218506e+11
5.370803830915218506e+11
5.370803830915218506e+11
5.370803830915218506e+11
5.370803830915218506e+11
5.370803830915218506e+11
5.370803830915218506e+11
5.370803830915218506e+11
5.370803830915218506e+11
5.370803830915218506e+11
5.370803830915218506e+11
5.370803830915218506e+11
5.370803830915218506e+11
5.370803830915218506e+11
5.370803830915218506e+11
5.370803830915218506e+11
5.370803830915218506e+11
5.370803830915218506e+11
5.370803830915218506e+11
5.370803830915218506e+11
5.370803830915218506e+11
5.370803830915218506e+11
5.370803830915218506e+11
5.370803830915218506e+11
5.370803830915218506e+11
5.370803830915218506e+11
5.370803830915218506e+11
5.370803830915218506e+11
5.370803830915218506e+11
5.370803830915218506e+11
5.370803830915218506e+11
5.370803830915218506e+11
5.370803830915218506e+11
5.370803830915218506e+11
5.370803830915218506e+11
5.370803830915218506e+11
5.370803830915218506e+11
5.370803830915218506e+11
5.370803830915218506e+11
5.370803830915218506e+11
5.370803830915218506e+11
5.370803830915218506e+11
5.370803830915218506e+11
5.370803830915218506e+11
5.370803830915218506e+11
5.370803830915218506e+11
5.370803830915218506e+11
5.370803830915218506e+11
5.370803830915218506e+11
5.370803830915218506e+11
5.370803830915218506e+11
5.370803830915218506e+11
5.370803830915218506e+11
5.370803830915218506e+11
5.370803830915218506e+11
5.370803830915218506e+11
5.370803830915218506e+11
5.370803830915218506e+11
5.370803830915218506e+11
5.370803830915218506e+11
5.370803830915218506e+11
5.370803830915218506e+11
5.370803830915218506e+11
5.370803830915218506e+11
5.370803830915218506e+11
5.370803830915218506e+11
5.370803830915218506e+11
5.370803830915218506e+11
5.370803830915218506e+11
5.370803830915218506e+11
5.370803830915218506e+11
5.370803830915218506e+11
5.370803830915218506e+11
5.370803830915218506e+11
5.370803830915218506e+11
5.370803830915218506e+11
5.370803830915218506e+11
5.370803830915218506e+11
5.370803830915218506e+11
5.370803830915218506e+11
5.370803830915218506e+11
5.370803830915218506e+11
5.370803830915218506e+11
5.370803830915218506e+11
5.370803830915218506e+11
5.370803830915218506e+11
5.370803830915218506e+11
5.370803830915218506e+11
5.370803830915218506e+11
5.370803830915218506e+11
5.370803830915218506e+11
5.370803830915218506e+11
5.370803830915218506e+11
5.370803830915218506e+11
5.370803830915218506e+11
5.370803830915218506e+11
5.370803830915218506e+11
5.370803830915218506e+11
5.370803830915218506e+11
5.370803830915218506e+11
5.370803830915218506e+11
5.370803830915218506e+11
5.370803830915218506e+11
5.370803830915218506e+11
5.370803830915218506e+11
5.370803830915218506e+11
5.370803830915218506e+11
5.370803830915218506e+11
5.370803830915218506e+11
5.370803830915218506e+11
5.370803830915218506e+11
5.370803830915218506e+11
5.370803830915218506e+11
5.370803830915218506e+11
5.370803830915218506e+11
5.370803830915218506e+11
5.370803830915218506e+11
5.370803830915218506e+11
5.370803830915218506e+11
5.370803830915218506e+11
5.370803830915218506e+11
5.370803830915218506e+11
5.370803830915218506e+11
5.370803830915218506e+11
5.370803830915218506e+11
5.370803830915218506e+11
5.370803830915218506e+11
5.370803830915218506e+11
5.370803830915218506e+11
5.370803830915218506e+11
5.370803830915218506e+11
5.370803830915218506e+11
5.370803830915218506e+11
5.370803830915218506e+11
5.370803830915218506e+11
5.370803830915218506e+11
5.370803830915218506e+11
5.370803830915218506e+11
5.370803830915218506e+11
5.370803830915218506e+11
5.370803830915218506e+11
5.370803830915218506e+11
5.370803830915218506e+11
5.370803830915218506e+11
5.370803830915218506e+11
5.370803830915218506e+11
5.370803830915218506e+11
5.370803830915218506e+11
5.370803830915218506e+11
5.370803830915218506e+11
5.370803830915218506e+11
5.370803830915218506e+11
5.370803830915218506e+11
5.370803830915218506e+11
5.370803830915218506e+11
5.370803830915218506e+11
5.370803830915218506e+11
5.370803830915218506e+11
5.370803830915218506e+11
5.370803830915218506e+11
5.370803830915218506e+11
5.370803830915218506e+11
5.370803830915218506e+11
5.370803830915218506e+11
5.370803830915218506e+11
5.370803830915218506e+11
5.370803830915218506e+11
5.370803830915218506e+11
5.370803830915218506e+11
5.370803830915218506e+11
5.370803830915218506e+11
5.370803830915218506e+11
5.370803830915218506e+11
5.370803830915218506e+11
5.370803830915218506e+11
5.370803830915218506e+11
5.370803830915218506e+11
5.370803830915218506e+11
5.370803830915218506e+11
5.370803830915218506e+11
5.370803830915218506e+11
5.370803830915218506e+11
5.370803830915218506e+11
5.370803830915218506e+11
5.370803830915218506e+11
5.370803830915218506e+11
5.370803830915218506e+11
5.370803830915218506e+11
5.370803830915218506e+11
5.370803830915218506e+11
5.370803830915218506e+11
5.370803830915218506e+11
5.370803830915218506e+11
5.370803830915218506e+11
5.370803830915218506e+11
5.370803830915218506e+11
5.370803830915218506e+11
5.370803830915218506e+11
5.370803830915218506e+11
5.370803830915218506e+11
5.370803830915218506e+11
5.370803830915218506e+11
5.370803830915218506e+11
5.370803830915218506e+11
5.370803830915218506e+11
5.370803830915218506e+11
5.370803830915218506e+11
5.370803830915218506e+11
5.370803830915218506e+11
5.370803830915218506e+11
5.370803830915218506e+11
5.370803830915218506e+11
5.370803830915218506e+11
5.370803830915218506e+11
5.370803830915218506e+11
5.370803830915218506e+11
5.370803830915218506e+11
5.370803830915218506e+11
5.370803830915218506e+11
5.370803830915218506e+11
5.370803830915218506e+11
5.370803830915218506e+11
5.370803830915218506e+11
5.370803830915218506e+11
5.370803830915218506e+11
5.370803830915218506e+11
5.370803830915218506e+11
5.370803830915218506e+11
5.370803830915218506e+11
5.370803830915218506e+11
5.370803830915218506e+11
5.370803830915218506e+11
5.370803830915218506e+11
5.370803830915218506e+11
5.370803830915218506e+11
5.370803830915218506e+11
5.370803830915218506e+11
5.370803830915218506e+11
5.370803830915218506e+11
5.370803830915218506e+11
5.370803830915218506e+11
5.370803830915218506e+11
5.370803830915218506e+11
5.370803830915218506e+11
5.370803830915218506e+11
5.370803830915218506e+11
5.370803830915218506e+11
5.370803830915218506e+11
5.370803830915218506e+11
5.370803830915218506e+11
5.370803830915218506e+11
5.370803830915218506e+11
5.370803830915218506e+11
5.370803830915218506e+11
5.370803830915218506e+11
5.370803830915218506e+11
5.370803830915218506e+11
5.370803830915218506e+11
5.370803830915218506e+11
5.370803830915218506e+11
5.370803830915218506e+11
5.370803830915218506e+11
5.370803830915218506e+11
5.370803830915218506e+11
5.370803830915218506e+11
5.370803830915218506e+11
5.370803830915218506e+11
5.370803830915218506e+11
5.370803830915218506e+11
5.370803830915218506e+11
5.370803830915218506e+11
5.370803830915218506e+11
5.370803830915218506e+11
5.370803830915218506e+11
5.370803830915218506e+11
5.370803830915218506e+11
5.370803830915218506e+11
5.370803830915218506e+11
5.370803830915218506e+11
5.370803830915218506e+11
5.370803830915218506e+11
5.370803830915218506e+11
5.370803830915218506e+11
5.370803830915218506e+11
5.370803830915218506e+11
5.370803830915218506e+11
5.370803830915218506e+11
5.370803830915218506e+11
5.370803830915218506e+11
5.370803830915218506e+11
5.370803830915218506e+11
5.370803830915218506e+11
5.370803830915218506e+11
5.370803830915218506e+11
5.370803830915218506e+11
5.370803830915218506e+11
5.370803830915218506e+11
5.370803830915218506e+11
5.370803830915218506e+11
5.370803830915218506e+11
5.370803830915218506e+11
5.370803830915218506e+11
5.370803830915218506e+11
5.370803830915218506e+11
5.370803830915218506e+11
5.370803830915218506e+11
5.370803830915218506e+11
5.370803830915218506e+11
5.370803830915218506e+11
5.370803830915218506e+11
5.370803830915218506e+11
5.370803830915218506e+11
5.370803830915218506e+11
5.370803830915218506e+11
5.370803830915217285e+11
5.370803830915214844e+11
5.370803830915213623e+11
5.370803830915213623e+11
5.370803830915213623e+11
5.370803830915213623e+11
5.370803830915213623e+11
5.370803830915213623e+11
5.370803830915213623e+11
5.370803830915213623e+11
5.370803830915213623e+11
5.370803830915213623e+11
5.370803830915213623e+11
5.370803830915213623e+11
5.370803830915213623e+11
5.370803830915213623e+11
5.370803830915213623e+11
5.370803830915213623e+11
5.370803830915213623e+11
5.370803830915213623e+11
5.370803830915213623e+11
5.370803830915213623e+11
5.370803830915213623e+11
5.370803830915212402e+11
5.370803830915202026e+11
5.370803830915144043e+11
5.370803830914887695e+11
5.370803830914039307e+11
5.370803830912501831e+11
5.370803830911766357e+11
5.370803830911743164e+11
5.370803830911743164e+11
5.370803830911743164e+11
5.370803830911743164e+11
5.370803830911743164e+11
5.370803830911743164e+11
5.370803830911743164e+11
5.370803830911743164e+11
5.370803830911743164e+11
5.370803830911743164e+11
5.370803830911743164e+11
5.370803830911743164e+11
5.370803830911743164e+11
5.370803830911743164e+11
5.370803830911743164e+11
5.370803830911743164e+11
5.370803830911741943e+11
5.370803830911731567e+11
5.370803830911640625e+11
5.370803830910952148e+11
5.370803830906398926e+11
5.370803830882037354e+11
5.370803830775012817e+11
5.370803830421375732e+11
5.370803829779677124e+11
5.370803829472844849e+11
5.370803829463325195e+11
5.370803829463323364e+11
5.370803829463323364e+11
5.370803829463323364e+11
5.370803829463323364e+11
5.370803829463323364e+11
5.370803829463323364e+11
5.370803829463323364e+11
5.370803829463323364e+11
5.370803829463323364e+11
5.370803829463323364e+11
5.370803829463323364e+11
5.370803829463323364e+11
5.370803829463323364e+11
5.370803829463322144e+11
5.370803829463300781e+11
5.370803829463046875e+11
5.370803829460164795e+11
5.370803829434318848e+11
5.370803829239074097e+11
5.370803827947194214e+11
5.370803821035460205e+11
5.370803790670512695e+11
5.370803690337420654e+11
5.370803508275894165e+11
5.370803421222247925e+11
5.370803418521478882e+11
5.370803418520902100e+11
5.370803418520902100e+11
5.370803418520902100e+11
5.370803418520902100e+11
5.370803418520902100e+11
5.370803418520902100e+11
5.370803418520902100e+11
5.370803418520902100e+11
5.370803418520902100e+11
5.370803418520902100e+11
5.370803418520901489e+11
5.370803418520887451e+11
5.370803418520622559e+11
5.370803418516661377e+11
5.370803418467301636e+11
5.370803417907897949e+11
5.370803412892657471e+11
5.370803375007089844e+11
5.370803124327917480e+11
5.370801783160589600e+11
5.370795891090375977e+11
5.370776422364436646e+11
5.370741095336253662e+11
5.370724203701119385e+11
5.370723679653505249e+11
5.370723679541508179e+11
5.370723679541508179e+11
5.370723679541508179e+11
5.370723679541508179e+11
5.370723679541508179e+11
5.370723679541508179e+11
5.370723679541508179e+11
5.370723679541508179e+11
5.370723679541508179e+11
5.370723679541504517e+11
5.370723679541417236e+11
5.370723679539622803e+11
5.370723679504327393e+11
5.370723678975895386e+11
5.370723672390816650e+11
5.370723597761832275e+11
5.370722928686826782e+11
5.370717874441645508e+11
5.370684432023514404e+11
5.370505517604675293e+11
5.369719643729315796e+11
5.367124562070673218e+11
5.362422001381409912e+11
5.360176358860247803e+11
5.360106719698395996e+11
5.360106704815597534e+11
5.360106704815597534e+11
5.360106704815597534e+11
5.360106704815597534e+11
5.360106704815597534e+11
5.360106704815597534e+11
5.360106704815597534e+11
5.360106704815588379e+11
5.360106704815267944e+11
5.360106704807212524e+11
5.360106704642501831e+11
5.360106701401273193e+11
5.360106652875048828e+11
5.360106048163641968e+11
5.360099194953060913e+11
5.360037754291817017e+11
5.359573671717817993e+11
5.356504978981898804e+11
5.340146565596671753e+11
5.269448044993549194e+11
5.048596968612882080e+11
4.691779589324177856e+11
4.538407069210590210e+11
4.533809019753305054e+11
4.533808038073137817e+11
4.533808038073136597e+11
4.533808038073136597e+11
4.533808038073136597e+11
4.533808038073136597e+11
4.533808038073136597e+11
4.533808038073123779e+11
4.533808038072703247e+11
4.533808038058030396e+11
4.533808037689043579e+11
4.533808030144183960e+11
4.533807881674198608e+11
4.533805658849482422e+11
4.533777959213402100e+11
4.533464061710920410e+11
4.530651800625761719e+11
4.509519940191300049e+11
4.374514464232084351e+11
3.770574893651451416e+11
2.347036865014040222e+11
1.044297669947675476e+11
5.202783332327338409e+10
4.196016309917201233e+10
4.170976475902390289e+10
4.170971156434860992e+10
4.170971156434852600e+10
4.170971156434852600e+10
4.170971156434852600e+10
4.170971156434851074e+10
4.170971156434803772e+10
4.170971156433212280e+10
4.170971156377734375e+10
4.170971154982611084e+10
4.170971126455821228e+10
4.170970565097237396e+10
4.170962160706922150e+10
4.170857431902422333e+10
4.169670903345748901e+10
4.159063337850263214e+10
4.080643744513758087e+10
3.628014560105908203e+10
2.276840456031919861e+10
8.636933160823266983e+09
2.831025018126352787e+09
1.275357883325295925e+09
1.009984922623457551e+09
1.003506856049616337e+09
1.003505480466101289e+09
1.003505480466099024e+09
1.003505480466099024e+09
1.003505480466099024e+09
1.003505480466098785e+09
1.003505480466090083e+09
1.003505480465801716e+09
1.003505480455745578e+09
1.003505480202858925e+09
1.003505475031956673e+09
1.003505373277413964e+09
1.003503849856606007e+09
1.003484866075376272e+09
1.003269772259232163e+09
1.001345491744057059e+09
9.870443963311748505e+08
9.018225520175902843e+08
6.168699182317217588e+08
2.583042622751828134e+08
8.844087276037776470e+07
4.032357415951721370e+07
3.199913070573836565e+07
3.179549112713816017e+07
3.179544788315854967e+07
3.179544788315848261e+07
3.179544788315848261e+07
3.179544788315848261e+07
3.179544788315828890e+07
3.179544788315190747e+07
3.179544788292932883e+07
3.179544787733196840e+07
3.179544776287992299e+07
3.179544551065866277e+07
3.179541179145247862e+07
3.179499160421785712e+07
3.179023038042321801e+07
3.174760794837613776e+07
3.142929003113047034e+07
2.947390521553279459e+07
2.211326767381290346e+07
1.054447237618160434e+07
3.864356098769440316e+06
1.797739454804790672e+06
1.431649173513656948e+06
1.422661166742558824e+06
1.422659257925199112e+06
1.422659257925196085e+06
1.422659257925196085e+06
1.422659257925196085e+06
1.422659257925190264e+06
1.422659257924990961e+06
1.422659257918043528e+06
1.422659257743340451e+06
1.422659254171097884e+06
1.422659183875452261e+06
1.422658131441473961e+06
1.422645016624064418e+06
1.422496402736591874e+06
1.421165412667985307e+06
1.411190907270360272e+06
1.348563749635927379e+06
1.089807154220912838e+06
5.913361444133756449e+05
2.354664661030235875e+05
1.125545998523775925e+05
9.007295978339959402e+04
8.951823608186267666e+04
8.951811825890230830e+04
8.951811825890211912e+04
8.951811825890211912e+04
8.951811825890211912e+04
8.951811825890185719e+04
8.951811825889312604e+04
8.951811825858867087e+04
8.951811825093193329e+04
8.951811809437070042e+04
8.951811501351233164e+04
8.951806888831120159e+04
8.951749410126390285e+04
8.951098053100013931e+04
8.945262639810160908e+04
8.901426040534644562e+04
8.621857013462245231e+04
7.381519007334465277e+04
4.522958571920459508e+04
1.984104223723721589e+04
9.829275886232795528e+03
7.918683584525888364e+03
7.871216906004894554e+03
7.871206822445170474e+03
7.871206822445154103e+03
7.871206822445154103e+03
7.871206822445154103e+03
7.871206822444621139e+03
7.871206822426044710e+03
7.871206821958905493e+03
7.871206812407074722e+03
7.871206624443288092e+03
7.871203810335040544e+03
7.871168742381601078e+03
7.870771337608724934e+03
7.867210255801270250e+03
7.840413292983812426e+03
7.667603269089166133e+03
6.858799905219248103e+03
4.686849663677194258e+03
2.290355692670856115e+03
1.188047379927891370e+03
9.657918835304240019e+02
9.602188782666645466e+02
9.602176941014367912e+02
9.602176941014348586e+02
9.602176941014348586e+02
9.602176941014348586e+02
9.602176941014348586e+02
9.602176941013900660e+02
9.602176940998288046e+02
9.602176940605689879e+02
9.602176932578038304e+02
9.602176774607527250e+02
9.602174409544654736e+02
9.602144937317016229e+02
9.601810939949978092e+02
9.598817573671224181e+02
9.576265584433261893e+02
9.429674253516005820e+02
8.715856995866029138e+02
6.540664263486047503e+02
3.584651681511909942e+02
1.969497759344909014e+02
1.620392766585072195e+02
1.611530606493437290e+02
1.611528722870183117e+02
1.611528722870179990e+02
1.611528722870179990e+02
1.611528722870179990e+02
1.611528722870179990e+02
1.611528722870128831e+02
1.611528722868345085e+02
1.611528722823484543e+02
1.611528721906198030e+02
1.611528703855558717e+02
1.611528433609548756e+02
1.611525065935716441e+02
1.611486900928454418e+02
1.611144818945372776e+02
1.608565386829279760e+02
1.591703884002987763e+02
1.507178511076617156e+02
1.222071994146599394e+02
7.520215910209643084e+01
4.429008458311634655e+01
3.701491098166034277e+01
3.682723597496786994e+01
3.682719606925417821e+01
3.682719606925410716e+01
3.682719606925410716e+01
3.682719606925410716e+01
3.682719606925410716e+01
3.682719606922685784e+01
3.682719606854165306e+01
3.682719605453090850e+01
3.682719577882338768e+01
3.682719165105477543e+01
3.682714021277910632e+01
3.682655727065343143e+01
3.682133181368785557e+01
3.678190611955230338e+01
3.652314885653782284e+01
3.519836317091731104e+01
3.036032430203631449e+01
2.087811046392226899e+01
1.332590212504161009e+01
1.136089501043379713e+01
1.130915836597732493e+01
1.130914735940043059e+01
1.130914735940041282e+01
1.130914735940041282e+01
1.130914735940041282e+01
1.130914735940041282e+01
1.130914735939497717e+01
1.130914735925824033e+01
1.130914735646232394e+01
1.130914730144343139e+01
1.130914647772538117e+01
1.130913621294008919e+01
1.130901988299370053e+01
1.130797705099399586e+01
1.130010561721263507e+01
1.124829721592585585e+01
1.097899185854410753e+01
9.934097985770781847e+00
7.557484099216260631e+00
5.269791644908377037e+00
4.603482593890674934e+00
4.585495169868061716e+00
4.585491340694582085e+00
4.585491340694575868e+00
4.585491340694575868e+00
4.585491340694575868e+00
4.585491340694575868e+00
4.585491340660039938e+00
4.585491339953874146e+00
4.585491326057721473e+00
4.585491118010782685e+00
4.585488525427139805e+00
4.585459143771243973e+00
4.585195743707622285e+00
4.583206974077316254e+00
4.570091139221487353e+00
4.501175582997894331e+00
4.221505931160892899e+00
3.502449550212287654e+00
2.675506567359547283e+00
2.404097381089143060e+00
2.396555036112155701e+00
2.396553429251746525e+00
2.396553429251743861e+00
2.396553429251743861e+00
2.396553429251743861e+00
2.396553429251743861e+00
2.396553429241187416e+00
2.396553429025339188e+00
2.396553424777809749e+00
2.396553361185713271e+00
2.396552568730545563e+00
2.396543587839028433e+00
2.396463073993505333e+00
2.395855040171600780e+00
2.391839596600224827e+00
2.370583035603123889e+00
2.281505537117212157e+00
2.029518849171614292e+00
1.690681109811281058e+00
1.565691559270418809e+00
1.562108749621523129e+00
1.562107985670925459e+00
1.562107985670924126e+00
1.562107985670924126e+00
1.562107985670924126e+00
1.562107985670924126e+00
1.562107985667256616e+00
1.562107985592267267e+00
1.562107984116603010e+00
1.562107962023621788e+00
1.562107686711107446e+00
1.562104566589442856e+00
1.562076594157724818e+00
1.561865320347644026e+00
1.560468814003899585e+00
1.553039534732119087e+00
1.521221770761893799e+00
1.424771379082844458e+00
1.277764916524774419e+00
1.217689523061104673e+00
1.215915947552383525e+00
1.215915569063410917e+00
1.215915569063410251e+00
1.215915569063410251e+00
1.215915569063410251e+00
1.215915569063410251e+00
1.215915569036176702e+00
1.215915568500264943e+00
1.215915560476835910e+00
1.215915460492563049e+00
1.215914327367690007e+00
1.215904168598869850e+00
1.215827433863086338e+00
1.215319943547207071e+00
1.212611981846871023e+00
1.200856818869530995e+00
1.163585333007865819e+00
1.101546676160053639e+00
1.074162299257892306e+00
1.073334480040248007e+00
1.073334303258548061e+00
1.073334303258547839e+00
1.073334303258547839e+00
1.073334303258547839e+00
1.073334303258547839e+00
1.073334303249195543e+00
1.073334303065156980e+00
1.073334300309815026e+00
1.073334265974013046e+00
1.073333876845061319e+00
1.073330388179702499e+00
1.073304035231998910e+00
1.073129697067951804e+00
1.072197925379825501e+00
1.068123519328079585e+00
1.054878172929170965e+00
1.031663952557339892e+00
1.020921267166667423e+00
1.020591561024207117e+00
1.020591490583545369e+00
1.020591490583545147e+00
1.020591490583545147e+00
1.020591490583545147e+00
1.020591490583545147e+00
1.020591490580797123e+00
1.020591490526721490e+00
1.020591489717125766e+00
1.020591479628315756e+00
1.020591365291418473e+00
1.020590340222049530e+00
1.020582596825743815e+00
1.020531363698049088e+00
1.020257346839058332e+00
1.019055264552110041e+00
1.015103360414719935e+00
1.008010073276645269e+00
1.004653297759936725e+00
1.004549514038650004e+00
1.004549491860717181e+00
1.004549491860717181e+00
1.004549491860717181e+00
1.004549491860717181e+00
1.004549491860717181e+00
1.004549491860077470e+00
1.004549491847486875e+00
1.004549491658986993e+00
1.004549489309990218e+00
1.004549462688710371e+00
1.004549224019633646e+00
1.004547421096412485e+00
1.004535491774028566e+00
1.004471673086587025e+00
1.004191397924553808e+00
1.003266412561631515e+00
1.001592305042120712e+00
1.000793794806265513e+00
1.000769042034652667e+00
1.000769036744724394e+00
1.000769036744724394e+00
1.000769036744724394e+00
1.000769036744724394e+00
1.000769036744724394e+00
1.000769036742497509e+00
1.000769036709155957e+00
1.000769036293667646e+00
1.000769031584922031e+00
1.000768989369363871e+00
1.000768670469493360e+00
1.000766560395093929e+00
1.000755271360719290e+00
1.000705678871484983e+00
1.000541848299264069e+00
1.000244703011061054e+00
1.000102683833757444e+00
1.000098278448682043e+00
1.000098277507185607e+00
1.000098277507185607e+00
1.000098277507185607e+00
1.000098277507185607e+00
1.000098277507185607e+00
1.000098277506890954e+00
1.000098277502478705e+00
1.000098277447493578e+00
1.000098276824347154e+00
1.000098271237619629e+00
1.000098229034998010e+00
1.000097949791050489e+00
1.000096455800534745e+00
1.000089892385389367e+00
1.000068205894909967e+00
1.000028856616366202e+00
1.000010042651666931e+00
1.000009458974956411e+00
1.000009458850215527e+00
1.000009458850215527e+00
1.000009458850215527e+00
1.000009458850215527e+00
1.000009458850186439e+00
1.000009458849750565e+00
1.000009458844319354e+00
1.000009458782768812e+00
1.000009458230946446e+00
1.000009454062432468e+00
1.000009426480434893e+00
1.000009278913015276e+00
1.000008630613539173e+00
1.000006488482038991e+00
1.000002601455432849e+00
1.000000742864441738e+00
1.000000685203270567e+00
1.000000685190947314e+00
1.000000685190947314e+00
1.000000685190947314e+00
1.000000685190947314e+00
1.000000685190915117e+00
1.000000685190514105e+00
1.000000685185969518e+00
1.000000685145225443e+00
1.000000684837439868e+00
1.000000682800901597e+00
1.000000671905143523e+00
1.000000624037399977e+00
1.000000465870888755e+00
1.000000178866626843e+00
1.000000041634127923e+00
1.000000037376601369e+00
1.000000037375691431e+00
1.000000037375691431e+00
1.000000037375691431e+00
1.000000037375691431e+00
1.000000037375689654e+00
1.000000037375667450e+00
1.000000037375415873e+00
1.000000037373161899e+00
1.000000037356134408e+00
1.000000037243467643e+00
1.000000036640685597e+00
1.000000033992515691e+00
1.000000025242324675e+00
1.000000009364481190e+00
1.000000001772409330e+00
1.000000001536871297e+00
1.000000001536821115e+00
1.000000001536821115e+00
1.000000001536821115e+00
1.000000001536821115e+00
1.000000001536820893e+00
1.000000001536820005e+00
1.000000001536809568e+00
1.000000001536715866e+00
1.000000001536008432e+00
1.000000001531327065e+00
1.000000001506281100e+00
1.000000001396248450e+00
1.000000001032673502e+00
1.000000000372941011e+00
1.000000000057486682e+00
1.000000000047699844e+00
1.000000000047697846e+00
1.000000000047697846e+00
1.000000000047697846e+00
1.000000000047697846e+00
1.000000000047697846e+00
1.000000000047697846e+00
1.000000000047697402e+00
1.000000000047694515e+00
1.000000000047672533e+00
1.000000000047525983e+00
1.000000000046742610e+00
1.000000000043300696e+00
1.000000000031928238e+00
1.000000000011291856e+00
1.000000000001424416e+00
1.000000000001118439e+00
1.000000000001118217e+00
1.000000000001118217e+00
1.000000000001118217e+00
1.000000000001118217e+00
1.000000000001118217e+00
1.000000000001118217e+00
1.000000000001118217e+00
1.000000000001117550e+00
1.000000000001114220e+00
1.000000000001095568e+00
1.000000000001014300e+00
1.000000000000745848e+00
1.000000000000258904e+00
1.000000000000025979e+00
1.000000000000018652e+00
1.000000000000018652e+00
1.000000000000018652e+00
1.000000000000018652e+00
1.000000000000018652e+00
1.000000000000018652e+00
1.000000000000018652e+00
1.000000000000018652e+00
1.000000000000018652e+00
1.000000000000018652e+00
1.000000000000018208e+00
1.000000000000016875e+00
1.000000000000011990e+00
1.000000000000003331e+00
9.999999999999991118e-01
9.999999999999988898e-01
9.999999999999988898e-01
9.999999999999988898e-01
9.999999999999988898e-01
9.999999999999988898e-01
9.999999999999988898e-01
9.999999999999988898e-01
9.999999999999988898e-01
9.999999999999988898e-01
9.999999999999988898e-01
9.999999999999988898e-01
9.999999999999988898e-01
9.999999999999988898e-01
9.999999999999986677e-01
9.999999999999986677e-01
9.999999999999986677e-01
9.999999999999986677e-01
9.999999999999986677e-01
9.999999999999986677e-01
9.999999999999986677e-01
9.999999999999986677e-01
9.999999999999986677e-01
9.999999999999986677e-01
9.999999999999986677e-01
9.999999999999986677e-01
9.999999999999986677e-01
9.999999999999986677e-01
9.999999999999986677e-01
9.999999999999986677e-01
9.999999999999986677e-01
9.999999999999986677e-01
9.999999999999986677e-01
9.999999999999986677e-01
9.999999999999986677e-01
9.999999999999986677e-01
9.999999999999986677e-01
9.999999999999986677e-01
9.999999999999986677e-01
9.999999999999986677e-01
9.999999999999986677e-01
9.999999999999986677e-01
9.999999999999986677e-01
9.999999999999986677e-01
9.999999999999986677e-01
9.999999999999986677e-01
9.999999999999986677e-01
9.999999999999986677e-01
9.999999999999986677e-01
9.999999999999986677e-01
9.999999999999986677e-01
9.999999999999986677e-01
9.999999999999986677e-01
9.999999999999986677e-01
9.999999999999986677e-01
9.999999999999986677e-01
9.999999999999986677e-01
9.999999999999986677e-01
9.999999999999986677e-01
9.999999999999986677e-01
9.999999999999986677e-01
9.999999999999986677e-01
9.999999999999986677e-01
9.999999999999986677e-01
9.999999999999986677e-01
9.999999999999986677e-01
9.999999999999986677e-01
9.999999999999986677e-01
9.999999999999986677e-01
9.999999999999986677e-01
9.999999999999986677e-01
9.999999999999986677e-01
9.999999999999986677e-01
9.999999999999986677e-01
9.999999999999986677e-01
9.999999999999986677e-01
9.999999999999986677e-01
9.999999999999986677e-01
9.999999999999986677e-01
9.999999999999986677e-01
9.999999999999986677e-01
9.999999999999986677e-01
9.999999999999986677e-01
9.999999999999986677e-01
9.999999999999986677e-01
9.999999999999986677e-01
9.999999999999986677e-01
9.999999999999986677e-01
9.999999999999986677e-01
9.999999999999986677e-01
9.999999999999986677e-01
9.999999999999986677e-01
9.999999999999986677e-01
9.999999999999986677e-01
9.999999999999986677e-01
9.999999999999986677e-01
9.999999999999986677e-01
9.999999999999986677e-01
9.999999999999986677e-01
9.999999999999986677e-01
9.999999999999986677e-01
9.999999999999986677e-01
9.999999999999986677e-01
9.999999999999986677e-01
9.999999999999986677e-01
9.999999999999986677e-01
9.999999999999986677e-01
9.999999999999986677e-01
9.999999999999986677e-01
9.999999999999986677e-01
9.999999999999986677e-01
9.999999999999986677e-01
9.999999999999986677e-01
9.999999999999986677e-01
9.999999999999986677e-01
9.999999999999986677e-01
9.999999999999986677e-01
9.999999999999986677e-01
9.999999999999986677e-01
9.999999999999986677e-01
9.999999999999986677e-01
9.999999999999986677e-01
9.999999999999986677e-01
9.999999999999986677e-01
9.999999999999986677e-01
9.999999999999986677e-01
9.999999999999986677e-01
9.999999999999986677e-01
9.999999999999986677e-01
9.999999999999986677e-01
9.999999999999986677e-01
9.999999999999986677e-01
9.999999999999986677e-01
9.999999999999986677e-01
9.999999999999986677e-01
9.999999999999986677e-01
9.999999999999986677e-01
9.999999999999986677e-01
9.999999999999986677e-01
9.999999999999986677e-01
9.999999999999986677e-01
9.999999999999986677e-01
9.999999999999986677e-01
9.999999999999986677e-01
9.999999999999986677e-01
9.999999999999986677e-01
9.999999999999986677e-01
9.999999999999986677e-01
9.999999999999986677e-01
9.999999999999986677e-01
9.999999999999986677e-01
9.999999999999986677e-01
9.999999999999986677e-01
9.999999999999986677e-01
9.999999999999986677e-01
9.999999999999986677e-01
9.999999999999986677e-01
9.999999999999986677e-01
9.999999999999986677e-01
9.999999999999986677e-01
9.999999999999986677e-01
9.999999999999986677e-01
9.999999999999986677e-01
9.999999999999986677e-01
9.999999999999986677e-01
9.999999999999986677e-01
9.999999999999986677e-01
9.999999999999986677e-01
9.999999999999986677e-01
9.999999999999986677e-01
9.999999999999986677e-01
9.999999999999986677e-01
9.999999999999986677e-01
9.999999999999986677e-01
9.999999999999986677e-01
9.999999999999986677e-01
9.999999999999986677e-01
9.999999999999986677e-01
9.999999999999986677e-01
9.999999999999986677e-01
9.999999999999986677e-01
9.999999999999986677e-01
9.999999999999986677e-01
9.999999999999986677e-01
9.999999999999986677e-01
9.999999999999986677e-01
9.999999999999986677e-01
9.999999999999986677e-01
9.999999999999986677e-01
9.999999999999986677e-01
9.999999999999986677e-01
9.999999999999986677e-01
9.999999999999986677e-01
9.999999999999986677e-01
9.999999999999986677e-01
9.999999999999986677e-01
9.999999999999986677e-01
9.999999999999986677e-01
9.999999999999986677e-01
9.999999999999986677e-01
9.999999999999986677e-01
9.999999999999986677e-01
9.999999999999986677e-01
9.999999999999986677e-01
9.999999999999986677e-01
9.999999999999986677e-01
9.999999999999986677e-01
9.999999999999986677e-01
9.999999999999986677e-01
9.999999999999986677e-01
9.999999999999986677e-01
9.999999999999986677e-01
9.999999999999986677e-01
9.999999999999986677e-01
9.999999999999986677e-01
9.999999999999986677e-01
9.999999999999986677e-01
9.999999999999986677e-01
9.999999999999986677e-01
9.999999999999986677e-01
9.999999999999986677e-01
9.999999999999986677e-01
9.999999999999986677e-01
9.999999999999986677e-01
9.999999999999986677e-01
9.999999999999986677e-01
9.999999999999986677e-01
9.999999999999986677e-01
9.999999999999986677e-01
9.999999999999986677e-01
9.999999999999986677e-01
9.999999999999986677e-01
9.999999999999986677e-01
9.999999999999986677e-01
9.999999999999986677e-01
9.999999999999986677e-01
9.999999999999986677e-01
9.999999999999986677e-01
9.999999999999986677e-01
9.999999999999986677e-01
9.999999999999986677e-01
9.999999999999986677e-01
9.999999999999986677e-01
9.999999999999986677e-01
9.999999999999986677e-01
9.999999999999986677e-01
9.999999999999986677e-01
9.999999999999986677e-01
9.999999999999986677e-01
9.999999999999986677e-01
9.999999999999986677e-01
9.999999999999986677e-01
9.999999999999986677e-01
9.999999999999986677e-01
9.999999999999986677e-01
9.999999999999986677e-01
9.999999999999986677e-01
9.999999999999986677e-01
9.999999999999986677e-01
9.999999999999986677e-01
9.999999999999986677e-01
9.999999999999986677e-01
9.999999999999986677e-01
9.999999999999986677e-01
9.999999999999986677e-01
9.999999999999986677e-01
