6.120332522735627763e+75
5.868960958601670156e+75
5.853748570554015846e+75
5.853655496330867856e+75
5.853655148356086610e+75
5.853649963216639855e+75
5.853646274744987430e+75
5.034007908578284170e+64
2.582618743090367104e+55
2.582618743090367104e+55
2.582618484477034094e+55
2.582618484477034094e+55
2.582618484477034094e+55
2.581200040292208781e+55
4.328120176635088077e+54
4.327215932054042450e+54
4.327215932054042450e+54
4.327215932054042450e+54
4.327211468431903280e+54
4.325703744010341052e+54
4.325703743995536727e+54
4.325703743857502546e+54
4.325703743857502546e+54
4.325703743857502546e+54
4.325703743857502546e+54
4.325703743857502546e+54
4.325703743857502546e+54
4.325703743857502546e+54
4.325703743857471240e+54
4.325703743857471240e+54
4.325703743857471240e+54
4.321263842275460298e+54
4.321005656666066857e+54
4.320418054096956064e+54
4.320418054096956064e+54
4.320418054096956064e+54
4.320418054096956064e+54
4.320418053575700645e+54
4.320418053575698603e+54
4.320387033610007324e+54
4.320387033609753473e+54
4.320387033609753473e+54
4.320328993062792551e+54
4.320328992767167481e+54
4.320328992767049062e+54
4.320328992767045659e+54
4.317539631010586394e+54
4.317539631010586394e+54
4.317539631010586394e+54
4.317539631010586394e+54
4.317539631010586394e+54
4.317539631010586394e+54
4.312479063817275462e+54
4.312479063817275462e+54
4.312479063817275462e+54
4.312478378313661568e+54
4.312478378313661568e+54
4.312478378313661568e+54
4.312478378313661568e+54
4.312478378313661568e+54
4.310841925536324471e+54
4.310841925536324471e+54
4.310841925533720631e+54
4.310841925533679116e+54
4.310841921331775129e+54
3.714252035249859389e+54
3.714252035249859389e+54
3.714252035249859389e+54
3.714252035249859389e+54
3.714252035249859389e+54
3.714252035249859389e+54
3.714252035249768874e+54
3.714252035249768874e+54
3.492868363358829907e+54
3.492868363358829907e+54
3.492868363358829907e+54
3.492868363358829907e+54
3.492868363358829907e+54
3.492868363358659765e+54
3.476683763747989067e+54
3.476683763747989067e+54
3.476683763747989067e+54
3.476683763747989067e+54
3.476683513879740024e+54
3.476683513879740024e+54
3.476683513879740024e+54
3.476683508304640836e+54
3.476683503822748434e+54
3.476683503822748434e+54
3.476683503822748434e+54
3.476683503822748434e+54
3.476683503822748434e+54
3.476683503822748434e+54
3.476683503822748434e+54
3.476683503822748434e+54
3.476683503822748434e+54
3.476683503822748434e+54
3.476683503822748434e+54
3.476683503822748434e+54
3.476683503822748434e+54
3.476683503822748434e+54
3.476682975071050082e+54
3.476682975068408130e+54
3.476682975068408130e+54
3.476682975068408130e+54
3.476682975068408130e+54
3.476682975068407450e+54
3.476682975068407450e+54
3.476682975068407450e+54
3.476682975068407450e+54
3.476682821535977563e+54
3.476682585319253420e+54
3.476682585319253420e+54
3.476675033618234873e+54
3.476675033618234873e+54
3.476675033618234873e+54
3.476675033618230109e+54
3.476675033618230109e+54
3.476675033618230109e+54
3.476675033618230109e+54
3.476675033518728823e+54
3.476675033518728823e+54
3.476675033518728823e+54
3.476675033518728823e+54
3.476675033518728823e+54
3.476675033518728823e+54
3.476675033518728823e+54
3.476675033518728823e+54
3.476675033105943173e+54
3.476675033105796851e+54
3.476675033105796851e+54
3.476675033105796851e+54
3.476675033105796851e+54
3.476675033105796851e+54
3.476675033105796851e+54
3.476675033105796851e+54
3.476675033105796851e+54
3.476675033105796851e+54
3.476675033105796851e+54
3.476675033105796851e+54
3.476675033097842411e+54
3.476675033097842411e+54
3.476675033097842411e+54
3.476675033097842411e+54
3.476675033097842411e+54
3.476674289799842392e+54
3.476674289770864626e+54
3.476674289770864626e+54
3.476674289769519149e+54
3.476674289769519149e+54
3.476674289769519149e+54
3.476674289769519149e+54
3.476674289769519149e+54
3.476674289769519149e+54
3.476674289764808961e+54
3.476674289764808961e+54
3.476674289764808961e+54
3.476674289764808961e+54
3.476674274429283114e+54
3.476674274429282433e+54
3.476674274429276308e+54
3.476670329804947015e+54
3.476670329804947015e+54
3.476670329804947015e+54
3.476670329804947015e+54
3.476670329804947015e+54
3.476670329436068679e+54
3.476670329436068679e+54
3.476670329436068679e+54
3.476670329436068679e+54
3.476670329436068679e+54
3.476670329301830008e+54
3.476670329301830008e+54
3.476670329294866469e+54
3.476670329294866469e+54
3.476670329294866469e+54
3.476670329294866469e+54
3.476670329294866469e+54
3.476670329294866469e+54
3.352662657517043598e+54
3.352662657517043598e+54
3.352662657516823095e+54
3.352662657516823095e+54
3.352662657516823095e+54
3.352662657516823095e+54
3.352662657516823095e+54
3.352662657516823095e+54
3.352662474922275491e+54
3.352662474922260518e+54
3.352662474922260518e+54
3.352662474922260518e+54
3.352662033767445578e+54
3.352662033767431967e+54
3.352662033767431967e+54
3.352662033767431967e+54
3.352662033767431967e+54
3.352662033767431967e+54
3.352662033767431967e+54
3.352662033767374119e+54
3.352662033734101309e+54
3.352662032848589950e+54
3.352662032848395989e+54
3.352662032848395989e+54
3.352662032848395989e+54
3.352662032848395989e+54
3.352662032848395989e+54
3.352662032848395989e+54
3.352662032848395989e+54
3.352662032848395989e+54
3.352662032847621507e+54
3.352662032742104028e+54
3.352662032742104028e+54
3.352662032742104028e+54
3.352662032742104028e+54
3.352662032405306833e+54
3.347700590433825585e+54
3.347700590433825585e+54
3.347700590433825585e+54
3.347700590433825585e+54
3.306949842902512338e+54
3.306949842893662955e+54
3.306949842893662955e+54
3.306949842893662955e+54
3.306949842893662955e+54
3.306949842893662955e+54
3.306949842893662955e+54
3.306949842893662955e+54
3.306949842893662955e+54
3.306949842893662275e+54
3.306949842893662275e+54
3.306949842893428160e+54
3.306949020486673995e+54
3.306949020486673995e+54
3.306949020486673995e+54
3.306919833896496339e+54
3.306919833896496339e+54
3.306919833896496339e+54
3.306919833896233641e+54
3.306919833896233641e+54
3.306919833896233641e+54
3.306919833896233641e+54
3.306919830765456196e+54
3.306919830765456196e+54
3.306919830765456196e+54
3.306919830765456196e+54
3.306919830765456196e+54
3.306919830765456196e+54
3.306919830765456196e+54
3.306919830765456196e+54
3.306919830765456196e+54
3.306919830765456196e+54
3.306919830765328250e+54
3.306919830765328250e+54
3.306919830765102983e+54
3.306919830584568895e+54
3.306919830584568895e+54
3.306919830584568895e+54
3.306919830584568895e+54
3.306919830584568895e+54
3.306919830584568895e+54
3.306919830584566853e+54
3.306919830584566853e+54
3.306919830584566853e+54
3.306919830584566853e+54
3.306919824813001558e+54
3.306919824813001558e+54
3.306919824813001558e+54
3.306919824813000197e+54
1.713589949547130014e+54
1.713589949547130014e+54
1.713589949547130014e+54
1.713589949547130014e+54
1.713589949547128653e+54
1.713589949547108236e+54
1.713589949547108236e+54
1.713589949547108236e+54
1.713589949547106535e+54
1.713589949547106535e+54
1.713589949547106535e+54
1.713589949547106535e+54
1.713589949547106535e+54
1.713589949497955129e+54
1.713589949497955129e+54
1.713589949497955129e+54
1.713589949497955129e+54
1.713589949488530328e+54
1.697459105653297425e+54
1.697459105653297425e+54
1.697459105653297425e+54
1.697459105653297425e+54
1.697459105653001379e+54
1.679397235158234348e+54
1.679397235158234348e+54
1.679397235158234348e+54
1.679397218730960507e+54
1.679397218730960507e+54
1.679397029191761238e+54
1.679396381642045778e+54
1.679396381642045778e+54
1.679396381642045778e+54
1.679396381642045778e+54
1.679396381642045778e+54
1.679396381642045778e+54
1.679396381642045778e+54
1.679118609705550131e+54
1.679118609697378250e+54
1.679118609697378250e+54
1.679118609697378250e+54
1.679118609697378250e+54
1.679118609697378250e+54
1.679118609697378250e+54
1.679118609697378250e+54
1.679118609697378250e+54
1.679118609697378250e+54
1.679118609697378250e+54
1.679118507920125883e+54
1.679118507920125883e+54
1.679118507920125883e+54
1.679118507920125883e+54
1.679118507920125883e+54
1.679118507920125883e+54
1.679076115224499280e+54
1.679076115224499280e+54
1.679076115224499280e+54
1.679076100340907549e+54
1.679076100340764971e+54
1.679076100340764971e+54
3.124977580005996178e+53
3.124977580005996178e+53
3.124977290779621536e+53
3.124977290779621536e+53
3.124977288959991354e+53
3.124970536189528912e+53
3.124970536189528912e+53
3.124970536189528912e+53
2.093044960288953133e+53
2.093044960280298477e+53
2.093034793518390910e+53
2.093034790422121245e+53
2.093034790422121245e+53
2.093034790422121245e+53
2.007908171970219757e+53
2.007908171970219757e+53
8.661692467482702904e+52
8.613497572504583749e+52
8.613497569285650798e+52
8.613497569285636974e+52
2.633457250706278703e+52
2.633338262267958343e+52
2.633338262267958343e+52
2.633334288921923772e+52
2.333743866480294022e+52
2.333743866480294022e+52
2.333743866480294022e+52
2.333743866385405752e+52
2.333743866385405752e+52
2.333743826739381003e+52
2.333743826739378345e+52
2.333743826739378345e+52
2.328519571176709830e+52
1.583626434188021100e+52
1.581647743308834975e+52
3.814329436297542756e+51
3.814329436297542756e+51
3.814329436297542756e+51
3.814329042349181274e+51
2.854798308249224782e+51
2.854797549277920628e+51
2.854797549277772087e+51
2.854797549277772087e+51
2.821982037675650874e+51
2.821982037675650874e+51
2.821982037673193796e+51
2.498768654073368885e+51
6.594156608610051364e+50
6.594156608610051364e+50
6.593849653822327924e+50
6.593849653822327924e+50
3.690067038161236120e+50
3.690067038161236120e+50
3.690067038154097750e+50
3.690054692941282668e+50
3.690054692941282668e+50
3.690054680335386139e+50
3.520867586445763386e+50
3.520867586445763386e+50
3.520867586445763386e+50
1.335986419888488612e+50
1.322475720418004148e+50
1.322475720216666607e+50
1.322475720216659753e+50
1.322358497270040773e+50
5.091032025656356829e+49
5.091032025656356829e+49
5.091020115538684663e+49
4.390490854176049162e+49
4.390490854176049162e+49
4.390490854176049162e+49
4.390490853736148945e+49
4.390490853736148945e+49
4.390490816504171630e+49
4.390490816504167995e+49
4.390490816504167995e+49
4.383263021645056475e+49
2.694920131895468522e+49
2.694920131895468522e+49
2.688145534984338802e+49
7.790563494359583517e+48
7.790563494359583517e+48
7.790562176399435280e+48
7.790562176399435280e+48
5.405081135636905880e+48
5.405080413739205083e+48
5.405080413739205083e+48
5.405080413739016213e+48
5.358987054476565543e+48
5.358987054476565543e+48
5.358987054464960760e+48
4.565506015262770058e+48
1.368845128430008343e+48
1.368845128430008343e+48
1.368845128430008343e+48
1.368688559924576379e+48
1.368688559924576379e+48
6.676168993277038919e+47
6.676168993277038919e+47
6.676168993268797771e+47
6.676158271112386140e+47
6.676158271112386140e+47
6.676158238020385475e+47
6.456859286997874323e+47
6.456859286997874323e+47
6.456859286997874323e+47
2.719517483257510665e+47
2.680082291964330231e+47
2.680082291672658634e+47
2.680082291672621720e+47
2.679954545485976856e+47
8.697422574118382168e+46
8.697422574118382168e+46
8.697381425634497667e+46
8.697381425634497667e+46
7.860348428463329923e+46
7.860348428463329923e+46
7.860348428463329923e+46
7.860348428463329923e+46
7.860348427332561249e+46
7.860348427332561249e+46
7.860348385238381426e+46
7.860348385238378383e+46
7.854196114757100222e+46
7.854196114757100222e+46
7.854196114757100222e+46
5.186376095459498599e+46
5.168639066257734433e+46
1.282812070329120174e+46
1.282812070329120174e+46
9.991493438928381165e+45
9.991490872703845760e+45
9.991490872703845760e+45
9.991490002581448444e+45
9.991490002581448444e+45
9.991490002581306467e+45
9.949515808252368075e+45
9.949515808252368075e+45
9.949515808220286374e+45
8.667909086644605317e+45
2.251165234715475166e+45
2.251165234715475166e+45
2.251165234715475166e+45
2.250865623352395534e+45
2.250865623352395534e+45
1.344074528432580313e+45
1.344074528431846184e+45
1.344074528431846184e+45
1.344072995499771123e+45
1.344072995499771123e+45
1.344072979622171958e+45
1.320122058516365684e+45
1.320122058516365684e+45
1.320122058516365684e+45
4.704043231450382768e+44
4.649815115856572923e+44
4.649815115663659478e+44
4.649815115663570742e+44
4.649679478218426788e+44
1.928757659559434911e+44
1.928757659559434911e+44
1.928743341546883211e+44
1.928743341546883211e+44
1.815016259645369585e+44
1.815016259645369585e+44
1.815016259645369585e+44
1.815016259645369585e+44
1.815016258931662094e+44
1.815016258931662094e+44
1.815016254000014402e+44
1.815016254000014402e+44
1.813859011320966172e+44
1.813859011320966172e+44
1.813859011320966172e+44
1.028428202128975816e+44
1.025231441492947509e+44
3.062853967151036721e+43
3.062853967151036721e+43
2.595949499766732758e+43
2.595948274072596392e+43
2.595948274072596392e+43
2.595948145008817395e+43
2.595948145008817395e+43
2.595948145008803035e+43
2.585950105913586108e+43
2.585950105913586108e+43
2.585950105887932524e+43
2.073641218649490645e+43
5.659536647524541456e+42
5.659536647524541456e+42
5.659536647524541456e+42
5.658668946603551600e+42
5.658668946603551600e+42
5.658668946603551600e+42
3.902438915489826728e+42
3.902438915488864848e+42
3.902438915488864848e+42
3.902436075993583064e+42
3.902436075993583064e+42
3.902435981289959353e+42
3.831247490066473691e+42
3.831247490066473691e+42
3.831247490066473691e+42
3.831247490066473691e+42
1.256964311099716749e+42
1.232276182307338529e+42
1.232276182286276526e+42
1.232276182286202714e+42
1.232255249734827712e+42
6.186012815016349484e+41
6.186012815016349484e+41
6.185945327866954114e+41
6.185945327866954114e+41
6.185945327866954114e+41
5.776471489408624441e+41
5.776471489408624441e+41
5.776471489408624441e+41
5.776471484293686765e+41
5.776471484293686765e+41
5.776471476528562411e+41
5.776471476528562411e+41
5.773895366112250695e+41
5.773895366112250695e+41
5.773895366112250695e+41
2.961371873158734284e+41
2.944376131948777486e+41
1.055823058916347992e+41
1.055823058916347992e+41
8.663531979235879689e+40
8.663525723865311428e+40
8.663525723865307560e+40
8.663525500408371076e+40
8.663525500408371076e+40
8.663525500408338193e+40
8.639031994577821927e+40
8.639031994577821927e+40
8.639031994375240776e+40
6.532652402567258468e+40
2.024492698650634851e+40
2.024492698650634851e+40
2.024492698650634851e+40
2.023779034549061198e+40
2.023779034549061198e+40
2.023779034549061198e+40
1.290896872018451158e+40
1.290896872018245399e+40
1.290896872018245399e+40
1.290896389021326544e+40
1.290896389021326544e+40
1.290896341536885777e+40
1.273694186201872277e+40
1.273694186201872277e+40
1.273694186201872277e+40
1.273694186201872277e+40
4.538257705661535613e+39
4.413537443238126391e+39
4.413537443185314467e+39
4.413537443184644722e+39
4.413495701002974831e+39
1.958710425857057476e+39
1.958710425857057476e+39
1.958666927318504696e+39
1.958666927318504696e+39
1.958666927318504696e+39
1.866608447324467296e+39
1.866608447324467296e+39
1.866608447324467296e+39
1.866608444877122702e+39
1.866608444877122702e+39
1.866608443292217931e+39
1.866608443292217931e+39
1.866608443292217931e+39
1.866190194932301467e+39
1.866190194932301467e+39
1.866190194932301467e+39
1.028491771297445904e+39
1.020499479040815328e+39
3.202285430634976575e+38
3.202285430634976575e+38
2.794926717234534477e+38
2.794922531774111796e+38
2.794922531774109151e+38
2.794922486315343793e+38
2.794922486315343793e+38
2.794922486315339637e+38
2.790954173763274933e+38
2.790954173763274933e+38
2.790954173666391241e+38
2.186589969020238725e+38
6.025134691944275227e+37
6.025134691944275227e+37
6.025134691944275227e+37
6.022665391619878688e+37
6.022665391619878688e+37
6.022665391619878688e+37
6.022665391619878688e+37
4.392114292830374928e+37
4.392114292830075530e+37
4.392114292830075530e+37
4.392113199925705516e+37
4.392113199925705516e+37
4.392112846534908888e+37
4.360961682797358726e+37
4.360961682797358726e+37
4.360961682797358726e+37
4.360961682797358726e+37
1.370583494692870964e+37
1.340234520551269072e+37
1.340234520545155261e+37
1.340234520544872155e+37
1.340226996725487020e+37
7.298753201494174684e+36
7.298753201494174684e+36
7.298517245490527052e+36
7.298517245490527052e+36
7.298517245490527052e+36
7.095805682836830914e+36
7.095805682836830914e+36
7.095805682836830914e+36
7.095805660099904254e+36
7.095805660099904254e+36
7.095805657224520235e+36
7.095805657224520235e+36
7.095805657224520235e+36
7.094624167897465113e+36
7.094624167897465113e+36
7.094624167897465113e+36
3.390960217696634848e+36
3.367885603666915626e+36
1.302463716658799620e+36
1.302463716658799620e+36
1.192566435587553156e+36
1.192563458641301480e+36
1.192563458641299413e+36
1.192563448250792729e+36
1.192563448250792729e+36
1.192563448250792139e+36
1.191150893625700871e+36
1.191150893625700871e+36
1.191150893512247640e+36
8.411509867868491470e+35
2.610381332978282106e+35
2.610381332978282106e+35
2.610381332978282106e+35
2.609151578664050988e+35
2.609151578664050988e+35
2.609151578664050988e+35
2.609151578664050988e+35
2.087298641460027673e+35
2.087298641459965323e+35
2.087298641459965323e+35
2.087298331575531842e+35
2.087298331575531842e+35
2.087298331575531842e+35
2.087298019771963302e+35
2.073538960079024487e+35
2.073538960079024487e+35
2.073538960079024487e+35
2.073538960079024487e+35
6.322693678033914863e+34
6.097997535672140452e+34
6.097997535660497789e+34
6.097997535656730042e+34
6.097977981101786293e+34
3.831668983822762272e+34
3.831668983822762272e+34
3.831496439451695721e+34
3.831496439451695721e+34
3.722376413133428261e+34
3.722376413133428261e+34
3.722376413133428261e+34
3.722376413133428261e+34
3.722376388689399119e+34
3.722376388689399119e+34
3.722376387961456471e+34
3.722376387961456471e+34
3.722376387961456471e+34
3.721968174543037115e+34
3.721968174543037115e+34
3.721968174543037115e+34
1.647577549550954547e+34
1.628455924188502436e+34
7.429294230298217812e+33
7.429294230298217812e+33
7.429294230298217812e+33
6.737092934767599099e+33
6.737067726265739529e+33
6.737067726265698024e+33
6.737067695760075236e+33
6.737067695760075236e+33
6.737067695760071777e+33
6.737067695760071777e+33
6.731406224232031359e+33
6.731406224232031359e+33
6.731406222816566569e+33
4.438237317468623811e+33
1.572285953841063588e+33
1.572285953841063588e+33
1.572285953841063588e+33
1.570713086849160102e+33
1.570713086849160102e+33
1.570713086849160102e+33
1.570713086849160102e+33
1.213660686442315471e+33
1.213660686442292557e+33
1.213660686442292557e+33
1.213660590061718324e+33
1.213660590061718324e+33
1.213660590061718324e+33
1.213660310354828022e+33
1.207809938348275326e+33
1.207809938348275326e+33
1.207809938348275326e+33
1.207809938348275326e+33
3.941865223997912309e+32
3.752449764010991261e+32
3.752449764006169888e+32
3.752449764000595512e+32
3.752442952102300975e+32
2.192575865646768335e+32
2.192575865646768335e+32
2.192376586120205194e+32
2.192376586120205194e+32
2.147160695253694584e+32
2.147160695253694584e+32
2.147160695253694584e+32
2.147160695253694584e+32
2.147160673673369308e+32
2.147160673673369308e+32
2.147160673408512614e+32
2.147160673408512614e+32
2.147160673408512614e+32
2.147035715864779778e+32
2.147035715864779778e+32
2.147035715864779778e+32
1.008459709828481468e+32
9.927811012145965020e+31
4.101754242192053935e+31
4.101754242192053935e+31
4.101754242192053935e+31
4.101721282140755814e+31
3.829034916513238586e+31
3.829034916513186344e+31
3.829034905737575287e+31
3.829034905737575287e+31
3.829034905737574386e+31
3.829034905737574386e+31
3.827351826129480425e+31
3.827351826129480425e+31
3.827351824915306813e+31
2.627451816302629040e+31
8.450343052560614634e+30
8.450343052560614634e+30
8.450343052560614634e+30
8.440361650910622765e+30
8.440361650910622765e+30
8.440361650910622765e+30
8.440361650910622765e+30
7.042615018254940874e+30
7.042615018254940874e+30
7.042615018254884579e+30
7.042614663369554099e+30
7.042614663369554099e+30
7.042614663369554099e+30
7.042611341176041453e+30
7.024447906265893832e+30
7.024447906265892706e+30
7.024447906265892706e+30
7.024447906265892706e+30
7.024447906265892706e+30
2.099082851573165032e+30
2.014890622602269325e+30
2.014890622601258830e+30
2.014890622596994484e+30
2.014888474930428633e+30
1.361793058913120888e+30
1.361793058913120888e+30
1.361624149522808971e+30
1.361624149522808971e+30
1.345436044178621308e+30
1.345436044178621308e+30
1.345436044178621308e+30
1.345436044178621308e+30
1.345436014290162907e+30
1.345436014290162907e+30
1.345436014290162907e+30
1.345436014214571676e+30
1.345436014214571676e+30
1.345436014214571676e+30
1.345382361383531445e+30
5.646042285332868416e+29
5.646042285332868416e+29
5.569491904516377425e+29
2.784224032104736171e+29
2.784224032104736171e+29
2.784224032104736171e+29
2.784190662752059044e+29
2.784190662751985860e+29
2.665648163174708043e+29
2.665648159378658750e+29
2.665648159378658750e+29
2.665648159378658750e+29
2.665648159378658750e+29
2.664756082192699017e+29
2.664756082192699017e+29
2.664756080116603624e+29
1.643386867091294779e+29
6.186780264100674108e+28
6.186780264100674108e+28
6.186780264100674108e+28
6.178464664279914473e+28
6.178464664279914473e+28
6.178464664279914473e+28
6.178464664279914473e+28
5.450049771704552057e+28
5.450049771704552057e+28
5.450049771704533585e+28
5.450049617220341290e+28
5.450049617220341290e+28
5.450049617220341290e+28
5.450045245520097353e+28
5.438145759208015859e+28
5.438145759208014100e+28
5.438145759208014100e+28
5.438145759208014100e+28
5.438145759208014100e+28
1.657683925558701946e+28
1.557240406374128745e+28
1.557240406373797352e+28
1.557240406364812802e+28
1.557239473887260875e+28
1.161266096648998115e+28
1.161266096648998115e+28
1.161075168613940298e+28
1.161075168613940298e+28
1.148193376367903343e+28
1.148193376367903343e+28
1.148193376367903343e+28
1.148193376367903343e+28
1.148193328537945549e+28
1.148193328537945549e+28
1.148193328537945549e+28
1.148193328507716455e+28
1.148193328507716455e+28
1.148193328507716455e+28
1.148164925383759556e+28
4.626669486138591045e+27
4.626669486138591045e+27
4.527004943983921074e+27
4.527004943983921074e+27
2.589766388385151712e+27
2.589766388385151712e+27
2.589766388385151712e+27
2.589766388384927411e+27
2.589721508630524300e+27
2.477651164909012429e+27
2.477651163108251526e+27
2.477651163108251526e+27
2.477651163108251526e+27
2.477651163108251526e+27
2.477090906226507515e+27
2.477090906226507515e+27
2.477090902284579109e+27
1.435737532292718844e+27
6.158856090133736623e+26
6.158856090133736623e+26
6.158856090133736623e+26
6.142768680542149610e+26
6.142768680542149610e+26
6.142768680542149610e+26
6.142768680542149610e+26
5.363424476632531689e+26
5.363424476632531689e+26
5.363424476632520694e+26
5.363424394480752267e+26
5.363424394480752267e+26
5.363417812967027304e+26
5.363417812967027304e+26
5.363417812967021119e+26
5.355035879160556873e+26
5.355035879160556873e+26
5.355035879160556873e+26
5.355035879160556873e+26
1.746617705605023343e+26
1.609309176109731253e+26
1.609309176109513069e+26
1.609309176088428559e+26
1.161671332803391161e+26
1.161671047870087543e+26
1.161671047870087543e+26
1.161297644778852670e+26
1.161297644778852670e+26
1.151902078228744726e+26
1.151902078228744726e+26
1.151902078228744726e+26
1.151902078228744726e+26
1.151902003395732857e+26
1.151902003395732857e+26
1.151902003395732857e+26
1.151902003376952339e+26
1.151902003376952339e+26
1.151902003376952339e+26
1.151886306204794909e+26
4.865541251322173034e+25
4.865541251322173034e+25
4.728113043949522909e+25
4.728113043949522909e+25
2.549771816269481971e+25
2.549771816269481971e+25
2.549771816269481971e+25
2.549771816269003942e+25
2.549686781106570885e+25
2.469740443207470474e+25
2.469740442102981409e+25
2.469740442102981409e+25
2.469740442102981409e+25
2.469740442102981409e+25
2.469740442102981409e+25
2.469434736485865502e+25
2.469434736485865502e+25
2.469434730395937743e+25
1.482978437818789124e+25
5.923482149433681610e+24
5.923482149433681610e+24
5.923482149433681610e+24
5.904809732602999775e+24
5.904809732602999775e+24
5.904809732602999775e+24
5.904809732602999775e+24
5.360555706743425432e+24
5.360555706743425432e+24
5.360555706743421137e+24
5.360555656086909327e+24
5.360555656086909327e+24
5.360542805168828723e+24
5.360542805168828723e+24
5.360542805168814765e+24
5.355941995119875373e+24
5.355941995119875373e+24
5.355941995119875373e+24
5.355941995119875373e+24
1.643165019806480856e+24
1.530173377012261877e+24
1.530173376982630093e+24
1.530173376982546072e+24
1.208360073807721277e+24
1.208359883501702497e+24
1.208359883501702497e+24
1.207852709346539857e+24
1.207852709346539857e+24
1.202252259608935254e+24
1.202252259608935254e+24
1.202252259608935254e+24
1.202252259608935254e+24
1.202252100268186092e+24
1.202252100268186092e+24
1.202252100268186092e+24
1.202252100259479657e+24
1.202252100259479657e+24
1.202252100259479657e+24
1.202241545055486767e+24
4.695003517909052319e+23
4.695003517909052319e+23
4.576909089220128565e+23
2.858540491953982333e+23
2.858540491953982333e+23
2.858540491953982333e+23
2.858540491953982333e+23
2.858540491953048178e+23
2.858406316105228647e+23
2.802560726360631678e+23
2.802560725755373143e+23
2.802560725755373143e+23
2.802560725755373143e+23
2.802560725755373143e+23
2.802560725755373143e+23
2.802317723647839065e+23
2.802317708318431374e+23
2.802317708318431374e+23
1.535142410378632694e+23
1.535142410378632694e+23
7.202674999804081209e+22
7.202674999804081209e+22
7.202674999804081209e+22
7.177286562103243781e+22
7.177286562103243781e+22
6.721794410544765285e+22
6.721794410544765285e+22
6.721794410544765285e+22
6.721794410544761930e+22
6.721794376648010131e+22
6.721794376648010131e+22
6.721769009010433432e+22
6.721769009010433432e+22
6.721769009010399878e+22
6.717302674424962272e+22
6.717302674424962272e+22
6.717302674424962272e+22
6.717302674424962272e+22
2.195290655842694175e+22
1.981523510843059418e+22
1.981523510745930662e+22
1.981523510745884105e+22
1.666025077763897872e+22
1.666024923808519317e+22
1.665138088619176834e+22
1.665138088619176834e+22
1.665138088619176834e+22
1.665138088619176834e+22
1.658563346469085617e+22
1.658563346469085617e+22
1.658563346469085617e+22
1.658563346469085617e+22
1.658563346469085617e+22
1.658563346469085617e+22
1.658562965758129104e+22
1.658562965758129104e+22
1.658562965752616531e+22
1.658562965752616531e+22
1.658562965752616531e+22
6.466100395161808798e+21
6.466087401386612359e+21
6.466087401386612359e+21
6.224222376898809823e+21
6.224222376898809823e+21
4.295873112135102366e+21
4.295873112135102366e+21
4.295873112135102366e+21
4.295873112130978316e+21
4.295594342747968373e+21
4.217631994013463609e+21
4.217631993557406974e+21
4.217631993557406974e+21
4.217631993557406974e+21
4.217631993557406974e+21
4.217631993557406974e+21
4.217397774158393770e+21
4.217397730569545056e+21
4.217397730569545056e+21
2.216206984085571633e+21
2.216206984085571633e+21
1.168376475769495093e+21
1.168376475769495093e+21
1.168376475769495093e+21
1.161091029762196242e+21
1.161091029762196242e+21
1.087501726001250697e+21
1.087501726001250697e+21
1.087501726001250697e+21
1.087501726001250697e+21
1.087501726001250566e+21
1.087501723049373467e+21
1.087495614571352424e+21
1.087495614571352424e+21
1.087495614571335516e+21
1.086997990949269012e+21
1.086997990949269012e+21
1.086997990949269012e+21
1.086997990949269012e+21
3.840571250991152497e+20
3.377259883320549704e+20
3.377259882966329590e+20
3.377259882966282404e+20
2.816180303097585992e+20
2.816180156743973929e+20
2.813410474795701699e+20
2.813410474795701699e+20
2.813410474795701699e+20
2.813410474795701699e+20
2.813410474795701699e+20
2.805414002316508856e+20
2.805414002316508856e+20
2.805414002316508856e+20
2.805414002316508856e+20
2.805414002316508856e+20
2.805413000266389586e+20
2.805413000266389586e+20
2.805413000260890788e+20
2.805413000260890132e+20
2.805413000260890132e+20
1.143406335439340667e+20
1.143404983669580595e+20
1.143404983669580595e+20
1.089012093884276408e+20
1.089012093884276408e+20
7.334389750485684224e+19
7.334389750485684224e+19
7.334389750485684224e+19
7.334389750470592922e+19
7.333501222878905139e+19
7.236317411681194803e+19
7.236317411681194803e+19
7.236317411213144064e+19
7.236317411213144064e+19
7.236317411213144064e+19
7.236317411213144064e+19
7.236088017357601178e+19
7.236087899309697434e+19
7.236087899309697434e+19
7.236087899309697434e+19
3.909876124127594086e+19
3.909876124127594086e+19
1.978020234649437798e+19
1.978020234649437798e+19
1.962864012503283712e+19
1.962864012503283712e+19
1.871741330867975782e+19
1.871741330867975782e+19
1.871741330867975782e+19
1.871741330867975782e+19
1.871741330867975782e+19
1.871741330867975373e+19
1.871741327819336090e+19
1.871721540461225984e+19
1.871721540461225984e+19
1.871721540461162906e+19
1.871231012131836723e+19
1.871231012131836723e+19
1.871231012131836723e+19
1.871231012131836723e+19
6.354069239583154176e+18
5.649932062392596480e+18
5.649932061480594432e+18
5.649932061480561664e+18
4.948071701340309504e+18
4.948071543822182400e+18
4.941858197432632320e+18
4.941858197432632320e+18
4.941858197432632320e+18
4.941858197432632320e+18
4.941858197432632320e+18
4.941858197432632320e+18
4.933639994917870592e+18
4.933639994917870592e+18
4.933639994917870592e+18
4.933639994917870592e+18
4.933636606043334656e+18
4.933636606043334656e+18
4.933636606039058432e+18
4.933636606039056384e+18
4.933636606039056384e+18
1.913803487683557888e+18
1.913802167384036352e+18
1.913802167384036352e+18
1.829805736260172288e+18
1.829805736260172288e+18
1.358768960609178880e+18
1.358768960609178880e+18
1.358768960609178880e+18
1.358768960604413952e+18
1.358547304907727104e+18
1.347394472072196608e+18
1.347394472072196608e+18
1.347394472031389184e+18
1.347394472031389184e+18
1.347394472031389184e+18
1.347394472031389184e+18
1.347394427273941760e+18
1.347366699377830400e+18
1.347366699377830400e+18
1.347366699377830400e+18
6.812436789239463680e+17
6.812436789239463680e+17
6.812436789239463680e+17
3.951082779860936960e+17
3.917901804101596800e+17
3.917901804101596800e+17
3.795205902669901440e+17
3.795205902669901440e+17
3.795205902669901440e+17
3.795205902669901440e+17
3.795205902669901440e+17
3.795205902669901440e+17
3.795205899517955200e+17
3.795146766831018880e+17
3.795146766830780160e+17
3.795146766830780160e+17
3.794443616542708480e+17
3.794443616542708480e+17
3.794443616542708480e+17
3.794443616542708480e+17
1.416679027812995200e+17
1.209264995271508320e+17
1.209264994814654560e+17
1.209264994814651360e+17
1.098328148123050080e+17
1.096647611485448800e+17
1.096647592027974560e+17
1.096647592027974560e+17
1.096647592027974560e+17
1.096647592027974560e+17
1.096647592027974560e+17
1.096647592027974560e+17
1.095236127448465280e+17
1.095236127448465280e+17
1.095236127448465280e+17
1.095234913503867040e+17
1.095234913503867040e+17
1.095234913503867040e+17
1.095234913503866080e+17
1.095234913503435200e+17
1.095234913503435200e+17
1.095234913503435200e+17
4.397252441177685600e+16
4.397250688369457600e+16
4.128461756618479200e+16
3.275981021474744400e+16
3.275981021474744400e+16
3.275981021474744400e+16
3.275981021474744400e+16
3.275981021474744400e+16
3.275981021444454800e+16
3.275273569522785200e+16
3.252644024980920400e+16
3.252644024980920400e+16
3.252644024932295200e+16
3.252644024932295200e+16
3.252644024932295200e+16
3.252644024932295200e+16
3.252643835343879600e+16
3.252603200588040000e+16
3.252603200588040000e+16
3.252603200588040000e+16
1.622614553883850600e+16
1.622614553883850600e+16
1.622614553883850600e+16
1.030966348230475400e+16
1.017092167111439400e+16
1.017092167111439400e+16
1.017092167111439400e+16
1.017092167111439400e+16
9.881778706241202000e+15
9.881778706241202000e+15
9.881778706241202000e+15
9.881778706241202000e+15
9.881778701871834000e+15
9.881558574663160000e+15
9.881558574661392000e+15
9.881558574661392000e+15
9.880359728705244000e+15
9.880359728705244000e+15
9.880359728705244000e+15
9.880359728705244000e+15
6.547253872072862000e+15
3.334453091346191500e+15
3.334453088821279500e+15
3.334453088821279500e+15
3.334453088821274500e+15
3.039331527893896000e+15
3.031396423116416000e+15
3.031396392716103500e+15
3.031396392716103500e+15
3.031396392716103500e+15
3.031396392716103500e+15
3.031396392716103500e+15
3.028683170250188500e+15
3.028683170250188500e+15
3.028683170250188500e+15
3.028683170250188500e+15
3.028678072949631500e+15
3.028678072949631500e+15
3.028678072949631500e+15
3.028678072949624000e+15
3.028678072948975500e+15
3.028678072948975500e+15
1.277117585985316250e+15
1.277117585985316250e+15
1.277117283660529250e+15
1.181999454886269000e+15
9.382842329016501250e+14
9.382842329016501250e+14
9.382842329016501250e+14
9.382842329016501250e+14
9.382842328835891250e+14
9.382842328835891250e+14
9.379260588677930000e+14
9.332502997019561250e+14
9.332502997019561250e+14
9.332502996940788750e+14
9.332502996940788750e+14
9.332502996940788750e+14
9.332502139933638750e+14
9.332502139933638750e+14
9.332433738787128750e+14
9.332433738787128750e+14
9.332433738787128750e+14
9.332433738787128750e+14
9.332433738787128750e+14
4.764063460645863125e+14
3.001114271872646250e+14
2.951241690291368125e+14
2.951241690291368125e+14
2.951241690291368125e+14
2.951241690291368125e+14
2.889547327557680000e+14
2.889547327557680000e+14
2.889547327557680000e+14
2.889547327557680000e+14
2.889431145678162500e+14
2.889431144943038750e+14
2.889431144941940000e+14
2.889431144941940000e+14
2.889431144941940000e+14
2.889221541369975625e+14
2.889221541369975625e+14
1.932230808543900000e+14
1.932230803888419375e+14
9.703030765166654688e+13
9.703030765166654688e+13
9.703030765166654688e+13
9.703030765166648438e+13
9.668645144641704688e+13
9.029332607046609375e+13
9.029332553971437500e+13
9.029332553971437500e+13
9.029332553971437500e+13
9.029332553971437500e+13
9.029332553971437500e+13
9.029332553971437500e+13
9.024408718363646875e+13
9.024408718363646875e+13
9.024408718363646875e+13
9.024380783115371875e+13
9.024380783115371875e+13
9.024380783115371875e+13
9.024380783115321875e+13
9.024380783115321875e+13
9.024380783114460938e+13
3.721798382494687500e+13
3.721798382494687500e+13
3.452432478252954297e+13
3.452432043492589062e+13
2.899284882867684375e+13
2.899284882867684375e+13
2.899284882867684375e+13
2.899284882772993750e+13
2.899284882772993750e+13
2.897829669051998828e+13
2.897829669051998828e+13
2.888686453425077344e+13
2.888686453425077344e+13
2.888686453413778125e+13
2.888686453413778125e+13
2.888685946572444531e+13
2.888685946572444531e+13
2.888685946572444531e+13
2.888685946572444531e+13
2.888673050525347266e+13
2.888673050525347266e+13
2.888673050525347266e+13
2.888673050525347266e+13
1.419623500644246094e+13
9.857151322597175781e+12
9.678427889075695312e+12
9.678427889075695312e+12
9.678427889075695312e+12
9.678427889075695312e+12
9.541816446075123047e+12
9.541816446075123047e+12
9.541816446075123047e+12
9.541277300814703125e+12
9.541277300814703125e+12
9.541277299614607422e+12
9.541277299608029297e+12
9.541277299608029297e+12
9.541277299608029297e+12
9.540827534694195312e+12
9.540827464629105469e+12
6.076172185426839844e+12
6.076172185426839844e+12
3.405982151493986328e+12
3.405982151493986328e+12
3.405982151493986328e+12
3.391894478759807617e+12
3.391894478759806152e+12
3.227948349272416504e+12
3.227948349272416504e+12
3.227948349272416504e+12
3.227948339116946289e+12
3.227948339116946289e+12
3.227948339116946289e+12
3.227948339116946289e+12
3.227948339116946289e+12
3.227948339116946289e+12
3.226709818757583496e+12
3.226694620068793457e+12
3.226694620068793457e+12
3.226694620068793457e+12
3.226694620068793457e+12
3.226694620068759277e+12
3.226694620068759277e+12
3.226694620068622070e+12
1.414560642233413818e+12
1.282017810244376953e+12
1.282017810244376953e+12
1.282017810244376953e+12
1.282017720490239502e+12
1.119799620373846924e+12
1.119799620373846924e+12
1.119799620286652832e+12
1.119077492213016602e+12
1.119077492213016602e+12
1.119077492213016602e+12
1.119077492213016602e+12
1.116392208457841797e+12
1.116392208455738770e+12
1.116392208455738770e+12
1.116391886291938477e+12
1.116391886291938477e+12
1.116391886291938477e+12
1.116391886291938477e+12
1.116389002546685547e+12
1.116389002546685547e+12
1.116389002546685547e+12
5.566045235408841553e+11
5.566045235408841553e+11
4.114136891992045288e+11
4.114136891992045288e+11
4.006479718361553955e+11
4.006479718361553955e+11
4.006479718361553955e+11
3.960291750371699829e+11
3.959982763939667969e+11
3.959982763939667969e+11
3.959982763939667969e+11
3.959982763939667969e+11
3.959982763682059326e+11
3.959982763675064697e+11
3.959982763675064697e+11
3.959982763675064697e+11
3.959866770173487549e+11
3.959866718809027710e+11
2.482459208390435181e+11
1.500042521466348877e+11
1.500042521466348877e+11
1.500042521466348877e+11
1.500042521466348877e+11
1.500042521466348877e+11
1.490536978949161682e+11
1.427826796312795105e+11
1.427826796312794800e+11
1.427826796312794800e+11
1.427826793836686401e+11
1.427826793836686401e+11
1.427826793836686401e+11
1.427826793836686401e+11
1.427826793836686401e+11
1.427826793836686401e+11
1.427463946350421448e+11
1.427454050198609924e+11
1.427454050198609924e+11
1.427454050198609924e+11
1.427454050198568726e+11
1.427454050198568726e+11
1.427454050198568726e+11
1.427454050198538208e+11
6.612217585582486725e+10
6.612217585582486725e+10
5.895714750590922546e+10
5.895714750590922546e+10
5.895714514047425842e+10
5.212391616123701477e+10
5.212391615319707489e+10
5.212391615319707489e+10
5.206938944182181549e+10
5.206938944182181549e+10
5.206938944182181549e+10
5.206938944182181549e+10
5.198228949398600006e+10
5.198228949393432617e+10
5.198226625562109375e+10
5.198226625562109375e+10
5.198226625562109375e+10
5.198226625562109375e+10
5.198226625562109375e+10
5.198226625562109375e+10
5.198218834329838562e+10
5.198218834329838562e+10
2.655495798162666321e+10
2.655495798162666321e+10
2.655495798162666321e+10
1.994634635548270798e+10
1.994634635548270798e+10
1.931361139809103012e+10
1.931361139809103012e+10
1.915240130539020920e+10
1.914988197980159760e+10
1.914988197973198700e+10
1.914988197973198700e+10
1.914988197973198700e+10
1.914988197973198700e+10
1.914988197904925156e+10
1.914988197904925156e+10
1.914988197904925156e+10
1.914954394843180466e+10
1.914954354879160690e+10
1.914954354879160690e+10
1.205521488466560364e+10
7.414700434072947502e+09
7.414700434072947502e+09
7.414700434072947502e+09
7.414700434072947502e+09
7.356385156180514336e+09
7.125154553911741257e+09
7.125154553911741257e+09
7.125154553911741257e+09
7.125154553911741257e+09
7.125154553911741257e+09
7.125154546923728943e+09
7.125154546923728943e+09
7.125154546923728943e+09
7.125154546923728943e+09
7.125068586522875786e+09
7.123942518537629128e+09
7.123942518537629128e+09
7.123942518537629128e+09
7.123942518537629128e+09
7.123942518537192345e+09
7.123942518537192345e+09
7.123942518537192345e+09
3.331990380955746174e+09
3.331990380955731392e+09
2.961186612644647598e+09
2.961186545018263340e+09
2.961186545018263340e+09
2.695469474714972496e+09
2.695469473999656200e+09
2.695469473999656200e+09
2.691803737118240833e+09
2.691803737118240833e+09
2.691803737118240833e+09
2.691803737118240833e+09
2.688901252254613400e+09
2.688899084453797817e+09
2.688899084453797817e+09
2.688899084452558041e+09
2.688899084452558041e+09
2.688899084452558041e+09
2.688899084452558041e+09
2.688899084452558041e+09
2.688896721845328331e+09
2.688896721845328331e+09
2.688896721845328331e+09
2.688896721845328331e+09
1.361689687370198488e+09
1.361689687370198488e+09
1.085566632783648729e+09
1.085566632783648729e+09
1.085566632783648491e+09
1.047381298728139281e+09
1.041457184097995758e+09
1.041269860117405415e+09
1.041269860117405415e+09
1.041269860110558391e+09
1.041269860110558391e+09
1.041269860092460990e+09
1.041269860092460990e+09
1.041269860092460990e+09
1.041269860092460990e+09
1.041258533483880758e+09
1.041258533483880758e+09
1.041258492288790345e+09
6.389319935218760967e+08
4.269183529127225280e+08
4.269183529127225280e+08
4.269183529127225280e+08
4.269183529127225280e+08
4.229708734702780843e+08
4.133592576240093112e+08
4.133592576240093112e+08
4.133592576240093112e+08
4.133592576240093112e+08
4.133592574131523967e+08
4.133592574131523967e+08
4.133592574131523967e+08
4.133592574131523967e+08
4.133592574131523967e+08
4.133519820197194219e+08
4.133090287140721679e+08
4.133090287140721679e+08
4.133090287140721679e+08
4.133090287140231729e+08
4.133090287140231729e+08
4.133090287140231729e+08
4.133090287140231729e+08
2.078487696591380537e+08
2.078487696591376364e+08
1.801564453371444345e+08
1.801564430929960608e+08
1.801564430929960608e+08
1.676282619740065038e+08
1.676282618775570691e+08
1.676282618775570691e+08
1.673384829120142460e+08
1.673384829120142460e+08
1.673384829120142460e+08
1.673384829120142460e+08
1.672113202117339671e+08
1.672113202117339671e+08
1.672111094001264870e+08
1.672111094001264870e+08
1.672111094000902772e+08
1.672111094000902772e+08
1.672111094000902772e+08
1.672111094000902772e+08
1.672111094000902772e+08
1.672110274894566536e+08
1.672110274894566536e+08
1.672110274894566536e+08
8.766251856116046011e+07
8.766251856116046011e+07
8.766251856116038561e+07
7.280589168452677131e+07
6.946358324868036807e+07
6.946358324868036807e+07
6.916786014168567955e+07
6.916786014168567955e+07
6.915096617779910564e+07
6.915096617674629390e+07
6.915096617614336312e+07
6.915096617614336312e+07
6.915096617614336312e+07
6.915096617614336312e+07
6.915051831946867704e+07
6.915051831946867704e+07
6.915051831946867704e+07
6.915051375055579841e+07
6.915051375055579841e+07
4.252598166304389387e+07
3.011971197715406120e+07
2.973444414198151976e+07
2.973444414198151976e+07
2.973444414198151976e+07
2.973444414198151976e+07
2.973444414198151976e+07
2.919362428061271086e+07
2.919362428061271086e+07
2.919362428061271086e+07
2.919362427266777307e+07
2.919362427266777307e+07
2.919362427266777307e+07
2.919362427266777307e+07
2.919288225526693836e+07
2.919096140112911537e+07
2.919096140112911537e+07
2.919096140112060681e+07
2.919096140112060681e+07
2.919096140112060681e+07
2.919096140112060681e+07
2.919096140112060681e+07
1.561003378127685189e+07
1.330965403144405223e+07
1.330965403144403920e+07
1.330965403144403920e+07
1.330965393891725875e+07
1.330965392362638377e+07
1.252584314002286457e+07
1.252584314002286457e+07
1.249402895594296232e+07
1.249402895594296232e+07
1.248767199464962818e+07
1.248767199464962818e+07
1.248767199464962818e+07
1.248767199464962818e+07
1.248764795289533585e+07
1.248764795289533585e+07
1.248764795289533585e+07
1.248764795289400034e+07
1.248764795289400034e+07
1.248764795289400034e+07
1.248764795289400034e+07
1.248764795289400034e+07
1.248764450182711147e+07
1.248764450182711147e+07
6.770164570307425223e+06
6.770164570307410322e+06
6.770164570307410322e+06
6.345125329478967935e+06
5.435314413450137712e+06
5.435314413450137712e+06
5.435314413450137712e+06
5.419061178952811286e+06
5.417020845951531082e+06
5.417020845789059997e+06
5.417020845764579251e+06
5.417020845764579251e+06
5.417020845764579251e+06
5.417020845764579251e+06
5.417020845764579251e+06
5.417000084840978496e+06
5.417000084840978496e+06
5.416999511543575674e+06
5.416999511543575674e+06
3.362150593432772905e+06
2.455805321827043314e+06
2.455805321827043314e+06
2.417567647968470585e+06
2.417567647968470585e+06
2.417567647968470585e+06
2.417567647968470585e+06
2.385356656664679758e+06
2.385356656664679758e+06
2.385356656664679758e+06
2.385356656664679758e+06
2.385356656313713174e+06
2.385356656313713174e+06
2.385356656313713174e+06
2.385259174068645108e+06
2.385259174068645108e+06
2.385162300681156106e+06
2.385162300679726992e+06
2.385162300679726992e+06
2.385162300679726992e+06
2.385162300679726992e+06
2.385162300679726992e+06
2.385162300679726992e+06
1.320950333725958131e+06
1.117311184602571419e+06
1.117311184602571419e+06
1.117311184602570953e+06
1.117311182399200974e+06
1.117311178084738553e+06
1.067057615709554171e+06
1.067057615709554171e+06
1.063603429937288864e+06
1.063603429937288864e+06
1.063255361335566500e+06
1.063255361335566500e+06
1.063255361335566500e+06
1.063255361335566500e+06
1.063255361335566500e+06
1.063251931563092861e+06
1.063251931563092861e+06
1.063251931563092861e+06
1.063251931563092861e+06
1.063251931563040940e+06
1.063251931563040940e+06
1.063251931563040940e+06
1.063251766020744340e+06
5.858439781904986594e+05
5.858439781904959818e+05
5.858439781904959818e+05
5.463768463563604746e+05
4.838512606365804095e+05
4.838512606365804095e+05
4.838512606365804095e+05
4.838512606365804095e+05
4.836077665512710228e+05
4.826348290039683925e+05
4.826348289775971207e+05
4.826348289765574154e+05
4.826348289765574154e+05
4.826348289765574154e+05
4.826348289765574154e+05
4.826348289765574154e+05
4.826337385205783066e+05
4.826337385205783066e+05
4.826337385205783066e+05
4.826336489665480913e+05
2.984529987426373991e+05
2.306945813642661960e+05
2.306945813642661960e+05
2.306945813642661960e+05
2.265008762828634935e+05
2.265008762828634935e+05
2.243566875985056977e+05
2.243566875985056977e+05
2.243566875985056977e+05
2.243566875985056977e+05
2.243566875985056977e+05
2.243566875818944827e+05
2.243437766839070246e+05
2.243437766839070246e+05
2.243437766839070246e+05
2.243437766839070246e+05
2.243437766839070246e+05
2.243381062991123181e+05
2.243381062988538761e+05
2.243381062988538761e+05
2.243381062988538761e+05
2.243381062988538761e+05
2.243381062988538761e+05
1.335862074818768306e+05
1.105035850905151310e+05
1.105035850905151310e+05
1.105035846664042620e+05
1.105035846664042474e+05
1.067476210738220107e+05
1.067476208631243790e+05
1.063171820098635217e+05
1.063171820098635217e+05
1.063171820098635217e+05
1.062941673315451626e+05
1.062941673315451626e+05
1.062941673315451626e+05
1.062941673315451626e+05
1.062941673315451626e+05
1.062941673315451626e+05
1.062941673315451626e+05
1.062936541451909579e+05
1.062936541451909579e+05
1.062936541451909579e+05
1.062936541451886733e+05
1.062936541451886733e+05
1.062936541451868252e+05
6.142809176838081476e+04
6.142808881216896407e+04
5.657210560894587252e+04
5.657210560894587252e+04
5.137903906475526310e+04
5.137903906475526310e+04
5.137903906475526310e+04
5.137903906475526310e+04
5.137903905887423753e+04
5.134483027109686373e+04
5.127222028315722855e+04
5.127222028315722855e+04
5.127222028310567839e+04
5.127222028310567839e+04
5.127222028310567839e+04
5.127222028310567839e+04
5.127222028310567839e+04
5.127215444151207339e+04
5.127213931009351654e+04
5.127213931009351654e+04
3.229214362571422680e+04
2.604068739737548094e+04
2.604068739737548094e+04
2.604068739737548094e+04
2.543816208072009977e+04
2.543816208072009977e+04
2.525877277470334229e+04
2.525877277470333865e+04
2.525877277470333865e+04
2.525877277470333865e+04
2.525877277470333865e+04
2.525877277377835708e+04
2.525877277377835708e+04
2.525673355160605206e+04
2.525673355160605206e+04
2.525673355160605206e+04
2.525673355154159071e+04
2.525634904117747283e+04
2.525634904117747283e+04
2.525634904117747283e+04
2.525634904117747283e+04
2.525634904117747283e+04
1.600777800698014107e+04
1.307385223909248998e+04
1.307385215021319891e+04
1.307385215021319891e+04
1.307385215021319891e+04
1.272339269409080043e+04
1.272339268094053114e+04
1.265418830637350584e+04
1.265418830637350584e+04
1.265418830637350584e+04
1.265244382807770671e+04
1.265244382807770671e+04
1.265244382807770671e+04
1.265244382807770671e+04
1.265244382807770671e+04
1.265244382807770671e+04
1.265235321815371026e+04
1.265235321815371026e+04
1.265235321815371026e+04
1.265235321815371026e+04
1.265235321815360294e+04
1.265235321815308816e+04
1.265235321815308816e+04
7.636907362382940846e+03
7.636907161648407964e+03
6.970055953555778615e+03
6.439457937414866137e+03
6.439457937414866137e+03
6.439457937414866137e+03
6.439457937414866137e+03
6.439457937414866137e+03
6.439457936031787540e+03
6.433369730201620769e+03
6.427268080298831592e+03
6.427268080298831592e+03
6.427268080296155858e+03
6.427268080296155858e+03
6.427268080296155858e+03
6.427268080296155858e+03
6.427268080296155858e+03
6.427268080296155858e+03
6.427265117232505872e+03
6.427260571809584690e+03
6.427260571809584690e+03
4.129097633459950885e+03
4.129097633459950885e+03
3.432019774774975303e+03
3.432019774774975303e+03
3.432019774774975303e+03
3.338583296537389742e+03
3.338583296537389288e+03
3.322016922147524383e+03
3.322016922147524383e+03
3.322016922147524383e+03
3.322016922147524383e+03
3.322016922147524383e+03
3.322016922147524383e+03
3.322016922094657730e+03
3.321617186285483058e+03
3.321617186285483058e+03
3.321617186268792011e+03
3.321617186268792011e+03
3.321587968895598351e+03
3.321587968895598351e+03
3.321587968895598351e+03
3.321587968895598351e+03
2.210320666974891537e+03
1.791077399924190786e+03
1.791077379137093203e+03
1.791077379137093203e+03
1.755633253222233634e+03
1.743835401052689804e+03
1.743835400236461965e+03
1.743835400236461965e+03
1.743835400236461965e+03
1.743835400236461965e+03
1.743835400236461965e+03
1.743835400236461965e+03
1.743689848590196561e+03
1.743689848590196561e+03
1.743689848590196561e+03
1.743670345196789185e+03
1.743670345196789185e+03
1.743670345196789185e+03
1.743670345196642074e+03
1.743670345196638436e+03
1.090566979998442775e+03
1.090566979998442775e+03
1.090566979998442775e+03
1.090566966472628792e+03
9.885423976716408561e+02
9.303726570567490626e+02
9.303726570567490626e+02
9.303726566969718306e+02
9.303726566969718306e+02
9.303726566969718306e+02
9.292335860014459286e+02
9.292335860014459286e+02
9.286741426143548779e+02
9.286741426143548779e+02
9.286741426143548779e+02
9.286741426142535829e+02
9.286741426142535829e+02
9.286741426142535829e+02
9.286734415444676642e+02
9.286734415444676642e+02
9.286731279851220506e+02
9.286731279851220506e+02
9.286731279851220506e+02
6.061372213261976185e+02
6.061372213261976185e+02
6.061372213261976185e+02
5.227488922500558601e+02
5.064406154447602830e+02
5.064406154447600557e+02
5.047631055896756038e+02
5.047631055896756038e+02
5.047631055896756038e+02
5.047631055896756038e+02
5.047631055896756038e+02
5.047631055896756038e+02
5.046803698812530001e+02
5.046803698812530001e+02
5.046803698790389490e+02
5.046803698742373854e+02
5.046803698742373854e+02
5.046781411906929407e+02
5.046781411906929407e+02
3.728317331313434124e+02
2.863701855199132638e+02
2.863701794975456210e+02
2.863701794975456210e+02
2.863701794975456210e+02
2.840026477860550358e+02
2.840026477860550358e+02
2.800638731139366655e+02
2.800638730757344206e+02
2.800638730757344206e+02
2.800638730757344206e+02
2.800638730757344206e+02
2.800638730757344206e+02
2.800638730757344206e+02
2.800514677262019632e+02
2.800514677262019632e+02
2.800469573516334094e+02
2.800469573516334094e+02
2.800469573516334094e+02
2.800469573516334094e+02
2.800469573515862294e+02
2.800469573515861725e+02
2.800469573515861725e+02
1.848995801441523383e+02
1.657131369508391856e+02
1.657131369508391856e+02
1.657131363841477878e+02
1.584186668778803551e+02
1.584186668778803551e+02
1.584186667596636084e+02
1.584186667596636084e+02
1.584186667596636084e+02
1.584186667596636084e+02
1.584186667596636084e+02
1.584186667596636084e+02
1.584186667596636084e+02
1.584186667596636084e+02
1.584186667596636084e+02
1.584186667596636084e+02
1.584186667596636084e+02
1.584186667596636084e+02
1.584186667596636084e+02
1.584186667596636084e+02
1.584186667596636084e+02
1.584186667596636084e+02
1.584186667596636084e+02
1.584186667596636084e+02
1.584186667596636084e+02
1.584186667596636084e+02
1.584186667596636084e+02
1.584186667596636084e+02
1.584186667596636084e+02
1.584186667596636084e+02
1.584186667596636084e+02
1.584186667596636084e+02
1.584186667596636084e+02
1.584186667596636084e+02
1.584186667596636084e+02
1.584186667596636084e+02
1.584186667596636084e+02
1.584186667596636084e+02
1.584186667596636084e+02
1.584186667596636084e+02
1.584186667596636084e+02
1.584186667596636084e+02
1.584186667596636084e+02
1.584186667596636084e+02
1.584186667596636084e+02
1.584186667596636084e+02
1.584186667596636084e+02
1.584186667596636084e+02
1.584186667596636084e+02
1.584186667596636084e+02
1.584186667596636084e+02
1.584186667596636084e+02
1.584186667596636084e+02
1.584186667596636084e+02
1.584186667596636084e+02
1.584186667596636084e+02
1.584186667596636084e+02
1.584186667596636084e+02
1.584186667596636084e+02
1.584186667596636084e+02
1.584186667596636084e+02
1.584186667596636084e+02
1.584186667596636084e+02
1.584186667596636084e+02
1.584186667596636084e+02
1.584186667596636084e+02
1.584186667596636084e+02
1.584186667596636084e+02
1.584186667596636084e+02
1.584186667596636084e+02
1.584186667596636084e+02
1.584186667596636084e+02
1.584186667596636084e+02
1.584186667596636084e+02
1.584186667596636084e+02
1.584186667596636084e+02
1.584186667596636084e+02
1.584186667596636084e+02
1.584186667596636084e+02
1.584186667596636084e+02
1.584186667596636084e+02
1.584186667596636084e+02
1.584186667596636084e+02
1.584186667596636084e+02
1.584186667596636084e+02
1.584186667596636084e+02
1.584186667596636084e+02
1.584186667596636084e+02
1.584186667596636084e+02
1.584186667596636084e+02
1.584186667596636084e+02
1.584186667596636084e+02
1.584186667596636084e+02
1.584186667596636084e+02
1.584186667596636084e+02
1.584186667596636084e+02
1.584186667596636084e+02
1.584186667596636084e+02
1.584186667596636084e+02
1.584186667596636084e+02
1.584186667596636084e+02
1.584186667596636084e+02
1.584186667596636084e+02
1.584186667596636084e+02
1.584186667596636084e+02
1.584186667596636084e+02
1.584186667596636084e+02
1.584186667596636084e+02
1.584186667596636084e+02
1.584186667596636084e+02
1.584186667596636084e+02
1.584186667596636084e+02
1.584186667596636084e+02
1.584186667596636084e+02
1.584186667596636084e+02
1.584186667596636084e+02
1.584186667596636084e+02
1.584186667596636084e+02
1.584186667596636084e+02
1.584186667596636084e+02
1.584186667596636084e+02
1.584186667596636084e+02
1.584186667596636084e+02
1.584186667596636084e+02
1.584186667596636084e+02
1.584186667596636084e+02
1.584186667596636084e+02
1.584186667596636084e+02
1.584186667596636084e+02
1.584186667596636084e+02
1.584186667596636084e+02
1.584186667596636084e+02
1.584186667596636084e+02
1.584186667596636084e+02
1.584186667596636084e+02
1.584186667596636084e+02
1.584186667596636084e+02
1.584186667596636084e+02
1.584186667596636084e+02
1.584186667596636084e+02
1.584186667596636084e+02
1.584186667596636084e+02
1.584186667596636084e+02
1.584186667596636084e+02
1.584186667596636084e+02
1.584186667596636084e+02
1.584186667596636084e+02
1.584186667596636084e+02
1.584186667596636084e+02
1.584186667596636084e+02
1.584186667596636084e+02
1.584186667596636084e+02
1.584186667596636084e+02
1.584186667596636084e+02
1.584186667596636084e+02
1.584186667596636084e+02
1.584186667596636084e+02
1.584186667596636084e+02
1.584186667596636084e+02
1.584186667596636084e+02
1.584186667596636084e+02
1.584186667596636084e+02
1.584186667596636084e+02
1.584186667596636084e+02
1.584186667596636084e+02
1.584186667596636084e+02
1.584186667596636084e+02
1.584186667596636084e+02
1.584186667596636084e+02
1.584186667596636084e+02
1.584186667596636084e+02
1.584186667596636084e+02
1.584186667596636084e+02
1.584186667596636084e+02
1.584186667596636084e+02
1.584186667596636084e+02
1.584186667596636084e+02
1.584186667596636084e+02
1.584186667596636084e+02
1.584186667596636084e+02
1.584186667596636084e+02
1.584186667596636084e+02
1.584186667596636084e+02
1.584186667596636084e+02
1.584186667596636084e+02
1.584186667596636084e+02
1.584186667596636084e+02
1.584186667596636084e+02
1.584186667596636084e+02
1.584186667596636084e+02
1.584186667596636084e+02
1.584186667596636084e+02
1.584186667596636084e+02
1.584186667596636084e+02
1.584186667596636084e+02
1.584186667596636084e+02
1.584186667596636084e+02
1.584186667596636084e+02
1.584186667596636084e+02
1.584186667596636084e+02
1.584186667596636084e+02
1.584186667596636084e+02
1.584186667596636084e+02
1.584186667596636084e+02
1.584186667596636084e+02
1.584186667596636084e+02
1.584186667596636084e+02
1.584186667596636084e+02
1.584186667596636084e+02
1.584186667596636084e+02
1.584186667596636084e+02
1.584186667596636084e+02
1.584186667596636084e+02
1.584186667596636084e+02
1.584186667596636084e+02
1.584186667596636084e+02
1.584186667596636084e+02
1.584186667596636084e+02
1.584186667596636084e+02
1.584186667596636084e+02
1.584186667596636084e+02
1.584186667596636084e+02
1.584186667596636084e+02
1.584186667596636084e+02
1.584186667596636084e+02
1.584186667596636084e+02
1.584186667596636084e+02
1.584186667596636084e+02
1.584186667596636084e+02
1.584186667596636084e+02
1.584186667596636084e+02
1.584186667596636084e+02
1.584186667596636084e+02
1.584186667596636084e+02
1.584186667596636084e+02
1.584186667596636084e+02
1.584186667596636084e+02
1.584186667596636084e+02
1.584186667596636084e+02
1.584186667596636084e+02
1.584186667596636084e+02
1.584186667596636084e+02
1.584186667596636084e+02
1.584186667596636084e+02
1.584186667596636084e+02
1.584186667596636084e+02
1.584186667596636084e+02
1.584186667596636084e+02
1.584186667596636084e+02
1.584186667596636084e+02
1.584186667596636084e+02
1.584186667596636084e+02
1.584186667596636084e+02
1.584186667596636084e+02
1.584186667596636084e+02
1.584186667596636084e+02
1.584186667596636084e+02
1.584186667596636084e+02
1.584186667596636084e+02
1.584186667596636084e+02
1.584186667596636084e+02
1.584186667596636084e+02
1.584186667596636084e+02
1.584186667596636084e+02
1.584186667596636084e+02
1.584186667596636084e+02
1.584186667596636084e+02
1.584186667596636084e+02
1.584186667596636084e+02
1.584186667596636084e+02
1.584186667596636084e+02
1.584186667596636084e+02
1.584186667596636084e+02
1.584186667596636084e+02
1.584186667596636084e+02
1.584186667596636084e+02
1.584186667596636084e+02
1.584186667596636084e+02
1.584186667596636084e+02
1.584186667596636084e+02
1.584186667596636084e+02
1.584186667596636084e+02
1.584186667596636084e+02
1.584186667596636084e+02
1.584186667596636084e+02
1.584186667596636084e+02
1.584186667596636084e+02
1.584186667596636084e+02
1.584186667596636084e+02
1.584186667596636084e+02
1.584186667596636084e+02
1.584186667596636084e+02
1.584186667596636084e+02
1.584186667596636084e+02
1.584186667596636084e+02
1.584186667596636084e+02
1.584186667596636084e+02
1.584186667596636084e+02
1.584186667596636084e+02
1.584186667596636084e+02
1.584186667596636084e+02
1.584186667596636084e+02
1.584186667596636084e+02
1.584186667596636084e+02
1.584186667596636084e+02
1.584186667596636084e+02
1.584186667596636084e+02
1.584186667596636084e+02
1.584186667596636084e+02
1.584186667596636084e+02
1.584186667596636084e+02
1.584186667596636084e+02
1.584186667596636084e+02
1.584186667596636084e+02
1.584186667596636084e+02
1.584186667596636084e+02
1.584186667596636084e+02
1.584186667596636084e+02
1.584186667596636084e+02
1.584186667596636084e+02
1.584186667596636084e+02
1.584186667596636084e+02
1.584186667596636084e+02
1.584186667596636084e+02
1.584186667596636084e+02
1.584186667596636084e+02
1.584186667596636084e+02
1.584186667596636084e+02
1.584186667596636084e+02
1.584186667596636084e+02
1.584186667596636084e+02
1.584186667596636084e+02
1.584186667596636084e+02
1.584186667596636084e+02
1.584186667596636084e+02
1.584186667596636084e+02
1.584186667596636084e+02
1.584186667596636084e+02
1.584186667596636084e+02
1.584186667596636084e+02
1.584186667596636084e+02
1.584186667596636084e+02
1.584186667596636084e+02
1.584186667596636084e+02
1.584186667596636084e+02
1.584186667596636084e+02
1.584186667596636084e+02
1.584186667596636084e+02
1.584186667596636084e+02
1.584186667596636084e+02
1.584186667596636084e+02
1.584186667596636084e+02
1.584186667596636084e+02
1.584186667596636084e+02
1.584186667596636084e+02
1.584186667596636084e+02
1.584186667596636084e+02
1.584186667596636084e+02
1.584186667596636084e+02
1.584186667596636084e+02
1.584186667596636084e+02
1.584186667596635516e+02
1.584186667596633811e+02
1.584186667596630684e+02
1.584186667596629263e+02
1.584186667596629263e+02
1.584186667596629263e+02
1.584186667596629263e+02
1.584186667596629263e+02
1.584186667596629263e+02
1.584186667596629263e+02
1.584186667596629263e+02
1.584186667596629263e+02
1.584186667596629263e+02
1.584186667596628695e+02
1.584186667596625853e+02
1.584186667596610221e+02
1.584186667596542009e+02
1.584186667596316056e+02
1.584186667595905931e+02
1.584186667595709821e+02
1.584186667595703568e+02
1.584186667595703568e+02
1.584186667595703568e+02
1.584186667595703568e+02
1.584186667595703568e+02
1.584186667595703568e+02
1.584186667595703000e+02
1.584186667595697600e+02
1.584186667595656957e+02
1.584186667595388940e+02
1.584186667593953644e+02
1.584186667587648571e+02
1.584186667566814322e+02
1.584186667529009185e+02
1.584186667510932409e+02
1.584186667510371649e+02
1.584186667510371649e+02
1.584186667510371649e+02
1.584186667510371649e+02
1.584186667510371649e+02
1.584186667510367954e+02
1.584186667510329869e+02
1.584186667509985966e+02
1.584186667507390212e+02
1.584186667490214973e+02
1.584186667398324744e+02
1.584186666994629036e+02
1.584186665660720621e+02
1.584186663240249118e+02
1.584186662082888404e+02
1.584186662046981837e+02
1.584186662046974448e+02
1.584186662046974448e+02
1.584186662046974448e+02
1.584186662046974448e+02
1.584186662045262040e+02
1.584186662029911190e+02
1.584186661913950047e+02
1.584186661146663653e+02
1.584186657041576325e+02
1.584186639006917972e+02
1.584186579416069378e+02
1.584186471284245386e+02
1.584186419580465497e+02
1.584186417976397649e+02
1.584186417976054884e+02
1.584186417976054884e+02
1.584186417976054884e+02
1.584186417976054884e+02
1.584186417922436476e+02
1.584186417441730725e+02
1.584186413810438125e+02
1.584186389783097297e+02
1.584186261233561765e+02
1.584185696484061623e+02
1.584183830418673438e+02
1.584180444321463312e+02
1.584178825246864051e+02
1.584178775016437442e+02
1.584178775005702278e+02
1.584178775005702278e+02
1.584178775005702278e+02
1.584178775005702278e+02
1.584178764407263031e+02
1.584178684345738191e+02
1.584178154599146922e+02
1.584175320388727641e+02
1.584162869124964459e+02
1.584121728544995449e+02
1.584047081491480071e+02
1.584011391106798783e+02
1.584010283867212934e+02
1.584010283630578613e+02
1.584010283630578613e+02
1.584010283630578613e+02
1.584010283630578613e+02
1.584010118436317214e+02
1.584008870545664536e+02
1.584000613619416526e+02
1.583956439401254954e+02
1.583762400374432957e+02
1.583121586666215137e+02
1.581960107839687737e+02
1.581405342860029748e+02
1.581388137948213739e+02
1.581388134271291506e+02
1.581388134271291506e+02
1.581388134271291506e+02
1.581388134271291506e+02
1.581386311724612028e+02
1.581372544184803814e+02
1.581281453907794230e+02
1.580794286721890956e+02
1.578657592741060114e+02
1.571638334008606819e+02
1.559059511029414296e+02
1.553115767920910457e+02
1.552932092828512509e+02
1.552932053578880414e+02
1.552932053578880414e+02
1.552932053578880414e+02
1.552932053578880414e+02
1.552827292136344397e+02
1.552134468271354706e+02
1.548438243152141069e+02
1.532406213467847920e+02
1.481715194349499427e+02
1.397811746402917379e+02
1.360962381727823072e+02
1.359850207429012414e+02
1.359849969934036267e+02
1.359849969934035983e+02
1.359849969934035983e+02
1.359849969934035983e+02
1.359849969934035983e+02
1.359396437804579136e+02
1.356403137233640734e+02
1.340609889006882440e+02
1.275371258649994530e+02
1.098704448425672950e+02
8.780098375818541001e+01
8.010701846547311789e+01
7.988982698500524293e+01
7.988978069362346446e+01
7.988978069362339340e+01
7.988978069362339340e+01
7.988978069362339340e+01
7.988978069362339340e+01
7.982630783237588901e+01
7.940885227601387442e+01
7.724755847939212572e+01
6.899738547850034820e+01
5.099967163590666530e+01
3.461537625867894263e+01
3.000604468507759037e+01
2.988259565666935202e+01
2.988256938222389536e+01
2.988256938222385273e+01
2.988256938222385273e+01
2.988256938222385273e+01
2.988256938222385273e+01
2.971155469211225153e+01
2.882886536995993154e+01
2.550059673470185473e+01
1.845900573789458932e+01
1.229726908596241408e+01
1.060464750070146600e+01
1.055955572798505138e+01
1.055954613214452742e+01
1.055954613214451321e+01
1.055954613214451321e+01
1.055954613214451321e+01
1.055954613214451321e+01
1.051429221268184122e+01
1.027861882194864229e+01
9.357190586883490369e+00
7.218889646082331524e+00
5.102896985373199357e+00
4.475611872052634332e+00
4.458607995844896088e+00
4.458604375656659791e+00
4.458604375656653573e+00
4.458604375656653573e+00
4.458604375656653573e+00
4.458604375656653573e+00
4.392986039905992790e+00
4.126200587968614997e+00
3.436592922403423955e+00
2.636905431404945599e+00
2.372884903902782838e+00
2.365536833333633737e+00
2.365535267798674735e+00
2.365535267798672514e+00
2.365535267798672514e+00
2.365535267798672514e+00
2.365535267798672514e+00
2.344741642973164453e+00
2.257559891347061143e+00
2.010548583759441232e+00
1.677495843712021983e+00
1.554377241163015233e+00
1.550845967674649772e+00
1.550845214700482311e+00
1.550845214700480978e+00
1.550845214700480978e+00
1.550845214700480978e+00
1.550845214700480978e+00
1.543507071933198915e+00
1.512074747644526207e+00
1.416744426836120674e+00
1.271305180658751421e+00
1.211821535029136365e+00
1.210064999557492582e+00
1.210064624702308800e+00
1.210064624702308134e+00
1.210064624702308134e+00
1.210064624702308134e+00
1.210064624702308134e+00
1.198358560051123289e+00
1.161239595068287667e+00
1.099444178570465391e+00
1.072162943321619988e+00
1.071338201719967298e+00
1.071338025595242938e+00
1.071338025595242716e+00
1.071338025595242716e+00
1.071338025595242716e+00
1.071338025595242716e+00
1.067270139850305277e+00
1.054045818770442233e+00
1.030867815948022903e+00
1.020141618259924776e+00
1.019812415418638318e+00
1.019812345085487904e+00
1.019812345085487681e+00
1.019812345085487681e+00
1.019812345085487681e+00
1.019812345085487681e+00
1.018611310567933304e+00
1.014662842323620806e+00
1.007575688817804682e+00
1.004221800953120969e+00
1.004118106357936524e+00
1.004118084199048688e+00
1.004118084199048688e+00
1.004118084199048688e+00
1.004118084199048688e+00
1.004118084199048688e+00
1.003193233831147557e+00
1.001519370319400970e+00
1.000720976326032741e+00
1.000696227156303353e+00
1.000696221867144908e+00
1.000696221867144908e+00
1.000696221867144908e+00
1.000696221867144908e+00
1.000696221867144908e+00
1.000532394391163704e+00
1.000235254717426248e+00
1.000093238222940606e+00
1.000088832921079307e+00
1.000088831979600634e+00
1.000088831979600634e+00
1.000088831979600634e+00
1.000088831979600634e+00
1.000088831979600634e+00
1.000067145535109558e+00
1.000027796340007047e+00
1.000008982415202530e+00
1.000008398739729465e+00
1.000008398614988803e+00
1.000008398614988803e+00
1.000008398614988803e+00
1.000008398614988803e+00
1.000006256484482492e+00
1.000002369459680018e+00
1.000000510869551107e+00
1.000000453208406803e+00
1.000000453196083550e+00
1.000000453196083550e+00
1.000000453196083550e+00
1.000000453196083550e+00
1.000000166191828743e+00
1.000000028959333376e+00
1.000000024701806822e+00
1.000000024700896883e+00
1.000000024700896883e+00
1.000000024700896883e+00
1.000000024700896883e+00
1.000000008823053399e+00
1.000000001230981539e+00
1.000000000995443505e+00
1.000000000995393323e+00
1.000000000995393323e+00
1.000000000995393323e+00
1.000000000995393323e+00
1.000000000335660832e+00
1.000000000020206281e+00
1.000000000010419665e+00
1.000000000010417445e+00
1.000000000010417445e+00
1.000000000010417445e+00
1.000000000010417445e+00
1.000000000000550227e+00
1.000000000000244027e+00
1.000000000000244027e+00
1.000000000000244027e+00
1.000000000000244027e+00
1.000000000000244027e+00
1.000000000000011102e+00
1.000000000000003775e+00
1.000000000000003775e+00
1.000000000000003775e+00
1.000000000000003775e+00
1.000000000000003775e+00
9.999999999999995559e-01
9.999999999999993339e-01
9.999999999999993339e-01
9.999999999999993339e-01
9.999999999999993339e-01
9.999999999999993339e-01
9.999999999999993339e-01
9.999999999999993339e-01
9.999999999999993339e-01
9.999999999999993339e-01
9.999999999999993339e-01
9.999999999999993339e-01
9.999999999999993339e-01
9.999999999999993339e-01
9.999999999999993339e-01
9.999999999999993339e-01
9.999999999999993339e-01
9.999999999999993339e-01
9.999999999999993339e-01
9.999999999999993339e-01
9.999999999999993339e-01
9.999999999999993339e-01
9.999999999999993339e-01
9.999999999999993339e-01
9.999999999999993339e-01
9.999999999999993339e-01
9.999999999999993339e-01
9.999999999999993339e-01
9.999999999999993339e-01
9.999999999999993339e-01
9.999999999999993339e-01
9.999999999999993339e-01
9.999999999999993339e-01
9.999999999999993339e-01
9.999999999999993339e-01
9.999999999999993339e-01
9.999999999999993339e-01
9.999999999999993339e-01
9.999999999999993339e-01
9.999999999999993339e-01
9.999999999999993339e-01
9.999999999999993339e-01
9.999999999999993339e-01
9.999999999999993339e-01
9.999999999999993339e-01
9.999999999999993339e-01
9.999999999999993339e-01
9.999999999999993339e-01
9.999999999999993339e-01
9.999999999999993339e-01
9.999999999999993339e-01
9.999999999999993339e-01
9.999999999999993339e-01
9.999999999999993339e-01
9.999999999999993339e-01
9.999999999999993339e-01
9.999999999999993339e-01
9.999999999999993339e-01
9.999999999999993339e-01
9.999999999999993339e-01
9.999999999999993339e-01
9.999999999999993339e-01
9.999999999999993339e-01
9.999999999999993339e-01
