1.000000000000035305e+00
1.000000000000032196e+00
1.000000000000032196e+00
1.000000000000032196e+00
1.000000000000032196e+00
1.000000000000031974e+00
1.000000000000031752e+00
1.000000000000031752e+00
1.000000000000031752e+00
1.000000000000031752e+00
1.000000000000031752e+00
1.000000000000031752e+00
1.000000000000031752e+00
1.000000000000031752e+00
1.000000000000031752e+00
1.000000000000031752e+00
1.000000000000026645e+00
1.000000000000026645e+00
1.000000000000026645e+00
1.000000000000026645e+00
1.000000000000026645e+00
1.000000000000026645e+00
1.000000000000026645e+00
1.000000000000026645e+00
1.000000000000026645e+00
1.000000000000026645e+00
1.000000000000026645e+00
1.000000000000026645e+00
1.000000000000026645e+00
1.000000000000026645e+00
1.000000000000026645e+00
1.000000000000023315e+00
1.000000000000023315e+00
1.000000000000023315e+00
1.000000000000023315e+00
1.000000000000023315e+00
1.000000000000023315e+00
1.000000000000023315e+00
1.000000000000023315e+00
1.000000000000023315e+00
1.000000000000023093e+00
1.000000000000023093e+00
1.000000000000023093e+00
1.000000000000023093e+00
1.000000000000023093e+00
1.000000000000023093e+00
1.000000000000023093e+00
1.000000000000023093e+00
1.000000000000023093e+00
1.000000000000023093e+00
1.000000000000023093e+00
1.000000000000023093e+00
1.000000000000023093e+00
1.000000000000023093e+00
1.000000000000023093e+00
1.000000000000023093e+00
1.000000000000023093e+00
1.000000000000023093e+00
1.000000000000023093e+00
1.000000000000023093e+00
1.000000000000023093e+00
1.000000000000023093e+00
1.000000000000023093e+00
1.000000000000022871e+00
1.000000000000022871e+00
1.000000000000022871e+00
1.000000000000022871e+00
1.000000000000022871e+00
1.000000000000022871e+00
1.000000000000022871e+00
1.000000000000022871e+00
1.000000000000022871e+00
1.000000000000022871e+00
1.000000000000022871e+00
1.000000000000023093e+00
1.000000000000023093e+00
1.000000000000022871e+00
1.000000000000022871e+00
1.000000000000023093e+00
1.000000000000023093e+00
1.000000000000023093e+00
1.000000000000023093e+00
1.000000000000023093e+00
1.000000000000023093e+00
1.000000000000022871e+00
1.000000000000022871e+00
1.000000000000022871e+00
1.000000000000022871e+00
1.000000000000023093e+00
1.000000000000023093e+00
1.000000000000023093e+00
1.000000000000023093e+00
1.000000000000023093e+00
1.000000000000023093e+00
1.000000000000023093e+00
1.000000000000023093e+00
1.000000000000023093e+00
1.000000000000023093e+00
1.000000000000023093e+00
1.000000000000023093e+00
1.000000000000023093e+00
1.000000000000023093e+00
1.000000000000023093e+00
1.000000000000023093e+00
1.000000000000023093e+00
1.000000000000023093e+00
1.000000000000023093e+00
1.000000000000023093e+00
1.000000000000023093e+00
1.000000000000023093e+00
1.000000000000023093e+00
1.000000000000023093e+00
1.000000000000023093e+00
1.000000000000023093e+00
1.000000000000022871e+00
1.000000000000022871e+00
1.000000000000022871e+00
1.000000000000022871e+00
1.000000000000022871e+00
1.000000000000022871e+00
1.000000000000022871e+00
1.000000000000023093e+00
1.000000000000023093e+00
1.000000000000023093e+00
1.000000000000023093e+00
1.000000000000023093e+00
1.000000000000023093e+00
1.000000000000023093e+00
1.000000000000023093e+00
1.000000000000023093e+00
1.000000000000023093e+00
1.000000000000023093e+00
1.000000000000023093e+00
1.000000000000016209e+00
1.000000000000016209e+00
1.000000000000016209e+00
1.000000000000016209e+00
1.000000000000016209e+00
1.000000000000016209e+00
1.000000000000016209e+00
1.000000000000016209e+00
1.000000000000016209e+00
1.000000000000016209e+00
1.000000000000016209e+00
1.000000000000016209e+00
1.000000000000016209e+00
1.000000000000016209e+00
1.000000000000016209e+00
1.000000000000016209e+00
1.000000000000016209e+00
1.000000000000016209e+00
1.000000000000016209e+00
1.000000000000016209e+00
1.000000000000016209e+00
1.000000000000016209e+00
1.000000000000014211e+00
1.000000000000014211e+00
1.000000000000014211e+00
1.000000000000014211e+00
1.000000000000014211e+00
1.000000000000014211e+00
1.000000000000014211e+00
1.000000000000014211e+00
1.000000000000014211e+00
1.000000000000014211e+00
1.000000000000014211e+00
1.000000000000014211e+00
1.000000000000014211e+00
1.000000000000014211e+00
1.000000000000014211e+00
1.000000000000014211e+00
1.000000000000014211e+00
1.000000000000014211e+00
1.000000000000014211e+00
1.000000000000014211e+00
1.000000000000014211e+00
1.000000000000014211e+00
1.000000000000014211e+00
1.000000000000014211e+00
1.000000000000014211e+00
1.000000000000014211e+00
1.000000000000014211e+00
1.000000000000014211e+00
1.000000000000014211e+00
1.000000000000014211e+00
1.000000000000014211e+00
1.000000000000014211e+00
1.000000000000014211e+00
1.000000000000014211e+00
1.000000000000013989e+00
1.000000000000013989e+00
1.000000000000013989e+00
1.000000000000013989e+00
1.000000000000013989e+00
1.000000000000013989e+00
1.000000000000013989e+00
1.000000000000013989e+00
1.000000000000013989e+00
1.000000000000013989e+00
1.000000000000013989e+00
1.000000000000013989e+00
1.000000000000013989e+00
1.000000000000013989e+00
1.000000000000013989e+00
1.000000000000013989e+00
1.000000000000013989e+00
1.000000000000013989e+00
1.000000000000013989e+00
1.000000000000013989e+00
1.000000000000013989e+00
1.000000000000013989e+00
1.000000000000013989e+00
1.000000000000013989e+00
1.000000000000009992e+00
1.000000000000009992e+00
1.000000000000009992e+00
1.000000000000009992e+00
1.000000000000009992e+00
1.000000000000009992e+00
1.000000000000009992e+00
1.000000000000009992e+00
1.000000000000009992e+00
1.000000000000009992e+00
1.000000000000009992e+00
1.000000000000009992e+00
1.000000000000009992e+00
1.000000000000009992e+00
1.000000000000009992e+00
1.000000000000009992e+00
1.000000000000009992e+00
1.000000000000009992e+00
1.000000000000009992e+00
1.000000000000009992e+00
1.000000000000009992e+00
1.000000000000009770e+00
1.000000000000009770e+00
1.000000000000009770e+00
1.000000000000009992e+00
1.000000000000009992e+00
1.000000000000009992e+00
1.000000000000009992e+00
1.000000000000009992e+00
1.000000000000009992e+00
1.000000000000009992e+00
1.000000000000009770e+00
1.000000000000009770e+00
1.000000000000009770e+00
1.000000000000009770e+00
1.000000000000009770e+00
1.000000000000009992e+00
1.000000000000009992e+00
1.000000000000009992e+00
1.000000000000009992e+00
1.000000000000009992e+00
1.000000000000009992e+00
1.000000000000009992e+00
1.000000000000009992e+00
1.000000000000009992e+00
1.000000000000009770e+00
1.000000000000009770e+00
1.000000000000009992e+00
1.000000000000009992e+00
1.000000000000009992e+00
1.000000000000009992e+00
1.000000000000009992e+00
1.000000000000009992e+00
1.000000000000009992e+00
1.000000000000009992e+00
1.000000000000009992e+00
1.000000000000009992e+00
1.000000000000009992e+00
1.000000000000009992e+00
1.000000000000009992e+00
1.000000000000009992e+00
1.000000000000009992e+00
1.000000000000009770e+00
1.000000000000009770e+00
1.000000000000009770e+00
1.000000000000009992e+00
1.000000000000009992e+00
1.000000000000009992e+00
1.000000000000009992e+00
1.000000000000009992e+00
1.000000000000009992e+00
1.000000000000009992e+00
1.000000000000009992e+00
1.000000000000009992e+00
1.000000000000009992e+00
1.000000000000009992e+00
1.000000000000009992e+00
1.000000000000009992e+00
1.000000000000009992e+00
1.000000000000009992e+00
1.000000000000009770e+00
1.000000000000009770e+00
1.000000000000009770e+00
1.000000000000009992e+00
1.000000000000009770e+00
1.000000000000009992e+00
1.000000000000009992e+00
1.000000000000009770e+00
1.000000000000009770e+00
1.000000000000009770e+00
1.000000000000009770e+00
1.000000000000009770e+00
1.000000000000009992e+00
1.000000000000006439e+00
1.000000000000006439e+00
1.000000000000006439e+00
1.000000000000006439e+00
1.000000000000006439e+00
1.000000000000006439e+00
1.000000000000006439e+00
1.000000000000006439e+00
1.000000000000006439e+00
1.000000000000006439e+00
1.000000000000006439e+00
1.000000000000006439e+00
1.000000000000006439e+00
1.000000000000006439e+00
1.000000000000006439e+00
1.000000000000006439e+00
1.000000000000006439e+00
1.000000000000006439e+00
1.000000000000006439e+00
1.000000000000006439e+00
1.000000000000005773e+00
1.000000000000005773e+00
1.000000000000005773e+00
9.999999999999943379e-01
9.999999999998649969e-01
9.999999999998649969e-01
9.999999999998649969e-01
9.999999999998649969e-01
9.999999999997322142e-01
9.999999999997323252e-01
9.999999999997323252e-01
9.999999999997323252e-01
9.999999999997323252e-01
9.999999999997323252e-01
9.999999999996890265e-01
9.999999999996890265e-01
9.999999999996890265e-01
9.999999999972551956e-01
9.999999999972425391e-01
9.999999999972425391e-01
9.999999999972419840e-01
9.999999999972419840e-01
9.999999999972419840e-01
9.999999999939840345e-01
9.999999999939841455e-01
9.999999999939841455e-01
9.999999999924051863e-01
9.999999999924051863e-01
9.999999999924051863e-01
9.999999999924051863e-01
9.999999999924051863e-01
9.999999999924050753e-01
9.999999999922404292e-01
9.999999999650491800e-01
9.999999999650491800e-01
9.999999999649408222e-01
9.999999998986951466e-01
9.999999998986951466e-01
9.999999998579992555e-01
9.999999998579993665e-01
9.999999998579993665e-01
9.999999998579993665e-01
9.999999998579991445e-01
9.999999998579991445e-01
9.999999998497571818e-01
9.999999998497571818e-01
9.999999998497571818e-01
9.999999996825883475e-01
9.999999986176086875e-01
9.999999986175573952e-01
9.999999986175573952e-01
9.999999986175573952e-01
9.999999978597656769e-01
9.999999978597655659e-01
9.999999978597596817e-01
9.999999978597596817e-01
9.999999978597596817e-01
9.999999978597596817e-01
9.999999975809628072e-01
9.999999975809628072e-01
9.999999975809628072e-01
9.999999853064948097e-01
9.999999853064946986e-01
9.999999852133737432e-01
9.999999852119758614e-01
9.999999852119758614e-01
9.999999852119758614e-01
9.999999743219895043e-01
9.999999743219504245e-01
9.999999743219504245e-01
9.999999681068231228e-01
9.999999681068231228e-01
9.999999681068231228e-01
9.999999681068231228e-01
9.999999681068221236e-01
9.999999681068221236e-01
9.999999681068221236e-01
9.999999678045506935e-01
9.999998869388531109e-01
9.999998869388531109e-01
9.999997538941919339e-01
9.999997538540618125e-01
9.999997538540618125e-01
9.999996617690338763e-01
9.999996617690033451e-01
9.999996617690033451e-01
9.999996617690033451e-01
9.999996617689345113e-01
9.999996617689345113e-01
9.999996617689345113e-01
9.999996528957481035e-01
9.999996528957481035e-01
9.999993677818388438e-01
9.999981070992095544e-01
9.999981070992095544e-01
9.999981069504338960e-01
9.999981069504338960e-01
9.999981069504338960e-01
9.999971502967174297e-01
9.999971502967174297e-01
9.999971502940575574e-01
9.999971502940575574e-01
9.999971502940575574e-01
9.999971502940374624e-01
9.999969823043668438e-01
9.999969823043668438e-01
9.999969823043668438e-01
9.999887913975922249e-01
9.999887913975914477e-01
9.999886897914052053e-01
9.999886892940000882e-01
9.999886892940000882e-01
9.999808562077366902e-01
9.999808562077366902e-01
9.999808561646913452e-01
9.999808561646913452e-01
9.999808561646913452e-01
9.999787211076947013e-01
9.999787211076947013e-01
9.999787211076947013e-01
9.999787211076883731e-01
9.999787211074180338e-01
9.999787211074180338e-01
9.999787211074180338e-01
9.999787211074180338e-01
9.999786630698105361e-01
9.999503034004653124e-01
9.999503034004653124e-01
9.998952409649312090e-01
9.998952248945010002e-01
9.998952248945010002e-01
9.998759985519942717e-01
9.998759985308293130e-01
9.998759985308293130e-01
9.998759985308293130e-01
9.998759985185099453e-01
9.998759985185099453e-01
9.998759985185099453e-01
9.998749265672595143e-01
9.998749265672580711e-01
9.998201980517998910e-01
9.995261876197747419e-01
9.995261876197747419e-01
9.995261567240572020e-01
9.995261567240572020e-01
9.995261567240572020e-01
9.993983917337843081e-01
9.993983917337839751e-01
9.993983913946952180e-01
9.993983913946952180e-01
9.993983913946952180e-01
9.993983913872094282e-01
9.993849118498702166e-01
9.993849118498702166e-01
9.993849118498702166e-01
9.982634076101987164e-01
9.982634076101705167e-01
9.982550462904112853e-01
9.982550162160859220e-01
9.982550162160859220e-01
9.975864262493153722e-01
9.975864262493154833e-01
9.975864192251575613e-01
9.975864192251575613e-01
9.975864192251575613e-01
9.974713113569007028e-01
9.974713113569007028e-01
9.974713113569007028e-01
9.974713113555355726e-01
9.974713113450367485e-01
9.974713113450367485e-01
9.974713113450368596e-01
9.974713113450368596e-01
9.974679572556408580e-01
9.949555679714402467e-01
9.949555679714402467e-01
9.919818616800056832e-01
9.919818616800056832e-01
9.919806320098869534e-01
9.912908286538223424e-01
9.912908265170207178e-01
9.912908265170206068e-01
9.912908265170206068e-01
9.912908261749744376e-01
9.912908261749744376e-01
9.912908261749744376e-01
9.912481427244514975e-01
9.912481427243055032e-01
9.879584926172558790e-01
9.777030449226969955e-01
9.777030449226969955e-01
9.777018833409097942e-01
9.777018833409097942e-01
9.777018833409097942e-01
9.746612139352203164e-01
9.746612139352184290e-01
9.746612139352184290e-01
9.746612070371161174e-01
9.746612070371161174e-01
9.746612070371161174e-01
9.746612066115839523e-01
9.742952725513503998e-01
9.742952725513503998e-01
9.742952725513503998e-01
9.742952725513503998e-01
9.483515663332983125e-01
9.483515663330649437e-01
9.480675720059926759e-01
9.480672469963731253e-01
9.480672469963731253e-01
9.376315925256208939e-01
9.376315925256204498e-01
9.376313989163418405e-01
9.376313989163418405e-01
9.376313989163418405e-01
9.355522432327632032e-01
9.355522432327632032e-01
9.355522431891480917e-01
9.355522431891480917e-01
9.355522431175209430e-01
9.355522431175209430e-01
9.355522431175209430e-01
9.355522431175209430e-01
9.355219790473797703e-01
8.998144786065231937e-01
8.998144786065231937e-01
8.998144786065231937e-01
8.699715885828827044e-01
8.699360968258348370e-01
8.620179556434997004e-01
8.620179254811607406e-01
8.620179254811607406e-01
8.620179254811607406e-01
8.620179239658535275e-01
8.620179239658531944e-01
8.620179239658531944e-01
8.617732224712729705e-01
8.617732224687313369e-01
8.328321588521772068e-01
7.679985069620697269e-01
7.679985069620697269e-01
7.679814699566211988e-01
7.679814699566211988e-01
7.679814699566211988e-01
7.466487847895063590e-01
7.466487847894996976e-01
7.466487847894996976e-01
7.466487660517888703e-01
7.466487660517888703e-01
7.466487660517888703e-01
7.466487629422209338e-01
7.453936385701489531e-01
7.453936385701489531e-01
7.453936385701489531e-01
7.453936385701489531e-01
6.436998223718196632e-01
6.436998223711021261e-01
6.420013930394462554e-01
6.420006877149875280e-01
6.420006877149875280e-01
5.975816611298171432e-01
5.975816611298145897e-01
5.975804316929324012e-01
5.975804316929324012e-01
5.975804316929324012e-01
5.933753266578204455e-01
5.933753266578204455e-01
5.933753264882188905e-01
5.933753264882188905e-01
5.933753263716130544e-01
5.933753263716130544e-01
5.933753263716130544e-01
5.933753263716130544e-01
5.933383078722539450e-01
5.933383078722539450e-01
5.147542957412919451e-01
5.147542957412919451e-01
5.147542957412919451e-01
4.379372704171001773e-01
4.378494975482214446e-01
4.279593404104528043e-01
4.279592267934458905e-01
4.279592267934457239e-01
4.279592267934457239e-01
4.279592251866974895e-01
4.279592251866972674e-01
4.279592251866972674e-01
4.277707260518465171e-01
4.277707260464040928e-01
3.915345479543339002e-01
2.935358002212992146e-01
2.935358002212992146e-01
2.935358002212992146e-01
2.935130414502851171e-01
2.935130414502851171e-01
2.935130414502851171e-01
2.759086891673132591e-01
2.759086891673097064e-01
2.759086891673097064e-01
2.759086746918394395e-01
2.759086746918394395e-01
2.759086746918394395e-01
2.759086678271792659e-01
2.752533764541900130e-01
2.752533764541900130e-01
2.752533764541900130e-01
2.752533764541900130e-01
1.837040934122502744e-01
1.837040934120489355e-01
1.827057472091358215e-01
1.827054546554584546e-01
1.827054546554584546e-01
1.576996436896312692e-01
1.576996436896277165e-01
1.576983485250003092e-01
1.576983485250003092e-01
1.576983485250003092e-01
1.561396067098563545e-01
1.561396067098563545e-01
1.561396067098563545e-01
1.561396064767954783e-01
1.561396064460544020e-01
1.561396064460544020e-01
1.561396064460544020e-01
1.561396064460544020e-01
1.561396064460544020e-01
1.561253128868541618e-01
1.095997904015009461e-01
1.095997904015009461e-01
8.037895969452467371e-02
8.037895969452467371e-02
8.032992457948576193e-02
7.772419647261494258e-02
7.772412063417311057e-02
7.772412063417305506e-02
7.772412063417305506e-02
7.772412031794699583e-02
7.772412031794698195e-02
7.772412031794698195e-02
7.767187860150587264e-02
7.767187859683934159e-02
6.266727818416988061e-02
3.725108035495667408e-02
3.725108035495667408e-02
3.725108035495667408e-02
3.724415781154321453e-02
3.724415781154321453e-02
3.724415781154321453e-02
3.397885858025682243e-02
3.397885858025640610e-02
3.397885858025640610e-02
3.397885637991664154e-02
3.397885637991664154e-02
3.397885637991664154e-02
3.397885356770482396e-02
3.397885356770482396e-02
3.384810073558783272e-02
3.384810073558783272e-02
3.384810073558783272e-02
3.384810073558783272e-02
1.661887760086461566e-02
1.661887760084935356e-02
1.633847393727854910e-02
1.633844678825331631e-02
1.633844678825331631e-02
1.309052241016191859e-02
1.309052241015976406e-02
1.309023132878035095e-02
1.309023132878035095e-02
1.309023132878035095e-02
1.286500242554002200e-02
1.286500242554002200e-02
1.286500242554002200e-02
1.286500236581411202e-02
1.286500236398768066e-02
1.286500236398768066e-02
1.286500236398768066e-02
1.286500236398768066e-02
1.286500236398768066e-02
1.286390409330672932e-02
7.169378456335994722e-03
7.169378456335994722e-03
4.530583240853733144e-03
4.530583240853733144e-03
4.518913158999493529e-03
4.518913158999493529e-03
4.250373013710245611e-03
4.250362853877922079e-03
4.250362853877904731e-03
4.250362853877904731e-03
4.250362853877904731e-03
4.250362840252521791e-03
4.250362840252520924e-03
4.250362840252520924e-03
4.247548571218317734e-03
4.247548570474974847e-03
3.016568270021696262e-03
1.459438544887679432e-03
1.459438544887679432e-03
1.459438544887679432e-03
1.458474117700267469e-03
1.458474117700267469e-03
1.458474117700267469e-03
1.227191350370349359e-03
1.227191350370333963e-03
1.227191350370333963e-03
1.227191283568399103e-03
1.227191283568399103e-03
1.227191283568399103e-03
1.227191064101920909e-03
1.227191064101920909e-03
1.222465217291632007e-03
1.222465217291632007e-03
1.222465217291632007e-03
1.222465217291632007e-03
4.861397449698029298e-04
4.861397449693162314e-04
4.686801211605277017e-04
4.686794613384364229e-04
4.686794613384364229e-04
3.155446918428115688e-04
3.155446918426244355e-04
3.155235380258095677e-04
3.155235380258095677e-04
3.155235380258095677e-04
3.102115649391946699e-04
3.102115649391946699e-04
3.102115649391946699e-04
3.102115621961124329e-04
3.102115621619829953e-04
3.102115621619829953e-04
3.102115621619829953e-04
3.102115621619829953e-04
3.102115621619829953e-04
3.101949597408880724e-04
1.576825393365127866e-04
1.576825393365127866e-04
7.579047332562773378e-05
7.542518776610948139e-05
7.542518776610948139e-05
7.542518776610948139e-05
7.117945969446920777e-05
7.117900577588895362e-05
7.117900577588812691e-05
7.117900577588812691e-05
7.117900559772946450e-05
7.117900559772946450e-05
7.117900559772945095e-05
7.117900559772945095e-05
7.114995694581357155e-05
7.114995692443119380e-05
4.984063738774563500e-05
1.804970142660665690e-05
1.804970142660665690e-05
1.804970142660665690e-05
1.803107802412261813e-05
1.803107802412261813e-05
1.803107802412261813e-05
1.536616065473634198e-05
1.536616065473623356e-05
1.536616065473623356e-05
1.536615996171194842e-05
1.536615996171194842e-05
1.536615996171194842e-05
1.536615320335468077e-05
1.536615320335468077e-05
1.532881532728191194e-05
1.532881532728190855e-05
1.532881532728190855e-05
1.532881532728190855e-05
4.846634155779791045e-06
4.846634155777446458e-06
4.666477202340775981e-06
4.666477202340775981e-06
4.666472533604646336e-06
4.666472533604646336e-06
4.666472533595348455e-06
3.241546149992102817e-06
3.241170374594137164e-06
3.241170374594137164e-06
3.241170374594137164e-06
3.204197982480844773e-06
3.204197982480844773e-06
3.204197982480844773e-06
3.204197912966887059e-06
3.204197912966887059e-06
3.204197912790457295e-06
3.204197912790457295e-06
3.204197912790457295e-06
3.204197912790457295e-06
3.204071878362374889e-06
1.367155907076803703e-06
1.367155907076803703e-06
6.943911167409642369e-07
6.898945362992474582e-07
6.898945362992474582e-07
6.898945362992474582e-07
6.612127627888155686e-07
6.612053460227073998e-07
6.612053460226910944e-07
6.612053460226910944e-07
6.612053450951347482e-07
6.612053450951347482e-07
6.612053450951347482e-07
6.612053450951347482e-07
6.609859660030736933e-07
6.609859654911603319e-07
4.088442310291920862e-07
1.557148571753979703e-07
1.557148571753979703e-07
1.557148571753979703e-07
1.555083526010490190e-07
1.555083526010490190e-07
1.555083526010490190e-07
1.373713012767022113e-07
1.373713012767022113e-07
1.373713012767017349e-07
1.373712974200443384e-07
1.373712974200443384e-07
1.373712974200443384e-07
1.373711878483552018e-07
1.373711878483552018e-07
1.370726115950342044e-07
1.370726115950341514e-07
1.370726115950341514e-07
1.370726115950341514e-07
4.193284574535831766e-08
3.940407891925563341e-08
3.940407891924728881e-08
3.940407891924728881e-08
3.940405541356639182e-08
3.940405541333987668e-08
3.940405541333987668e-08
2.942012866040581321e-08
2.941530885945288343e-08
2.941530885945288343e-08
2.941530885945288343e-08
2.908958530794498334e-08
2.908958530794498334e-08
2.908958530794498334e-08
2.908958409737955388e-08
2.908958409737955388e-08
2.908958409661430594e-08
2.908958409661430594e-08
2.908958409661430594e-08
2.908958409661430594e-08
2.908886485852915596e-08
1.172928823588908332e-08
1.172928823588908332e-08
1.172928823588908332e-08
1.147683188515493546e-08
6.569651590655342323e-09
6.569651590655342323e-09
6.569651590655342323e-09
6.285530948182157487e-09
6.285426801122618188e-09
6.285426801122097892e-09
6.285426801122097892e-09
6.285426796555513317e-09
6.285426796555513317e-09
6.285426796555513317e-09
6.284005775350817217e-09
6.284005775350817217e-09
6.284005765351973778e-09
3.642494340765265110e-09
1.562811438383150079e-09
1.562811438383150079e-09
1.562811438383150079e-09
1.558730175830790333e-09
1.558730175830790333e-09
1.558730175830790333e-09
1.361004984700881080e-09
1.361004984700881080e-09
1.361004984700878392e-09
1.361004963857320548e-09
1.361004963857320548e-09
1.361004963857320548e-09
1.361003293885107411e-09
1.361003293885107411e-09
1.358876446309928543e-09
1.358876446309926888e-09
1.358876446309926888e-09
1.358876446309926888e-09
4.432310917724935506e-10
4.432310917724935506e-10
4.083885516982194021e-10
4.083885516981640327e-10
4.083885516928136734e-10
4.083884129295067436e-10
4.083884129295067436e-10
2.947967400054041368e-10
2.947019847398685281e-10
2.947019847398685281e-10
2.947019847398685281e-10
2.923177119474583688e-10
2.923177119474583688e-10
2.923177119474583688e-10
2.923176929572496107e-10
2.923176929572496107e-10
2.923176929524837579e-10
2.923176929524837579e-10
2.923176929524837579e-10
2.923176929524837579e-10
2.923137094992565801e-10
1.234730692597758344e-10
1.234730692597758344e-10
1.234730692597758344e-10
1.199855624806073949e-10
6.470593098039808019e-11
6.470593098039808019e-11
6.470593098039808019e-11
6.267699423490587185e-11
6.267496949811236534e-11
6.267496949810099161e-11
6.267496949810099161e-11
6.267496947007224797e-11
6.267496947007224797e-11
6.267496947007224797e-11
6.266721153858229958e-11
6.266721153858229958e-11
6.266721153858229958e-11
6.266721138403736692e-11
3.763377134776156310e-11
1.503212145898502039e-11
1.503212145898502039e-11
1.498473618240001353e-11
1.498473618240001353e-11
1.498473618240001353e-11
1.498473618240001353e-11
1.498473618240001353e-11
1.360357415615735672e-11
1.360357415615734541e-11
1.360357402760549560e-11
1.360357402760549560e-11
1.360357402760549560e-11
1.360354141561650355e-11
1.360354141561650355e-11
1.359186586255591785e-11
1.359186586255588231e-11
1.359186586255588231e-11
1.359186586255588231e-11
1.359186586255588231e-11
4.169888330813268188e-12
3.883147506884622460e-12
3.883147506884409203e-12
3.883147506809212507e-12
3.883146732375454348e-12
3.066475870378612314e-12
3.066475870378612314e-12
3.065188805776282898e-12
3.065188805776282898e-12
3.065188805776282898e-12
3.050976447446994242e-12
3.050976447446994242e-12
3.050976447446994242e-12
3.050976043085210057e-12
3.050976043085210057e-12
3.050976043063115691e-12
3.050976043063115691e-12
3.050976043063115691e-12
3.050949256938628077e-12
3.050949256938628077e-12
1.191459204465423866e-12
1.191459204465423866e-12
1.191459204465423866e-12
1.161490176132617893e-12
7.254167918038720384e-13
7.254167918038720384e-13
7.254167918038720384e-13
7.112434418808418968e-13
7.112107093683269802e-13
7.112107093680990815e-13
7.112107092145015776e-13
7.112107092145015776e-13
7.112107092145015776e-13
7.112107092145015776e-13
7.111490421470979588e-13
7.111490421470979588e-13
7.111490421470979588e-13
7.111490382569275166e-13
3.895757592428329239e-13
1.827835361304389703e-13
1.827835361304389703e-13
1.827835361304389703e-13
1.821392493316338904e-13
1.821392493316338904e-13
1.821392493316338904e-13
1.821392493316338904e-13
1.705801457862639590e-13
1.705801457862638833e-13
1.705801457862638833e-13
1.705801449260601144e-13
1.705801449260601144e-13
1.705801449260601144e-13
1.705795011671095163e-13
1.704661582175704147e-13
1.704661582175695817e-13
1.704661582175695817e-13
1.704661582175695817e-13
1.704661582175695817e-13
5.571027277100559238e-14
5.028546675477672635e-14
5.028546675477553359e-14
5.028546675231069036e-14
5.028546122551379006e-14
4.227900424120265329e-14
4.227900424120265329e-14
4.225649887036737769e-14
4.225649887036737769e-14
4.208965049536691598e-14
4.208965049536691598e-14
4.208965049536691598e-14
4.208965049536691598e-14
4.208965049536691598e-14
4.208965049536691598e-14
4.208964083399875838e-14
4.208964083399875838e-14
4.208964083385886495e-14
4.208964083385886495e-14
4.208964083385886495e-14
4.208942388554464138e-14
4.208942388554464138e-14
4.208942388554464138e-14
1.640910245462525428e-14
1.640910245462525428e-14
1.579531737554360182e-14
1.090171190912043809e-14
1.090171190912043809e-14
1.090171190912043809e-14
1.090100447120890431e-14
1.070315806292870341e-14
1.070315806291861388e-14
1.070315806176127132e-14
1.070315806176127132e-14
1.070315806176127132e-14
1.070315806176127132e-14
1.070315806176127132e-14
1.070256367911892622e-14
1.070256367911892622e-14
1.070256356850274699e-14
5.624107007079118981e-15
2.965009302591374706e-15
2.965009302591374706e-15
2.965009302591374706e-15
2.946520899552498771e-15
2.946520899552498771e-15
2.946520899552498771e-15
2.946520899552498771e-15
2.759772043556641616e-15
2.759772043556641616e-15
2.759772043556641616e-15
2.759772036065611754e-15
2.759772036065611754e-15
2.759772036065611754e-15
2.759756534474701008e-15
2.758493706354471518e-15
2.758493706354428525e-15
2.758493706354428525e-15
2.758493706354428525e-15
2.758493706354428525e-15
9.746284457630879385e-16
8.570531142129609931e-16
8.570531142129490616e-16
8.570531141230579670e-16
8.570530607091016783e-16
7.146669361876529644e-16
7.146669361876529644e-16
7.139640691826973322e-16
7.139640691826973322e-16
7.119347904544425916e-16
7.119347904544425916e-16
7.119347904544425916e-16
7.119347904544425916e-16
7.119347904544425916e-16
7.119347904544425916e-16
7.119345361624411584e-16
7.119345361624411584e-16
7.119345361624411584e-16
7.119345361610456635e-16
7.119345361610456635e-16
7.119345361610455648e-16
7.119324710773472029e-16
2.901638712793195525e-16
2.901638712793195525e-16
2.763604930401233274e-16
2.763604930401233274e-16
1.861260842717549143e-16
1.861260842717549143e-16
1.861260842717549143e-16
1.861260842713719223e-16
1.861035359521477775e-16
1.836372854734849234e-16
1.836372854616071187e-16
1.836372854616071187e-16
1.836372854616071187e-16
1.836372854616071187e-16
1.836372854616071187e-16
1.836314640938395413e-16
1.836314640938395413e-16
1.836314610981173768e-16
9.922160639517481910e-17
5.019656350567107636e-17
5.019656350567107636e-17
5.019656350567107636e-17
4.981194142034628897e-17
4.981194142034628897e-17
4.981194142034628897e-17
4.981194142034628897e-17
4.749950528072083513e-17
4.749950528072083513e-17
4.749950528072082897e-17
4.749950520335497818e-17
4.749950520335497818e-17
4.749950520335497818e-17
4.749900305612686154e-17
4.749900305612686154e-17
4.749900305612526533e-17
4.748655483340082912e-17
4.748655483340082912e-17
4.748655483340082912e-17
4.748655483340082912e-17
1.612483201723639090e-17
1.433793085655063955e-17
1.433793085655055327e-17
1.433793085423615247e-17
1.255680761177663936e-17
1.255680721204014961e-17
1.255680721204014961e-17
1.254103949484684906e-17
1.254103949484684906e-17
1.252018401939678074e-17
1.252018401939678074e-17
1.252018401939678074e-17
1.252018401939678074e-17
1.252018401939678074e-17
1.252018401939678074e-17
1.252017541939093196e-17
1.252017541939093196e-17
1.252017541939093196e-17
1.252017541938008050e-17
1.252017541938008050e-17
1.252017541938007587e-17
1.252015315273015081e-17
4.856689044407548494e-18
4.856689044407548494e-18
4.643529840305371066e-18
3.448171622614433835e-18
3.448171622614433835e-18
3.448171622614433835e-18
3.448171622614433835e-18
3.448171622602341306e-18
3.447609123085893751e-18
3.419306385232655447e-18
3.419306385129097808e-18
3.419306385129097808e-18
3.419306385129097808e-18
3.419306385129097808e-18
3.419306385129097808e-18
3.419236019560226791e-18
3.419236019560226791e-18
3.419235905983149041e-18
1.728803931978148252e-18
1.728803931978148252e-18
1.002673148642500767e-18
1.002673148642500767e-18
1.002673148642500767e-18
9.942527547167577908e-19
9.942527547167577908e-19
9.631160024216369550e-19
9.631160024216369550e-19
9.631160024216369550e-19
9.631160024216369550e-19
9.631160016217620416e-19
9.631160016217620416e-19
9.631160016217620416e-19
9.631009954169565662e-19
9.631009954169565662e-19
9.631009954168958994e-19
9.629225557453954057e-19
9.629225557453954057e-19
9.629225557453954057e-19
9.629225557453954057e-19
3.595131007310982047e-19
3.068772809651730628e-19
3.068772808492365098e-19
3.068772808492356913e-19
2.787246443264814886e-19
2.787246393735792469e-19
2.782981666834645862e-19
2.782981666834645862e-19
2.782981666834645862e-19
2.779399768623482990e-19
2.779399768623482990e-19
2.779399768623482990e-19
2.779399768623482990e-19
2.779399768623482990e-19
2.779399768623482990e-19
2.779399768623482990e-19
2.779396687975163796e-19
2.779396687975163796e-19
2.779396687974070349e-19
2.779396687974067942e-19
2.779396687974067942e-19
1.115898399558900799e-19
1.115897954745708213e-19
1.115897954745708213e-19
1.047686920066122732e-19
1.047686920066122732e-19
8.313514013013839128e-20
8.313514013013839128e-20
8.313514013013839128e-20
8.313514012936972857e-20
8.311718699891572522e-20
8.311718699891572522e-20
8.254291311141860603e-20
8.254291311018463864e-20
8.254291311018463864e-20
8.254291311018463864e-20
8.254291311018463864e-20
8.254291311018463864e-20
8.254188191479841252e-20
8.254187710370043063e-20
8.254187710370043063e-20
4.117737173385998338e-20
4.117737173385998338e-20
2.616301232142482249e-20
2.616301232142482249e-20
2.616301232142482249e-20
2.581092481421370261e-20
2.581092481421370261e-20
2.507716168357275213e-20
2.507716168357275213e-20
2.507716168357275213e-20
2.507716168357275213e-20
2.507716168357275213e-20
2.507716168357275213e-20
2.507716167248452945e-20
2.507660305183869696e-20
2.507660305183869696e-20
2.507660305183421015e-20
2.507356071960134439e-20
2.507356071960134439e-20
2.507356071960134439e-20
2.507356071960134439e-20
1.021730846077722912e-20
8.461899601654204317e-21
8.461899601654204317e-21
8.461899595246691064e-21
8.461899595246679026e-21
7.712964477421181424e-21
7.712964399869361626e-21
7.692827346875156438e-21
7.692827346875156438e-21
7.692827346875156438e-21
7.692827346875156438e-21
7.692827346875156438e-21
7.692827346875156438e-21
7.685941955035905004e-21
7.685941955035905004e-21
7.685941955035905004e-21
7.685941955035905004e-21
7.685929019527630634e-21
7.685929019527630634e-21
7.685929019525984566e-21
7.685929019525965005e-21
7.685929019525965005e-21
3.240963509176783324e-21
3.240962741961913690e-21
3.240962741961913690e-21
2.999580573622523723e-21
2.999580573622523723e-21
2.381100216174724145e-21
2.381100216174724145e-21
2.381100216174724145e-21
2.381100216128890398e-21
2.381100216128890398e-21
2.380191271699756512e-21
2.368325516345299521e-21
2.368325516345299521e-21
2.368325516325309346e-21
2.368325516325309346e-21
2.368325516325309346e-21
2.368325516325309346e-21
2.368325298841114448e-21
2.368307940563203384e-21
2.368307940563203384e-21
2.368307940563203384e-21
1.208984669915369178e-21
1.208984669915369178e-21
7.615979882153725443e-22
7.615979882153725443e-22
7.489417364506878620e-22
7.489417364506878620e-22
7.332854507228913053e-22
7.332854507228913053e-22
7.332854507228913053e-22
7.332854507228913053e-22
7.332854507228913053e-22
7.332854507228913053e-22
7.332854505363225784e-22
7.332559668587126979e-22
7.332559668584338706e-22
7.332559668584338706e-22
7.332027753954406283e-22
7.332027753954406283e-22
7.332027753954406283e-22
7.332027753954406283e-22
2.953639113880430856e-22
2.462354995457300935e-22
2.462354992478066926e-22
2.462354992478066926e-22
2.462354992478065516e-22
2.298997922072668985e-22
2.291389439217588051e-22
2.291389425748609210e-22
2.291389425748609210e-22
2.291389425748609210e-22
2.291389425748609210e-22
2.291389425748609210e-22
2.291389425748609210e-22
2.290139895423042414e-22
2.290139895423042414e-22
2.290139895423042414e-22
2.290132806246503565e-22
2.290132806246503565e-22
2.290132806246503565e-22
2.290132806246490870e-22
2.290132806246272228e-22
2.290132806246272228e-22
9.444872483587541669e-23
9.444872483587541669e-23
9.444871201409026374e-23
8.761296840368435518e-23
8.761296840368435518e-23
7.357565670691567886e-23
7.357565670691567886e-23
7.357565670691567886e-23
7.357565670691567886e-23
7.357565670451269804e-23
7.353872749282888581e-23
7.330669851970558387e-23
7.330669851970558387e-23
7.330669851941884554e-23
7.330669851941884554e-23
7.330669851941884554e-23
7.330669851941884554e-23
7.330668565721817495e-23
7.330635839198814945e-23
7.330635839198814945e-23
7.330635839198814945e-23
3.602603247224179407e-23
3.602603247224179407e-23
3.602603247224179407e-23
2.501466434378770146e-23
2.456111477823927172e-23
2.456111477823927172e-23
2.456111477823927172e-23
2.456111477823927172e-23
2.421443354343406023e-23
2.421443354343406023e-23
2.421443354343406023e-23
2.421443354343406023e-23
2.421443354038821624e-23
2.421306534208454636e-23
2.421306534206785434e-23
2.421306534206785434e-23
2.421192396582385038e-23
2.421192396582385038e-23
2.421192396582385038e-23
2.421192396582385038e-23
1.541960790192318103e-23
8.643420164261749946e-24
8.643420141601870241e-24
8.643420141601870241e-24
8.643420141601865833e-24
8.223992239812289371e-24
8.191620665397070417e-24
8.191620639625357415e-24
8.191620639625357415e-24
8.191620639625357415e-24
8.191620639625357415e-24
8.191620639625357415e-24
8.191620639625357415e-24
8.191620639625357415e-24
8.188477624969451100e-24
8.188477624969451100e-24
8.188477624969451100e-24
8.188439054992577895e-24
8.188439054992577895e-24
8.188439054992577895e-24
8.188439054992491202e-24
8.188439054992142962e-24
8.188439054992142962e-24
3.589755143383391380e-24
3.589755143383391380e-24
3.589754866081549079e-24
3.253398665731503941e-24
2.841734971820660585e-24
2.841734971820660585e-24
2.841734971820660585e-24
2.841734971820660585e-24
2.841734971599386630e-24
2.841734971599386630e-24
2.839902414627898714e-24
2.833087923340792837e-24
2.833087923340792837e-24
2.833087923335456093e-24
2.833087923335456093e-24
2.833087923335456093e-24
2.833087105774776951e-24
2.833087105774776951e-24
2.833079787644295616e-24
2.833079787644295616e-24
2.833079787644295616e-24
2.833079787644295616e-24
2.833079787644295616e-24
1.412504979678101794e-24
1.044051674256524559e-24
1.016731326070391023e-24
1.016731326070391023e-24
1.016731326070391023e-24
1.016731326070391023e-24
1.005010125104964540e-24
1.005010125104964540e-24
1.005010125104964540e-24
1.005010125104964540e-24
1.004931713080728432e-24
1.004931713015354783e-24
1.004931713013579603e-24
1.004931713013579603e-24
1.004931713013579603e-24
1.004902277140952305e-24
1.004902277140952305e-24
6.299779958499627372e-25
6.299779907271428361e-25
3.806683994986398783e-25
3.806683994986398783e-25
3.806683994986398783e-25
3.806683994986398783e-25
3.806683994986398324e-25
3.782561614423167722e-25
3.623420893311358952e-25
3.623420887027695584e-25
3.623420887027695584e-25
3.623420887027695584e-25
3.623420887027695584e-25
3.623420887027695584e-25
3.623420887027695584e-25
3.622500082651273233e-25
3.622500082651273233e-25
3.622500082651273233e-25
3.622474969014710490e-25
3.622474969014710490e-25
3.622474969014710490e-25
3.622474969014605798e-25
3.622474969014605798e-25
3.622474969014529115e-25
1.677993956451262153e-25
1.677993956451262153e-25
1.496165785896568071e-25
1.496165725868513657e-25
1.322757685649013484e-25
1.322757685649013484e-25
1.322757685649013484e-25
1.322757685444982562e-25
1.322757685444982562e-25
1.321373951607301094e-25
1.321373951607301094e-25
1.319163601082926222e-25
1.319163601082926222e-25
1.319163601081614811e-25
1.319163601081614811e-25
1.319163011358898543e-25
1.319163011358898543e-25
1.319163011358898543e-25
1.319163011358898543e-25
1.319161034164334794e-25
1.319161034164334794e-25
1.319161034164334794e-25
1.319161034164334794e-25
6.738897870533615988e-26
5.061819004680440029e-26
4.901248754110691758e-26
4.901248754110691758e-26
4.901248754110690610e-26
4.901248754110690610e-26
4.860338188514550395e-26
4.860338188514550395e-26
4.860338188514550395e-26
4.859698854878397419e-26
4.859698854878397419e-26
4.859698854705138851e-26
4.859698854687473145e-26
4.859698854687473145e-26
4.859698854687473145e-26
4.859613072069791596e-26
4.859612970652404765e-26
3.059272847326937609e-26
3.059272847326937609e-26
1.881641424565269091e-26
1.881641424565269091e-26
1.881641424565269091e-26
1.866842655074434418e-26
1.866842655074434418e-26
1.808162862987797012e-26
1.808162862987797012e-26
1.808162862987797012e-26
1.808162861214437223e-26
1.808162861214437223e-26
1.808162861214437223e-26
1.808162861214437223e-26
1.808162861214437223e-26
1.808162861214437223e-26
1.807877090088696980e-26
1.807855282662975330e-26
1.807855282662975330e-26
1.807855282662975330e-26
1.807855282662975330e-26
1.807855282662864554e-26
1.807855282662864554e-26
1.807855282662847335e-26
8.455649938665660390e-27
7.514654766921715415e-27
7.514654766921715415e-27
7.514654766921715415e-27
7.514654595305063239e-27
6.840339764729839295e-27
6.840339764729839295e-27
6.840339762914568655e-27
6.831037158677273615e-27
6.831037158677273615e-27
6.831037158677273615e-27
6.831037158677273615e-27
6.823671472359755985e-27
6.823671472356609184e-27
6.823671472356609184e-27
6.823665971090777400e-27
6.823665971090777400e-27
6.823665971090777400e-27
6.823659975461321537e-27
6.823659975461321537e-27
6.823659975461321537e-27
6.823659975461321537e-27
3.455583601712220566e-27
3.455583601712220566e-27
2.754861323843809913e-27
2.754861323843809913e-27
2.657957737503989669e-27
2.657957737503989669e-27
2.657957737503989669e-27
2.657957737503988951e-27
2.642924008776760849e-27
2.642448633453337733e-27
2.642448633453337733e-27
2.642448633453337733e-27
2.642448633453337733e-27
2.642448633435962170e-27
2.642448633390036171e-27
2.642448633390036171e-27
2.642448633390036171e-27
2.642419889658453146e-27
2.642419785116955755e-27
1.621428832061972620e-27
1.083398129014486930e-27
1.083398129014486930e-27
1.083398129014486930e-27
1.083398129014486930e-27
1.083398129014486930e-27
1.073380541780091749e-27
1.048988977084857421e-27
1.048988977084857421e-27
1.048988977084857421e-27
1.048988976549762119e-27
1.048988976549762119e-27
1.048988976549762119e-27
1.048988976549762119e-27
1.048988976549762119e-27
1.048988976549762119e-27
1.048970513657316034e-27
1.048861510306544771e-27
1.048861510306544771e-27
1.048861510306544771e-27
1.048861510306420470e-27
1.048861510306420470e-27
1.048861510306420470e-27
1.048861510306416165e-27
1.048861510306416165e-27
5.274614376035229365e-28
4.571861445555258279e-28
4.571861445555258279e-28
4.571861388605114744e-28
4.253931557487203100e-28
4.253931555039588927e-28
4.253931555039588927e-28
4.246577783833574455e-28
4.246577783833574455e-28
4.246577783833574455e-28
4.246577783833574455e-28
4.243350753872830286e-28
4.243350753871911034e-28
4.243345404069085258e-28
4.243345404069085258e-28
4.243345404069085258e-28
4.243345404069085258e-28
4.243345404069085258e-28
4.243345404069085258e-28
4.243343325408690400e-28
4.243343325408690400e-28
2.224626979512285329e-28
2.224626979512285329e-28
2.224626979512285329e-28
2.224626979512285329e-28
1.847607775446777541e-28
1.847607775446777541e-28
1.762789432986676696e-28
1.762789432986675575e-28
1.755284816269251616e-28
1.754856095209557613e-28
1.754856095182840345e-28
1.754856095182840345e-28
1.754856095182840345e-28
1.754856095167539511e-28
1.754856095167539511e-28
1.754856095167539511e-28
1.754856095167539511e-28
1.754844729830816292e-28
1.754844729830816292e-28
1.754844613884719559e-28
1.079189232646201692e-28
7.643531691685089007e-29
7.643531691685089007e-29
7.643531691685089007e-29
7.643531691685089007e-29
7.545761603107818679e-29
7.408516806311597074e-29
7.408516806311597074e-29
7.408516806311597074e-29
7.408516806311597074e-29
7.408516804295396512e-29
7.408516804295396512e-29
7.408516804295396512e-29
7.408516804295396512e-29
7.408516804295396512e-29
7.408328501249093975e-29
7.407841042753850898e-29
7.407841042753850898e-29
7.407841042753850898e-29
7.407841042751690656e-29
7.407841042751690656e-29
7.407841042751690656e-29
7.407841042751690656e-29
3.961385421147653199e-29
3.961385421147649275e-29
3.377614051285466704e-29
3.377614027804784989e-29
3.377614027804784989e-29
3.178705001627418848e-29
3.178704998190604885e-29
3.178704998190604885e-29
3.170631457366433768e-29
3.170631457366433768e-29
3.170631457366433768e-29
3.170631457366433768e-29
3.169018240243199679e-29
3.169012139125400083e-29
3.169012139125400083e-29
3.169012139125061529e-29
3.169012139125061529e-29
3.169012139125061529e-29
3.169012139125061529e-29
3.169012139125061529e-29
3.169011263341815224e-29
3.169011263341815224e-29
3.169011263341815224e-29
1.718076437461269310e-29
1.718076437461269310e-29
1.718076437461269310e-29
1.718076437461265387e-29
1.457724432949800442e-29
1.379329191626764199e-29
1.379329191626764199e-29
1.375204580041270607e-29
1.374686801187053571e-29
1.374686801187053571e-29
1.374686801145822886e-29
1.374686801145822886e-29
1.374686801139610369e-29
1.374686801139610369e-29
1.374686801139610369e-29
1.374681532603921695e-29
1.374681532603921695e-29
1.374681532603921695e-29
1.374681387117242500e-29
8.532188034405447509e-30
8.532188034405447509e-30
6.232139875783611549e-30
6.232139875783611549e-30
6.135103465815279866e-30
6.135103465815279866e-30
6.135103465815279866e-30
6.053361072980359696e-30
6.053361072980359696e-30
6.053361072980359696e-30
6.053361072089705602e-30
6.053361072089705602e-30
6.053361072089705602e-30
6.053361072089705602e-30
6.053361072089705602e-30
6.053113689701016227e-30
6.052867852420794197e-30
6.052867852420794197e-30
6.052867852417167637e-30
6.052867852417167637e-30
6.052867852417167637e-30
6.052867852417167637e-30
6.052867852417167637e-30
3.352198635443383327e-30
3.352198635443383327e-30
2.835420025085813357e-30
2.835420025085812306e-30
2.835420014136925803e-30
2.835420014136925803e-30
2.707890674411815284e-30
2.707890674411815284e-30
2.707890669311956628e-30
2.699124922003581416e-30
2.699124922003581416e-30
2.699124922003581416e-30
2.698241622259492268e-30
2.698241622259492268e-30
2.698241622259492268e-30
2.698232918466236560e-30
2.698232918466236560e-30
2.698232918466104838e-30
2.698232918466104838e-30
2.698232918466104838e-30
2.698232918466104838e-30
2.698232918466104838e-30
2.698232498366539735e-30
2.698232498366539735e-30
2.698232498366539735e-30
1.486706452265700802e-30
1.486706452265693970e-30
1.486706452265693970e-30
1.386550025410435422e-30
1.227877759104299055e-30
1.227877759104299055e-30
1.225406234148038903e-30
1.225406234148038903e-30
1.224790799394428506e-30
1.224790799327505644e-30
1.224790799324867174e-30
1.224790799324867174e-30
1.224790799324867174e-30
1.224790799324867174e-30
1.224790799324867174e-30
1.224788032055764072e-30
1.224788032055764072e-30
1.224787804792944060e-30
1.224787804792944060e-30
7.573893655085832632e-31
5.854376512947004333e-31
5.747952129740432187e-31
5.747952129740432187e-31
5.747952129740432187e-31
5.747952129740432187e-31
5.747952129740432187e-31
5.693538680587024807e-31
5.693538680587024807e-31
5.693538680587024807e-31
5.693538680165479196e-31
5.693538680165479196e-31
5.693538680165479196e-31
5.693538680165479196e-31
5.693211038061829399e-31
5.693211038061829399e-31
5.693067139720718322e-31
5.693067139714160245e-31
5.693067139714160245e-31
5.693067139714160245e-31
5.693067139714160245e-31
5.693067139714160245e-31
5.693067139714160245e-31
3.390040420154853957e-31
2.804268697273180669e-31
2.804268697273179794e-31
2.804268697273179794e-31
2.804268686510445194e-31
2.804268680780647877e-31
2.708952939849362815e-31
2.708952939849362815e-31
2.698029618209609413e-31
2.698029618209609413e-31
2.697445570715284713e-31
2.697445570715284713e-31
2.697445570715284713e-31
2.697445570715284713e-31
2.697445570715284713e-31
2.697432547495922550e-31
2.697432547495922550e-31
2.697432547495922550e-31
2.697432547495922550e-31
2.697432547495864309e-31
2.697432547495864309e-31
2.697432547495864309e-31
2.697432322870176691e-31
1.558871293163770120e-31
1.558871293163754575e-31
1.558871293163754575e-31
1.435640162878446752e-31
1.303854810024946252e-31
1.303854810024946252e-31
1.303854810024946252e-31
1.303854810024946252e-31
1.302009719318972192e-31
1.301144051375375118e-31
1.301144051226751213e-31
1.301144051225442970e-31
1.301144051225442970e-31
1.301144051225442970e-31
1.301144051225442970e-31
1.301144051225442970e-31
1.301142380351871059e-31
1.301142380351871059e-31
1.301142380351871059e-31
1.301141996359230678e-31
8.194833449364057399e-32
6.608390529965189966e-32
6.608390529965189966e-32
6.455486632464734649e-32
6.455486632464734649e-32
6.455486632464734649e-32
6.455486632464734649e-32
6.409962696288700933e-32
6.409962696288700933e-32
6.409962696288699838e-32
6.409962696288699838e-32
6.409962696053965924e-32
6.409445199096750023e-32
6.409445199096750023e-32
6.409445199096750023e-32
6.409347621232918652e-32
6.409347621232918652e-32
6.409347621216560682e-32
6.409347621216560682e-32
6.409347621216560682e-32
6.409347621216560682e-32
4.062321665048452290e-32
4.062321665048452290e-32
3.317774220341455306e-32
3.317774220341455306e-32
3.317774220341455306e-32
3.317774197786403188e-32
3.228837492098310562e-32
3.228837488761143996e-32
3.228837488761143996e-32
3.211275374269228005e-32
3.211275374269228005e-32
3.210832674978162408e-32
3.210832674978162408e-32
3.210832674978162408e-32
3.210832674978162408e-32
3.210832674978162408e-32
3.210832674978162408e-32
3.210809680740163897e-32
3.210809680740163897e-32
3.210809680740163897e-32
3.210809680740163897e-32
3.210809680740136528e-32
3.210809680740136528e-32
3.210809680740005703e-32
1.938031263217700658e-32
1.938031212276949243e-32
1.938031212276949243e-32
1.768803221432923959e-32
1.634152440077693179e-32
1.634152440077693179e-32
1.634152440077693179e-32
1.634152440077693179e-32
1.632607425495094836e-32
1.632607425144772136e-32
1.631058998837146166e-32
1.631058998837146166e-32
1.631058998836467138e-32
1.631058998836467138e-32
1.631058998836467138e-32
1.631058998836467138e-32
1.631058998836467138e-32
1.631057845335523356e-32
1.631057093394771509e-32
1.631057093394771509e-32
1.631057093394771509e-32
1.047848287638079562e-32
8.709496271040078396e-33
8.709496271040078396e-33
8.709496271040078396e-33
8.472380895199119396e-33
8.472380895199119396e-33
8.430340118792858973e-33
8.430340118792857605e-33
8.430340118792857605e-33
8.430340118792857605e-33
8.430340118792857605e-33
8.430340118658696961e-33
8.430340118658696961e-33
8.429325702143676440e-33
8.429325702143676440e-33
8.429325702143676440e-33
8.429325702101318636e-33
8.429251556665226001e-33
8.429251556665226001e-33
8.429251556665226001e-33
8.429251556665226001e-33
8.429251556665226001e-33
5.609169197774461708e-33
4.545248267634673258e-33
4.545248214882894518e-33
4.545248214882894518e-33
4.455301040115818826e-33
4.455301038016341192e-33
4.425361423409328683e-33
4.425361423409328683e-33
4.425361423409328683e-33
4.424992054465213176e-33
4.424992054465213176e-33
4.424992054465213176e-33
4.424992054465213176e-33
4.424992054465213176e-33
4.424992054465213176e-33
4.424942560364566047e-33
4.424942560364566047e-33
4.424942560364566047e-33
4.424942560364557152e-33
4.424942560364183563e-33
4.424942560364183563e-33
2.767550791935237064e-33
2.767550757610543736e-33
2.508641234985506414e-33
2.361022872557514379e-33
2.361022872557514379e-33
2.361022872557514379e-33
2.361022872557514379e-33
2.361022872557514379e-33
2.361022871644501375e-33
2.358132232130110959e-33
2.356712522917029034e-33
2.356712522917029034e-33
2.356712522916771765e-33
2.356712522916771765e-33
2.356712522916771765e-33
2.356712522916771765e-33
2.356712522916771765e-33
2.356712522916771765e-33
2.356711727190565721e-33
2.356709948074778517e-33
2.356709948074778517e-33
1.538204968304778052e-33
1.538204968304778052e-33
1.326588955345022199e-33
1.326588955345022199e-33
1.326588955345022199e-33
1.285203157667873365e-33
1.285203157667872851e-33
1.280946111733908508e-33
1.280946111733908508e-33
1.280946111733908508e-33
1.280946111733908508e-33
1.280946111733908508e-33
1.280946111728287920e-33
1.280946111728287920e-33
1.280736151882112753e-33
1.280736151882112753e-33
1.280736151869927683e-33
1.280736151869927683e-33
1.280730496100936486e-33
1.280730496100936486e-33
1.280730496100936486e-33
1.280730496100936486e-33
9.091624738636951895e-34
7.267266002528412989e-34
7.267265849697741750e-34
7.267265849697741750e-34
7.165649172379182753e-34
7.107229615828198508e-34
7.107229614858734147e-34
7.107229614858734147e-34
7.107229614858734147e-34
7.107229614858734147e-34
7.107229614858734147e-34
7.107229614858734147e-34
7.106914802146149531e-34
7.106914802146149531e-34
7.106914802146149531e-34
7.106800341586293945e-34
7.106800341586293945e-34
7.106800341586293945e-34
7.106800341585096547e-34
7.106800341585094836e-34
4.692228802463579824e-34
4.692228802463579824e-34
4.692228784559672411e-34
4.205331082320821528e-34
4.205331082320821528e-34
4.020218061029395112e-34
4.020218061029395112e-34
4.020218058029388210e-34
4.020218058029388210e-34
4.013889240959038582e-34
4.013889240959038582e-34
4.012529738635936574e-34
4.012529738635936574e-34
4.012529738635899797e-34
4.012529738635899797e-34
4.012529738635899797e-34
4.012529738635899797e-34
4.012525114879120372e-34
4.012524696316852376e-34
4.012524696316852376e-34
4.012524696316852376e-34
2.702561433493409874e-34
2.702561433493409874e-34
2.406279530411764059e-34
2.406279530411764059e-34
2.316740752248505247e-34
2.316740752248502254e-34
2.312163831390285241e-34
2.312163831390285241e-34
2.312163831390285241e-34
2.312163831390285241e-34
2.312163831390285241e-34
2.311647096463743461e-34
2.311647096462868077e-34
2.311647096462868077e-34
2.311647096417880102e-34
2.311647096417880102e-34
2.311643752999797589e-34
2.311643752999797589e-34
1.723185698870357953e-34
1.387900099857837258e-34
1.387900099857837258e-34
1.387900049882912275e-34
1.387900049882912275e-34
1.387900049882912275e-34
1.375590071403425697e-34
1.361376146481211424e-34
1.361376146464203018e-34
1.361376146464203018e-34
1.361376146464203018e-34
1.361376146464203018e-34
1.361376146464203018e-34
1.361376146464203018e-34
1.361376146464203018e-34
1.361376146464203018e-34
1.361376146464203018e-34
1.361376146464203018e-34
1.361376146464203018e-34
1.361376146464203018e-34
1.361376146464203018e-34
1.361376146464203018e-34
1.361376146464203018e-34
1.361376146464203018e-34
1.361376146464203018e-34
1.361376146464203018e-34
1.361376146464203018e-34
1.361376146464203018e-34
1.361376146464203018e-34
1.361376146464203018e-34
1.361376146464203018e-34
1.361376146464203018e-34
1.361376146464203018e-34
1.361376146464203018e-34
1.361376146464203018e-34
1.361376146464203018e-34
1.361376146464203018e-34
1.361376146464203018e-34
1.361376146464203018e-34
1.361376146464203018e-34
1.361376146464203018e-34
1.361376146464203018e-34
1.361376146464203018e-34
1.361376146464203018e-34
1.361376146464203018e-34
1.361376146464203018e-34
1.361376146464203018e-34
1.361376146464203018e-34
1.361376146464203018e-34
1.361376146464203018e-34
1.361376146464203018e-34
1.361376146464203018e-34
1.361376146464203018e-34
1.361376146464203018e-34
1.361376146464203018e-34
1.361376146464203018e-34
1.361376146464203018e-34
1.361376146464203018e-34
1.361376146464203018e-34
1.361376146464203018e-34
1.361376146464203018e-34
1.361376146464203018e-34
1.361376146464203018e-34
1.361376146464203018e-34
1.361376146464203018e-34
1.361376146464203018e-34
1.361376146464203018e-34
1.361376146464203018e-34
1.361376146464203018e-34
1.361376146464203018e-34
1.361376146464203018e-34
1.361376146464203018e-34
1.361376146464203018e-34
1.361376146464203018e-34
1.361376146464203018e-34
1.361376146464203018e-34
1.361376146464203018e-34
1.361376146464203018e-34
1.361376146464203018e-34
1.361376146464203018e-34
1.361376146464203018e-34
1.361376146464203018e-34
1.361376146464203018e-34
1.361376146464203018e-34
1.361376146464203018e-34
1.361376146464203018e-34
1.361376146464203018e-34
1.361376146464203018e-34
1.361376146464203018e-34
1.361376146464203018e-34
1.361376146464203018e-34
1.361376146464203018e-34
1.361376146464203018e-34
1.361376146464203018e-34
1.361376146464203018e-34
1.361376146464203018e-34
1.361376146464203018e-34
1.361376146464203018e-34
1.361376146464203018e-34
1.361376146464203018e-34
1.361376146464203018e-34
1.361376146464203018e-34
1.361376146464203018e-34
1.361376146464203018e-34
1.361376146464203018e-34
1.361376146464203018e-34
1.361376146464203018e-34
1.361376146464203018e-34
1.361376146464203018e-34
1.361376146464203018e-34
1.361376146464203018e-34
1.361376146464203018e-34
1.361376146464203018e-34
1.361376146464203018e-34
1.361376146464203018e-34
1.361376146464203018e-34
1.361376146464203018e-34
1.361376146464203018e-34
1.361376146464203018e-34
1.361376146464203018e-34
1.361376146464203018e-34
1.361376146464203018e-34
1.361376146464203018e-34
1.361376146464203018e-34
1.361376146464203018e-34
1.361376146464203018e-34
1.361376146464203018e-34
1.361376146464203018e-34
1.361376146464203018e-34
1.361376146464203018e-34
1.361376146464203018e-34
1.361376146464203018e-34
1.361376146464203018e-34
1.361376146464203018e-34
1.361376146464203018e-34
1.361376146464203018e-34
1.361376146464203018e-34
1.361376146464203018e-34
1.361376146464203018e-34
1.361376146464203018e-34
1.361376146464203018e-34
1.361376146464203018e-34
1.361376146464203018e-34
1.361376146464203018e-34
1.361376146464203018e-34
1.361376146464203018e-34
1.361376146464203018e-34
1.361376146464203018e-34
1.361376146464203018e-34
1.361376146464203018e-34
1.361376146464203018e-34
1.361376146464203018e-34
1.361376146464203018e-34
1.361376146464203018e-34
1.361376146464203018e-34
1.361376146464203018e-34
1.361376146464203018e-34
1.361376146464203018e-34
1.361376146464203018e-34
1.361376146464203018e-34
1.361376146464203018e-34
1.361376146464203018e-34
1.361376146464203018e-34
1.361376146464203018e-34
1.361376146464203018e-34
1.361376146464203018e-34
1.361376146464203018e-34
1.361376146464203018e-34
1.361376146464203018e-34
1.361376146464203018e-34
1.361376146464203018e-34
1.361376146464203018e-34
1.361376146464203018e-34
1.361376146464203018e-34
1.361376146464203018e-34
1.361376146464203018e-34
1.361376146464203018e-34
1.361376146464203018e-34
1.361376146464203018e-34
1.361376146464203018e-34
1.361376146464203018e-34
1.361376146464203018e-34
1.361376146464203018e-34
1.361376146464203018e-34
1.361376146464203018e-34
1.361376146464203018e-34
1.361376146464203018e-34
1.361376146464203018e-34
1.361376146464203018e-34
1.361376146464203018e-34
1.361376146464203018e-34
1.361376146464203018e-34
1.361376146464203018e-34
1.361376146464203018e-34
1.361376146464203018e-34
1.361376146464203018e-34
1.361376146464203018e-34
1.361376146464203018e-34
1.361376146464203018e-34
1.361376146464203018e-34
1.361376146464203018e-34
1.361376146464203018e-34
1.361376146464203018e-34
1.361376146464203018e-34
1.361376146464203018e-34
1.361376146464203018e-34
1.361376146464203018e-34
1.361376146464203018e-34
1.361376146464203018e-34
1.361376146464203018e-34
1.361376146464203018e-34
1.361376146464203018e-34
1.361376146464203018e-34
1.361376146464203018e-34
1.361376146464203018e-34
1.361376146464203018e-34
1.361376146464203018e-34
1.361376146464203018e-34
1.361376146464203018e-34
1.361376146464203018e-34
1.361376146464203018e-34
1.361376146464203018e-34
1.361376146464203018e-34
1.361376146464203018e-34
1.361376146464203018e-34
1.361376146464203018e-34
1.361376146464203018e-34
1.361376146464203018e-34
1.361376146464203018e-34
1.361376146464203018e-34
1.361376146464203018e-34
1.361376146464203018e-34
1.361376146464203018e-34
1.361376146464203018e-34
1.361376146464203018e-34
1.361376146464203018e-34
1.361376146464203018e-34
1.361376146464203018e-34
1.361376146464203018e-34
1.361376146464203018e-34
1.361376146464203018e-34
1.361376146464203018e-34
1.361376146464203018e-34
1.361376146464203018e-34
1.361376146464203018e-34
1.361376146464203018e-34
1.361376146464203018e-34
1.361376146464203018e-34
1.361376146464203018e-34
1.361376146464203018e-34
1.361376146464203018e-34
1.361376146464203018e-34
1.361376146464203018e-34
1.361376146464203018e-34
1.361376146464203018e-34
1.361376146464203018e-34
1.361376146464203018e-34
1.361376146464203018e-34
1.361376146464203018e-34
1.361376146464203018e-34
1.361376146464203018e-34
1.361376146464203018e-34
1.361376146464203018e-34
1.361376146464203018e-34
1.361376146464203018e-34
1.361376146464203018e-34
1.361376146464203018e-34
1.361376146464203018e-34
1.361376146464203018e-34
1.361376146464203018e-34
1.361376146464203018e-34
1.361376146464203018e-34
1.361376146464203018e-34
1.361376146464203018e-34
1.361376146464203018e-34
1.361376146464203018e-34
1.361376146464203018e-34
1.361376146464203018e-34
1.361376146464203018e-34
1.361376146464203018e-34
1.361376146464203018e-34
1.361376146464203018e-34
1.361376146464203018e-34
1.361376146464203018e-34
1.361376146464203018e-34
1.361376146464203018e-34
1.361376146464203018e-34
1.361376146464203018e-34
1.361376146464203018e-34
1.361376146464203018e-34
1.361376146464203018e-34
1.361376146464203018e-34
1.361376146464203018e-34
1.361376146464203018e-34
1.361376146464203018e-34
1.361376146464203018e-34
1.361376146464203018e-34
1.361376146464203018e-34
1.361376146464203018e-34
1.361376146464203018e-34
1.361376146464203018e-34
1.361376146464203018e-34
1.361376146464203018e-34
1.361376146464203018e-34
1.361376146464203018e-34
1.361376146464203018e-34
1.361376146464203018e-34
1.361376146464203018e-34
1.361376146464203018e-34
1.361376146464203018e-34
1.361376146464203018e-34
1.361376146464203018e-34
1.361376146464203018e-34
1.361376146464203018e-34
1.361376146464203018e-34
1.361376146464203018e-34
1.361376146464203018e-34
1.361376146464203018e-34
1.361376146464203018e-34
1.361376146464203018e-34
1.361376146464203018e-34
1.361376146464203018e-34
1.361376146464203018e-34
1.361376146464203018e-34
1.361376146464203018e-34
1.361376146464203018e-34
1.361376146464203018e-34
1.361376146464203018e-34
1.361376146464203018e-34
1.361376146464203018e-34
1.361376146464203018e-34
1.361376146464203018e-34
1.361376146464203018e-34
1.361376146464203018e-34
1.361376146464203018e-34
1.361376146464203018e-34
1.361376146464203018e-34
1.361376146464203018e-34
1.361376146464203018e-34
1.361376146464203018e-34
1.361376146464203018e-34
1.361376146464203018e-34
1.361376146464203018e-34
1.361376146464203018e-34
1.361376146464203018e-34
1.361376146464203018e-34
1.361376146464203018e-34
1.361376146464203018e-34
1.361376146464203018e-34
1.361376146464203018e-34
1.361376146464203018e-34
1.361376146464203018e-34
1.361376146464203018e-34
1.361376146464203018e-34
1.361376146464203018e-34
1.361376146464203018e-34
1.361376146464202377e-34
1.361376146464201521e-34
1.361376146464200880e-34
1.361376146464200880e-34
1.361376146464200880e-34
1.361376146464200880e-34
1.361376146464200880e-34
1.361376146464200880e-34
1.361376146464200880e-34
1.361376146464200880e-34
1.361376146464200880e-34
1.361376146464200666e-34
1.361376146464199811e-34
1.361376146464195321e-34
1.361376146464175221e-34
1.361376146464109578e-34
1.361376146463990052e-34
1.361376146463932962e-34
1.361376146463931465e-34
1.361376146463931465e-34
1.361376146463931465e-34
1.361376146463931465e-34
1.361376146463931465e-34
1.361376146463931465e-34
1.361376146463931038e-34
1.361376146463929541e-34
1.361376146463917567e-34
1.361376146463839522e-34
1.361376146463421929e-34
1.361376146461587130e-34
1.361376146455524230e-34
1.361376146444522489e-34
1.361376146439262275e-34
1.361376146439098915e-34
1.361376146439098915e-34
1.361376146439098915e-34
1.361376146439098915e-34
1.361376146439098915e-34
1.361376146439087796e-34
1.361376146438987728e-34
1.361376146438232512e-34
1.361376146433234228e-34
1.361376146406493752e-34
1.361376146289016334e-34
1.361376145900842590e-34
1.361376145196473511e-34
1.361376144859675650e-34
1.361376144849226851e-34
1.361376144849224499e-34
1.361376144849224499e-34
1.361376144849224499e-34
1.361376144849224499e-34
1.361376144848726296e-34
1.361376144844259144e-34
1.361376144810514099e-34
1.361376144587229625e-34
1.361376143392629312e-34
1.361376138144455026e-34
1.361376120803224881e-34
1.361376089336329968e-34
1.361376074290273441e-34
1.361376073823481713e-34
1.361376073823381858e-34
1.361376073823381858e-34
1.361376073823381858e-34
1.361376073823381858e-34
1.361376073683494057e-34
1.361376072626769702e-34
1.361376065634694060e-34
1.361376028226137996e-34
1.361375863881168589e-34
1.361375320846123731e-34
1.361374335471498738e-34
1.361373864310081664e-34
1.361373849692685066e-34
1.361373849689561138e-34
1.361373849689561138e-34
1.361373849689561138e-34
1.361373849689561138e-34
1.361373846605342903e-34
1.361373823306892055e-34
1.361373669146973674e-34
1.361372844371000867e-34
1.361369220939004379e-34
1.361357248384894668e-34
1.361335523871239754e-34
1.361325136428852134e-34
1.361324814169391704e-34
1.361324814100519476e-34
1.361324814100519476e-34
1.361324814100519476e-34
1.361324814100519476e-34
1.361324450904466181e-34
1.361322047733226298e-34
1.361309190583802655e-34
1.361252708839131465e-34
1.361066112887653279e-34
1.360727651855724965e-34
1.360565874461282613e-34
1.360560856063736147e-34
1.360560854991229223e-34
1.360560854991229223e-34
1.360560854991229223e-34
1.360560854991229223e-34
1.360556839158853622e-34
1.360530268012411275e-34
1.360388126386906913e-34
1.359764014942102829e-34
1.357705866582182738e-34
1.353987076561553126e-34
1.352216107896406983e-34
1.352161239116344700e-34
1.352161227390493357e-34
1.352161227390493357e-34
1.352161227390493357e-34
1.352161227390493357e-34
1.352129928459219935e-34
1.351922867880282070e-34
1.350816141959557849e-34
1.345975412322089693e-34
1.330224303478407100e-34
1.302564614882724858e-34
1.289741489504364281e-34
1.289347699102810573e-34
1.289347614969268582e-34
1.289347614969268154e-34
1.289347614969268154e-34
1.289347614969268154e-34
1.289347614969268154e-34
1.288285053291320033e-34
1.282629822896250790e-34
1.258362074217480379e-34
1.184321554704626533e-34
1.070072873490512049e-34
1.022890527742732338e-34
1.021493187673592723e-34
1.021492889447937476e-34
1.021492889447937262e-34
1.021492889447937262e-34
1.021492889447937262e-34
1.021492889447937262e-34
1.018792210296068332e-34
1.004582407392670953e-34
9.465800910416969982e-35
7.949248241782706345e-35
6.158772958803819616e-35
5.559970509200318832e-35
5.543249815573844930e-35
5.543246252845811182e-35
5.543246252845805836e-35
5.543246252845805836e-35
5.543246252845805836e-35
5.543246252845805836e-35
5.421214608969375647e-35
4.943138940904836607e-35
3.827771994680377846e-35
2.715812914345827094e-35
2.384586719378301297e-35
2.375597991355836084e-35
2.375596077565239891e-35
2.375596077565237219e-35
2.375596077565237219e-35
2.375596077565237219e-35
2.375596077565237219e-35
2.328071163336926850e-35
2.139989714530777638e-35
1.689094745353436970e-35
1.221919125639310291e-35
1.079195724858218318e-35
1.075299154778099700e-35
1.075298325026798585e-35
1.075298325026797249e-35
1.075298325026797249e-35
1.075298325026797249e-35
1.075298325026797249e-35
1.060247530282563946e-35
9.988279713965296991e-36
8.383558817588799531e-36
6.491185430772696854e-36
5.858834113693674756e-36
5.841180423656924616e-36
5.841176662154601737e-36
5.841176662154596392e-36
5.841176662154596392e-36
5.841176662154596392e-36
5.841176662154596392e-36
5.627828335804031641e-36
5.021766318250365883e-36
4.200868159760190441e-36
3.896319850564481484e-36
3.887576125137900256e-36
3.887574260659718082e-36
3.887574260659714741e-36
3.887574260659714741e-36
3.887574260659714741e-36
3.887574260659714741e-36
3.808989234959024413e-36
3.570503589234326617e-36
3.206234902034090613e-36
3.057102773882168793e-36
3.052697629659941561e-36
3.052696689567748571e-36
3.052696689567747234e-36
3.052696689567747234e-36
3.052696689567747234e-36
3.052696689567747234e-36
3.023337597852444639e-36
2.930220188478558017e-36
2.775124164910368097e-36
2.706623149571763642e-36
2.704552005116521070e-36
2.704551562818942509e-36
2.704551562818941507e-36
2.704551562818941507e-36
2.704551562818941507e-36
2.704551562818941507e-36
2.671087424332782379e-36
2.612432633901020612e-36
2.585287434895427748e-36
2.584454296306805802e-36
2.584454118309291433e-36
2.584454118309290765e-36
2.584454118309290765e-36
2.584454118309290765e-36
2.584454118309290765e-36
2.574437840083885210e-36
2.556459463716152759e-36
2.547951453232295121e-36
2.547688404701668028e-36
2.547688348489837654e-36
2.547688348489837654e-36
2.547688348489837654e-36
2.547688348489837654e-36
2.547688348489837654e-36
2.545342222572704608e-36
2.541096025981584405e-36
2.539070687953632338e-36
2.539007905113627483e-36
2.539007891696272799e-36
2.539007891696272799e-36
2.539007891696272799e-36
2.539007891696272799e-36
2.539007891696272799e-36
2.538253871146961969e-36
2.537893490606196374e-36
2.537882311728149289e-36
2.537882309339056457e-36
2.537882309339056457e-36
2.537882309339056457e-36
2.537882309339056457e-36
2.537882309339056457e-36
2.537782452633425693e-36
2.537734708415372108e-36
2.537733227218368023e-36
2.537733226901813121e-36
2.537733226901813121e-36
2.537733226901813121e-36
2.537733226901813121e-36
2.537723362731695487e-36
2.537718646155358194e-36
2.537718499827673757e-36
2.537718499796401074e-36
2.537718499796401074e-36
2.537718499796401074e-36
2.537718499796401074e-36
2.537717771460736294e-36
2.537717423203457945e-36
2.537717412399058847e-36
2.537717412396749578e-36
2.537717412396749578e-36
2.537717412396749578e-36
2.537717412396749578e-36
2.537717393130216708e-36
2.537717392532488294e-36
2.537717392532360336e-36
2.537717392532360336e-36
2.537717392532360336e-36
2.537717392532360336e-36
2.537717391731826545e-36
2.537717391706990213e-36
2.537717391706985202e-36
2.537717391706985202e-36
2.537717391706985202e-36
2.537717391706985202e-36
2.537717391681944403e-36
2.537717391681167965e-36
2.537717391681167297e-36
2.537717391681167297e-36
2.537717391681167297e-36
2.537717391681167297e-36
2.537717391681148922e-36
2.537717391681148922e-36
2.537717391681148922e-36
2.537717391681148922e-36
2.537717391681148922e-36
2.537717391681148254e-36
2.537717391681148254e-36
2.537717391681148254e-36
2.537717391681148254e-36
2.537717391681148254e-36
2.537717391681148254e-36
2.537717391681148254e-36
2.537717391681148254e-36
2.537717391681148254e-36
2.537717391681148254e-36
2.537717391681148254e-36
2.537717391681148254e-36
2.537717391681148254e-36
2.537717391681148254e-36
2.537717391681148254e-36
2.537717391681148254e-36
2.537717391681148254e-36
2.537717391681148254e-36
2.537717391681148254e-36
2.537717391681148254e-36
2.537717391681148254e-36
2.537717391681148254e-36
2.537717391681148254e-36
2.537717391681148254e-36
2.537717391681148254e-36
2.537717391681148254e-36
2.537717391681148254e-36
2.537717391681148254e-36
2.537717391681148254e-36
2.537717391681148254e-36
2.537717391681148254e-36
2.537717391681148254e-36
2.537717391681148254e-36
2.537717391681148254e-36
2.537717391681148254e-36
2.537717391681148254e-36
2.537717391681148254e-36
2.537717391681148254e-36
2.537717391681148254e-36
2.537717391681148254e-36
2.537717391681148254e-36
2.537717391681148254e-36
2.537717391681148254e-36
2.537717391681148254e-36
2.537717391681148254e-36
2.537717391681148254e-36
2.537717391681148254e-36
2.537717391681148254e-36
2.537717391681148254e-36
2.537717391681148254e-36
2.537717391681148254e-36
