1.000000000000209832e+00
1.000000000000163869e+00
1.000000000000035083e+00
1.000000000000035083e+00
1.000000000000031308e+00
1.000000000000031308e+00
1.000000000000031308e+00
1.000000000000031308e+00
1.000000000000031308e+00
1.000000000000031308e+00
1.000000000000031308e+00
1.000000000000031308e+00
1.000000000000031308e+00
1.000000000000031308e+00
1.000000000000031308e+00
1.000000000000031308e+00
1.000000000000031308e+00
1.000000000000031308e+00
1.000000000000031308e+00
1.000000000000031308e+00
1.000000000000031308e+00
1.000000000000031308e+00
1.000000000000031308e+00
1.000000000000031308e+00
1.000000000000031308e+00
1.000000000000031308e+00
1.000000000000031308e+00
1.000000000000031308e+00
1.000000000000031308e+00
1.000000000000031308e+00
1.000000000000031308e+00
1.000000000000031308e+00
1.000000000000031308e+00
1.000000000000031308e+00
1.000000000000031308e+00
1.000000000000031308e+00
1.000000000000031308e+00
1.000000000000031308e+00
1.000000000000031308e+00
1.000000000000031086e+00
1.000000000000031086e+00
1.000000000000031086e+00
1.000000000000031086e+00
1.000000000000031086e+00
1.000000000000031086e+00
1.000000000000028644e+00
1.000000000000028644e+00
1.000000000000028644e+00
1.000000000000023093e+00
1.000000000000023093e+00
1.000000000000023093e+00
1.000000000000023093e+00
1.000000000000023093e+00
1.000000000000023093e+00
1.000000000000023093e+00
1.000000000000023093e+00
1.000000000000023093e+00
1.000000000000023093e+00
1.000000000000023093e+00
1.000000000000023093e+00
1.000000000000023093e+00
1.000000000000023093e+00
1.000000000000023093e+00
1.000000000000023093e+00
1.000000000000023093e+00
1.000000000000023093e+00
1.000000000000023093e+00
1.000000000000023093e+00
1.000000000000023093e+00
1.000000000000023093e+00
1.000000000000023093e+00
1.000000000000023093e+00
1.000000000000023093e+00
1.000000000000023093e+00
1.000000000000023093e+00
1.000000000000023093e+00
1.000000000000023093e+00
1.000000000000023093e+00
1.000000000000023093e+00
1.000000000000023093e+00
1.000000000000023093e+00
1.000000000000023093e+00
1.000000000000023093e+00
1.000000000000023093e+00
1.000000000000023093e+00
1.000000000000023093e+00
1.000000000000023093e+00
1.000000000000023093e+00
1.000000000000023093e+00
1.000000000000023093e+00
1.000000000000023093e+00
1.000000000000023093e+00
1.000000000000023093e+00
1.000000000000023093e+00
1.000000000000023093e+00
1.000000000000023093e+00
1.000000000000023093e+00
1.000000000000023093e+00
1.000000000000023093e+00
1.000000000000023093e+00
1.000000000000023093e+00
1.000000000000023093e+00
1.000000000000023093e+00
1.000000000000023093e+00
1.000000000000023093e+00
1.000000000000023093e+00
1.000000000000023093e+00
1.000000000000023093e+00
1.000000000000023093e+00
1.000000000000023093e+00
1.000000000000023093e+00
1.000000000000022871e+00
1.000000000000022871e+00
1.000000000000022871e+00
1.000000000000022871e+00
1.000000000000022871e+00
1.000000000000022871e+00
1.000000000000022871e+00
1.000000000000022871e+00
1.000000000000022649e+00
1.000000000000022649e+00
1.000000000000022649e+00
1.000000000000022649e+00
1.000000000000022649e+00
1.000000000000022649e+00
1.000000000000022649e+00
1.000000000000022649e+00
1.000000000000022649e+00
1.000000000000022649e+00
1.000000000000022649e+00
1.000000000000022649e+00
1.000000000000022649e+00
1.000000000000022649e+00
1.000000000000022649e+00
1.000000000000022649e+00
1.000000000000022649e+00
1.000000000000022649e+00
1.000000000000022649e+00
1.000000000000022649e+00
1.000000000000022649e+00
1.000000000000022649e+00
1.000000000000022649e+00
1.000000000000022649e+00
1.000000000000022649e+00
1.000000000000022649e+00
1.000000000000022649e+00
1.000000000000022649e+00
1.000000000000022649e+00
1.000000000000022649e+00
1.000000000000022649e+00
1.000000000000022649e+00
1.000000000000022649e+00
1.000000000000022649e+00
1.000000000000022649e+00
1.000000000000022649e+00
1.000000000000022649e+00
1.000000000000022649e+00
1.000000000000022649e+00
1.000000000000022649e+00
1.000000000000022649e+00
1.000000000000022649e+00
1.000000000000022649e+00
1.000000000000022649e+00
1.000000000000022649e+00
1.000000000000022649e+00
1.000000000000022649e+00
1.000000000000022649e+00
1.000000000000022649e+00
1.000000000000022649e+00
1.000000000000022649e+00
1.000000000000022649e+00
1.000000000000022649e+00
1.000000000000022649e+00
1.000000000000022649e+00
1.000000000000022649e+00
1.000000000000022649e+00
1.000000000000022649e+00
1.000000000000022649e+00
1.000000000000022649e+00
1.000000000000022649e+00
1.000000000000022649e+00
1.000000000000022649e+00
1.000000000000022649e+00
1.000000000000022649e+00
1.000000000000022649e+00
1.000000000000022649e+00
1.000000000000022649e+00
1.000000000000022649e+00
1.000000000000022649e+00
1.000000000000022649e+00
1.000000000000022649e+00
1.000000000000022649e+00
1.000000000000022649e+00
1.000000000000022649e+00
1.000000000000022649e+00
1.000000000000022427e+00
1.000000000000022427e+00
1.000000000000022427e+00
1.000000000000022649e+00
1.000000000000022649e+00
1.000000000000022649e+00
1.000000000000022649e+00
1.000000000000022427e+00
1.000000000000022427e+00
1.000000000000022427e+00
1.000000000000022427e+00
1.000000000000022427e+00
1.000000000000022427e+00
1.000000000000022649e+00
1.000000000000022649e+00
1.000000000000022649e+00
1.000000000000022649e+00
1.000000000000022649e+00
1.000000000000022649e+00
1.000000000000022649e+00
1.000000000000022649e+00
1.000000000000022649e+00
1.000000000000022649e+00
1.000000000000022427e+00
1.000000000000022427e+00
1.000000000000022427e+00
1.000000000000022427e+00
1.000000000000022427e+00
1.000000000000022427e+00
1.000000000000022427e+00
1.000000000000022427e+00
1.000000000000022427e+00
1.000000000000022427e+00
1.000000000000022427e+00
1.000000000000022427e+00
1.000000000000022427e+00
1.000000000000022427e+00
1.000000000000022649e+00
1.000000000000022649e+00
1.000000000000022649e+00
1.000000000000022649e+00
1.000000000000022427e+00
1.000000000000022649e+00
1.000000000000022649e+00
1.000000000000022649e+00
1.000000000000011990e+00
1.000000000000011990e+00
1.000000000000011990e+00
1.000000000000011990e+00
1.000000000000011990e+00
1.000000000000011990e+00
1.000000000000011990e+00
1.000000000000011990e+00
1.000000000000011990e+00
1.000000000000011990e+00
1.000000000000011990e+00
1.000000000000011990e+00
1.000000000000011990e+00
1.000000000000011990e+00
1.000000000000011990e+00
1.000000000000011990e+00
1.000000000000011990e+00
1.000000000000011990e+00
1.000000000000011990e+00
1.000000000000011990e+00
1.000000000000011990e+00
1.000000000000011990e+00
1.000000000000011990e+00
1.000000000000011990e+00
1.000000000000012212e+00
1.000000000000012212e+00
1.000000000000012212e+00
1.000000000000012212e+00
1.000000000000012212e+00
1.000000000000012212e+00
1.000000000000012212e+00
1.000000000000011990e+00
1.000000000000012212e+00
1.000000000000011990e+00
1.000000000000011990e+00
1.000000000000011990e+00
1.000000000000012212e+00
1.000000000000011990e+00
1.000000000000011990e+00
1.000000000000011990e+00
1.000000000000011990e+00
1.000000000000011990e+00
1.000000000000011990e+00
1.000000000000011990e+00
1.000000000000011990e+00
1.000000000000011990e+00
1.000000000000012212e+00
1.000000000000012212e+00
1.000000000000012212e+00
1.000000000000012212e+00
1.000000000000012212e+00
1.000000000000012212e+00
1.000000000000012212e+00
1.000000000000012212e+00
1.000000000000012212e+00
1.000000000000012212e+00
1.000000000000012212e+00
1.000000000000011990e+00
1.000000000000011990e+00
1.000000000000011990e+00
1.000000000000011990e+00
1.000000000000011990e+00
1.000000000000011990e+00
1.000000000000011990e+00
1.000000000000011990e+00
1.000000000000011990e+00
1.000000000000011990e+00
1.000000000000011990e+00
1.000000000000012212e+00
1.000000000000012212e+00
1.000000000000012212e+00
1.000000000000012212e+00
1.000000000000012212e+00
1.000000000000012212e+00
1.000000000000011990e+00
1.000000000000011990e+00
1.000000000000011990e+00
1.000000000000011990e+00
1.000000000000012212e+00
1.000000000000012212e+00
1.000000000000012212e+00
1.000000000000012212e+00
1.000000000000012212e+00
1.000000000000012212e+00
1.000000000000012212e+00
1.000000000000010658e+00
1.000000000000010658e+00
1.000000000000010436e+00
1.000000000000010436e+00
1.000000000000010658e+00
1.000000000000010658e+00
1.000000000000010658e+00
1.000000000000010658e+00
1.000000000000010658e+00
1.000000000000010658e+00
1.000000000000010658e+00
1.000000000000010658e+00
1.000000000000010658e+00
1.000000000000010214e+00
1.000000000000010214e+00
1.000000000000010214e+00
1.000000000000010214e+00
1.000000000000010214e+00
1.000000000000010214e+00
1.000000000000010214e+00
1.000000000000010214e+00
1.000000000000010214e+00
1.000000000000010214e+00
1.000000000000010214e+00
1.000000000000010214e+00
1.000000000000010214e+00
1.000000000000010214e+00
1.000000000000010214e+00
1.000000000000010214e+00
1.000000000000010214e+00
1.000000000000010214e+00
1.000000000000010214e+00
1.000000000000010214e+00
1.000000000000010214e+00
1.000000000000010214e+00
1.000000000000010214e+00
1.000000000000009992e+00
1.000000000000009992e+00
1.000000000000009992e+00
1.000000000000009992e+00
1.000000000000009992e+00
1.000000000000009992e+00
1.000000000000009992e+00
1.000000000000009992e+00
1.000000000000009992e+00
1.000000000000009992e+00
1.000000000000009992e+00
1.000000000000010214e+00
1.000000000000010214e+00
1.000000000000010214e+00
1.000000000000010214e+00
1.000000000000010214e+00
1.000000000000009992e+00
1.000000000000010214e+00
1.000000000000010214e+00
1.000000000000010214e+00
1.000000000000010214e+00
1.000000000000010214e+00
1.000000000000009992e+00
1.000000000000009992e+00
1.000000000000009992e+00
1.000000000000009992e+00
1.000000000000009992e+00
1.000000000000009992e+00
1.000000000000010214e+00
1.000000000000010214e+00
1.000000000000009992e+00
1.000000000000010214e+00
1.000000000000010214e+00
1.000000000000010214e+00
1.000000000000003775e+00
1.000000000000003775e+00
1.000000000000002887e+00
1.000000000000002887e+00
1.000000000000002887e+00
1.000000000000002887e+00
1.000000000000002665e+00
1.000000000000002887e+00
1.000000000000002665e+00
1.000000000000002887e+00
9.999999999999573674e-01
9.999999999999573674e-01
9.999999999999574785e-01
9.999999999999574785e-01
9.999999999999574785e-01
9.999999999999574785e-01
9.999999999998997469e-01
9.999999999998997469e-01
9.999999999998998579e-01
9.999999999998998579e-01
9.999999999998998579e-01
9.999999999998997469e-01
9.999999999998859801e-01
9.999999999998859801e-01
9.999999999995958788e-01
9.999999999995958788e-01
9.999999999977737808e-01
9.999999999977735587e-01
9.999999999977735587e-01
9.999999999944756413e-01
9.999999999944757523e-01
9.999999999944757523e-01
9.999999999944756413e-01
9.999999999944756413e-01
9.999999999944757523e-01
9.999999999931993289e-01
9.999999999931993289e-01
9.999999999931992178e-01
9.999999999898591119e-01
9.999999999279006735e-01
9.999999999278990082e-01
9.999999999278990082e-01
9.999999999278990082e-01
9.999999998038276994e-01
9.999999998038276994e-01
9.999999998038276994e-01
9.999999998038252569e-01
9.999999998038252569e-01
9.999999998038252569e-01
9.999999998038252569e-01
9.999999997301290966e-01
9.999999997301290966e-01
9.999999997301290966e-01
9.999999997301290966e-01
9.999999985703986738e-01
9.999999985703986738e-01
9.999999985612357811e-01
9.999999985590526386e-01
9.999999985590527496e-01
9.999999950435011220e-01
9.999999950435011220e-01
9.999999950435000118e-01
9.999999950435000118e-01
9.999999950435000118e-01
9.999999923009486036e-01
9.999999923009486036e-01
9.999999923009486036e-01
9.999999923009451619e-01
9.999999923009451619e-01
9.999999923009451619e-01
9.999999923009451619e-01
9.999999920124581498e-01
9.999999815639739609e-01
9.999999815639739609e-01
9.999999080570778354e-01
9.999999080533343854e-01
9.999999080533343854e-01
9.999998408497525748e-01
9.999998408497507985e-01
9.999998408497507985e-01
9.999998408493981916e-01
9.999998408493981916e-01
9.999998408493981916e-01
9.999998282264387361e-01
9.999998282264387361e-01
9.999998282264387361e-01
9.999997809512132241e-01
9.999987715270274302e-01
9.999987715023592738e-01
9.999987715023592738e-01
9.999987715023592738e-01
9.999976419165370611e-01
9.999976419165370611e-01
9.999976419165369501e-01
9.999976418964092728e-01
9.999976418964092728e-01
9.999976418964092728e-01
9.999976418964072744e-01
9.999972938895446140e-01
9.999972938895446140e-01
9.999972938895446140e-01
9.999972938895446140e-01
9.999890054178548482e-01
9.999890054178358634e-01
9.999889659734980674e-01
9.999889593091700890e-01
9.999889593091700890e-01
9.999747526513963480e-01
9.999747526513963480e-01
9.999747526423617972e-01
9.999747526423617972e-01
9.999747526423617972e-01
9.999686287398995566e-01
9.999686287398995566e-01
9.999686287398985574e-01
9.999686287349499603e-01
9.999686287349499603e-01
9.999686287349499603e-01
9.999686287349499603e-01
9.999686287349499603e-01
9.999680403760636827e-01
9.999335209755186860e-01
9.999335209755186860e-01
9.998004623855407669e-01
9.998004540461852274e-01
9.998004540461852274e-01
9.997296570429514695e-01
9.997296570379469172e-01
9.997296570379469172e-01
9.997296570379469172e-01
9.997296567703537473e-01
9.997296567703537473e-01
9.997169120396249831e-01
9.997169120396249831e-01
9.997169120396247610e-01
9.996466505112302503e-01
9.988349882812486147e-01
9.988349882812486147e-01
9.988349695420299934e-01
9.988349695420299934e-01
9.988349695420299934e-01
9.982746869474600215e-01
9.982746869474600215e-01
9.982746869474535822e-01
9.982746788460910015e-01
9.982746788460910015e-01
9.982746788460910015e-01
9.982746788440236552e-01
9.981058701148249890e-01
9.981058701148249890e-01
9.981058701148249890e-01
9.981058701148249890e-01
9.951470044793312431e-01
9.951470044769930023e-01
9.951266859338057102e-01
9.951256115495347165e-01
9.951256115495347165e-01
9.918539818501217464e-01
9.918539818501218575e-01
9.918539785288846833e-01
9.918539785288846833e-01
9.918539785288846833e-01
9.904936994153752394e-01
9.904936994153752394e-01
9.904936994150681517e-01
9.904936990436152833e-01
9.904936990436152833e-01
9.904936990436152833e-01
9.904936990436152833e-01
9.904936990436152833e-01
9.904376633096165783e-01
9.851062056138772949e-01
9.851062056138772949e-01
9.711418233322863802e-01
9.711394655961474998e-01
9.711394655961474998e-01
9.642118355212009329e-01
9.642118349546208167e-01
9.642118349546208167e-01
9.642118349546208167e-01
9.642118258226032301e-01
9.642118258225992333e-01
9.636750853011669671e-01
9.636750853011669671e-01
9.636750853011426532e-01
9.592254474367707395e-01
9.223796863255270262e-01
9.223796863255270262e-01
9.223796863255270262e-01
9.223778793065040560e-01
9.223778793065040560e-01
8.981648789848211134e-01
8.981648789848211134e-01
8.981648789846922165e-01
8.981647550869242824e-01
8.981647550869242824e-01
8.981647550869242824e-01
8.981647550869242824e-01
8.981647550069035146e-01
8.950912123302859902e-01
8.950912123302859902e-01
8.950912123302859902e-01
8.950912123302859902e-01
8.400518461957692251e-01
8.400518461624986166e-01
8.394816325142953062e-01
8.394708580424856681e-01
8.394708580424856681e-01
7.759226859346464167e-01
7.759226859346463057e-01
7.759225980825358304e-01
7.759225980825358304e-01
7.759225980825358304e-01
7.647239567116939085e-01
7.647239567116939085e-01
7.647239567071457689e-01
7.647239544356396745e-01
7.647239544356396745e-01
7.647239544356396745e-01
7.647239544356394525e-01
7.647239544356394525e-01
7.644777341708923757e-01
7.243786532875051698e-01
7.243786532875051698e-01
6.051707086595357055e-01
6.051512249318550252e-01
6.051512249318550252e-01
5.773098283616379112e-01
5.773098213167351389e-01
5.773098213167351389e-01
5.773098213167351389e-01
5.773097916746966485e-01
5.773097916746885438e-01
5.773097916746885438e-01
5.761283685614846384e-01
5.761283685614846384e-01
5.761283685613448613e-01
5.616204695022565252e-01
4.226595878264550743e-01
4.226595878264550743e-01
4.226595878264550743e-01
4.226538708432954206e-01
3.727120316326897331e-01
3.727120316326897331e-01
3.727120316326897331e-01
3.727120316325202576e-01
3.727117966864880727e-01
3.727117966864880727e-01
3.727117966864880727e-01
3.727117966864880727e-01
3.727117962956523201e-01
3.691618125180814447e-01
3.691618125180814447e-01
3.691618125180814447e-01
3.691618125180814447e-01
2.714225783027157113e-01
2.714225782847924928e-01
2.707797729672181686e-01
2.707713850350820239e-01
2.707713850350820239e-01
2.034872930421839365e-01
2.034872930421838255e-01
2.034871339486632180e-01
2.034871339486632180e-01
2.034871339486632180e-01
1.966228279638620735e-01
1.966228279638620735e-01
1.966228279541585022e-01
1.966228270332067707e-01
1.966228270332067707e-01
1.966228270332067707e-01
1.966228270332067152e-01
1.966228270332067152e-01
1.964816195925601916e-01
1.602217311747255457e-01
1.602217311747255457e-01
1.602217311747255457e-01
9.555095276195502141e-02
9.553691727799522304e-02
9.553691727799522304e-02
8.637970320832083493e-02
8.637969727315539248e-02
8.637969727315539248e-02
8.637969727315539248e-02
8.637969029371578289e-02
8.637969029371436736e-02
8.637969029371436736e-02
8.600912512079403327e-02
8.600912512079403327e-02
8.600912512066392901e-02
7.913209096106282869e-02
4.042663378508478539e-02
4.042663378508478539e-02
4.042663378508478539e-02
4.042501120032366418e-02
4.042501120032366418e-02
3.141948356688847172e-02
3.141948356688847172e-02
3.141948356686904281e-02
3.141944908269120318e-02
3.141944908269120318e-02
3.141944908269120318e-02
3.141944908269120318e-02
3.141944894038301711e-02
3.079716968860366985e-02
3.079716968860366985e-02
3.079716968860366985e-02
3.079716968860366985e-02
3.079716968860366985e-02
1.655266996688645534e-02
1.655266996589112999e-02
1.641816084485975616e-02
1.641757931653140337e-02
1.641757931653140337e-02
9.731597646982644359e-03
9.731597646982604460e-03
9.731571433124697190e-03
9.731571433124697190e-03
9.731571433124697190e-03
9.051155726054204570e-03
9.051155726054204570e-03
9.051155724470960617e-03
9.051155689853337613e-03
9.051155689853337613e-03
9.051155689853337613e-03
9.051155689853335878e-03
9.051155689853335878e-03
9.044434107254391633e-03
6.287761946657494799e-03
6.287761946657494799e-03
6.287761946657494799e-03
6.287761946657494799e-03
2.746610298015225802e-03
2.744653697428273229e-03
2.744653697428273229e-03
2.230889242614478209e-03
2.230888828855225221e-03
2.230888828855225221e-03
2.230888677405579862e-03
2.230888677405579862e-03
2.230888677405543866e-03
2.230888677405543866e-03
2.221132559482856973e-03
2.221132559482856973e-03
2.221132559472923946e-03
1.940398891829288666e-03
7.714957826573719344e-04
7.714957826573719344e-04
7.713893570321066076e-04
7.713893570321066076e-04
7.713893570321066076e-04
4.817825897304128216e-04
4.817825897304128216e-04
4.817825897301018182e-04
4.817821433934791004e-04
4.817821433934791004e-04
4.817821433934791004e-04
4.817821433934791004e-04
4.817821388271590678e-04
4.725096611913802641e-04
4.725096611913802641e-04
4.725096611913802641e-04
4.725096611913802641e-04
4.725096611913802641e-04
2.286258027298308359e-04
2.286258027172718174e-04
2.252521292444868077e-04
2.252463168457182190e-04
2.252463168457182190e-04
9.817727398405303428e-05
9.817727398405171968e-05
9.817653708464062668e-05
9.817653708464062668e-05
9.817653708464062668e-05
9.190871268770172927e-05
9.190871268770172927e-05
9.190871265915734236e-05
9.190871265915734236e-05
9.190871240533059758e-05
9.190871240533059758e-05
9.190871240533057048e-05
9.190871240533057048e-05
9.186880510136367797e-05
6.337227407175655732e-05
6.337227407175655732e-05
6.337227407175655732e-05
6.337227407175655732e-05
2.089493225600407990e-05
2.087112820646179134e-05
2.087112820646179134e-05
1.747460911628625138e-05
1.747460102057886173e-05
1.747460102057886173e-05
1.747460102057886173e-05
1.747460015012985467e-05
1.747460015012985467e-05
1.747460015012971236e-05
1.747460015012971236e-05
1.742980539354725269e-05
1.742980539354725269e-05
1.742980539341912709e-05
1.529801156632153427e-05
5.033867161281948451e-06
5.033867161281948451e-06
5.032949205996013550e-06
5.032949205996013550e-06
5.032949205996013550e-06
3.409952451539946613e-06
3.409952451539946613e-06
3.409952451538798460e-06
3.409950008865914464e-06
3.409950008865914464e-06
3.409950008865914464e-06
3.409950008865914464e-06
3.409949932417514004e-06
3.369501994749142538e-06
3.369501994749142538e-06
3.369501994749142538e-06
3.369501994749142538e-06
3.369501994749142538e-06
1.415266230504557545e-06
1.415266230471235480e-06
1.396103632111962410e-06
1.396080607993480837e-06
1.396080607993480837e-06
6.985568239360290508e-07
6.985568239360106278e-07
6.985484620956813689e-07
6.985484620956813689e-07
6.985484620956813689e-07
6.688247612997837950e-07
6.688247612997837950e-07
6.688247607786693265e-07
6.688247607786693265e-07
6.688247598264229228e-07
6.688247598264229228e-07
6.688247598264229228e-07
6.686009600153347174e-07
6.686009600153347174e-07
6.686009600153347174e-07
4.123601044244688841e-07
4.123601044244688841e-07
4.123601044244688841e-07
1.552692747766451713e-07
1.550606423137491163e-07
1.550606423137491163e-07
1.367817640709530427e-07
1.367817640709530427e-07
1.367816543650328479e-07
1.367816543650327950e-07
1.367816504881284524e-07
1.367816504881284524e-07
1.367816504881280024e-07
1.367816504881280024e-07
1.364830127731756538e-07
1.364830127731756538e-07
1.364830127704257613e-07
1.126471881927231134e-07
3.908351305886617070e-08
3.907489671926640892e-08
3.907489671926640892e-08
3.907489671926640892e-08
3.907489671926640892e-08
3.907489671926640892e-08
2.914073713724052806e-08
2.914073713723590908e-08
2.914072412707519880e-08
2.914072412707519880e-08
2.914072412707519880e-08
2.914072412707519880e-08
2.914072289955616667e-08
2.881741635990506640e-08
2.881741635990506640e-08
2.881741635990506640e-08
2.881741635990506640e-08
2.881741635990506640e-08
1.161216887409424104e-08
1.136202548933802335e-08
1.136202548922008229e-08
1.136191467052131986e-08
6.499822339179963829e-09
6.499822339179963829e-09
6.499822339179400519e-09
6.499709699637639050e-09
6.499709699637639050e-09
6.499709699637639050e-09
6.218434524164482850e-09
6.218434524164482850e-09
6.218434524164482850e-09
6.218434514266514087e-09
6.218434514266514087e-09
6.218434509746948112e-09
6.218434509746948112e-09
6.218434509746948112e-09
6.217028371312044071e-09
6.217028371312044071e-09
6.217028371312044071e-09
3.603429029990367332e-09
3.603429029990367332e-09
3.603429029990367332e-09
1.545756228536618031e-09
1.541718593904626933e-09
1.541718593904626933e-09
1.346117966290364773e-09
1.346117966290364773e-09
1.346116314455069671e-09
1.346116314455068223e-09
1.346116293836581054e-09
1.346116293836581054e-09
1.346116293836578366e-09
1.346116293836578366e-09
1.344012587206482396e-09
1.344012587206482396e-09
1.344012587147889057e-09
1.065331588149128921e-09
4.039061260402586257e-10
4.037262895927176457e-10
4.037262895927176457e-10
4.037262895927176457e-10
4.037262895927176457e-10
4.037262895927176457e-10
2.914637877952866893e-10
2.914637877952580998e-10
2.914637877952580998e-10
2.914637163283613323e-10
2.914637163283613323e-10
2.914637163283613323e-10
2.914636972390551478e-10
2.891055882755060059e-10
2.891055882755060059e-10
2.891055882755060059e-10
2.891055882755060059e-10
2.891055882755060059e-10
1.221165740291683146e-10
1.186673471367904596e-10
1.186673471359963403e-10
1.186673471359963403e-10
1.186666833694542174e-10
1.186666833694129618e-10
6.399444386927679299e-11
6.399444386927679299e-11
6.399230964773813660e-11
6.399230964773813660e-11
6.198580796766240233e-11
6.198580796766240233e-11
6.198580796766240233e-11
6.198580796766240233e-11
6.198580781477888779e-11
6.198580781477888779e-11
6.198580781477888779e-11
6.198580778705832063e-11
6.198580778705832063e-11
6.197813515504720399e-11
6.197813515504720399e-11
6.197813515504720399e-11
3.721995034729203095e-11
3.721995034729203095e-11
3.721995034729203095e-11
3.692760010228063666e-11
1.481995418498933081e-11
1.481995418498933081e-11
1.481995418498933081e-11
1.345397965007828428e-11
1.345394739670697960e-11
1.345394739670694567e-11
1.345394726956930329e-11
1.345394726956929198e-11
1.345394726956929198e-11
1.345394726956929198e-11
1.344240010764083071e-11
1.344240010764083071e-11
1.344240010672968318e-11
1.083460508699045594e-11
3.840445394330794109e-12
3.838404416864318008e-12
3.838404416864318008e-12
3.838404416864318008e-12
3.838404416864318008e-12
3.838404416864318008e-12
3.031482036390997063e-12
3.031482036390865796e-12
3.031482036390865796e-12
3.031481559159658911e-12
3.031481559159658911e-12
3.031481559159658911e-12
3.031481155510028765e-12
3.031481155510028765e-12
3.017425091007778930e-12
3.017425091007778930e-12
3.017425091007778930e-12
3.017425091007778930e-12
1.178361009853609122e-12
1.148721344018836471e-12
1.148721344015669516e-12
1.148721344015669516e-12
1.148721344015068315e-12
1.148717504588800349e-12
7.174395288772440779e-13
7.174395288772440779e-13
7.174058532804431091e-13
7.174058532804431091e-13
7.033896678497930369e-13
7.033896678497930369e-13
7.033896678497930369e-13
7.033896678497930369e-13
7.033896640017347919e-13
7.033896640017347919e-13
7.033896640017347919e-13
7.033896638498262834e-13
7.033896638498262834e-13
7.033896638498262834e-13
7.033286749234392801e-13
7.033286749234392801e-13
3.852916727126821035e-13
3.852916727126821035e-13
3.852916727126821035e-13
3.824085828919868093e-13
1.801363004731892778e-13
1.801363004731892778e-13
1.801363004731892778e-13
1.687043100731468910e-13
1.687036733934781063e-13
1.687036733934772985e-13
1.687036725427394313e-13
1.687036725427393556e-13
1.687036725427393556e-13
1.687036725427393556e-13
1.685915760029210427e-13
1.685915760029210427e-13
1.685915759749067618e-13
1.685915759749067618e-13
1.267511190748259402e-13
4.973248754078147412e-14
4.970100458025785455e-14
4.970100458025785455e-14
4.970100458025785455e-14
4.970100458025785455e-14
4.970100458025785455e-14
4.179181647115383272e-14
4.179181647115383272e-14
4.179181647115299968e-14
4.179181261127711344e-14
4.179181261127711344e-14
4.179181261127711344e-14
4.179180298024765012e-14
4.179180298024765012e-14
4.162678947933199791e-14
4.162678947933199791e-14
4.162678947933199791e-14
4.162678947933199791e-14
4.162678947933199791e-14
1.622868745166636010e-14
1.562164965014798261e-14
1.562164965012849775e-14
1.562164965012849775e-14
1.562164965010676621e-14
1.562161943227291112e-14
1.078182796556408513e-14
1.078182796556408513e-14
1.078112830720565078e-14
1.078112830720565078e-14
1.058545757627249761e-14
1.058545757627249761e-14
1.058545757627249761e-14
1.058545757627249761e-14
1.058545757627249761e-14
1.058545746686059343e-14
1.058545746686059343e-14
1.058545746571597677e-14
1.058545746571597677e-14
1.058545746571597677e-14
1.058486961939271558e-14
5.562259828163127733e-15
5.562259828163127733e-15
5.562259828163127733e-15
5.496836861019788271e-15
5.496836861019788271e-15
2.914118599058370624e-15
2.914118599058370624e-15
2.914118599058370624e-15
2.729423382848278410e-15
2.729408051725176743e-15
2.729408051725134145e-15
2.729408044316565097e-15
2.729408044316564703e-15
2.729408044316564703e-15
2.729408044316564703e-15
2.728159103264378513e-15
2.728159103264378513e-15
2.728159103264378513e-15
2.728159102343413777e-15
1.965140665229788178e-15
8.476282725930256781e-16
8.476282725930256781e-16
8.466287471390707366e-16
8.466287471390707366e-16
8.466287471390707366e-16
8.466287471390707366e-16
7.061127858958956644e-16
7.061127858958956644e-16
7.061127858958874799e-16
7.061127858958874799e-16
7.061127492361179294e-16
7.061127492361179294e-16
7.061124963047597600e-16
7.061124963047597600e-16
7.041055345842109728e-16
7.041055345842107756e-16
7.041055345842107756e-16
7.041055345842107756e-16
7.041055345842107756e-16
2.869733365410679782e-16
2.733217197782389800e-16
2.733217197782389800e-16
2.733217197780310166e-16
2.733217197771959087e-16
2.733214120195160778e-16
1.840792929815925860e-16
1.840792929815925860e-16
1.840569926217212142e-16
1.840569926217212142e-16
1.816178630058750722e-16
1.816178630058750722e-16
1.816178630058750722e-16
1.816178630058750722e-16
1.816178630058750722e-16
1.816178600429084093e-16
1.816178600429084093e-16
1.816178600429084093e-16
1.816178600311612104e-16
1.816178600311612104e-16
1.816178600311612104e-16
1.816121026799975214e-16
9.813048625195266768e-17
9.813048625195266768e-17
9.813048625195266768e-17
9.665526040587398177e-17
4.926416947196363885e-17
4.926416947196363885e-17
4.926416947196363885e-17
4.926416947196363885e-17
4.926362331520908067e-17
4.697666610444208871e-17
4.697666610444050483e-17
4.697666602792705523e-17
4.697666602792704906e-17
4.697666602792704906e-17
4.697666602792704906e-17
4.696435469581601290e-17
4.696435469581601290e-17
4.696435469581601290e-17
4.696435467070844384e-17
3.435528449574906887e-17
1.418025949881717904e-17
1.418025949881717904e-17
1.415993107619669415e-17
1.415993107619669415e-17
1.415993107619669415e-17
1.415993107619669415e-17
1.240312858835151758e-17
1.240312858835151758e-17
1.240312858835151758e-17
1.240312858835145595e-17
1.240312819400302947e-17
1.240311966021031167e-17
1.240311966021031167e-17
1.240311966021031167e-17
1.238249355660830522e-17
1.238249355660830060e-17
1.238249355660830060e-17
1.238249355660830060e-17
4.803284320907679281e-18
4.803284320907679281e-18
4.592468901410001151e-18
4.592468901410001151e-18
4.592468901408524348e-18
4.592468901386836066e-18
3.410254439889444724e-18
3.410252769527902559e-18
3.410252769527902559e-18
3.409696455706035468e-18
3.409696455706035468e-18
3.381704957395291661e-18
3.381704957395291661e-18
3.381704957395291661e-18
3.381704957395291661e-18
3.381704957395291661e-18
3.381704845062574968e-18
3.381704845062574968e-18
3.381704845062574968e-18
3.381704844960155939e-18
3.381704844960155939e-18
3.381704844960155939e-18
3.381704844960155939e-18
3.381635253191983045e-18
1.709792621212323155e-18
1.709792621212323155e-18
1.685185004750399134e-18
9.833191562039004950e-19
9.833191562039004950e-19
9.833191562039004950e-19
9.833191562039004950e-19
9.833033399089089999e-19
9.833033399088452517e-19
9.525099673561155530e-19
9.525099665650613988e-19
9.525099665650613988e-19
9.525099665650613988e-19
9.525099665650613988e-19
9.523334891589079359e-19
9.523334891589079359e-19
9.523334891589079359e-19
9.523334880299667063e-19
6.525502942853760796e-19
3.035026128228163640e-19
3.035026128228163640e-19
3.035026128228163640e-19
3.029914013884881921e-19
3.029914013884881921e-19
2.752377823379807283e-19
2.752377823379807283e-19
2.752377823379807283e-19
2.752377823379807283e-19
2.752377823379801024e-19
2.752377774545225130e-19
2.752377774545225130e-19
2.752374719916187226e-19
2.752374719916187226e-19
2.752374719916187226e-19
2.752374719916184818e-19
2.748832218980613239e-19
2.748832218980613239e-19
2.748832218980613239e-19
2.748832218980613239e-19
1.103627088241066771e-19
1.036166104517180032e-19
1.036166104517180032e-19
1.036166104505106618e-19
1.036166104504953025e-19
8.222094405264984803e-20
8.222091963546362646e-20
8.220316393199136001e-20
8.220316393199136001e-20
8.220316393199136001e-20
8.163520521947616642e-20
8.163520521947616642e-20
8.163520521947616642e-20
8.163520521947616642e-20
8.163520521947616642e-20
8.163520521947616642e-20
8.163520046116597429e-20
8.163520046116597429e-20
8.163520046116597429e-20
8.163520045994557267e-20
8.163520045994557267e-20
8.163520045994557267e-20
4.072480622734132918e-20
4.072455241984062816e-20
3.986860137238768128e-20
3.986860137238768128e-20
2.552708724089508515e-20
2.552708724089508515e-20
2.552708724089508515e-20
2.552708724089508515e-20
2.552708724089038167e-20
2.552650195942905298e-20
2.480084067890482738e-20
2.480084066793903366e-20
2.480084066793903366e-20
2.480084066793903366e-20
2.480084066793903366e-20
2.480084066793903366e-20
2.479783179162471688e-20
2.479783173598517556e-20
2.479783173598517556e-20
1.643236728553878982e-20
8.368845779311434161e-21
8.368845779311434161e-21
8.368845779311434161e-21
8.344880824889558983e-21
8.344880824889558983e-21
7.608230940800432637e-21
7.608230940800432637e-21
7.608230940800432637e-21
7.608230940800432637e-21
7.608230940800422105e-21
7.608230864501394157e-21
7.608230864501394157e-21
7.608218048310582632e-21
7.608218048310582632e-21
7.608218048310582632e-21
7.608218048310582632e-21
7.608218048310563072e-21
7.601408396678774354e-21
7.601408396678774354e-21
7.601408396678774354e-21
7.601408396678774354e-21
3.205323282246794974e-21
2.966595436476029572e-21
2.966595436404092703e-21
2.966595436404092703e-21
2.966595436403844815e-21
2.354916143267915404e-21
2.354915733703747912e-21
2.354016784754547590e-21
2.354016784754547590e-21
2.354016784754547590e-21
2.342281514736421919e-21
2.342281514736421919e-21
2.342281514736421919e-21
2.342281514736421919e-21
2.342281514736421919e-21
2.342281514736421919e-21
2.342281299643856981e-21
2.342281299643856981e-21
2.342281299643856981e-21
2.342281299624086859e-21
2.342281299624086859e-21
2.342281299624086859e-21
1.195694181228369448e-21
1.195689707516377519e-21
1.164452384220910379e-21
1.164452384220910379e-21
7.407057740990357947e-22
7.407057740990357947e-22
7.407057740990357947e-22
7.407057740990357947e-22
7.407057740987480336e-22
7.406753562211259561e-22
7.251924979594928502e-22
7.251924977749907363e-22
7.251924977749907363e-22
7.251924977749907363e-22
7.251924977749907363e-22
7.251924977749907363e-22
7.251398912478681389e-22
7.251398886354109374e-22
7.251398886354109374e-22
4.849533394843285905e-22
4.849533394843285905e-22
2.435276967543096287e-22
2.435276967543096287e-22
2.426646827980961902e-22
2.426646827980961902e-22
2.266191488247725105e-22
2.266191488247725105e-22
2.266191488247725105e-22
2.266191488247725105e-22
2.266191488247723224e-22
2.266191474926860433e-22
2.266191474926860433e-22
2.266184456055676212e-22
2.266184456055676212e-22
2.266184456055676212e-22
2.266184456055676212e-22
2.266184456055663987e-22
2.264948674217855086e-22
2.264948674217855086e-22
2.264948674217855086e-22
2.264948674217855086e-22
9.341009111572315274e-23
8.664951704028790877e-23
8.664951703691802507e-23
8.664951703691802507e-23
8.664951703691485124e-23
7.276656763144436645e-23
7.276655993620039688e-23
7.273003682766492706e-23
7.273003682766492706e-23
7.273003682766492706e-23
7.273003682766492706e-23
7.250055943071121763e-23
7.250055943071121763e-23
7.250055943071121763e-23
7.250055943071121763e-23
7.250054670995358576e-23
7.250054670995358576e-23
7.250054670995358576e-23
7.250054670995358576e-23
7.250054670967000950e-23
7.250054670967000950e-23
7.250054670967000950e-23
3.562993957596918259e-23
3.562986140488090466e-23
3.470683640128224397e-23
2.429102111569772422e-23
2.429102111569772422e-23
2.429102111569772422e-23
2.429102111569772422e-23
2.429102111569772422e-23
2.429102111568073245e-23
2.428962894041103630e-23
2.394679911251491833e-23
2.394679911251491833e-23
2.394679910950291095e-23
2.394679910950291095e-23
2.394679910950291095e-23
2.394679910950291095e-23
2.394679910950291095e-23
2.394679893363621959e-23
2.394567010889487398e-23
2.394567010889487398e-23
1.525004148921899533e-23
1.525004148921899533e-23
8.548370180555357079e-24
8.548370180555357079e-24
8.548370180555357079e-24
8.513012789894500680e-24
8.513012789894500680e-24
8.101539052748597537e-24
8.101539052748597537e-24
8.101539052748597537e-24
8.101539052748597537e-24
8.101539052748596068e-24
8.101539027260288876e-24
8.101539027260288876e-24
8.101500852140859258e-24
8.101500852140772565e-24
8.101500852140772565e-24
8.101500852140772565e-24
8.098392429876736308e-24
8.098392429876736308e-24
8.098392429876736308e-24
8.098392429876736308e-24
3.550279324673355874e-24
3.217621917139820553e-24
3.217621916852983401e-24
3.217621916852929034e-24
3.217621916852929034e-24
2.810485152843999773e-24
2.808672747913092667e-24
2.808672576269462471e-24
2.808672576269462471e-24
2.808672576269462471e-24
2.808672576269462471e-24
2.808672576269462471e-24
2.801933022578907255e-24
2.801933022578907255e-24
2.801933022578907255e-24
2.801932214008778821e-24
2.801932214008778821e-24
2.801932214008778821e-24
2.801932214008778821e-24
2.801932214008778821e-24
2.801932214003500484e-24
1.396973744291591748e-24
1.396973744291591748e-24
1.396971945173599382e-24
1.347968374989523079e-24
1.347968374989523079e-24
1.005550535208146696e-24
1.005550535208146696e-24
1.005550535208146696e-24
1.005550535206349843e-24
1.005550535206349843e-24
1.005471166097859128e-24
1.005471166097859128e-24
9.938806801987148917e-25
9.938806801987148917e-25
9.938806801340597637e-25
9.938806801340597637e-25
9.938806801340597637e-25
9.938806672417979204e-25
9.938806672417979204e-25
9.938515550703244889e-25
9.938515550703244889e-25
9.938515550703244889e-25
6.230502488729004691e-25
6.230502488729004691e-25
3.764822653120308303e-25
3.764822653120308303e-25
3.740965541547283076e-25
3.740965541547283076e-25
3.583574859088551809e-25
3.583574859088551809e-25
3.583574859088551809e-25
3.583574859088551809e-25
3.583574859088551809e-25
3.583574859088551350e-25
3.583574852873988223e-25
3.583550002778611599e-25
3.583550002778508284e-25
3.583550002778508284e-25
3.583550002778508284e-25
3.582639336931933398e-25
3.582639336931933398e-25
3.582639336931933398e-25
2.838050433433596974e-25
1.479712750253419284e-25
1.479712750253419284e-25
1.479712749995257306e-25
1.479712749995244220e-25
1.308211630373193271e-25
1.308211630373193271e-25
1.306843113082492310e-25
1.306843066775769707e-25
1.306843066775769707e-25
1.306843066775769707e-25
1.306843066775769707e-25
1.306843066775769707e-25
1.304657023033640897e-25
1.304657023033640897e-25
1.304657023033640897e-25
1.304656439795987143e-25
1.304656439795987143e-25
1.304656439795987143e-25
1.304656439795987143e-25
1.304656439795986684e-25
1.304656439794689737e-25
6.664796662691604493e-26
6.664796662691604493e-26
6.664796662691604493e-26
6.386256826914068019e-26
6.386252141501133043e-26
4.847350702699855866e-26
4.847350702699855866e-26
4.847350702682085124e-26
4.847350702682085124e-26
4.847350702682085124e-26
4.846707711108532254e-26
4.846707711108532254e-26
4.806257719374439230e-26
4.806257719374439230e-26
4.806257719203085100e-26
4.806257719203085100e-26
4.806257618897423774e-26
4.806257618897423774e-26
4.806172779617557563e-26
4.806172779617557563e-26
4.806172779617557563e-26
3.025630636233957726e-26
3.025630636233957726e-26
3.025630636233957726e-26
3.025630636233957726e-26
1.860949390488664566e-26
1.846313360103484350e-26
1.846313360103484350e-26
1.846313360103484350e-26
1.788278857943829625e-26
1.788278857943829625e-26
1.788278857943829625e-26
1.788257283511078001e-26
1.788257283511078001e-26
1.788257283511078001e-26
1.788257281757261666e-26
1.788257281757152038e-26
1.788257281757152038e-26
1.788257281757152038e-26
1.787974660018158630e-26
1.787974660018158630e-26
1.410376347054873340e-26
7.432017612742920658e-27
7.432017610576207054e-27
7.432017610576207054e-27
7.432017610576207054e-27
7.420915469510119575e-27
7.420915469510089441e-27
6.755917750741950865e-27
6.755917750741950865e-27
6.755917610488884156e-27
6.755917610488884156e-27
6.755917610488884156e-27
6.755917610488884156e-27
6.755917610488884156e-27
6.755917610488884156e-27
6.748632923149326734e-27
6.748632923149326734e-27
6.748627482379815229e-27
6.748627482379815229e-27
6.748627482379815229e-27
6.748627482379815229e-27
6.748627482379815229e-27
6.748627482379809489e-27
6.748627482376699997e-27
6.748627482376699997e-27
3.417584761276046684e-27
3.268128945860354884e-27
3.268128945860354884e-27
3.268127555267053184e-27
2.628728708337970389e-27
2.628728708337970389e-27
2.628728708337970389e-27
2.628728708320582988e-27
2.628253197201680526e-27
2.628253197201680526e-27
2.628253197201680526e-27
2.613390154782747933e-27
2.613390154782747933e-27
2.613390154737326671e-27
2.613390154737326671e-27
2.613390051343201879e-27
2.613390051343201879e-27
2.613361623702930837e-27
2.613361623702930837e-27
2.613361623702930837e-27
2.613361623702930837e-27
2.613361623702930837e-27
1.603598303775444160e-27
1.603598303775444160e-27
1.071484216665710620e-27
1.061576790832798913e-27
1.061576790832798913e-27
1.061576790832798913e-27
1.061576790832798913e-27
1.037453455291783976e-27
1.037435195432051449e-27
1.037435195432051449e-27
1.037435194902859267e-27
1.037435194902859267e-27
1.037435194902859267e-27
1.037435194902736222e-27
1.037435194902736222e-27
1.037435194902736222e-27
1.037327390239993095e-27
1.037327390239993095e-27
1.037327388768372496e-27
7.944857517238523930e-28
4.521585597643397730e-28
4.521585597643397730e-28
4.521585597643397730e-28
4.513186032013533391e-28
4.199879066624244696e-28
4.199879066624244696e-28
4.199879066624237521e-28
4.199879018030022828e-28
4.199879018030022828e-28
4.199879018030022828e-28
4.199879018030022828e-28
4.199879018030022828e-28
4.199879018030022828e-28
4.199879018030022828e-28
4.199879018030022828e-28
4.196687475071766456e-28
4.196682184099650073e-28
4.196682184099650073e-28
4.196682184099650073e-28
4.196682184099643795e-28
4.196682184099643795e-28
4.196682184099643795e-28
4.196682184098734408e-28
2.200163766987204971e-28
2.079678728012633488e-28
2.079678223163421958e-28
2.079678223163421958e-28
1.743404390469520412e-28
1.743404390469520412e-28
1.743404390442856953e-28
1.743404390442856953e-28
1.742976751009259758e-28
1.742976751009259758e-28
1.742976751009259758e-28
1.742976751009259758e-28
1.735558293993408310e-28
1.735558293978275856e-28
1.735558179305729614e-28
1.735558179305729614e-28
1.735558179305729614e-28
1.735558179305729614e-28
1.735546938952824658e-28
1.735546938952824658e-28
1.735546938952824658e-28
1.735546938952824658e-28
1.067321604688245246e-28
1.067321604688245246e-28
7.559477303763387064e-29
7.462782373278461776e-29
7.462782373278461776e-29
7.462782373278461776e-29
7.462782373278461776e-29
7.327046830038773460e-29
7.326860597723273364e-29
7.326860597721138906e-29
7.326860597721138906e-29
7.326860595727210022e-29
7.326860595727210022e-29
7.326860595727210022e-29
7.326860595727210022e-29
7.326860595727210022e-29
7.326378497715460245e-29
7.326378497715460245e-29
7.326378479255253138e-29
5.536845429602808185e-29
3.340471101860779900e-29
3.340471101860779900e-29
3.340471101860779900e-29
3.340471101860779900e-29
3.331457210521999333e-29
3.135764678394257540e-29
3.135764678394257540e-29
3.135764678394254738e-29
3.135764657930755831e-29
3.135764657930755831e-29
3.135764657930755831e-29
3.135764657930755831e-29
3.135764657930755831e-29
3.135764657930755831e-29
3.135764657930755831e-29
3.135758617760820327e-29
3.134163147008261939e-29
3.134163147008261939e-29
3.134163147008261939e-29
3.134163147008250168e-29
3.134163147008250168e-29
3.134163147008250168e-29
1.699183349389630349e-29
1.699183349389531698e-29
1.592506518306981216e-29
1.592506518306981216e-29
1.592506294685445002e-29
1.592506294685445002e-29
1.364160984622291807e-29
1.364160984581239087e-29
1.363645823849368086e-29
1.363645823849368086e-29
1.363645823849368086e-29
1.363645823849368086e-29
1.363645823849368086e-29
1.359569645580149780e-29
1.359569501692256004e-29
1.359569501686111591e-29
1.359569501686111591e-29
1.359569501686111591e-29
1.359569501686111591e-29
1.359569501686111591e-29
1.359564291088557987e-29
1.359564291088557987e-29
8.438361270575188628e-30
8.438361270575188628e-30
6.163606281127192913e-30
6.067636961134413054e-30
6.067636961134413054e-30
6.067636961134413054e-30
6.067636961134413054e-30
6.067636961134413054e-30
6.067636961134413054e-30
5.986793473030203360e-30
5.986548811056050188e-30
5.986548811052462864e-30
5.986548810171676013e-30
5.986548810171676013e-30
5.986548810171676013e-30
5.986548810171676013e-30
5.986548810171676013e-30
5.986305676314812606e-30
5.986305676314812606e-30
5.986305676314812606e-30
5.986305651113917776e-30
4.504053437426542338e-30
2.804239473137838807e-30
2.804239473137838807e-30
2.804239473137838807e-30
2.794735767189034397e-30
2.794735767189034397e-30
2.794735767189034397e-30
2.669443195363001294e-30
2.669443195362999893e-30
2.669443195362999893e-30
2.669443195362999893e-30
2.669443185550519500e-30
2.669443185550519500e-30
2.669443185550519500e-30
2.669443185550519500e-30
2.669443185550519500e-30
2.669434571834318851e-30
2.668560991197512478e-30
2.668560991197489707e-30
2.668560991197489707e-30
2.668560991197489707e-30
2.668560991197489707e-30
2.668560991197489707e-30
1.470357565157672750e-30
1.470357565157672750e-30
1.470357565157633163e-30
1.371302522056369130e-30
1.371302412342319634e-30
1.214375033185538650e-30
1.214375033185538650e-30
1.214375033119017611e-30
1.213763909077495902e-30
1.213763909077495902e-30
1.213763909077495902e-30
1.213763909077495902e-30
1.213763909077495902e-30
1.213763909077495902e-30
1.213763909077495902e-30
1.213763909077495902e-30
1.213763909077495902e-30
1.213763909077495902e-30
1.213763909077495902e-30
1.213763909077495902e-30
1.213763909077495902e-30
1.213763909077495902e-30
1.213763909077495902e-30
1.213763909077495902e-30
1.213763909077495902e-30
1.213763909077495902e-30
1.213763909077495902e-30
1.213763909077495902e-30
1.213763909077495902e-30
1.213763909077495902e-30
1.213763909077495902e-30
1.213763909077495902e-30
1.213763909077495902e-30
1.213763909077495902e-30
1.213763909077495902e-30
1.213763909077495902e-30
1.213763909077495902e-30
1.213763909077495902e-30
1.213763909077495902e-30
1.213763909077495902e-30
1.213763909077495902e-30
1.213763909077495902e-30
1.213763909077495902e-30
1.213763909077495902e-30
1.213763909077495902e-30
1.213763909077495902e-30
1.213763909077495902e-30
1.213763909077495902e-30
1.213763909077495902e-30
1.213763909077495902e-30
1.213763909077495902e-30
1.213763909077495902e-30
1.213763909077495902e-30
1.213763909077495902e-30
1.213763909077495902e-30
1.213763909077495902e-30
1.213763909077495902e-30
1.213763909077495902e-30
1.213763909077495902e-30
1.213763909077495902e-30
1.213763909077495902e-30
1.213763909077495902e-30
1.213763909077495902e-30
1.213763909077495902e-30
1.213763909077495902e-30
1.213763909077495902e-30
1.213763909077495902e-30
1.213763909077495902e-30
1.213763909077495902e-30
1.213763909077495902e-30
1.213763909077495902e-30
1.213763909077495902e-30
1.213763909077495902e-30
1.213763909077495902e-30
1.213763909077495902e-30
1.213763909077495902e-30
1.213763909077495902e-30
1.213763909077495902e-30
1.213763909077495902e-30
1.213763909077495902e-30
1.213763909077495902e-30
1.213763909077495902e-30
1.213763909077495902e-30
1.213763909077495902e-30
1.213763909077495902e-30
1.213763909077495902e-30
1.213763909077495902e-30
1.213763909077495902e-30
1.213763909077495902e-30
1.213763909077495902e-30
1.213763909077495902e-30
1.213763909077495902e-30
1.213763909077495902e-30
1.213763909077495902e-30
1.213763909077495902e-30
1.213763909077495902e-30
1.213763909077495902e-30
1.213763909077495902e-30
1.213763909077495902e-30
1.213763909077495902e-30
1.213763909077495902e-30
1.213763909077495902e-30
1.213763909077495902e-30
1.213763909077495902e-30
1.213763909077495902e-30
1.213763909077495902e-30
1.213763909077495902e-30
1.213763909077495902e-30
1.213763909077495902e-30
1.213763909077495902e-30
1.213763909077495902e-30
1.213763909077495902e-30
1.213763909077495902e-30
1.213763909077495902e-30
1.213763909077495902e-30
1.213763909077495902e-30
1.213763909077495902e-30
1.213763909077495902e-30
1.213763909077495902e-30
1.213763909077495902e-30
1.213763909077495902e-30
1.213763909077495902e-30
1.213763909077495902e-30
1.213763909077495902e-30
1.213763909077495902e-30
1.213763909077495902e-30
1.213763909077495902e-30
1.213763909077495902e-30
1.213763909077495902e-30
1.213763909077495902e-30
1.213763909077495902e-30
1.213763909077495902e-30
1.213763909077495902e-30
1.213763909077495902e-30
1.213763909077495902e-30
1.213763909077495902e-30
1.213763909077495902e-30
1.213763909077495902e-30
1.213763909077495902e-30
1.213763909077495902e-30
1.213763909077495902e-30
1.213763909077495902e-30
1.213763909077495902e-30
1.213763909077495902e-30
1.213763909077495902e-30
1.213763909077495902e-30
1.213763909077495902e-30
1.213763909077495902e-30
1.213763909077495902e-30
1.213763909077495902e-30
1.213763909077495902e-30
1.213763909077495902e-30
1.213763909077495902e-30
1.213763909077495902e-30
1.213763909077495902e-30
1.213763909077495902e-30
1.213763909077495902e-30
1.213763909077495902e-30
1.213763909077495902e-30
1.213763909077495902e-30
1.213763909077495902e-30
1.213763909077495902e-30
1.213763909077495902e-30
1.213763909077495902e-30
1.213763909077495902e-30
1.213763909077495902e-30
1.213763909077495902e-30
1.213763909077495902e-30
1.213763909077495902e-30
1.213763909077495902e-30
1.213763909077495902e-30
1.213763909077495902e-30
1.213763909077495902e-30
1.213763909077495902e-30
1.213763909077495902e-30
1.213763909077495902e-30
1.213763909077495902e-30
1.213763909077495902e-30
1.213763909077495902e-30
1.213763909077495902e-30
1.213763909077495902e-30
1.213763909077495902e-30
1.213763909077495902e-30
1.213763909077495902e-30
1.213763909077495902e-30
1.213763909077495902e-30
1.213763909077495902e-30
1.213763909077495902e-30
1.213763909077495902e-30
1.213763909077495902e-30
1.213763909077495902e-30
1.213763909077495902e-30
1.213763909077495902e-30
1.213763909077495902e-30
1.213763909077495902e-30
1.213763909077495902e-30
1.213763909077495902e-30
1.213763909077495902e-30
1.213763909077495902e-30
1.213763909077495902e-30
1.213763909077495902e-30
1.213763909077495902e-30
1.213763909077495902e-30
1.213763909077495902e-30
1.213763909077495902e-30
1.213763909077495902e-30
1.213763909077495902e-30
1.213763909077495902e-30
1.213763909077495902e-30
1.213763909077495902e-30
1.213763909077495902e-30
1.213763909077495902e-30
1.213763909077495902e-30
1.213763909077495902e-30
1.213763909077495902e-30
1.213763909077495902e-30
1.213763909077495902e-30
1.213763909077495902e-30
1.213763909077495902e-30
1.213763909077495902e-30
1.213763909077495902e-30
1.213763909077495902e-30
1.213763909077495902e-30
1.213763909077495902e-30
1.213763909077495902e-30
1.213763909077495902e-30
1.213763909077495902e-30
1.213763909077495902e-30
1.213763909077495902e-30
1.213763909077495902e-30
1.213763909077495902e-30
1.213763909077495902e-30
1.213763909077495902e-30
1.213763909077495902e-30
1.213763909077495902e-30
1.213763909077495902e-30
1.213763909077495902e-30
1.213763909077495902e-30
1.213763909077495902e-30
1.213763909077495902e-30
1.213763909077495902e-30
1.213763909077495902e-30
1.213763909077495902e-30
1.213763909077495902e-30
1.213763909077495902e-30
1.213763909077495902e-30
1.213763909077495902e-30
1.213763909077495902e-30
1.213763909077495902e-30
1.213763909077495902e-30
1.213763909077495902e-30
1.213763909077495902e-30
1.213763909077495902e-30
1.213763909077495902e-30
1.213763909077495902e-30
1.213763909077495902e-30
1.213763909077495902e-30
1.213763909077495902e-30
1.213763909077495902e-30
1.213763909077495902e-30
1.213763909077495902e-30
1.213763909077495902e-30
1.213763909077495902e-30
1.213763909077495902e-30
1.213763909077495902e-30
1.213763909077495902e-30
1.213763909077495902e-30
1.213763909077495902e-30
1.213763909077495902e-30
1.213763909077495902e-30
1.213763909077495902e-30
1.213763909077495902e-30
1.213763909077495902e-30
1.213763909077495902e-30
1.213763909077495902e-30
1.213763909077495902e-30
1.213763909077495902e-30
1.213763909077495902e-30
1.213763909077495902e-30
1.213763909077495902e-30
1.213763909077495902e-30
1.213763909077495902e-30
1.213763909077495902e-30
1.213763909077495902e-30
1.213763909077495902e-30
1.213763909077495902e-30
1.213763909077495902e-30
1.213763909077495902e-30
1.213763909077495902e-30
1.213763909077495902e-30
1.213763909077495902e-30
1.213763909077495902e-30
1.213763909077495902e-30
1.213763909077495902e-30
1.213763909077495902e-30
1.213763909077495902e-30
1.213763909077495902e-30
1.213763909077495902e-30
1.213763909077495902e-30
1.213763909077495902e-30
1.213763909077495902e-30
1.213763909077495902e-30
1.213763909077495902e-30
1.213763909077495902e-30
1.213763909077495902e-30
1.213763909077495902e-30
1.213763909077495902e-30
1.213763909077495902e-30
1.213763909077495902e-30
1.213763909077495902e-30
1.213763909077495902e-30
1.213763909077495902e-30
1.213763909077495902e-30
1.213763909077495902e-30
1.213763909077495902e-30
1.213763909077495902e-30
1.213763909077495902e-30
1.213763909077495902e-30
1.213763909077495902e-30
1.213763909077495902e-30
1.213763909077495902e-30
1.213763909077495902e-30
1.213763909077495902e-30
1.213763909077495902e-30
1.213763909077495902e-30
1.213763909077495902e-30
1.213763909077495902e-30
1.213763909077495902e-30
1.213763909077495902e-30
1.213763909077495902e-30
1.213763909077495902e-30
1.213763909077495902e-30
1.213763909077495902e-30
1.213763909077495902e-30
1.213763909077495902e-30
1.213763909077495902e-30
1.213763909077495902e-30
1.213763909077495902e-30
1.213763909077495902e-30
1.213763909077495902e-30
1.213763909077495902e-30
1.213763909077495902e-30
1.213763909077495902e-30
1.213763909077495902e-30
1.213763909077495902e-30
1.213763909077495902e-30
1.213763909077495902e-30
1.213763909077495902e-30
1.213763909077495902e-30
1.213763909077495902e-30
1.213763909077495902e-30
1.213763909077495902e-30
1.213763909077495902e-30
1.213763909077495902e-30
1.213763909077495902e-30
1.213763909077495902e-30
1.213763909077495902e-30
1.213763909077495902e-30
1.213763909077495902e-30
1.213763909077495902e-30
1.213763909077495902e-30
1.213763909077495902e-30
1.213763909077495902e-30
1.213763909077495902e-30
1.213763909077495902e-30
1.213763909077495902e-30
1.213763909077495902e-30
1.213763909077495902e-30
1.213763909077495902e-30
1.213763909077495902e-30
1.213763909077495902e-30
1.213763909077495902e-30
1.213763909077495902e-30
1.213763909077495902e-30
1.213763909077495902e-30
1.213763909077495902e-30
1.213763909077495902e-30
1.213763909077495902e-30
1.213763909077495902e-30
1.213763909077495902e-30
1.213763909077495902e-30
1.213763909077495552e-30
1.213763909077495552e-30
1.213763909077495552e-30
1.213763909077495552e-30
1.213763909077495552e-30
1.213763909077495552e-30
1.213763909077495552e-30
1.213763909077495552e-30
1.213763909077495552e-30
1.213763909077495552e-30
1.213763909077495552e-30
1.213763909077495552e-30
1.213763909077495552e-30
1.213763909077495552e-30
1.213763909077495552e-30
1.213763909077495552e-30
1.213763909077495552e-30
1.213763909077495201e-30
1.213763909077493800e-30
1.213763909077487669e-30
1.213763909077467175e-30
1.213763909077430216e-30
1.213763909077412525e-30
1.213763909077411999e-30
1.213763909077411999e-30
1.213763909077411999e-30
1.213763909077411999e-30
1.213763909077411999e-30
1.213763909077411999e-30
1.213763909077411999e-30
1.213763909077411999e-30
1.213763909077411999e-30
1.213763909077411999e-30
1.213763909077411999e-30
1.213763909077411999e-30
1.213763909077411123e-30
1.213763909077403416e-30
1.213763909077352444e-30
1.213763909077079366e-30
1.213763909075880380e-30
1.213763909071918734e-30
1.213763909064729723e-30
1.213763909061292337e-30
1.213763909061185839e-30
1.213763909061185839e-30
1.213763909061185839e-30
1.213763909061185839e-30
1.213763909061185839e-30
1.213763909061185839e-30
1.213763909061185839e-30
1.213763909061185839e-30
1.213763909061185839e-30
1.213763909061185839e-30
1.213763909061184613e-30
1.213763909061169373e-30
1.213763909061033097e-30
1.213763909060004719e-30
1.213763909053199138e-30
1.213763909016788324e-30
1.213763908856827828e-30
1.213763908328278891e-30
1.213763907369189234e-30
1.213763906910595569e-30
1.213763906896368011e-30
1.213763906896365033e-30
1.213763906896365033e-30
1.213763906896365033e-30
1.213763906896365033e-30
1.213763906896365033e-30
1.213763906896365033e-30
1.213763906896364332e-30
1.213763906896354348e-30
1.213763906896230684e-30
1.213763906894830611e-30
1.213763906882277604e-30
1.213763906787452263e-30
1.213763906160016672e-30
1.213763902803150849e-30
1.213763888055613783e-30
1.213763839326204652e-30
1.213763750903234067e-30
1.213763708623342630e-30
1.213763707311643365e-30
1.213763707311362930e-30
1.213763707311362930e-30
1.213763707311362930e-30
1.213763707311362930e-30
1.213763707311362930e-30
1.213763707311360653e-30
1.213763707311318089e-30
1.213763707310683476e-30
1.213763707302773321e-30
1.213763707213128580e-30
1.213763706409432238e-30
1.213763700338238678e-30
1.213763660166693442e-30
1.213763445243498038e-30
1.213762501033906818e-30
1.213759381148646882e-30
1.213753719935788005e-30
1.213751013016541791e-30
1.213750929036755478e-30
1.213750929018807647e-30
1.213750929018807647e-30
1.213750929018807647e-30
1.213750929018807647e-30
1.213750929018711483e-30
1.213750929016817453e-30
1.213750928988460952e-30
1.213750928635096569e-30
1.213750924630403110e-30
1.213750888726919249e-30
1.213750617508960917e-30
1.213748822931605957e-30
1.213739221788400204e-30
1.213697043402785954e-30
1.213557696710396189e-30
1.213304923912991446e-30
1.213184096514751064e-30
1.213180348327364887e-30
1.213180347526320327e-30
1.213180347526320327e-30
1.213180347526320327e-30
1.213180347526320327e-30
1.213180347523309287e-30
1.213180347464054155e-30
1.213180346576916795e-30
1.213180335521817999e-30
1.213180210233927597e-30
1.213179086985064458e-30
1.213170601933027317e-30
1.213114461487525817e-30
1.212814190696217527e-30
1.211496786300272660e-30
1.207164044602713300e-30
1.199380605029842228e-30
1.195694274898633055e-30
1.195580271864842184e-30
1.195580247502912452e-30
1.195580247502912452e-30
1.195580247502912452e-30
1.195580247502912452e-30
1.195580246234099051e-30
1.195580227237997751e-30
1.195579990517374921e-30
1.195577307759032541e-30
1.195553256424414568e-30
1.195371601818796009e-30
1.194171029025811809e-30
1.187788547909459985e-30
1.160538449527604781e-30
1.078762350319080467e-30
9.564667737329895645e-31
9.072857174475225445e-31
9.058406761902264642e-31
9.058403678540084419e-31
9.058403678540079164e-31
9.058403678540079164e-31
9.058403678540079164e-31
9.058403564989582058e-31
9.058401864962911915e-31
9.058380680066245399e-31
9.058140597655419884e-31
9.055988742736705903e-31
9.039766417635603067e-31
8.933874803476559279e-31
8.406996781736585952e-31
6.677025831967293970e-31
3.974565764493066545e-31
2.291569244482847917e-31
1.905717208684486074e-31
1.895813816923380864e-31
1.895811711412921785e-31
1.895811711412918501e-31
1.895811711412918501e-31
1.895811711412918501e-31
1.895811656357597847e-31
1.895810832094463582e-31
1.895800560566650876e-31
1.895684160682703374e-31
1.894641232934872291e-31
1.886799789353297292e-31
1.836506956929049166e-31
1.607293409867289365e-31
1.038089363665845172e-31
4.783473797502189292e-32
2.417820210935200093e-32
1.955421215130281933e-32
1.943887625423526167e-32
1.943885175054577050e-32
1.943885175054572945e-32
1.943885175054572945e-32
1.943885175054572945e-32
1.943884491208373343e-32
1.943875969472026372e-32
1.943779397492617468e-32
1.942914024169676711e-32
1.936401730861854804e-32
1.894387760151494077e-32
1.697356076920423402e-32
1.165019829135076733e-32
5.721263334423720024e-33
2.974466774162435142e-33
2.419123613553746185e-33
2.405191964879117997e-33
2.405189004615684149e-33
2.405189004615679359e-33
2.405189004615679359e-33
2.405189004615679359e-33
2.405189004615679359e-33
2.405188413379824449e-33
2.405181045695010448e-33
2.405097550563802894e-33
2.404349246216284818e-33
2.398711499617596299e-33
2.362064017342534885e-33
2.183579717600614018e-33
1.639365691069360471e-33
8.990133172016711329e-34
4.941054168435522256e-34
4.065516785863276718e-34
4.043289299154930589e-34
4.043284574766391681e-34
4.043284574766384839e-34
4.043284574766384839e-34
4.043284574766384839e-34
4.043284574766384839e-34
4.043276128169993203e-34
4.043180404999801964e-34
4.042322415527054053e-34
4.035852834998060984e-34
3.993561631505770118e-34
3.781554750443798595e-34
3.066394822326812765e-34
1.887138483587339796e-34
1.111495509407789466e-34
9.289331067411682741e-35
9.242235382260448182e-35
9.242225368206417269e-35
9.242225368206401232e-35
9.242225368206401232e-35
9.242225368206401232e-35
9.242225368206401232e-35
9.242212460135158354e-35
9.242066174934086104e-35
9.240754883472372476e-35
9.230861283506779610e-35
9.165927932817961718e-35
8.833481014935024482e-35
7.619389120976171479e-35
5.239784610966217682e-35
3.344457108207804886e-35
2.851302656389844720e-35
2.838318345790238492e-35
2.838315583476799394e-35
2.838315583476795117e-35
2.838315583476795117e-35
2.838315583476795117e-35
2.838315583476795117e-35
2.838313007329909986e-35
2.838283812074417414e-35
2.838022093164677414e-35
2.836046604202214449e-35
2.823044279554810338e-35
2.755456824406722476e-35
2.493219528760566940e-35
1.896755907062982292e-35
1.322603570854324242e-35
1.155376012983555822e-35
1.150861595507048467e-35
1.150860634475146641e-35
1.150860634475145037e-35
1.150860634475145037e-35
1.150860634475145037e-35
1.150860634475145037e-35
1.150853260365962763e-35
1.150787153103807290e-35
1.150288018388047759e-35
1.146996250154530842e-35
1.129700052310971286e-35
1.059509443166482753e-35
8.790425889030968749e-36
6.714980259109918037e-36
6.033801253115745619e-36
6.014871570298815754e-36
6.014867537420656965e-36
6.014867537420650283e-36
6.014867537420650283e-36
6.014867537420650283e-36
6.014867537420650283e-36
6.014844997275256673e-36
6.014642924487595145e-36
6.013116887707999074e-36
6.003038970319554271e-36
5.949689478169840313e-36
5.726123670118058988e-36
5.093689637632622429e-36
4.243276688998036325e-36
3.929578398407992187e-36
3.920586274556991127e-36
3.920584357196286224e-36
3.920584357196282883e-36
3.920584357196282883e-36
3.920584357196282883e-36
3.920584357196282883e-36
3.920576526322163195e-36
3.920506321177887749e-36
3.919976066658948491e-36
3.916471118264356814e-36
3.897825130043460177e-36
3.817968973217749515e-36
3.575897932606630525e-36
3.206941196964060064e-36
3.056163957284549367e-36
3.051712636511691124e-36
3.051711686579859851e-36
3.051711686579857847e-36
3.051711686579857847e-36
3.051711686579857847e-36
3.051711686579857847e-36
3.051686190044219280e-36
3.051493600768844256e-36
3.050219898693203655e-36
3.043423441027829742e-36
3.013920265834628414e-36
2.920376073984862489e-36
2.764671079907709645e-36
2.695941601079419748e-36
2.693863935230135005e-36
2.693863491542318548e-36
2.693863491542318214e-36
2.693863491542318214e-36
2.693863491542318214e-36
2.693863491542318214e-36
2.693854735661221194e-36
2.693788594815675774e-36
2.693351039453309657e-36
2.691012471182454278e-36
2.680786493233550007e-36
2.647543213228201237e-36
2.589279969891815267e-36
2.562317888360103334e-36
2.561490389125547541e-36
2.561490212332985330e-36
2.561490212332984661e-36
2.561490212332984661e-36
2.561490212332984661e-36
2.561490212332984661e-36
2.561487639604675511e-36
2.561468205159074227e-36
2.561339619794994270e-36
2.560651889820924150e-36
2.557634892897928947e-36
2.547716368374613041e-36
2.529913572498842932e-36
2.521488707078718946e-36
2.521228229760156284e-36
2.521228174097781185e-36
2.521228174097781185e-36
2.521228174097781185e-36
2.521228174097781185e-36
2.521228174097781185e-36
2.521223649102426943e-36
2.521193708765682115e-36
2.521033535963647350e-36
2.520330098462123337e-36
2.518008560627793609e-36
2.513806868253383441e-36
2.511802759001000917e-36
2.511740634238679487e-36
2.511740620961963009e-36
2.511740620961963009e-36
2.511740620961963009e-36
2.511740620961963009e-36
2.511740620961963009e-36
2.511739820583692501e-36
2.511734524696629783e-36
2.511706191358661271e-36
2.511581723604241835e-36
2.511170539899925874e-36
2.510424761510292850e-36
2.510068320275812906e-36
2.510057263593719200e-36
2.510057261230741952e-36
2.510057261230741952e-36
2.510057261230741952e-36
2.510057261230741952e-36
2.510057261230741952e-36
2.510057155310154617e-36
2.510056454460730039e-36
2.510052704827472681e-36
2.510036231898460025e-36
2.509981802914419185e-36
2.509883043677376354e-36
2.509835824189035275e-36
2.509834359271030523e-36
2.509834358957954558e-36
2.509834358957954558e-36
2.509834358957954558e-36
2.509834358957954558e-36
2.509834348495773581e-36
2.509834279270183344e-36
2.509833908903906567e-36
2.509832281794996665e-36
2.509826905450608624e-36
2.509817149749954377e-36
2.509812485038547125e-36
2.509812340319927181e-36
2.509812340288998282e-36
2.509812340288998282e-36
2.509812340288998282e-36
2.509812340288998282e-36
2.509812335177672876e-36
2.509812307831383312e-36
2.509812187692412373e-36
2.509811790724422487e-36
2.509811070398077362e-36
2.509810725970493983e-36
2.509810715284908630e-36
2.509810715282625087e-36
2.509810715282625087e-36
2.509810715282625087e-36
2.509810715282625087e-36
2.509810714999852594e-36
2.509810713486983910e-36
2.509810706840578812e-36
2.509810684879256648e-36
2.509810645028876389e-36
2.509810625974213911e-36
2.509810625383057827e-36
2.509810625382931873e-36
2.509810625382931873e-36
2.509810625382931873e-36
2.509810625382931873e-36
2.509810625371182733e-36
2.509810625308321980e-36
2.509810625032160905e-36
2.509810624119656648e-36
2.509810622463853185e-36
2.509810621672122479e-36
2.509810621647559438e-36
2.509810621647554426e-36
2.509810621647554426e-36
2.509810621647554426e-36
2.509810621647554426e-36
2.509810621645587606e-36
2.509810621636949564e-36
2.509810621608406442e-36
2.509810621556612939e-36
2.509810621531848103e-36
2.509810621531079683e-36
2.509810621531079683e-36
2.509810621531079683e-36
2.509810621531079683e-36
2.509810621531079683e-36
2.509810621531032910e-36
2.509810621530828778e-36
2.509810621530154907e-36
2.509810621528932785e-36
2.509810621528348118e-36
2.509810621528329743e-36
2.509810621528329743e-36
2.509810621528329743e-36
2.509810621528329743e-36
2.509810621528329743e-36
2.509810621528329409e-36
2.509810621528325399e-36
2.509810621528313706e-36
2.509810621528291990e-36
2.509810621528281299e-36
2.509810621528280965e-36
2.509810621528280965e-36
2.509810621528280965e-36
2.509810621528280965e-36
2.509810621528280965e-36
2.509810621528280965e-36
2.509810621528280965e-36
2.509810621528280965e-36
2.509810621528280296e-36
2.509810621528280296e-36
2.509810621528280296e-36
2.509810621528280296e-36
2.509810621528280296e-36
2.509810621528280296e-36
2.509810621528280296e-36
2.509810621528280296e-36
2.509810621528280296e-36
2.509810621528280296e-36
2.509810621528280296e-36
2.509810621528280296e-36
2.509810621528280296e-36
2.509810621528280296e-36
2.509810621528280296e-36
2.509810621528280296e-36
2.509810621528280296e-36
2.509810621528280296e-36
2.509810621528280296e-36
2.509810621528280296e-36
2.509810621528280296e-36
2.509810621528280296e-36
2.509810621528280296e-36
2.509810621528280296e-36
2.509810621528280296e-36
2.509810621528280296e-36
2.509810621528280296e-36
2.509810621528280296e-36
2.509810621528280296e-36
2.509810621528280296e-36
2.509810621528280296e-36
2.509810621528280296e-36
2.509810621528280296e-36
2.509810621528280296e-36
2.509810621528280296e-36
2.509810621528280296e-36
2.509810621528280296e-36
2.509810621528280296e-36
2.509810621528280296e-36
2.509810621528280296e-36
2.509810621528280296e-36
2.509810621528280296e-36
2.509810621528280296e-36
2.509810621528280296e-36
2.509810621528280296e-36
2.509810621528280296e-36
2.509810621528280296e-36
2.509810621528280296e-36
2.509810621528280296e-36
2.509810621528280296e-36
2.509810621528280296e-36
2.509810621528280296e-36
2.509810621528280296e-36
2.509810621528280296e-36
2.509810621528280296e-36
2.509810621528280296e-36
2.509810621528280296e-36
2.509810621528280296e-36
2.509810621528280296e-36
2.509810621528280296e-36
2.509810621528280296e-36
2.509810621528280296e-36
2.509810621528280296e-36
2.509810621528280296e-36
2.509810621528280296e-36
2.509810621528280296e-36
2.509810621528280296e-36
2.509810621528280296e-36
2.509810621528280296e-36
2.509810621528280296e-36
2.509810621528280296e-36
2.509810621528280296e-36
2.509810621528280296e-36
2.509810621528280296e-36
2.509810621528280296e-36
2.509810621528280296e-36
2.509810621528280296e-36
2.509810621528280296e-36
2.509810621528280296e-36
2.509810621528280296e-36
2.509810621528280296e-36
2.509810621528280296e-36
2.509810621528280296e-36
2.509810621528280296e-36
2.509810621528280296e-36
2.509810621528280296e-36
2.509810621528280296e-36
2.509810621528280296e-36
2.509810621528280296e-36
2.509810621528280296e-36
2.509810621528280296e-36
2.509810621528280296e-36
2.509810621528280296e-36
2.509810621528280296e-36
2.509810621528280296e-36
2.509810621528280296e-36
2.509810621528280296e-36
2.509810621528280296e-36
2.509810621528280296e-36
2.509810621528280296e-36
2.509810621528280296e-36
2.509810621528280296e-36
2.509810621528280296e-36
2.509810621528280296e-36
2.509810621528280296e-36
2.509810621528280296e-36
2.509810621528280296e-36
2.509810621528280296e-36
2.509810621528280296e-36
2.509810621528280296e-36
2.509810621528280296e-36
2.509810621528280296e-36
2.509810621528280296e-36
2.509810621528280296e-36
2.509810621528280296e-36
2.509810621528280296e-36
2.509810621528280296e-36
2.509810621528280296e-36
2.509810621528280296e-36
2.509810621528280296e-36
2.509810621528280296e-36
2.509810621528280296e-36
2.509810621528280296e-36
2.509810621528280296e-36
2.509810621528280296e-36
2.509810621528280296e-36
2.509810621528280296e-36
2.509810621528280296e-36
2.509810621528280296e-36
2.509810621528280296e-36
2.509810621528280296e-36
2.509810621528280296e-36
2.509810621528280296e-36
2.509810621528280296e-36
2.509810621528280296e-36
2.509810621528280296e-36
2.509810621528280296e-36
2.509810621528280296e-36
2.509810621528280296e-36
2.509810621528280296e-36
2.509810621528280296e-36
