1.000000000000079714e+00
1.000000000000079492e+00
1.000000000000074385e+00
1.000000000000036193e+00
1.000000000000036193e+00
1.000000000000036193e+00
1.000000000000036193e+00
1.000000000000036193e+00
1.000000000000036193e+00
1.000000000000036193e+00
1.000000000000035971e+00
1.000000000000035971e+00
1.000000000000027534e+00
1.000000000000027534e+00
1.000000000000027534e+00
1.000000000000027534e+00
1.000000000000027534e+00
1.000000000000027534e+00
1.000000000000027534e+00
1.000000000000027534e+00
1.000000000000027534e+00
1.000000000000027534e+00
1.000000000000027534e+00
1.000000000000027534e+00
1.000000000000027534e+00
1.000000000000027534e+00
1.000000000000027534e+00
1.000000000000027534e+00
1.000000000000027534e+00
1.000000000000027534e+00
1.000000000000027534e+00
1.000000000000027534e+00
1.000000000000027534e+00
1.000000000000027534e+00
1.000000000000027534e+00
1.000000000000027534e+00
1.000000000000027534e+00
1.000000000000027534e+00
1.000000000000027534e+00
1.000000000000027534e+00
1.000000000000027534e+00
1.000000000000027534e+00
1.000000000000027534e+00
1.000000000000027534e+00
1.000000000000027534e+00
1.000000000000027534e+00
1.000000000000027534e+00
1.000000000000027534e+00
1.000000000000027534e+00
1.000000000000027089e+00
1.000000000000026867e+00
1.000000000000026867e+00
1.000000000000026867e+00
1.000000000000026867e+00
1.000000000000026867e+00
1.000000000000026867e+00
1.000000000000026867e+00
1.000000000000026867e+00
1.000000000000026867e+00
1.000000000000026867e+00
1.000000000000026867e+00
1.000000000000026867e+00
1.000000000000026867e+00
1.000000000000026867e+00
1.000000000000026867e+00
1.000000000000026867e+00
1.000000000000023315e+00
1.000000000000023315e+00
1.000000000000023537e+00
1.000000000000023537e+00
1.000000000000023537e+00
1.000000000000023537e+00
1.000000000000023537e+00
1.000000000000023537e+00
1.000000000000023537e+00
1.000000000000023537e+00
1.000000000000023537e+00
1.000000000000023537e+00
1.000000000000023537e+00
1.000000000000023537e+00
1.000000000000023537e+00
1.000000000000023315e+00
1.000000000000023315e+00
1.000000000000023315e+00
1.000000000000023315e+00
1.000000000000023315e+00
1.000000000000023315e+00
1.000000000000023315e+00
1.000000000000023315e+00
1.000000000000023537e+00
1.000000000000023315e+00
1.000000000000023315e+00
1.000000000000023315e+00
1.000000000000023315e+00
1.000000000000023315e+00
1.000000000000023315e+00
1.000000000000023315e+00
1.000000000000023315e+00
1.000000000000023315e+00
1.000000000000023315e+00
1.000000000000023315e+00
1.000000000000023315e+00
1.000000000000023315e+00
1.000000000000017986e+00
1.000000000000017764e+00
1.000000000000017764e+00
1.000000000000017764e+00
1.000000000000017986e+00
1.000000000000017986e+00
1.000000000000017986e+00
1.000000000000017986e+00
1.000000000000017986e+00
1.000000000000017986e+00
1.000000000000017986e+00
1.000000000000017986e+00
1.000000000000017986e+00
1.000000000000017764e+00
1.000000000000017764e+00
1.000000000000017764e+00
1.000000000000017764e+00
1.000000000000017764e+00
1.000000000000017764e+00
1.000000000000017764e+00
1.000000000000017764e+00
1.000000000000017764e+00
1.000000000000017764e+00
1.000000000000017764e+00
1.000000000000017764e+00
1.000000000000017764e+00
1.000000000000017764e+00
1.000000000000017764e+00
1.000000000000017764e+00
1.000000000000017764e+00
1.000000000000017764e+00
1.000000000000017764e+00
1.000000000000017764e+00
1.000000000000017764e+00
1.000000000000017764e+00
1.000000000000017764e+00
1.000000000000017764e+00
1.000000000000017764e+00
1.000000000000017764e+00
1.000000000000017764e+00
1.000000000000017764e+00
1.000000000000017764e+00
1.000000000000017764e+00
1.000000000000017764e+00
1.000000000000017764e+00
1.000000000000017764e+00
1.000000000000017764e+00
1.000000000000017764e+00
1.000000000000017764e+00
1.000000000000017764e+00
1.000000000000017764e+00
1.000000000000017764e+00
1.000000000000017764e+00
1.000000000000017764e+00
1.000000000000017764e+00
1.000000000000017764e+00
1.000000000000017764e+00
1.000000000000017764e+00
1.000000000000017764e+00
1.000000000000017764e+00
1.000000000000017764e+00
1.000000000000017764e+00
1.000000000000017764e+00
1.000000000000017764e+00
1.000000000000017764e+00
1.000000000000017764e+00
1.000000000000017764e+00
1.000000000000017764e+00
1.000000000000017764e+00
1.000000000000017764e+00
1.000000000000017764e+00
1.000000000000017764e+00
1.000000000000017764e+00
1.000000000000017764e+00
1.000000000000017764e+00
1.000000000000017764e+00
1.000000000000017764e+00
1.000000000000017764e+00
1.000000000000017764e+00
1.000000000000017764e+00
1.000000000000017764e+00
1.000000000000017764e+00
1.000000000000017764e+00
1.000000000000017986e+00
1.000000000000017986e+00
1.000000000000017986e+00
1.000000000000017764e+00
1.000000000000017764e+00
1.000000000000017986e+00
1.000000000000017986e+00
1.000000000000017764e+00
1.000000000000017764e+00
1.000000000000017764e+00
1.000000000000017764e+00
1.000000000000017764e+00
1.000000000000017986e+00
1.000000000000017986e+00
1.000000000000017986e+00
1.000000000000017986e+00
1.000000000000017764e+00
1.000000000000017764e+00
1.000000000000017764e+00
1.000000000000017764e+00
1.000000000000017986e+00
1.000000000000017986e+00
1.000000000000017986e+00
1.000000000000017764e+00
1.000000000000017764e+00
1.000000000000017986e+00
1.000000000000017986e+00
1.000000000000017986e+00
1.000000000000017986e+00
1.000000000000014877e+00
1.000000000000014877e+00
1.000000000000014877e+00
1.000000000000014877e+00
1.000000000000014877e+00
1.000000000000014877e+00
1.000000000000014877e+00
1.000000000000014877e+00
1.000000000000014877e+00
1.000000000000014877e+00
1.000000000000014877e+00
1.000000000000014877e+00
1.000000000000014877e+00
1.000000000000014877e+00
1.000000000000014877e+00
1.000000000000014877e+00
1.000000000000014877e+00
1.000000000000014877e+00
1.000000000000014877e+00
1.000000000000014877e+00
1.000000000000014877e+00
1.000000000000014877e+00
1.000000000000014877e+00
1.000000000000014877e+00
1.000000000000014877e+00
1.000000000000014877e+00
1.000000000000014877e+00
1.000000000000014877e+00
1.000000000000014877e+00
1.000000000000014877e+00
1.000000000000014877e+00
1.000000000000014877e+00
1.000000000000014877e+00
1.000000000000014877e+00
1.000000000000014877e+00
1.000000000000014877e+00
1.000000000000014877e+00
1.000000000000014877e+00
1.000000000000014877e+00
1.000000000000014877e+00
1.000000000000014877e+00
1.000000000000014877e+00
1.000000000000014877e+00
1.000000000000014877e+00
1.000000000000014877e+00
1.000000000000014877e+00
1.000000000000014877e+00
1.000000000000014877e+00
1.000000000000014877e+00
1.000000000000014877e+00
1.000000000000014877e+00
1.000000000000014877e+00
1.000000000000014877e+00
1.000000000000014877e+00
1.000000000000014877e+00
1.000000000000014877e+00
1.000000000000014877e+00
1.000000000000014877e+00
1.000000000000014877e+00
1.000000000000014877e+00
1.000000000000014877e+00
1.000000000000014877e+00
1.000000000000014877e+00
1.000000000000014877e+00
1.000000000000014877e+00
1.000000000000014877e+00
1.000000000000014877e+00
1.000000000000014877e+00
1.000000000000014877e+00
1.000000000000014877e+00
1.000000000000014877e+00
1.000000000000014877e+00
1.000000000000014877e+00
1.000000000000014877e+00
1.000000000000014877e+00
1.000000000000014877e+00
1.000000000000014877e+00
1.000000000000014877e+00
1.000000000000014877e+00
1.000000000000014877e+00
1.000000000000014877e+00
1.000000000000014877e+00
1.000000000000014877e+00
1.000000000000014877e+00
1.000000000000014877e+00
1.000000000000014877e+00
1.000000000000014877e+00
1.000000000000014877e+00
1.000000000000014877e+00
1.000000000000014877e+00
1.000000000000014877e+00
1.000000000000014877e+00
1.000000000000014877e+00
1.000000000000014877e+00
1.000000000000014877e+00
1.000000000000014877e+00
1.000000000000014877e+00
1.000000000000014877e+00
1.000000000000014877e+00
1.000000000000014877e+00
1.000000000000014877e+00
1.000000000000014877e+00
1.000000000000014877e+00
1.000000000000014877e+00
1.000000000000014877e+00
1.000000000000014877e+00
1.000000000000014877e+00
1.000000000000014877e+00
1.000000000000014877e+00
1.000000000000014877e+00
1.000000000000014877e+00
1.000000000000014877e+00
1.000000000000014877e+00
1.000000000000014877e+00
1.000000000000014877e+00
1.000000000000014877e+00
1.000000000000014877e+00
1.000000000000014877e+00
1.000000000000014877e+00
1.000000000000014877e+00
1.000000000000014877e+00
1.000000000000014877e+00
1.000000000000014877e+00
1.000000000000014877e+00
1.000000000000014877e+00
1.000000000000014877e+00
1.000000000000014877e+00
1.000000000000014877e+00
1.000000000000014877e+00
1.000000000000014877e+00
1.000000000000014877e+00
1.000000000000014877e+00
1.000000000000014877e+00
1.000000000000014877e+00
1.000000000000014877e+00
1.000000000000014877e+00
1.000000000000014877e+00
1.000000000000014877e+00
1.000000000000014877e+00
1.000000000000014877e+00
1.000000000000014877e+00
1.000000000000014877e+00
1.000000000000014877e+00
1.000000000000014655e+00
1.000000000000014655e+00
1.000000000000014655e+00
1.000000000000014655e+00
1.000000000000014655e+00
1.000000000000014655e+00
1.000000000000014655e+00
1.000000000000014655e+00
1.000000000000014655e+00
1.000000000000014655e+00
1.000000000000014655e+00
1.000000000000014655e+00
1.000000000000014655e+00
1.000000000000014655e+00
1.000000000000014655e+00
1.000000000000014655e+00
1.000000000000014655e+00
1.000000000000014655e+00
1.000000000000014655e+00
1.000000000000014655e+00
1.000000000000014655e+00
1.000000000000014655e+00
1.000000000000014655e+00
1.000000000000014655e+00
1.000000000000014655e+00
1.000000000000014655e+00
1.000000000000014655e+00
1.000000000000014655e+00
1.000000000000014655e+00
1.000000000000014655e+00
1.000000000000014655e+00
1.000000000000014655e+00
1.000000000000014655e+00
1.000000000000014655e+00
1.000000000000014655e+00
1.000000000000014655e+00
1.000000000000014655e+00
1.000000000000014655e+00
1.000000000000014655e+00
1.000000000000014655e+00
1.000000000000014655e+00
1.000000000000014655e+00
1.000000000000014655e+00
1.000000000000014655e+00
1.000000000000014655e+00
1.000000000000014655e+00
1.000000000000014655e+00
1.000000000000014655e+00
1.000000000000014655e+00
1.000000000000014655e+00
1.000000000000014655e+00
1.000000000000014655e+00
1.000000000000014655e+00
1.000000000000014655e+00
1.000000000000013767e+00
1.000000000000013767e+00
1.000000000000013767e+00
1.000000000000013767e+00
1.000000000000013767e+00
1.000000000000013767e+00
1.000000000000013767e+00
1.000000000000013767e+00
1.000000000000013767e+00
1.000000000000013767e+00
1.000000000000013767e+00
1.000000000000013767e+00
1.000000000000013767e+00
1.000000000000013767e+00
1.000000000000013767e+00
1.000000000000013767e+00
1.000000000000011546e+00
1.000000000000011546e+00
1.000000000000011546e+00
1.000000000000011546e+00
1.000000000000006439e+00
1.000000000000006439e+00
9.999999999998970823e-01
9.999999999998970823e-01
9.999999999998970823e-01
9.999999999996023181e-01
9.999999999996023181e-01
9.999999999996023181e-01
9.999999999996023181e-01
9.999999999996023181e-01
9.999999999996022071e-01
9.999999999996022071e-01
9.999999999996022071e-01
9.999999999993400834e-01
9.999999999993400834e-01
9.999999999993400834e-01
9.999999999946391771e-01
9.999999999946047602e-01
9.999999999946046492e-01
9.999999999946046492e-01
9.999999999765538661e-01
9.999999999765529779e-01
9.999999999765529779e-01
9.999999999765529779e-01
9.999999999765529779e-01
9.999999999560781339e-01
9.999999999560781339e-01
9.999999999560781339e-01
9.999999999560781339e-01
9.999999999560781339e-01
9.999999999560778008e-01
9.999999999560778008e-01
9.999999999560779118e-01
9.999999999560779118e-01
9.999999999529459727e-01
9.999999998571329485e-01
9.999999998571329485e-01
9.999999998566533321e-01
9.999999990772919789e-01
9.999999990772919789e-01
9.999999990772917569e-01
9.999999990772917569e-01
9.999999980719500581e-01
9.999999980719428416e-01
9.999999980719428416e-01
9.999999980719428416e-01
9.999999978118513377e-01
9.999999978118513377e-01
9.999999978118513377e-01
9.999999968834589748e-01
9.999999753391219937e-01
9.999999753391219937e-01
9.999999753391219937e-01
9.999999753386255019e-01
9.999999434987139058e-01
9.999999434987139058e-01
9.999999434987139058e-01
9.999999434987137947e-01
9.999999434979525148e-01
9.999999434979524038e-01
9.999999434979524038e-01
9.999999303525574090e-01
9.999999303525574090e-01
9.999999303525574090e-01
9.999999303525574090e-01
9.999995888672976729e-01
9.999995873381646305e-01
9.999995873381636313e-01
9.999995873381636313e-01
9.999988797209076186e-01
9.999988796845645789e-01
9.999988796845645789e-01
9.999988796842157468e-01
9.999988796842157468e-01
9.999984737025279236e-01
9.999984737025279236e-01
9.999984737025279236e-01
9.999984737025279236e-01
9.999984737025278125e-01
9.999984737025278125e-01
9.999984737021097025e-01
9.999984737021095915e-01
9.999984737021095915e-01
9.999984232951704133e-01
9.999958120350680435e-01
9.999958120350680435e-01
9.999958040609951970e-01
9.999845679582255453e-01
9.999845679582255453e-01
9.999845679573851065e-01
9.999845679573851065e-01
9.999767466407434302e-01
9.999767466044132691e-01
9.999767466044132691e-01
9.999767466044132691e-01
9.999749938202390220e-01
9.999749938202390220e-01
9.999749938202389110e-01
9.999657399907468935e-01
9.998522133214317043e-01
9.998522133214317043e-01
9.998522108366717509e-01
9.998522108366717509e-01
9.997550565702933989e-01
9.997550565702933989e-01
9.997550565702933989e-01
9.997550565702933989e-01
9.997550565702919556e-01
9.997550548287672534e-01
9.997550548284422911e-01
9.997550548284422911e-01
9.997191415336642573e-01
9.997191415336642573e-01
9.997191415336642573e-01
9.997191415336642573e-01
9.990597450847048533e-01
9.990554341251755011e-01
9.990554341244930470e-01
9.990554341244930470e-01
9.982162406198080706e-01
9.982161999501261151e-01
9.982161999501261151e-01
9.982161992507709858e-01
9.982161992507709858e-01
9.977884921649456951e-01
9.977884921649456951e-01
9.977884921649456951e-01
9.977884921649456951e-01
9.977884921648626504e-01
9.977884921648626504e-01
9.977884920273437652e-01
9.977884920273438762e-01
9.977884920273438762e-01
9.977677634091037806e-01
9.959637897722650735e-01
9.959637897722650735e-01
9.959558681506629485e-01
9.908615827769738926e-01
9.908615827769738926e-01
9.908615823067573603e-01
9.908615823067573603e-01
9.878104601502071258e-01
9.878104554751183652e-01
9.878104554751162558e-01
9.878104554751162558e-01
9.875376607519782413e-01
9.875376607519782413e-01
9.875376607519678052e-01
9.853701390940657889e-01
9.666878821452414838e-01
9.666878821452414838e-01
9.666870085058884010e-01
9.666870085058884010e-01
9.666870085058884010e-01
9.525896245370121251e-01
9.525896245370121251e-01
9.525896245370121251e-01
9.525896245370121251e-01
9.525896245369158688e-01
9.525895391208848428e-01
9.525895390782205263e-01
9.525895390782205263e-01
9.505324974672401117e-01
9.505324974672401117e-01
9.505324974672401117e-01
9.505324974672401117e-01
9.133320151109625140e-01
9.129590324066696461e-01
9.129590323802978524e-01
9.129590323802977414e-01
8.663737995254050528e-01
8.663729468525193100e-01
8.663729468525193100e-01
8.663728920257940391e-01
8.663728920257940391e-01
8.569691238455513504e-01
8.569691238455513504e-01
8.569691238455513504e-01
8.569691238455513504e-01
8.569691238421559554e-01
8.569691238421559554e-01
8.569691217550933215e-01
8.569691217550930995e-01
8.567453678388683436e-01
8.567453678388683436e-01
8.223725594252087046e-01
8.223725594252087046e-01
8.221615010808234203e-01
7.158258080708496118e-01
7.158258080708496118e-01
7.158257969538798227e-01
6.879593134589835346e-01
6.879593134589835346e-01
6.879592811721743084e-01
6.879592811721650936e-01
6.879592811721650936e-01
6.879592811721650936e-01
6.866957467942352844e-01
6.866957467942352844e-01
6.866957467941006144e-01
6.717434335499828935e-01
5.253643323984190650e-01
5.253643323984190650e-01
5.253585777617222341e-01
5.253585777617222341e-01
5.253585777617222341e-01
4.686704933909609516e-01
4.686704933909609516e-01
4.686704933909609516e-01
4.686704933909609516e-01
4.686704933907395176e-01
4.686702007693995808e-01
4.686702003592022603e-01
4.686702003592022603e-01
4.643938759990041132e-01
4.643938759990041132e-01
4.643938759990041132e-01
4.643938759990041132e-01
3.482923591130319130e-01
3.475462433663126238e-01
3.475462433429502562e-01
3.475462433429496456e-01
2.644440178111434614e-01
2.644423839072852500e-01
2.644423839072852500e-01
2.644422071912291838e-01
2.644422071912291838e-01
2.555320118192879741e-01
2.555320118192879741e-01
2.555320118192879741e-01
2.555320118192879741e-01
2.555320118076580549e-01
2.555320118076580549e-01
2.555320105756160309e-01
2.555320105756160309e-01
2.555320105756159199e-01
2.555320105756159199e-01
2.553458891695021826e-01
2.090376394899647050e-01
2.090376394899647050e-01
2.088562256110752802e-01
1.249705432719530468e-01
1.249705432719530468e-01
1.249705319378139473e-01
1.249705319378139473e-01
1.126812047845177078e-01
1.126811951582479404e-01
1.126811951582459698e-01
1.126811951582459698e-01
1.126811951582459698e-01
1.121817557536450988e-01
1.121817557536450988e-01
1.121817557534793702e-01
1.031723410855500817e-01
5.202814374443393702e-02
5.202814374443393702e-02
5.202607754761535974e-02
5.202607754761535974e-02
5.202607754761535974e-02
3.996303732438212519e-02
3.996303732438212519e-02
3.996303732438212519e-02
3.996303732438212519e-02
3.996303732435464717e-02
3.996298973059766307e-02
3.996298955164353378e-02
3.996298955164353378e-02
3.996298955164353378e-02
3.913501044384700561e-02
3.913501044384700561e-02
3.913501044384700561e-02
3.913501044384700561e-02
2.067836520937443856e-02
2.050617624145877060e-02
2.050617624014743415e-02
2.050617624014720169e-02
1.181274166658949007e-02
1.181258085630830512e-02
1.181258085630830512e-02
1.181254854914985317e-02
1.181254854914985317e-02
1.094229206749014471e-02
1.094229206749014471e-02
1.094229206749014471e-02
1.094229206749014471e-02
1.094229206555581008e-02
1.094229206555581008e-02
1.094229202179156264e-02
1.094229202179156264e-02
1.094229202179155917e-02
1.094229202179155917e-02
1.093390297283391120e-02
7.532675733874076920e-03
7.532675733874076920e-03
7.513704464790395797e-03
3.158879789093069386e-03
3.158879789093069386e-03
3.158879789093069386e-03
3.158878976255005602e-03
3.158878976255004734e-03
2.536884624579736121e-03
2.536884443129778632e-03
2.536884443129734830e-03
2.536884443129734830e-03
2.536884443129734830e-03
2.525422494560356900e-03
2.525422494560356900e-03
2.525422494548922037e-03
2.200860186098451982e-03
8.483750893429088929e-04
8.483750893429088929e-04
8.482542474785789710e-04
8.482542474785789710e-04
8.482542474785789710e-04
5.178071441706980690e-04
5.178071441706980690e-04
5.178071441706980690e-04
5.178071441706980690e-04
5.178071441703410412e-04
5.178066365419586783e-04
5.178066315227606220e-04
5.178066315227606220e-04
5.178066315227606220e-04
5.075396847420135180e-04
5.075396847420135180e-04
5.075396847420135180e-04
5.075396847420135180e-04
2.424454199230960383e-04
2.387897060198207249e-04
2.387897060065417691e-04
2.387897060065335292e-04
1.014940913540933991e-04
1.014930154913663401e-04
1.014930154913663401e-04
1.014922319302063194e-04
1.014922319302063194e-04
9.486912608625814962e-05
9.486912608625814962e-05
9.486912608625814962e-05
9.486912608625814962e-05
9.486912605650049983e-05
9.486912605650049983e-05
9.486912605650049983e-05
9.486912579140950434e-05
9.486912579140947723e-05
9.486912579140947723e-05
9.482761660020799061e-05
6.523386363728026535e-05
6.523386363728026535e-05
6.499610657173850723e-05
2.116541502477889858e-05
2.116541502477889858e-05
2.116541502477889858e-05
2.116541502477889858e-05
2.116540313443745480e-05
2.116540313443745141e-05
1.768141744286797095e-05
1.768141655484336227e-05
1.768141655484321658e-05
1.768141655484321658e-05
1.768141655484321658e-05
1.763589223118721745e-05
1.763589223118721745e-05
1.763589223105726904e-05
1.547433338350165684e-05
5.068447808620409529e-06
5.068447808620409529e-06
5.068447808620409529e-06
5.067519449916979138e-06
5.067519449916979138e-06
3.427163855269093314e-06
3.427163855269093314e-06
3.427163855269093314e-06
3.427163855269093314e-06
3.427163855267933302e-06
3.427161389482282773e-06
3.427161312491195080e-06
3.427161312491195080e-06
3.427161312491195080e-06
3.386434523411380893e-06
3.386434523411380893e-06
3.386434523411380893e-06
3.386434523411380893e-06
1.421352128773292637e-06
1.402085865810170245e-06
1.402085865777567523e-06
1.402085865777493196e-06
7.010102600861696067e-07
7.010044766225516150e-07
7.010044766225516150e-07
7.009960769130107757e-07
7.009960769130107757e-07
6.711521397354302698e-07
6.711521397354302698e-07
6.711521397354302698e-07
6.711521397354302698e-07
6.711521392123862602e-07
6.711521392123862602e-07
6.711521392123862602e-07
6.711521382566430928e-07
6.711521382566430928e-07
6.711521382566430928e-07
4.138573428042959209e-07
4.137719296664339174e-07
4.137719296664339174e-07
4.122979428695222594e-07
1.555643800196874325e-07
1.555643800196874325e-07
1.555643800196874325e-07
1.555643800196874325e-07
1.555642385590055004e-07
1.555642385590054475e-07
1.372240566590617809e-07
1.372240527693996133e-07
1.372240527693991634e-07
1.372240527693991634e-07
1.372240527693991634e-07
1.369244418139812724e-07
1.369244418112224596e-07
1.369244418112224596e-07
1.130112884494444609e-07
3.920905644162540464e-08
3.920905644162540464e-08
3.920905644162540464e-08
3.920041226956364223e-08
3.920041226956364223e-08
2.923420954770467510e-08
2.923420954770467510e-08
2.923420954770467510e-08
2.923420954770467510e-08
2.923420954770003958e-08
2.923419649564789544e-08
2.923419649564789544e-08
2.923419526418509446e-08
2.923419526418509446e-08
2.923419526418509446e-08
2.890985040535783818e-08
2.890985040535783818e-08
2.890985040535783818e-08
1.164940238276168658e-08
1.139845650998435503e-08
1.139845650998262953e-08
1.139845650986431127e-08
6.520694654764066070e-09
6.520658271534306761e-09
6.520545270789181186e-09
6.520545270789181186e-09
6.520545270789181186e-09
6.238368310427973277e-09
6.238368310427973277e-09
6.238368310427973277e-09
6.238368310427973277e-09
6.238368310427973277e-09
6.238368300498276346e-09
6.238368300498276346e-09
6.238368300498276346e-09
6.238368295964219822e-09
6.238368295964219822e-09
6.238368295964219822e-09
3.615453900720315456e-09
3.614980048439095167e-09
3.614980048439095167e-09
3.593043945078281404e-09
1.546660565939950814e-09
1.546660565939950814e-09
1.546660565939950814e-09
1.546660565939950814e-09
1.546658392235163379e-09
1.546658392235161311e-09
1.350431277628958711e-09
1.350431256944378778e-09
1.350431256944376089e-09
1.350431256944376089e-09
1.350431256944376089e-09
1.348320806891771906e-09
1.348320806832990590e-09
1.348320806832990590e-09
1.068746498046270713e-09
4.052008419465075371e-10
4.052008419465075371e-10
4.052008419465075371e-10
4.050204290350880416e-10
4.050204290350880416e-10
2.923980710413062697e-10
2.923980710413062697e-10
2.923980710413062697e-10
2.923980710413062697e-10
2.923980710412776286e-10
2.923979993452945862e-10
2.923979993452945862e-10
2.923979801947978193e-10
2.923979801947978193e-10
2.923979801947978193e-10
2.900323123439140617e-10
2.900323123439140617e-10
2.900323123439140617e-10
2.900323123439140617e-10
1.225080170542004001e-10
1.190477337113787343e-10
1.190477337113373494e-10
1.190477337105406452e-10
6.419977084594884143e-11
6.419957718989999241e-11
6.419743612714306434e-11
6.419743612714306434e-11
6.419743612714306434e-11
6.218450263315172533e-11
6.218450263315172533e-11
6.218450263315172533e-11
6.218450263315172533e-11
6.218450263315172533e-11
6.218450247977814504e-11
6.218450247977814504e-11
6.218450247977814504e-11
6.218450245196872059e-11
6.218450245196872059e-11
6.218450245196872059e-11
3.734203418736887629e-11
3.733925839254801595e-11
3.704597102279712806e-11
3.704597102279712806e-11
1.486745934679851191e-11
1.486745934679851191e-11
1.486745934679851191e-11
1.486745934679851191e-11
1.486745934679846668e-11
1.486742008618346948e-11
1.349707384231291945e-11
1.349707371476773876e-11
1.349707371476772906e-11
1.349707371476772906e-11
1.349707371476772906e-11
1.348548953856857464e-11
1.348548953765450775e-11
1.348548953765450775e-11
1.086933526640681028e-11
3.852755889869108971e-12
3.852755889869108971e-12
3.852755889869108971e-12
3.850708370077091259e-12
3.850708370077091259e-12
3.041199410875355148e-12
3.041199410875355148e-12
3.041199410875355148e-12
3.041199410875355148e-12
3.041199410875223478e-12
3.041198932114258737e-12
3.041198932114258737e-12
3.041198527170735148e-12
3.041198527170735148e-12
3.041198527170735148e-12
3.027097406144677666e-12
3.027097406144677666e-12
3.027097406144677666e-12
3.027097406144677666e-12
1.182138230062423336e-12
1.152403554681478201e-12
1.152403554680875183e-12
1.152403554677698131e-12
7.197407739897459646e-13
7.197392715404997567e-13
7.197054879970307269e-13
7.197054879970307269e-13
7.197054879970307269e-13
7.056443738743954138e-13
7.056443738743954138e-13
7.056443738743954138e-13
7.056443738743954138e-13
7.056443738743954138e-13
7.056443700140021610e-13
7.056443700140021610e-13
7.056443700140021610e-13
7.056443698616067549e-13
7.056443698616067549e-13
7.056443698616067549e-13
3.865450805177963641e-13
3.865267199352976586e-13
3.836343884093494352e-13
3.836343884093494352e-13
1.807137249371681745e-13
1.807137249371681745e-13
1.807137249371681745e-13
1.807137249371681745e-13
1.807137249371672153e-13
1.807129967200360706e-13
1.692444507266667205e-13
1.692444498732017927e-13
1.692444498732017423e-13
1.692444498732017423e-13
1.692444498732017423e-13
1.692444498732017423e-13
1.691319940094478922e-13
1.691319939813438200e-13
1.691319939813438200e-13
1.271574180650808058e-13
1.271574180650808058e-13
4.989190435396759370e-14
4.989190435396759370e-14
4.986032047524171795e-14
4.986032047524171795e-14
4.192577957110187336e-14
4.192577957110187336e-14
4.192577957110187336e-14
4.192577957110187336e-14
4.192577957110104032e-14
4.192577569885236934e-14
4.192577569885236934e-14
4.192576603695077138e-14
4.192576603695077138e-14
4.192576603695077138e-14
4.176022358749967315e-14
4.176022358749967315e-14
4.176022358749967315e-14
4.176022358749967315e-14
1.628070828882268954e-14
1.567172463587827408e-14
1.567172463585647628e-14
1.567172463585647628e-14
1.567172463583692830e-14
1.081640340924829344e-14
1.081638896863439659e-14
1.081568706753059890e-14
1.081568706753059890e-14
1.081568706753059890e-14
1.061938911672766705e-14
1.061938911672766705e-14
1.061938911672766705e-14
1.061938911672766705e-14
1.061938900696504321e-14
1.061938900696504321e-14
1.061938900696504321e-14
1.061938900696504321e-14
1.061938900581675676e-14
1.061938900581675676e-14
1.061938900581675676e-14
5.580252421234165258e-15
5.580089576477884754e-15
5.514456896902150958e-15
2.923459766638764283e-15
2.923459766638764283e-15
2.923459766638764283e-15
2.923459766638764283e-15
2.923459766638764283e-15
2.923459766638715768e-15
2.923442234442026477e-15
2.738157132155381015e-15
2.738157124723064098e-15
2.738157124723063310e-15
2.738157124723063310e-15
2.738157124723063310e-15
2.738157124723063310e-15
2.736904180207301600e-15
2.736904179283384552e-15
2.736904179283384552e-15
1.971439896935350681e-15
1.971439896935350681e-15
8.503453335056217924e-16
8.503453335056217924e-16
8.493426040864029653e-16
8.493426040864029653e-16
8.493426040864029653e-16
7.083762208384005570e-16
7.083762208384005570e-16
7.083762208384005570e-16
7.083762208383923725e-16
7.083762208383923725e-16
7.083761840611103544e-16
7.083759303189842180e-16
7.083759303189842180e-16
7.083759303189840208e-16
7.063625353099050332e-16
7.063625353099050332e-16
7.063625353099050332e-16
7.063625353099050332e-16
2.878932256727597998e-16
2.741978488378575505e-16
2.741978488370197802e-16
2.741978488370197802e-16
2.741978488368111265e-16
1.846694966974251847e-16
1.846693566544908142e-16
1.846469848111188212e-16
1.846469848111188212e-16
1.846469848111188212e-16
1.822000365984251701e-16
1.822000365984251701e-16
1.822000365984251701e-16
1.822000365984251701e-16
1.822000365984251701e-16
1.822000336259607451e-16
1.822000336259607451e-16
1.822000336259607451e-16
1.822000336259607451e-16
1.822000336141758781e-16
1.822000336141758781e-16
1.822000336141758781e-16
9.844672845282094803e-17
9.844504219251088890e-17
9.696508753002382211e-17
9.696508753002382211e-17
4.942208509794235486e-17
4.942208509794235486e-17
4.942208509794235486e-17
4.942208509794235486e-17
4.942208509794060458e-17
4.942153719048799356e-17
4.712724916945081900e-17
4.712724909269210761e-17
4.712724909269210761e-17
4.712724909269209529e-17
4.712724909269209529e-17
4.712724909269209529e-17
4.712724906749084282e-17
4.711489827158518037e-17
4.711489827158518037e-17
3.446540989347673129e-17
3.446540989347673129e-17
1.422571412799895484e-17
1.422571412799895484e-17
1.422571412799895484e-17
1.420532054289592895e-17
1.420532054289592895e-17
1.244288664854247755e-17
1.244288664854247755e-17
1.244288664854247755e-17
1.244288664854247755e-17
1.244288664854241592e-17
1.244288625292991225e-17
1.244287769178223770e-17
1.244287769178223308e-17
1.244287769178223308e-17
1.242218547148533933e-17
1.242218547148533933e-17
1.242218547148533933e-17
1.242218547148533933e-17
4.818681183544764145e-18
4.607189998083855994e-18
4.607189998062097608e-18
4.607189998062097608e-18
4.607189998060616953e-18
3.421185964167517023e-18
3.420627866542578123e-18
3.420626191373388267e-18
3.420626191373388267e-18
3.420626191373388267e-18
3.420626191373388267e-18
3.420626191373388267e-18
3.392544966695079363e-18
3.392544966695079363e-18
3.392544966695079363e-18
3.392544854002281562e-18
3.392544854002281562e-18
3.392544854002281562e-18
3.392544854002281562e-18
3.392544854002281562e-18
3.392544853899534355e-18
1.715291185703504490e-18
1.715291185703504490e-18
1.715273338231742225e-18
1.690586842389548993e-18
1.690586842389548993e-18
9.864711724005233990e-19
9.864711724005233990e-19
9.864711724005233990e-19
9.864711724005233990e-19
9.864711724004594581e-19
9.864553054065491277e-19
9.555632251164358189e-19
9.555632251164358189e-19
9.555632243228459852e-19
9.555632243228459852e-19
9.555632243228459852e-19
9.555632231898662731e-19
9.555632231898662731e-19
9.553861800882046323e-19
9.553861800882046323e-19
9.553861800882046323e-19
6.546420353886806509e-19
6.546420353886806509e-19
3.044754863250757624e-19
3.044754863250757624e-19
3.039626362094397674e-19
3.039626362094397674e-19
2.761200533101044079e-19
2.761200533101044079e-19
2.761200533101044079e-19
2.761200533101044079e-19
2.761200533101044079e-19
2.761200533101037820e-19
2.761200484109923303e-19
2.761197419689313598e-19
2.761197419689311191e-19
2.761197419689311191e-19
2.757643563315116031e-19
2.757643563315116031e-19
2.757643563315116031e-19
2.372856361458169994e-19
1.039487520888684612e-19
1.039487520888684612e-19
1.039487520876572559e-19
1.039487520876418244e-19
1.039487520876418244e-19
8.248450217182252242e-20
8.246668954210547634e-20
8.246666505722882372e-20
8.246666505722882372e-20
8.246666505722882372e-20
8.246666505722882372e-20
8.246666505722882372e-20
8.189688576077649224e-20
8.189688576077649224e-20
8.189688576077649224e-20
8.189688098721359700e-20
8.189688098721359700e-20
8.189688098721359700e-20
8.189688098721359700e-20
8.189688098721359700e-20
8.189688098598929537e-20
4.085534904044837849e-20
4.085534904044837849e-20
4.085534904044837849e-20
4.085509441937118086e-20
3.999639963246388824e-20
2.560891397225515171e-20
2.560891397225515171e-20
2.560891397225043318e-20
2.560891397225043318e-20
2.560891397225043318e-20
2.560832681467733141e-20
2.488033943677664015e-20
2.488033943677664015e-20
2.488033942577569521e-20
2.488033942577569521e-20
2.488033942577569521e-20
2.488033936994425904e-20
2.488033936994425904e-20
2.487732084873133897e-20
2.487732084873133897e-20
2.487732084873133897e-20
1.648504101563556494e-20
1.648504101563556494e-20
1.648504101563556494e-20
8.395672000764560923e-21
8.371630227006856377e-21
8.371630227006856377e-21
7.632619021721818444e-21
7.632619021721818444e-21
7.632619021721818444e-21
7.632619021721818444e-21
7.632619021721818444e-21
7.632606164448623631e-21
7.632606164448613099e-21
7.632606087905267395e-21
7.632606087905247835e-21
7.632606087905247835e-21
7.632606087905247835e-21
7.625774608027663807e-21
7.625774608027663807e-21
6.403699432107788755e-21
2.976104817845856902e-21
2.976104817845856902e-21
2.976104817773689824e-21
2.976104817773689824e-21
2.976104817773441184e-21
2.362464794973150474e-21
2.361562964141675142e-21
2.361562964141675142e-21
2.361562553578286295e-21
2.361562553578286295e-21
2.361562553578286295e-21
2.361562553578286295e-21
2.361562553578286295e-21
2.349789666311543335e-21
2.349789666311543335e-21
2.349789666311543335e-21
2.349789450529502249e-21
2.349789450529502249e-21
2.349789450529502249e-21
2.349789450529502249e-21
2.349789450529502249e-21
2.349789450509668556e-21
1.199526962682550744e-21
1.199526962682550744e-21
1.199526962682550744e-21
1.168189277134150672e-21
1.168185020519210314e-21
7.430800963952731356e-22
7.430800963952731356e-22
7.430800963949845282e-22
7.430495810132688821e-22
7.430495810132688821e-22
7.430495810132688821e-22
7.275170926598158852e-22
7.275170926598158852e-22
7.275170924747223566e-22
7.275170924747223566e-22
7.275170898535107315e-22
7.275170898535107315e-22
7.274643146972602976e-22
7.274643146972602976e-22
7.274643146972602976e-22
7.274643146972602976e-22
4.865078508258568280e-22
4.865078508258568280e-22
4.865078508258568280e-22
2.443083214778827470e-22
2.434425411421568881e-22
2.434425411421568881e-22
2.434425411421568881e-22
2.434425411421568881e-22
2.273455734276635332e-22
2.273455734276635332e-22
2.273448692906471839e-22
2.273448692906471839e-22
2.273448692906470898e-22
2.273448679542990795e-22
2.273448679542978099e-22
2.273448679542978099e-22
2.272208936423276290e-22
2.272208936423276290e-22
2.272208936423276290e-22
1.910731172246151627e-22
1.910731172082811985e-22
8.692727088662872621e-23
8.692727088662872621e-23
8.692727088662872621e-23
8.687532099438279846e-23
7.296317968482939669e-23
7.296317968482715149e-23
7.296317968482715149e-23
7.296317197266380978e-23
7.296317197266380978e-23
7.296317197266380978e-23
7.296317197266380978e-23
7.296317197266380978e-23
7.296317197266380978e-23
7.273295898903165762e-23
7.273295898903165762e-23
7.273294622749780768e-23
7.273294622749780768e-23
7.273294622749780768e-23
7.273294622749780768e-23
7.273294622749780768e-23
7.273294622749780768e-23
7.273294622721332629e-23
3.574415086324004996e-23
3.481816310498410126e-23
3.481816310498410126e-23
3.481808869386719527e-23
2.436888565388567884e-23
2.436888565388567884e-23
2.436888565388567884e-23
2.436888565386863417e-23
2.436748901600002425e-23
2.436748901600002425e-23
2.436748901600002425e-23
2.402356025174799782e-23
2.402356025174799782e-23
2.402356024872633376e-23
2.402356024872633376e-23
2.402356007229590469e-23
2.402356007229590469e-23
2.402356007229590469e-23
2.402242762912218440e-23
2.402242762912218440e-23
2.402242762912218440e-23
2.402242762912218440e-23
1.529892529003780422e-23
1.529892529003780422e-23
8.575771865037797273e-24
8.540301136741514821e-24
8.540301136741514821e-24
8.540301136741514821e-24
8.540301136741514821e-24
8.127508426121143398e-24
8.127470128631648364e-24
8.127470128631648364e-24
8.127470103061879414e-24
8.127470103061875006e-24
8.127470103061875006e-24
8.127470103061789783e-24
8.127470103061789783e-24
8.127470103061789783e-24
8.124351716792413843e-24
8.124351716792413843e-24
8.124351714969555651e-24
6.574005929226860321e-24
3.227935960195414201e-24
3.227935960195414201e-24
3.227935960195414201e-24
3.225553026290065387e-24
2.817675910250185067e-24
2.817675910250143190e-24
2.817675738056311476e-24
2.817675738056311476e-24
2.817675738056311476e-24
2.817675738056311476e-24
2.817675738056311476e-24
2.817675738056311476e-24
2.817675738056311476e-24
2.817675738056311476e-24
2.810914580817959635e-24
2.810913769655970483e-24
2.810913769655970483e-24
2.810913769655970483e-24
2.810913769655970483e-24
2.810913769655970483e-24
2.810913769655970483e-24
2.810913769650675248e-24
1.401451724650748805e-24
1.352290949783962837e-24
1.352289269303130149e-24
1.352289269303130149e-24
1.008773813788149931e-24
1.008773813788149931e-24
1.008773813786347384e-24
1.008773813786347384e-24
1.008694190261257462e-24
1.008694190261257462e-24
1.008694190261257462e-24
9.970665512170225854e-25
9.970665512170225854e-25
9.970665511521602765e-25
9.970665382185724600e-25
9.970665382185724600e-25
9.970665382185724600e-25
9.970665382185724600e-25
9.970373327284287508e-25
9.970373327284287508e-25
9.970373327284287508e-25
9.970373327284287508e-25
6.250474279813994816e-25
6.250474279813994816e-25
3.776890740989011500e-25
3.752957155768942519e-25
3.752957155768942519e-25
3.752957155768942519e-25
3.752957155768942519e-25
3.595061959615774306e-25
3.595037029863668601e-25
3.595037029863564827e-25
3.595037029863564827e-25
3.595037023629167071e-25
3.595037023629166152e-25
3.595037023629166152e-25
3.595037023629166152e-25
3.595037023629166152e-25
3.594123438655591439e-25
3.594123438655591439e-25
3.594123437137376201e-25
2.847147764589756963e-25
1.484455949113171796e-25
1.484455949113171796e-25
1.484455949113171796e-25
1.482699726951837352e-25
1.311032180927761587e-25
1.311032180927751485e-25
1.311032180927751485e-25
1.311032134472593562e-25
1.311032134472593562e-25
1.311032134472593562e-25
1.311032134472593562e-25
1.311032134472593562e-25
1.311032134472593562e-25
1.311032134472593562e-25
1.311031547402961156e-25
1.308838498289732820e-25
1.308838498289732820e-25
1.308838498289732820e-25
1.308838498289732361e-25
1.308838498289732361e-25
1.308838498289732361e-25
6.686160577854653576e-26
6.686160577851259106e-26
6.406727886414157824e-26
6.406723185982195554e-26
6.406723185982195554e-26
6.406723185982195554e-26
4.862888819525124546e-26
4.862888819507296980e-26
4.862243766832990302e-26
4.862243766832990302e-26
4.862243766832990302e-26
4.862243766832990302e-26
4.862243766832990302e-26
4.821664113199914991e-26
4.821664113028010995e-26
4.821664012400822118e-26
4.821664012400822118e-26
4.821664012400822118e-26
4.821664012400822118e-26
4.821664012400822118e-26
4.821664012400822118e-26
4.821578901169796589e-26
3.035329254134604155e-26
3.035329254134604155e-26
1.866914638478503703e-26
1.866914638478503703e-26
1.852231692496757390e-26
1.852231692496757390e-26
1.852231692496757390e-26
1.852231692496757390e-26
1.794011161528840251e-26
1.793989517939537567e-26
1.793989517939427364e-26
1.793989516179989262e-26
1.793989516179989262e-26
1.793989516179989262e-26
1.793989516179989262e-26
1.793989516179989262e-26
1.793705988500850836e-26
1.793705988500850836e-26
1.793705988500850836e-26
1.793705987242792643e-26
1.414897288492316021e-26
7.455840842061454341e-27
7.455840842061454341e-27
7.455840842061454341e-27
7.455840842061454341e-27
7.444703113233004002e-27
7.444703113233004002e-27
6.777573753311477055e-27
6.777573753311452661e-27
6.777573753311452661e-27
6.777573612608805280e-27
6.777573612608805280e-27
6.777573612608805280e-27
6.777573612608805280e-27
6.777573612608805280e-27
6.777573612608805280e-27
6.777568142609097107e-27
6.770260116093120670e-27
6.770260116093120670e-27
6.770260116093116365e-27
6.770260116093116365e-27
6.770260116093116365e-27
6.770260116093116365e-27
3.428539782800540002e-27
3.428539782799740029e-27
3.278604888798120439e-27
3.278604888798120439e-27
3.278603493747290925e-27
3.278603493747290925e-27
2.637155062500738972e-27
2.637155062483295967e-27
2.636678027119961250e-27
2.636678027119961250e-27
2.636678027119961250e-27
2.636678027119961250e-27
2.621767341420472185e-27
2.621767341420472185e-27
2.621767237694918828e-27
2.621767237694918828e-27
2.621767237649352278e-27
2.621767237649352278e-27
2.621767237649352278e-27
2.621767237649352278e-27
2.621738718884666608e-27
2.621738718884666608e-27
1.608738616352990361e-27
1.608738616352990361e-27
1.608738616352990361e-27
1.074918844765903557e-27
1.074918844765903557e-27
1.064979660814079005e-27
1.064979660814079005e-27
1.064979660814079005e-27
1.040778998248707697e-27
1.040760679857242872e-27
1.040760679857119468e-27
1.040760679857119468e-27
1.040760679326231020e-27
1.040760679326231020e-27
1.040760679326231020e-27
1.040760679326231020e-27
1.040652529097105811e-27
1.040652529097105811e-27
1.040652529097105811e-27
1.040652527620768060e-27
7.970324650077543175e-28
7.970324650077543175e-28
4.536079478849992430e-28
4.536079478849992430e-28
4.527652988526611592e-28
4.527652988526611592e-28
4.527652988526611592e-28
4.213341721916105603e-28
4.213341721916105603e-28
4.213341721916105603e-28
4.213341721916098428e-28
4.213341673166115846e-28
4.213341673166115846e-28
4.213341673166115846e-28
4.213341673166115846e-28
4.213341673166115846e-28
4.213336357157526688e-28
4.210134591828009153e-28
4.210134591828001978e-28
4.210134591828001978e-28
4.210134591828001978e-28
4.210134591828001978e-28
4.210134591828001978e-28
4.210134591828001978e-28
2.207216362052865957e-28
2.086345109922647662e-28
2.086345109922423903e-28
2.086344603454924747e-28
1.748992849558671009e-28
1.748992849558671009e-28
1.748992849531922127e-28
1.748992849531922127e-28
1.748563839305929976e-28
1.748563839305929976e-28
1.741121602526895101e-28
1.741121602526895101e-28
1.741121602526895101e-28
1.741121487486767645e-28
1.741121487486767645e-28
1.741121487471586762e-28
1.741121487471586762e-28
1.741121487471586762e-28
1.741121487471586762e-28
1.741110211087883155e-28
1.741110211087883155e-28
1.070742889592294648e-28
1.070742889592294648e-28
1.070742889592294648e-28
1.070742889592294648e-28
7.583709105563578954e-29
7.486704220792604497e-29
7.486704220792604497e-29
7.486704220792604497e-29
7.350533579113056004e-29
7.350346749832399296e-29
7.350346749830256991e-29
7.350346749830256991e-29
7.350346747829937065e-29
7.350346747829937065e-29
7.350346747829937065e-29
7.350346747829937065e-29
7.349863104459559439e-29
7.349863104459559439e-29
7.349863104459559439e-29
7.349863104459559439e-29
7.349863104459559439e-29
7.349863104459559439e-29
7.349863104459559439e-29
7.349863104459559439e-29
7.349863104459559439e-29
7.349863104459559439e-29
7.349863104459559439e-29
7.349863104459559439e-29
7.349863104459559439e-29
7.349863104459559439e-29
7.349863104459559439e-29
7.349863104459559439e-29
7.349863104459559439e-29
7.349863104459559439e-29
7.349863104459559439e-29
7.349863104459559439e-29
7.349863104459559439e-29
7.349863104459559439e-29
7.349863104459559439e-29
7.349863104459559439e-29
7.349863104459559439e-29
7.349863104459559439e-29
7.349863104459559439e-29
7.349863104459559439e-29
7.349863104459559439e-29
7.349863104459559439e-29
7.349863104459559439e-29
7.349863104459559439e-29
7.349863104459559439e-29
7.349863104459559439e-29
7.349863104459559439e-29
7.349863104459559439e-29
7.349863104459559439e-29
7.349863104459559439e-29
7.349863104459559439e-29
7.349863104459559439e-29
7.349863104459559439e-29
7.349863104459559439e-29
7.349863104459559439e-29
7.349863104459559439e-29
7.349863104459559439e-29
7.349863104459559439e-29
7.349863104459559439e-29
7.349863104459559439e-29
7.349863104459559439e-29
7.349863104459559439e-29
7.349863104459559439e-29
7.349863104459559439e-29
7.349863104459559439e-29
7.349863104459559439e-29
7.349863104459559439e-29
7.349863104459559439e-29
7.349863104459559439e-29
7.349863104459559439e-29
7.349863104459559439e-29
7.349863104459559439e-29
7.349863104459559439e-29
7.349863104459559439e-29
7.349863104459559439e-29
7.349863104459559439e-29
7.349863104459559439e-29
7.349863104459559439e-29
7.349863104459559439e-29
7.349863104459559439e-29
7.349863104459559439e-29
7.349863104459559439e-29
7.349863104459559439e-29
7.349863104459559439e-29
7.349863104459559439e-29
7.349863104459559439e-29
7.349863104459559439e-29
7.349863104459559439e-29
7.349863104459559439e-29
7.349863104459559439e-29
7.349863104459559439e-29
7.349863104459559439e-29
7.349863104459559439e-29
7.349863104459559439e-29
7.349863104459559439e-29
7.349863104459559439e-29
7.349863104459559439e-29
7.349863104459559439e-29
7.349863104459559439e-29
7.349863104459559439e-29
7.349863104459559439e-29
7.349863104459559439e-29
7.349863104459559439e-29
7.349863104459559439e-29
7.349863104459559439e-29
7.349863104459559439e-29
7.349863104459559439e-29
7.349863104459559439e-29
7.349863104459559439e-29
7.349863104459559439e-29
7.349863104459559439e-29
7.349863104459559439e-29
7.349863104459559439e-29
7.349863104459559439e-29
7.349863104459559439e-29
7.349863104459559439e-29
7.349863104459559439e-29
7.349863104459559439e-29
7.349863104459559439e-29
7.349863104459559439e-29
7.349863104459559439e-29
7.349863104459559439e-29
7.349863104459559439e-29
7.349863104459559439e-29
7.349863104459559439e-29
7.349863104459559439e-29
7.349863104459559439e-29
7.349863104459559439e-29
7.349863104459559439e-29
7.349863104459559439e-29
7.349863104459559439e-29
7.349863104459559439e-29
7.349863104459559439e-29
7.349863104459559439e-29
7.349863104459559439e-29
7.349863104459559439e-29
7.349863104459559439e-29
7.349863104459559439e-29
7.349863104459559439e-29
7.349863104459559439e-29
7.349863104459559439e-29
7.349863104459559439e-29
7.349863104459559439e-29
7.349863104459559439e-29
7.349863104459559439e-29
7.349863104459559439e-29
7.349863104459559439e-29
7.349863104459559439e-29
7.349863104459559439e-29
7.349863104459559439e-29
7.349863104459559439e-29
7.349863104459559439e-29
7.349863104459559439e-29
7.349863104459559439e-29
7.349863104459559439e-29
7.349863104459559439e-29
7.349863104459559439e-29
7.349863104459559439e-29
7.349863104459559439e-29
7.349863104459559439e-29
7.349863104459559439e-29
7.349863104459559439e-29
7.349863104459559439e-29
7.349863104459559439e-29
7.349863104459559439e-29
7.349863104459559439e-29
7.349863104459559439e-29
7.349863104459559439e-29
7.349863104459559439e-29
7.349863104459559439e-29
7.349863104459559439e-29
7.349863104459559439e-29
7.349863104459559439e-29
7.349863104459559439e-29
7.349863104459559439e-29
7.349863104459559439e-29
7.349863104459559439e-29
7.349863104459559439e-29
7.349863104459559439e-29
7.349863104459559439e-29
7.349863104459559439e-29
7.349863104459559439e-29
7.349863104459559439e-29
7.349863104459559439e-29
7.349863104459559439e-29
7.349863104459559439e-29
7.349863104459559439e-29
7.349863104459559439e-29
7.349863104459559439e-29
7.349863104459559439e-29
7.349863104459559439e-29
7.349863104459559439e-29
7.349863104459559439e-29
7.349863104459559439e-29
7.349863104459559439e-29
7.349863104459559439e-29
7.349863104459559439e-29
7.349863104459559439e-29
7.349863104459559439e-29
7.349863104459559439e-29
7.349863104459559439e-29
7.349863104459559439e-29
7.349863104459559439e-29
7.349863104459559439e-29
7.349863104459559439e-29
7.349863104459559439e-29
7.349863104459559439e-29
7.349863104459559439e-29
7.349863104459559439e-29
7.349863104459559439e-29
7.349863104459559439e-29
7.349863104459559439e-29
7.349863104459559439e-29
7.349863104459559439e-29
7.349863104459559439e-29
7.349863104459559439e-29
7.349863104459559439e-29
7.349863104459559439e-29
7.349863104459559439e-29
7.349863104459559439e-29
7.349863104459559439e-29
7.349863104459559439e-29
7.349863104459559439e-29
7.349863104459559439e-29
7.349863104459559439e-29
7.349863104459559439e-29
7.349863104459559439e-29
7.349863104459559439e-29
7.349863104459559439e-29
7.349863104459559439e-29
7.349863104459559439e-29
7.349863104459559439e-29
7.349863104459559439e-29
7.349863104459559439e-29
7.349863104459559439e-29
7.349863104459559439e-29
7.349863104459559439e-29
7.349863104459559439e-29
7.349863104459559439e-29
7.349863104459559439e-29
7.349863104459559439e-29
7.349863104459559439e-29
7.349863104459559439e-29
7.349863104459559439e-29
7.349863104459559439e-29
7.349863104459559439e-29
7.349863104459559439e-29
7.349863104459559439e-29
7.349863104459559439e-29
7.349863104459559439e-29
7.349863104459559439e-29
7.349863104459559439e-29
7.349863104459559439e-29
7.349863104459559439e-29
7.349863104459559439e-29
7.349863104459559439e-29
7.349863104459559439e-29
7.349863104459559439e-29
7.349863104459559439e-29
7.349863104459559439e-29
7.349863104459559439e-29
7.349863104459559439e-29
7.349863104459559439e-29
7.349863104459559439e-29
7.349863104459559439e-29
7.349863104459559439e-29
7.349863104459559439e-29
7.349863104459559439e-29
7.349863104459559439e-29
7.349863104459559439e-29
7.349863104459559439e-29
7.349863104459559439e-29
7.349863104459559439e-29
7.349863104459559439e-29
7.349863104459559439e-29
7.349863104459559439e-29
7.349863104459559439e-29
7.349863104459559439e-29
7.349863104459559439e-29
7.349863104459559439e-29
7.349863104459559439e-29
7.349863104459559439e-29
7.349863104459559439e-29
7.349863104459559439e-29
7.349863104459559439e-29
7.349863104459559439e-29
7.349863104459559439e-29
7.349863104459559439e-29
7.349863104459559439e-29
7.349863104459559439e-29
7.349863104459559439e-29
7.349863104459559439e-29
7.349863104459559439e-29
7.349863104459559439e-29
7.349863104459559439e-29
7.349863104459559439e-29
7.349863104459559439e-29
7.349863104459559439e-29
7.349863104459559439e-29
7.349863104459559439e-29
7.349863104459559439e-29
7.349863104459559439e-29
7.349863104459559439e-29
7.349863104459559439e-29
7.349863104459559439e-29
7.349863104459559439e-29
7.349863104459559439e-29
7.349863104459559439e-29
7.349863104459559439e-29
7.349863104459559439e-29
7.349863104459559439e-29
7.349863104459559439e-29
7.349863104459559439e-29
7.349863104459559439e-29
7.349863104459559439e-29
7.349863104459559439e-29
7.349863104459559439e-29
7.349863104459559439e-29
7.349863104459559439e-29
7.349863104459559439e-29
7.349863104459559439e-29
7.349863104459559439e-29
7.349863104459559439e-29
7.349863104459559439e-29
7.349863104459559439e-29
7.349863104459559439e-29
7.349863104459559439e-29
7.349863104459559439e-29
7.349863104459559439e-29
7.349863104459559439e-29
7.349863104459559439e-29
7.349863104459559439e-29
7.349863104459559439e-29
7.349863104459559439e-29
7.349863104459559439e-29
7.349863104459559439e-29
7.349863104459559439e-29
7.349863104459559439e-29
7.349863104459559439e-29
7.349863104459559439e-29
7.349863104459559439e-29
7.349863104459559439e-29
7.349863104459559439e-29
7.349863104459559439e-29
7.349863104459559439e-29
7.349863104459559439e-29
7.349863104459559439e-29
7.349863104459559439e-29
7.349863104459559439e-29
7.349863104459559439e-29
7.349863104459559439e-29
7.349863104459559439e-29
7.349863104459559439e-29
7.349863104459559439e-29
7.349863104459559439e-29
7.349863104459559439e-29
7.349863104459559439e-29
7.349863104459559439e-29
7.349863104459559439e-29
7.349863104459559439e-29
7.349863104459559439e-29
7.349863104459559439e-29
7.349863104459559439e-29
7.349863104459559439e-29
7.349863104459559439e-29
7.349863104459559439e-29
7.349863104459559439e-29
7.349863104459559439e-29
7.349863104459559439e-29
7.349863104459559439e-29
7.349863104459559439e-29
7.349863104459559439e-29
7.349863104459559439e-29
7.349863104459559439e-29
7.349863104459559439e-29
7.349863104459559439e-29
7.349863104459559439e-29
7.349863104459559439e-29
7.349863104459559439e-29
7.349863104459559439e-29
7.349863104459559439e-29
7.349863104459559439e-29
7.349863104459559439e-29
7.349863104459559439e-29
7.349863104459559439e-29
7.349863104459559439e-29
7.349863104459559439e-29
7.349863104459559439e-29
7.349863104459559439e-29
7.349863104459559439e-29
7.349863104459559439e-29
7.349863104459559439e-29
7.349863104459559439e-29
7.349863104459559439e-29
7.349863104459559439e-29
7.349863104459559439e-29
7.349863104459559439e-29
7.349863104459559439e-29
7.349863104459559439e-29
7.349863104459559439e-29
7.349863104459557197e-29
7.349863104459549350e-29
7.349863104459522445e-29
7.349863104459474240e-29
7.349863104459451820e-29
7.349863104459451820e-29
7.349863104459451820e-29
7.349863104459451820e-29
7.349863104459451820e-29
7.349863104459451820e-29
7.349863104459451820e-29
7.349863104459451820e-29
7.349863104459451820e-29
7.349863104459451820e-29
7.349863104459451820e-29
7.349863104459451820e-29
7.349863104459451820e-29
7.349863104459451820e-29
7.349863104459451820e-29
7.349863104459449577e-29
7.349863104459436125e-29
7.349863104459338595e-29
7.349863104458825159e-29
7.349863104456566266e-29
7.349863104449103511e-29
7.349863104435562483e-29
7.349863104429086242e-29
7.349863104428886697e-29
7.349863104428886697e-29
7.349863104428886697e-29
7.349863104428886697e-29
7.349863104428886697e-29
7.349863104428886697e-29
7.349863104428886697e-29
7.349863104428886697e-29
7.349863104428886697e-29
7.349863104428886697e-29
7.349863104428886697e-29
7.349863104428886697e-29
7.349863104428882213e-29
7.349863104428840735e-29
7.349863104428467429e-29
7.349863104425650258e-29
7.349863104407004021e-29
7.349863104307249507e-29
7.349863103869002941e-29
7.349863102420933618e-29
7.349863099793307300e-29
7.349863098536895249e-29
7.349863098497915610e-29
7.349863098497906642e-29
7.349863098497906642e-29
7.349863098497906642e-29
7.349863098497906642e-29
7.349863098497906642e-29
7.349863098497906642e-29
7.349863098497906642e-29
7.349863098497906642e-29
7.349863098497904400e-29
7.349863098497865163e-29
7.349863098497374148e-29
7.349863098491822764e-29
7.349863098442056490e-29
7.349863098066117259e-29
7.349863095578615182e-29
7.349863082270143992e-29
7.349863023802752504e-29
7.349862830612429192e-29
7.349862480054864617e-29
7.349862312433983937e-29
7.349862307233681258e-29
7.349862307232569187e-29
7.349862307232569187e-29
7.349862307232569187e-29
7.349862307232569187e-29
7.349862307232569187e-29
7.349862307232569187e-29
7.349862307232569187e-29
7.349862307232556856e-29
7.349862307232314711e-29
7.349862307228692635e-29
7.349862307183533830e-29
7.349862306671763937e-29
7.349862302083560758e-29
7.349862267423866962e-29
7.349862038089476812e-29
7.349860811119491890e-29
7.349855420743221732e-29
7.349837609699097916e-29
7.349805290512534478e-29
7.349789837028479035e-29
7.349789357597679534e-29
7.349789357495218832e-29
7.349789357495218832e-29
7.349789357495218832e-29
7.349789357495218832e-29
7.349789357495217711e-29
7.349789357495178475e-29
7.349789357494391506e-29
7.349789357478894266e-29
7.349789357246888566e-29
7.349789354355744148e-29
7.349789321590276290e-29
7.349789027836344900e-29
7.349786808794462691e-29
7.349772125991169124e-29
7.349693571989618744e-29
7.349348484819738786e-29
7.348208464171284172e-29
7.346140718482641745e-29
7.345152426487177298e-29
7.345121769780480338e-29
7.345121763228684705e-29
7.345121763228684705e-29
7.345121763228684705e-29
7.345121763228684705e-29
7.345121763228616322e-29
7.345121763226897769e-29
7.345121763191762172e-29
7.345121762500355905e-29
7.345121752148935002e-29
7.345121623154288213e-29
7.345120161252773947e-29
7.345107054817347778e-29
7.345008049179684357e-29
7.344353021248794295e-29
7.340850516238403588e-29
7.325502643691697086e-29
7.275242819476278014e-29
7.185782263368836758e-29
7.143779203114262022e-29
7.142483944119945849e-29
7.142483667352790983e-29
7.142483667352790983e-29
7.142483667352790983e-29
7.142483667352790983e-29
7.142483667301910396e-29
7.142483666261523638e-29
7.142483645788500385e-29
7.142483339275583927e-29
7.142479519654882166e-29
7.142436232016381476e-29
7.142048166544694000e-29
7.139118048233164193e-29
7.119790619366105558e-29
7.018138532561922655e-29
6.603913818295155587e-29
5.526181546710084526e-29
4.263598854758009207e-29
3.843692777161090483e-29
3.831984310866992533e-29
3.831981816206325155e-29
3.831981816206321231e-29
3.831981816206321231e-29
3.831981816206321231e-29
3.831981815883420026e-29
3.831981809280900191e-29
3.831981679354559762e-29
3.831979734156849940e-29
3.831955494163625493e-29
3.831680802718920267e-29
3.829219855399373248e-29
3.810731287113207673e-29
3.692756782122603188e-29
3.168029239011954805e-29
1.950439165054112134e-29
8.592465881642166851e-30
4.263870439007187781e-30
3.436170848587629201e-30
3.415600753219317098e-30
3.415596383386732415e-30
3.415596383386726110e-30
3.415596383386726110e-30
3.415596383386726110e-30
3.415596382986779413e-30
3.415596374808887755e-30
3.415596213881902079e-30
3.415593804557230143e-30
3.415563780946795883e-30
3.415223558975413066e-30
3.412176374363347979e-30
3.389332186302690797e-30
3.245558890403739137e-30
2.645226473518271230e-30
1.459338183633904793e-30
5.881267859070072395e-31
2.823077863305634995e-31
2.260931175953180432e-31
2.247049563515749782e-31
2.247046615014254820e-31
2.247046615014250003e-31
2.247046615014250003e-31
2.247046615014250003e-31
2.247046611096329411e-31
2.247046533998321607e-31
2.247045379722237702e-31
2.247030995764230243e-31
2.246867994624464744e-31
2.245407687779136469e-31
2.234437432762087322e-31
2.164466624370818408e-31
1.853872401158872498e-31
1.137054041766915694e-31
4.992295229231304200e-32
2.474036895140754448e-32
1.993269639222442869e-32
1.981324675871194172e-32
1.981322138344850532e-32
1.981322138344846153e-32
1.981322138344846153e-32
1.981322138344846153e-32
1.981322135941129379e-32
1.981322088640069815e-32
1.981321380470136944e-32
1.981312555624718122e-32
1.981212548769533938e-32
1.980316402912206607e-32
1.973572943064254230e-32
1.930084976483363083e-32
1.726541250814181375e-32
1.179891723084900921e-32
5.766332923102378029e-33
2.991210235783761769e-33
2.431644234119880994e-33
2.417613136306857081e-33
2.417610154945720218e-33
2.417610154945715428e-33
2.417610154945715428e-33
2.417610154945715428e-33
2.417610154945715428e-33
2.417610115173635114e-33
2.417609519724082906e-33
2.417602099530328415e-33
2.417518009341749192e-33
2.416764372449434086e-33
2.411086479739603568e-33
2.374179299508844917e-33
2.194461579103961181e-33
1.646808039448426847e-33
9.025525150378280000e-34
4.958877873108561110e-34
4.079892656255607816e-34
4.057579262224786465e-34
4.057574519585438378e-34
4.057574519585431536e-34
4.057574519585431536e-34
4.057574519585431536e-34
4.057574519585431536e-34
4.057574474137026242e-34
4.057573793704058637e-34
4.057565314480620077e-34
4.057469221557062713e-34
4.056607917963752067e-34
4.050113351507757786e-34
4.007658984415942667e-34
3.794838544039279172e-34
3.076988161324568885e-34
1.893477036605736785e-34
1.115158765367908777e-34
9.319808960524638609e-35
9.272555219899049825e-35
9.272545172241186390e-35
9.272545172241170354e-35
9.272545172241170354e-35
9.272545172241170354e-35
9.272545172241170354e-35
9.272545102822165632e-35
9.272544063512179193e-35
9.272531112128842989e-35
9.272384336078629613e-35
9.271068644691196097e-35
9.261141848501167775e-35
9.195990664858641536e-35
8.862429553703137555e-35
7.644283872508051780e-35
5.256803364043973391e-35
3.355268445163071732e-35
2.860508410187105439e-35
2.847481879342459598e-35
2.847479108047274875e-35
2.847479108047270064e-35
2.847479108047270064e-35
2.847479108047270064e-35
2.847479108047270064e-35
2.847478900647102570e-35
2.847476316124174821e-35
2.847447025943705204e-35
2.847184456085984963e-35
2.845202544091309419e-35
2.832157945738032457e-35
2.764350791448546013e-35
2.501261769076021949e-35
1.902865020330574114e-35
1.326857301842365502e-35
1.159090347911370347e-35
1.154561375353516933e-35
1.154560411223155820e-35
1.154560411223154350e-35
1.154560411223154350e-35
1.154560411223154350e-35
1.154560411223154350e-35
1.154560358839951377e-35
1.154559706064977075e-35
1.154552308189993964e-35
1.154485987872713869e-35
1.153985244512687890e-35
1.150682867445754731e-35
1.133330929460323608e-35
1.062914164698030420e-35
8.818661840935599757e-36
6.736539093033662842e-36
6.053170018043070911e-36
6.034179484124203417e-36
6.034175438282067347e-36
6.034175438282060665e-36
6.034175438282060665e-36
6.034175438282060665e-36
6.034175438282060665e-36
6.034175278166356854e-36
6.034173282878838781e-36
6.034150670292674677e-36
6.033947948072318020e-36
6.032417006833191627e-36
6.022306700570183860e-36
5.968785753722249130e-36
5.744501492525993905e-36
5.110035440822258355e-36
4.256890981021768178e-36
3.942185351193393350e-36
3.933164354102708939e-36
3.933162430585470270e-36
3.933162430585466929e-36
3.933162430585466929e-36
3.933162430585466929e-36
3.933162430585466929e-36
3.933161737388309038e-36
3.933153881372479977e-36
3.933083450828424574e-36
3.932551493881005464e-36
3.929035292552437145e-36
3.910329440074241193e-36
3.830216904555183450e-36
3.587368744047570784e-36
3.217227694435625960e-36
3.065966525982757928e-36
3.061500918873149567e-36
3.061499965892552385e-36
3.061499965892551049e-36
3.061499965892551049e-36
3.061499965892551049e-36
3.061499965892551049e-36
3.061499714146580971e-36
3.061496861101680806e-36
3.061471282787880029e-36
3.061278075797347658e-36
3.060000288421716628e-36
3.053182031666265725e-36
3.023584227756702546e-36
2.929740005180846579e-36
2.773535620068252446e-36
2.704585710778337565e-36
2.702501381447199694e-36
2.702500936336389942e-36
2.702500936336389274e-36
2.702500936336389274e-36
2.702500936336389274e-36
2.702500936336389274e-36
2.702500849883794450e-36
2.702499870113241674e-36
2.702491086157253750e-36
2.702424733237447196e-36
2.701985774895917490e-36
2.699639708232054678e-36
2.689380941695645814e-36
2.656031070644969180e-36
2.597581013317010683e-36
2.570532481546938513e-36
2.569702329052825923e-36
2.569702151693403058e-36
2.569702151693402390e-36
2.569702151693402390e-36
2.569702151693402390e-36
2.569702151693402390e-36
2.569701863809586381e-36
2.569699282832765181e-36
2.569679786077726869e-36
2.569550788451741541e-36
2.568860853523300167e-36
2.565834183705664020e-36
2.555883859085686398e-36
2.538023985162712263e-36
2.529572108571297046e-36
2.529310796130188444e-36
2.529310740289352512e-36
2.529310740289352512e-36
2.529310740289352512e-36
2.529310740289352512e-36
2.529310740289352512e-36
2.529310673260809613e-36
2.529310072326495581e-36
2.529305532825843124e-36
2.529275496512536074e-36
2.529114810261536046e-36
2.528409117825025226e-36
2.526080138083248635e-36
2.521864976790110884e-36
2.519854443177941924e-36
2.519792119268883139e-36
2.519792105949606557e-36
2.519792105949606557e-36
2.519792105949606557e-36
2.519792105949606557e-36
2.519792105949606557e-36
2.519792094093664980e-36
2.519791987800977681e-36
2.519791184857094602e-36
2.519785871994069062e-36
2.519757447833599905e-36
2.519632581097859402e-36
2.519220079344396506e-36
2.518471910362530700e-36
2.518114326555863754e-36
2.518103234431582297e-36
2.518103232061030099e-36
2.518103232061030099e-36
2.518103232061030099e-36
2.518103232061030099e-36
2.518103232061030099e-36
2.518103217994455856e-36
2.518103111734340872e-36
2.518102408638351981e-36
2.518098646985689095e-36
2.518082121252896365e-36
2.518027517797386667e-36
2.517928441988769304e-36
2.517881071138912523e-36
2.517879601525130125e-36
2.517879601211050537e-36
2.517879601211050537e-36
2.517879601211050537e-36
2.517879601211050537e-36
2.517879599821641532e-36
2.517879589325924374e-36
2.517879519878432190e-36
2.517879148324951081e-36
2.517877516000364357e-36
2.517872122422173553e-36
2.517862335449745891e-36
2.517857655785666386e-36
2.517857510603152379e-36
2.517857510572124922e-36
2.517857510572124922e-36
2.517857510572124922e-36
2.517857510572124922e-36
2.517857510469536528e-36
2.517857509694577421e-36
2.517857504566867299e-36
2.517857477132920407e-36
2.517857356608845168e-36
2.517856958368380066e-36
2.517856235733038520e-36
2.517855890201397178e-36
2.517855879481559010e-36
2.517855879479267782e-36
2.517855879479267782e-36
2.517855879479267782e-36
2.517855879479267782e-36
2.517855879436394966e-36
2.517855879152716740e-36
2.517855877634998659e-36
2.517855870967288285e-36
2.517855848935569507e-36
2.517855808957449137e-36
2.517855789841706969e-36
2.517855789248656563e-36
2.517855789248529940e-36
2.517855789248529940e-36
2.517855789248529940e-36
2.517855789248529940e-36
2.517855789246748543e-36
2.517855789234961650e-36
2.517855789171899437e-36
2.517855788894853009e-36
2.517855787979423746e-36
2.517855786318312506e-36
2.517855785524044010e-36
2.517855785499402122e-36
2.517855785499397110e-36
2.517855785499397110e-36
2.517855785499397110e-36
2.517855785499397110e-36
2.517855785499341316e-36
2.517855785498972809e-36
2.517855785496999975e-36
2.517855785488334203e-36
2.517855785459699538e-36
2.517855785407739990e-36
2.517855785382895640e-36
2.517855785382124881e-36
2.517855785382124881e-36
2.517855785382124881e-36
2.517855785382124881e-36
2.517855785382124881e-36
2.517855785382123211e-36
2.517855785382114524e-36
2.517855785382067751e-36
2.517855785381862950e-36
2.517855785381187075e-36
2.517855785379961278e-36
2.517855785379374607e-36
2.517855785379356231e-36
2.517855785379356231e-36
2.517855785379356231e-36
2.517855785379356231e-36
2.517855785379356231e-36
2.517855785379356231e-36
2.517855785379355229e-36
2.517855785379351888e-36
2.517855785379339526e-36
2.517855785379317476e-36
2.517855785379307119e-36
2.517855785379306451e-36
2.517855785379306451e-36
2.517855785379306451e-36
2.517855785379306451e-36
2.517855785379306451e-36
2.517855785379306451e-36
2.517855785379306451e-36
2.517855785379306451e-36
2.517855785379306451e-36
2.517855785379305783e-36
2.517855785379305783e-36
2.517855785379305783e-36
2.517855785379305783e-36
2.517855785379305783e-36
2.517855785379305783e-36
2.517855785379305783e-36
2.517855785379305783e-36
2.517855785379305783e-36
2.517855785379305783e-36
2.517855785379305783e-36
2.517855785379305783e-36
2.517855785379305783e-36
2.517855785379305783e-36
2.517855785379305783e-36
2.517855785379305783e-36
2.517855785379305783e-36
2.517855785379305783e-36
2.517855785379305783e-36
2.517855785379305783e-36
2.517855785379305783e-36
2.517855785379305783e-36
2.517855785379305783e-36
2.517855785379305783e-36
2.517855785379305783e-36
2.517855785379305783e-36
2.517855785379305783e-36
2.517855785379305783e-36
2.517855785379305783e-36
2.517855785379305783e-36
2.517855785379305783e-36
2.517855785379305783e-36
2.517855785379305783e-36
2.517855785379305783e-36
2.517855785379305783e-36
2.517855785379305783e-36
2.517855785379305783e-36
2.517855785379305783e-36
2.517855785379305783e-36
2.517855785379305783e-36
2.517855785379305783e-36
2.517855785379305783e-36
2.517855785379305783e-36
2.517855785379305783e-36
2.517855785379305783e-36
2.517855785379305783e-36
2.517855785379305783e-36
2.517855785379305783e-36
2.517855785379305783e-36
2.517855785379305783e-36
2.517855785379305783e-36
2.517855785379305783e-36
2.517855785379305783e-36
2.517855785379305783e-36
2.517855785379305783e-36
2.517855785379305783e-36
2.517855785379305783e-36
2.517855785379305783e-36
2.517855785379305783e-36
2.517855785379305783e-36
2.517855785379305783e-36
2.517855785379305783e-36
2.517855785379305783e-36
2.517855785379305783e-36
2.517855785379305783e-36
2.517855785379305783e-36
2.517855785379305783e-36
2.517855785379305783e-36
2.517855785379305783e-36
2.517855785379305783e-36
2.517855785379305783e-36
2.517855785379305783e-36
2.517855785379305783e-36
2.517855785379305783e-36
2.517855785379305783e-36
2.517855785379305783e-36
2.517855785379305783e-36
2.517855785379305783e-36
2.517855785379305783e-36
2.517855785379305783e-36
2.517855785379305783e-36
2.517855785379305783e-36
2.517855785379305783e-36
2.517855785379305783e-36
2.517855785379305783e-36
2.517855785379305783e-36
2.517855785379305783e-36
2.517855785379305783e-36
2.517855785379305783e-36
2.517855785379305783e-36
2.517855785379305783e-36
2.517855785379305783e-36
2.517855785379305783e-36
2.517855785379305783e-36
2.517855785379305783e-36
2.517855785379305783e-36
2.517855785379305783e-36
2.517855785379305783e-36
2.517855785379305783e-36
2.517855785379305783e-36
2.517855785379305783e-36
2.517855785379305783e-36
2.517855785379305783e-36
2.517855785379305783e-36
2.517855785379305783e-36
2.517855785379305783e-36
2.517855785379305783e-36
2.517855785379305783e-36
2.517855785379305783e-36
2.517855785379305783e-36
2.517855785379305783e-36
2.517855785379305783e-36
2.517855785379305783e-36
2.517855785379305783e-36
2.517855785379305783e-36
2.517855785379305783e-36
2.517855785379305783e-36
2.517855785379305783e-36
2.517855785379305783e-36
2.517855785379305783e-36
2.517855785379305783e-36
2.517855785379305783e-36
2.517855785379305783e-36
2.517855785379305783e-36
2.517855785379305783e-36
2.517855785379305783e-36
2.517855785379305783e-36
2.517855785379305783e-36
2.517855785379305783e-36
2.517855785379305783e-36
2.517855785379305783e-36
2.517855785379305783e-36
2.517855785379305783e-36
2.517855785379305783e-36
2.517855785379305783e-36
2.517855785379305783e-36
2.517855785379305783e-36
2.517855785379305783e-36
2.517855785379305783e-36
2.517855785379305783e-36
2.517855785379305783e-36
2.517855785379305783e-36
2.517855785379305783e-36
2.517855785379305783e-36
2.517855785379305783e-36
2.517855785379305783e-36
2.517855785379305783e-36
2.517855785379305783e-36
2.517855785379305783e-36
2.517855785379305783e-36
2.517855785379305783e-36
2.517855785379305783e-36
2.517855785379305783e-36
2.517855785379305783e-36
2.517855785379305783e-36
2.517855785379305783e-36
2.517855785379305783e-36
2.517855785379305783e-36
2.517855785379305783e-36
2.517855785379305783e-36
2.517855785379305783e-36
2.517855785379305783e-36
2.517855785379305783e-36
2.517855785379305783e-36
2.517855785379305783e-36
2.517855785379305783e-36
2.517855785379305783e-36
2.517855785379305783e-36
2.517855785379305783e-36
2.517855785379305783e-36
2.517855785379305783e-36
2.517855785379305783e-36
2.517855785379305783e-36
2.517855785379305783e-36
2.517855785379305783e-36
