1.000000000000031086e+00
1.000000000000031086e+00
1.000000000000031086e+00
1.000000000000030198e+00
1.000000000000030198e+00
1.000000000000030198e+00
1.000000000000030198e+00
1.000000000000026201e+00
1.000000000000026201e+00
1.000000000000026201e+00
1.000000000000026201e+00
1.000000000000025979e+00
1.000000000000025979e+00
1.000000000000026201e+00
1.000000000000024869e+00
1.000000000000024425e+00
1.000000000000024425e+00
1.000000000000024425e+00
1.000000000000024425e+00
1.000000000000024425e+00
1.000000000000024425e+00
1.000000000000024425e+00
1.000000000000024425e+00
1.000000000000024425e+00
1.000000000000024425e+00
1.000000000000024425e+00
1.000000000000024425e+00
1.000000000000024425e+00
1.000000000000024425e+00
1.000000000000024425e+00
1.000000000000024425e+00
1.000000000000023315e+00
1.000000000000023315e+00
1.000000000000023315e+00
1.000000000000023315e+00
1.000000000000022427e+00
1.000000000000022427e+00
1.000000000000022427e+00
1.000000000000022427e+00
1.000000000000022427e+00
1.000000000000022427e+00
1.000000000000022427e+00
1.000000000000022427e+00
1.000000000000022427e+00
1.000000000000022427e+00
1.000000000000022649e+00
1.000000000000022649e+00
1.000000000000022649e+00
1.000000000000022649e+00
1.000000000000022649e+00
1.000000000000022649e+00
1.000000000000022649e+00
1.000000000000022649e+00
1.000000000000022427e+00
1.000000000000022427e+00
1.000000000000022427e+00
1.000000000000022427e+00
1.000000000000022427e+00
1.000000000000022649e+00
1.000000000000022649e+00
1.000000000000022649e+00
1.000000000000022649e+00
1.000000000000022649e+00
1.000000000000022649e+00
1.000000000000022427e+00
1.000000000000022649e+00
1.000000000000022649e+00
1.000000000000022649e+00
1.000000000000022649e+00
1.000000000000022649e+00
1.000000000000021538e+00
1.000000000000021538e+00
1.000000000000021538e+00
1.000000000000021538e+00
1.000000000000021538e+00
1.000000000000021538e+00
1.000000000000018652e+00
1.000000000000018652e+00
1.000000000000018652e+00
1.000000000000018652e+00
1.000000000000018652e+00
1.000000000000018652e+00
1.000000000000018652e+00
1.000000000000018652e+00
1.000000000000018652e+00
1.000000000000018652e+00
1.000000000000018652e+00
1.000000000000018652e+00
1.000000000000018652e+00
1.000000000000018652e+00
1.000000000000018652e+00
1.000000000000018652e+00
1.000000000000018652e+00
1.000000000000018652e+00
1.000000000000018652e+00
1.000000000000018652e+00
1.000000000000018652e+00
1.000000000000018652e+00
1.000000000000018652e+00
1.000000000000018652e+00
1.000000000000018652e+00
1.000000000000018652e+00
1.000000000000018652e+00
1.000000000000018874e+00
1.000000000000018874e+00
1.000000000000018874e+00
1.000000000000018874e+00
1.000000000000018652e+00
1.000000000000018652e+00
1.000000000000018652e+00
1.000000000000018652e+00
1.000000000000018652e+00
1.000000000000018652e+00
1.000000000000018652e+00
1.000000000000018652e+00
1.000000000000018874e+00
1.000000000000018652e+00
1.000000000000018652e+00
1.000000000000018652e+00
1.000000000000018652e+00
1.000000000000018652e+00
1.000000000000018652e+00
1.000000000000018652e+00
1.000000000000018652e+00
1.000000000000018652e+00
1.000000000000018652e+00
1.000000000000018652e+00
1.000000000000018652e+00
1.000000000000018652e+00
1.000000000000018652e+00
1.000000000000018652e+00
1.000000000000018652e+00
1.000000000000018652e+00
1.000000000000018652e+00
1.000000000000018652e+00
1.000000000000018652e+00
1.000000000000018652e+00
1.000000000000018652e+00
1.000000000000018652e+00
1.000000000000018652e+00
1.000000000000018652e+00
1.000000000000018652e+00
1.000000000000018652e+00
1.000000000000018652e+00
1.000000000000018652e+00
1.000000000000018652e+00
1.000000000000018652e+00
1.000000000000018652e+00
1.000000000000018652e+00
1.000000000000018652e+00
1.000000000000018652e+00
1.000000000000018652e+00
1.000000000000018652e+00
1.000000000000018652e+00
1.000000000000018652e+00
1.000000000000018874e+00
1.000000000000018874e+00
1.000000000000018874e+00
1.000000000000018652e+00
1.000000000000018652e+00
1.000000000000018652e+00
1.000000000000018652e+00
1.000000000000018652e+00
1.000000000000018874e+00
1.000000000000018874e+00
1.000000000000018652e+00
1.000000000000018652e+00
1.000000000000018652e+00
1.000000000000018652e+00
1.000000000000018652e+00
1.000000000000018652e+00
1.000000000000018652e+00
1.000000000000018652e+00
1.000000000000018874e+00
1.000000000000018874e+00
1.000000000000018874e+00
1.000000000000018874e+00
1.000000000000018652e+00
1.000000000000018652e+00
1.000000000000018652e+00
1.000000000000018652e+00
1.000000000000018652e+00
1.000000000000018652e+00
1.000000000000018652e+00
1.000000000000018652e+00
1.000000000000018652e+00
1.000000000000018652e+00
1.000000000000018652e+00
1.000000000000018652e+00
1.000000000000018652e+00
1.000000000000018652e+00
1.000000000000018652e+00
1.000000000000018652e+00
1.000000000000018652e+00
1.000000000000018652e+00
1.000000000000018430e+00
1.000000000000018208e+00
1.000000000000018208e+00
1.000000000000018208e+00
1.000000000000018208e+00
1.000000000000018208e+00
1.000000000000018208e+00
1.000000000000018430e+00
1.000000000000018430e+00
1.000000000000018430e+00
1.000000000000018430e+00
1.000000000000018430e+00
1.000000000000018430e+00
1.000000000000018430e+00
1.000000000000018430e+00
1.000000000000018430e+00
1.000000000000018430e+00
1.000000000000018430e+00
1.000000000000018208e+00
1.000000000000018430e+00
1.000000000000018430e+00
1.000000000000018430e+00
1.000000000000018430e+00
1.000000000000018430e+00
1.000000000000018430e+00
1.000000000000018430e+00
1.000000000000018430e+00
1.000000000000018208e+00
1.000000000000018208e+00
1.000000000000018208e+00
1.000000000000018208e+00
1.000000000000018208e+00
1.000000000000018208e+00
1.000000000000018430e+00
1.000000000000018430e+00
1.000000000000018430e+00
1.000000000000018430e+00
1.000000000000018430e+00
1.000000000000018208e+00
1.000000000000018208e+00
1.000000000000018208e+00
1.000000000000018208e+00
1.000000000000018208e+00
1.000000000000018208e+00
1.000000000000018208e+00
1.000000000000018208e+00
1.000000000000018430e+00
1.000000000000018430e+00
1.000000000000018430e+00
1.000000000000015321e+00
1.000000000000015321e+00
1.000000000000015321e+00
1.000000000000015321e+00
1.000000000000015321e+00
1.000000000000015321e+00
1.000000000000015321e+00
1.000000000000015321e+00
1.000000000000015321e+00
1.000000000000015321e+00
1.000000000000015321e+00
1.000000000000015321e+00
1.000000000000015321e+00
1.000000000000015321e+00
1.000000000000015321e+00
1.000000000000015321e+00
1.000000000000015321e+00
1.000000000000015321e+00
1.000000000000015321e+00
1.000000000000015321e+00
1.000000000000015321e+00
1.000000000000015321e+00
1.000000000000015321e+00
1.000000000000015321e+00
1.000000000000015321e+00
1.000000000000015321e+00
1.000000000000015321e+00
1.000000000000015321e+00
1.000000000000015321e+00
1.000000000000015099e+00
1.000000000000015321e+00
1.000000000000015321e+00
1.000000000000015321e+00
1.000000000000015099e+00
1.000000000000015099e+00
1.000000000000015099e+00
1.000000000000015099e+00
1.000000000000015321e+00
1.000000000000015321e+00
1.000000000000015321e+00
1.000000000000015099e+00
1.000000000000015099e+00
1.000000000000015321e+00
1.000000000000015321e+00
1.000000000000015321e+00
1.000000000000015321e+00
1.000000000000015321e+00
1.000000000000015321e+00
1.000000000000015321e+00
1.000000000000015321e+00
1.000000000000015321e+00
1.000000000000015321e+00
1.000000000000015321e+00
1.000000000000015321e+00
1.000000000000015099e+00
1.000000000000015099e+00
1.000000000000015099e+00
1.000000000000014211e+00
1.000000000000014211e+00
1.000000000000014211e+00
1.000000000000014211e+00
1.000000000000014211e+00
1.000000000000014211e+00
1.000000000000014211e+00
1.000000000000014211e+00
1.000000000000014211e+00
1.000000000000014211e+00
1.000000000000014211e+00
1.000000000000014211e+00
1.000000000000014211e+00
1.000000000000014211e+00
1.000000000000014211e+00
1.000000000000014211e+00
1.000000000000014211e+00
1.000000000000014211e+00
1.000000000000014211e+00
1.000000000000014211e+00
1.000000000000014211e+00
1.000000000000014211e+00
1.000000000000014211e+00
1.000000000000014211e+00
1.000000000000014211e+00
1.000000000000014211e+00
1.000000000000014211e+00
1.000000000000014211e+00
1.000000000000014211e+00
1.000000000000014211e+00
1.000000000000014211e+00
1.000000000000014211e+00
1.000000000000014211e+00
1.000000000000014211e+00
1.000000000000014211e+00
1.000000000000014211e+00
1.000000000000014211e+00
1.000000000000013545e+00
1.000000000000013545e+00
1.000000000000013545e+00
1.000000000000013545e+00
1.000000000000013545e+00
1.000000000000013545e+00
1.000000000000013545e+00
1.000000000000013545e+00
1.000000000000013545e+00
1.000000000000013323e+00
1.000000000000013323e+00
1.000000000000013323e+00
1.000000000000013323e+00
1.000000000000013323e+00
1.000000000000013323e+00
1.000000000000013323e+00
1.000000000000013323e+00
1.000000000000013323e+00
1.000000000000013323e+00
1.000000000000013323e+00
1.000000000000013323e+00
1.000000000000013323e+00
1.000000000000013323e+00
1.000000000000013323e+00
1.000000000000013323e+00
1.000000000000013323e+00
1.000000000000013323e+00
1.000000000000013323e+00
1.000000000000013323e+00
1.000000000000013323e+00
1.000000000000013545e+00
1.000000000000013545e+00
1.000000000000013545e+00
1.000000000000013545e+00
1.000000000000013545e+00
1.000000000000013545e+00
1.000000000000013545e+00
1.000000000000013545e+00
1.000000000000013323e+00
1.000000000000013323e+00
1.000000000000013323e+00
1.000000000000013323e+00
1.000000000000013323e+00
1.000000000000013101e+00
1.000000000000013101e+00
1.000000000000013101e+00
1.000000000000013101e+00
1.000000000000013101e+00
1.000000000000013101e+00
1.000000000000013101e+00
1.000000000000013101e+00
1.000000000000013101e+00
1.000000000000013101e+00
1.000000000000013101e+00
1.000000000000013101e+00
1.000000000000013101e+00
1.000000000000013101e+00
1.000000000000013101e+00
1.000000000000013101e+00
1.000000000000013101e+00
1.000000000000013101e+00
1.000000000000013101e+00
1.000000000000013101e+00
1.000000000000013101e+00
1.000000000000013101e+00
1.000000000000013101e+00
1.000000000000000000e+00
1.000000000000000000e+00
1.000000000000000000e+00
1.000000000000000000e+00
9.999999999999948930e-01
9.999999999999948930e-01
9.999999999999948930e-01
9.999999999999948930e-01
9.999999999999948930e-01
9.999999999999948930e-01
9.999999999999948930e-01
9.999999999999948930e-01
9.999999999999926725e-01
9.999999999999528155e-01
9.999999999999528155e-01
9.999999999999528155e-01
9.999999999999528155e-01
9.999999999999525935e-01
9.999999999996730393e-01
9.999999999996730393e-01
9.999999999991125987e-01
9.999999999991127098e-01
9.999999999991127098e-01
9.999999999991125987e-01
9.999999999991127098e-01
9.999999999991127098e-01
9.999999999988683497e-01
9.999999999988683497e-01
9.999999999988683497e-01
9.999999999982386312e-01
9.999999999862068112e-01
9.999999999862065891e-01
9.999999999862065891e-01
9.999999999862065891e-01
9.999999999862065891e-01
9.999999999599493705e-01
9.999999999599493705e-01
9.999999999599487044e-01
9.999999999599487044e-01
9.999999999599487044e-01
9.999999999599487044e-01
9.999999999426539832e-01
9.999999999426539832e-01
9.999999999426539832e-01
9.999999999426539832e-01
9.999999996613524456e-01
9.999999996591689699e-01
9.999999996591690810e-01
9.999999996585829942e-01
9.999999996585829942e-01
9.999999987524860190e-01
9.999999987524860190e-01
9.999999987524859080e-01
9.999999987524859080e-01
9.999999979721022614e-01
9.999999979721022614e-01
9.999999979721022614e-01
9.999999979721022614e-01
9.999999979721022614e-01
9.999999979721012622e-01
9.999999979721012622e-01
9.999999978818815416e-01
9.999999978818815416e-01
9.999999947536000189e-01
9.999999947536000189e-01
9.999999947379930587e-01
9.999999719065935100e-01
9.999999719065935100e-01
9.999999490300020000e-01
9.999999490300014449e-01
9.999999490300014449e-01
9.999999490298718818e-01
9.999999490298718818e-01
9.999999490298718818e-01
9.999999443676118593e-01
9.999999443676118593e-01
9.999999443676117483e-01
9.999999271378205989e-01
9.999995513180218731e-01
9.999995513089717791e-01
9.999995513089717791e-01
9.999995513089717791e-01
9.999995513089717791e-01
9.999990987810261078e-01
9.999990987810259968e-01
9.999990987722747748e-01
9.999990987722747748e-01
9.999990987722747748e-01
9.999990987722739977e-01
9.999989483492874864e-01
9.999989483492874864e-01
9.999989483492874864e-01
9.999989483492874864e-01
9.999952904329301173e-01
9.999952732926116195e-01
9.999952732926026266e-01
9.999952700946437290e-01
9.999952700946437290e-01
9.999886838210961804e-01
9.999886838210961804e-01
9.999886838171638814e-01
9.999886838171638814e-01
9.999856216961223732e-01
9.999856216961223732e-01
9.999856216961223732e-01
9.999856216961219291e-01
9.999856216961219291e-01
9.999856216961219291e-01
9.999856216934879249e-01
9.999856216934879249e-01
9.999853077947310487e-01
9.999853077947310487e-01
9.999674809807096443e-01
9.999674809807096443e-01
9.999674266031599590e-01
9.998967719239523211e-01
9.998967719239523211e-01
9.998563797106441164e-01
9.998563797080333160e-01
9.998563797080333160e-01
9.998563795467509951e-01
9.998563795467509951e-01
9.998563795467508841e-01
9.998486889458944038e-01
9.998486889458944038e-01
9.998486889458942928e-01
9.998068069642130906e-01
9.993154154270046385e-01
9.993154042368456169e-01
9.993154042368456169e-01
9.993154042368456169e-01
9.993154042368456169e-01
9.993154042368456169e-01
9.989564047753619613e-01
9.989564047753575204e-01
9.989563992637404688e-01
9.989563992637404688e-01
9.989563992637404688e-01
9.989563992624505007e-01
9.988423120038925074e-01
9.988423120038925074e-01
9.988423120038925074e-01
9.988423120038925074e-01
9.968212807188985281e-01
9.968075775103332203e-01
9.968075775086276957e-01
9.968067950606419592e-01
9.944885825440108462e-01
9.944885825440109572e-01
9.944885825440109572e-01
9.944885803059630991e-01
9.944885803059630991e-01
9.944885803059630991e-01
9.934712965438557974e-01
9.934712965438557974e-01
9.934712965436354182e-01
9.934712965436354182e-01
9.934712965436354182e-01
9.934712962537345371e-01
9.934712962537344261e-01
9.934276205526489933e-01
9.934276205526489933e-01
9.893699886592178805e-01
9.893699886592178805e-01
9.893521374783342814e-01
9.785258075569629455e-01
9.785258075569629455e-01
9.728735206739294039e-01
9.728735202444351859e-01
9.728735202444351859e-01
9.728735124836549453e-01
9.728735124836549453e-01
9.728735124836515036e-01
9.724190686237691450e-01
9.724190686237691450e-01
9.724190686237493830e-01
9.686972704421340508e-01
9.375523440572635092e-01
9.375508358732768110e-01
9.375508358732768110e-01
9.375508358732768110e-01
9.375508358732768110e-01
9.375508358732768110e-01
9.163219732546205032e-01
9.163219732544989338e-01
9.163219732544989338e-01
9.163218593227147046e-01
9.163218593227147046e-01
9.163218593227147046e-01
9.163218592542199392e-01
9.135265504434698647e-01
9.135265504434698647e-01
9.135265504434698647e-01
9.135265504434698647e-01
8.634028493844493335e-01
8.628880709765383017e-01
8.628880709452251274e-01
8.628778631010698419e-01
8.037530899416254204e-01
8.037530899416253094e-01
8.037530899416253094e-01
8.037530115575023393e-01
8.037530115575023393e-01
8.037530115575023393e-01
7.929505185511691590e-01
7.929505185511691590e-01
7.929505185469210016e-01
7.929505185469210016e-01
7.929505163024780368e-01
7.929505163024780368e-01
7.929505163024778147e-01
7.927081513529127266e-01
7.927081513529127266e-01
7.538681980950509010e-01
7.538681980950509010e-01
6.371164335763153108e-01
6.370982061263436025e-01
6.370982061263436025e-01
6.089923900528720901e-01
6.089923832830846928e-01
6.089923832830846928e-01
6.089923526500368167e-01
6.089923526500368167e-01
6.089923526500283790e-01
6.089923526500283790e-01
6.077789666585736716e-01
6.077789666585736716e-01
6.077789666584341166e-01
5.930381386925758225e-01
4.510093456422538116e-01
4.510035751000479598e-01
4.510035751000479598e-01
4.510035751000479598e-01
4.510035751000479598e-01
4.510035751000479598e-01
3.989225735859636135e-01
3.989225735857793720e-01
3.989225735857793720e-01
3.989223219441697110e-01
3.989223219441697110e-01
3.989223219441697110e-01
3.989223215454377192e-01
3.951615372509731938e-01
3.951615372509731938e-01
3.951615372509731938e-01
3.951615372509731938e-01
2.920985356816288570e-01
2.914250403425661107e-01
2.914250403233396569e-01
2.914159931034230322e-01
2.197090737962301144e-01
2.197090737962300311e-01
2.197090737962300311e-01
2.197089090948908252e-01
2.197089090948908252e-01
2.197089090948908252e-01
2.122940646592292036e-01
2.122940646592292036e-01
2.122940646489807626e-01
2.122940646489807626e-01
2.122940636456727703e-01
2.122940636456727703e-01
2.122940636456726871e-01
2.121409336266663614e-01
2.121409336266663614e-01
2.121409336266663614e-01
1.731781873640944325e-01
1.731781873640944325e-01
1.033441792718884089e-01
1.033293740039654407e-01
1.033293740039654407e-01
9.335152697432001767e-02
9.335152068105746770e-02
9.335152068105746770e-02
9.335151301339819629e-02
9.335151301339819629e-02
9.335151301339665586e-02
9.335151301339665586e-02
9.294727438889585636e-02
9.294727438889585636e-02
9.294727438875621806e-02
8.550819667843211069e-02
4.353444095341380687e-02
4.353269992203519234e-02
4.353269992203519234e-02
4.353269992203519234e-02
4.353269992203519234e-02
4.353269992203519234e-02
3.372590234398106790e-02
3.372590234395954345e-02
3.372590234395954345e-02
3.372586443370873682e-02
3.372586443370873682e-02
3.372586443370873682e-02
3.372586428153930699e-02
3.304929559423802621e-02
3.304929559423802621e-02
3.304929559423802621e-02
3.304929559423802621e-02
3.304929559423802621e-02
1.768238395073352259e-02
1.753779739476404864e-02
1.753779739370151317e-02
1.753716563699093955e-02
1.031469563059547213e-02
1.031469563059543050e-02
1.031469563059543050e-02
1.031466775894638623e-02
1.031466775894638623e-02
1.031466775894638623e-02
9.582635447353387778e-03
9.582635447353387778e-03
9.582635445673257785e-03
9.582635445673257785e-03
9.582635445673257785e-03
9.582635408531315485e-03
9.582635408531312016e-03
9.575452042318010129e-03
9.575452042318010129e-03
9.575452042318010129e-03
6.640370751164787096e-03
6.640370751164787096e-03
6.640370751164787096e-03
6.623910751442411982e-03
2.866479720864217179e-03
2.866479720864217179e-03
2.321956766978943484e-03
2.321956333074842033e-03
2.321956333074842033e-03
2.321956172924552302e-03
2.321956172924552302e-03
2.321956172924514138e-03
2.321956172924514138e-03
2.311701499225122820e-03
2.311701499225122820e-03
2.311701499214751342e-03
2.018111971570425191e-03
7.952254592657857649e-04
7.951147716244192851e-04
7.951147716244192851e-04
7.951147716244192851e-04
7.951147716244192851e-04
7.951147716244192851e-04
4.932491259716608031e-04
4.932491259713356509e-04
4.932491259713356509e-04
4.932486608306301847e-04
4.932486608306301847e-04
4.932486608306301847e-04
4.932486561263940521e-04
4.836664721319252442e-04
4.836664721319252442e-04
4.836664721319252442e-04
4.836664721319252442e-04
4.836664721319252442e-04
2.330973974825365305e-04
2.296350086746262904e-04
2.296350086620980633e-04
2.296290397543227109e-04
2.296290397543148505e-04
9.929471558716908449e-05
9.929471558716908449e-05
9.929396395592144547e-05
9.929396395592144547e-05
9.290830916926349928e-05
9.290830916926349928e-05
9.290830916926349928e-05
9.290830914032022084e-05
9.290830914032022084e-05
9.290830914032022084e-05
9.290830888266141769e-05
9.290830888266140414e-05
9.286785769803723083e-05
9.286785769803723083e-05
9.286785769803723083e-05
6.400209280466864162e-05
6.400209280466864162e-05
6.400209280466864162e-05
6.376985144900566697e-05
2.096999550761092832e-05
2.096999550761092832e-05
1.754323145246311968e-05
1.754323145246311968e-05
1.754322329623472451e-05
1.754322329623472451e-05
1.754322241961053555e-05
1.754322241961039325e-05
1.754322241961039325e-05
1.754322241961039325e-05
1.749817552492464675e-05
1.749817552492464675e-05
1.749817552479590791e-05
1.535631991464926586e-05
5.044124000426758430e-06
5.043202645385878156e-06
5.043202645385878156e-06
5.043202645385878156e-06
5.043202645385878156e-06
5.043202645385878156e-06
3.414430777049023748e-06
3.414430777047871783e-06
3.414430777047871783e-06
3.414428326687309981e-06
3.414428326687309981e-06
3.414428326687309981e-06
3.414428250078329015e-06
3.373895642572589266e-06
3.373895642572589266e-06
3.373895642572589266e-06
3.373895642572589266e-06
3.373895642572589266e-06
1.416672444672448357e-06
1.397481825322556493e-06
1.397481825290081885e-06
1.397458769407819473e-06
1.397458769407745570e-06
6.990046546858653881e-07
6.990046546858653881e-07
6.989962838251862358e-07
6.989962838251862358e-07
6.692460087619766635e-07
6.692460087619766635e-07
6.692460087619766635e-07
6.692460082404823007e-07
6.692460082404823007e-07
6.692460082404823007e-07
6.692460072875448240e-07
6.692460072875448240e-07
6.692460072875448240e-07
6.690220542611589230e-07
6.690220542611589230e-07
4.126087006161665829e-07
4.126087006161665829e-07
4.126087006161665829e-07
4.111389353394189817e-07
1.551407081480755459e-07
1.551407081480755459e-07
1.551407081480755459e-07
1.368513823072314976e-07
1.368512725401385040e-07
1.368512725401384510e-07
1.368512686611421488e-07
1.368512686611417253e-07
1.368512686611417253e-07
1.368512686611417253e-07
1.365524749219796033e-07
1.365524749219796033e-07
1.365524749192282815e-07
1.127043917445588783e-07
3.910292997739965914e-08
3.909430927307148608e-08
3.909430927307148608e-08
3.909430927307148608e-08
3.909430927307148608e-08
3.909430927307148608e-08
2.915513873191645115e-08
2.915513873191645115e-08
2.915513873191182886e-08
2.915512571522717486e-08
2.915512571522717486e-08
2.915512571522717486e-08
2.915512448709795477e-08
2.915512448709795477e-08
2.883165740326731015e-08
2.883165740326731015e-08
2.883165740326731015e-08
2.883165740326731015e-08
1.161789925710285799e-08
1.136763217695041685e-08
1.136763217683241954e-08
1.136763217683069735e-08
1.136752130336843750e-08
6.503026614671454973e-09
6.503026614671454973e-09
6.502913919525203212e-09
6.502913919525203212e-09
6.221500000220913960e-09
6.221500000220913960e-09
6.221500000220913960e-09
6.221500000220913960e-09
6.221499990318064830e-09
6.221499990318064830e-09
6.221499990318064830e-09
6.221499985796270431e-09
6.221499985796270431e-09
6.221499985796270431e-09
6.220093154130160304e-09
6.220093154130160304e-09
3.605205319137525700e-09
3.605205319137525700e-09
3.605205319137525700e-09
3.583328530291418354e-09
1.542478504529278078e-09
1.542478504529278078e-09
1.542478504529278078e-09
1.346781461034556101e-09
1.346779808385043754e-09
1.346779808385042307e-09
1.346779787756391983e-09
1.346779787756389295e-09
1.346779787756389295e-09
1.346779787756389295e-09
1.344675044212107887e-09
1.344675044212107887e-09
1.344675044153485597e-09
1.065856684359182865e-09
4.041052083223965782e-10
4.039252832344991045e-10
4.039252832344991045e-10
4.039252832344991045e-10
4.039252832344991045e-10
4.039252832344991045e-10
2.916074479570987059e-10
2.916074479570987059e-10
2.916074479570701165e-10
2.916073764549478109e-10
2.916073764549478109e-10
2.916073764549478109e-10
2.916073573562326537e-10
2.916073573562326537e-10
2.892480860990717351e-10
2.892480860990717351e-10
2.892480860990717351e-10
2.892480860990717351e-10
1.221767643020277119e-10
1.187258373133215476e-10
1.187258373125270407e-10
1.187258373125270407e-10
1.187258373124857333e-10
1.187251732187784270e-10
6.402598621136724576e-11
6.402598621136724576e-11
6.402385093788802466e-11
6.402385093788802466e-11
6.201636026938919136e-11
6.201636026938919136e-11
6.201636026938919136e-11
6.201636026938919136e-11
6.201636026938919136e-11
6.201636011643032583e-11
6.201636011643032583e-11
6.201636008869608434e-11
6.201636008869608434e-11
6.201636008869608434e-11
6.200868367490690784e-11
3.723829575875429046e-11
3.723829575875429046e-11
3.723829575875429046e-11
3.694580141667949479e-11
3.694580141667949479e-11
1.482725882011531966e-11
1.482725882011531966e-11
1.482725882011531966e-11
1.346061100744285171e-11
1.346057873817412278e-11
1.346057873817408723e-11
1.346057861097377946e-11
1.346057861097376977e-11
1.346057861097376977e-11
1.346057861097376977e-11
1.344902575754292033e-11
1.344902575754292033e-11
1.344902575663132367e-11
1.083994537589411583e-11
3.842338318692956044e-12
3.842338318692956044e-12
3.840296335245253487e-12
3.840296335245253487e-12
3.840296335245253487e-12
3.840296335245253487e-12
3.032976229280338278e-12
3.032976229280338278e-12
3.032976229280207012e-12
3.032976229280207012e-12
3.032975751813776698e-12
3.032975751813776698e-12
3.032975347965191036e-12
3.032975347965191036e-12
3.018912355342840609e-12
3.018912355342840609e-12
3.018912355342840609e-12
3.018912355342840609e-12
1.178941814430665257e-12
1.149287539445186534e-12
1.149287539445186534e-12
1.149287539442017964e-12
1.149287539441416561e-12
1.149283698122726566e-12
7.177931489976048378e-13
7.177931489976048378e-13
7.177594568023755542e-13
7.177594568023755542e-13
7.037363629076954415e-13
7.037363629076954415e-13
7.037363629076954415e-13
7.037363629076954415e-13
7.037363629076954415e-13
7.037363590577404972e-13
7.037363590577404972e-13
7.037363589057570659e-13
7.037363589057570659e-13
7.037363589057570659e-13
7.036753399184233939e-13
3.854815798507678454e-13
3.854815798507678454e-13
3.854815798507678454e-13
3.825970689785018079e-13
1.802250881935346727e-13
1.802250881935346727e-13
1.802250881935346727e-13
1.802250881935346727e-13
1.687874630582170153e-13
1.687868260647340109e-13
1.687868260647331778e-13
1.687868252135759900e-13
1.687868252135759143e-13
1.687868252135759143e-13
1.687868252135759143e-13
1.686746734222830110e-13
1.686746734222830110e-13
1.686746734222830110e-13
1.686746733942549219e-13
1.268135936725850746e-13
4.975700028021406972e-14
4.975700028021406972e-14
4.972550180199475351e-14
4.972550180199475351e-14
4.972550180199475351e-14
4.972550180199475351e-14
4.972550180199475351e-14
4.181241531827026270e-14
4.181241531826942967e-14
4.181241531826942967e-14
4.181241145649103811e-14
4.181240182071451909e-14
4.181240182071451909e-14
4.181240182071451909e-14
4.164730698598367409e-14
4.164730698598367409e-14
4.164730698598367409e-14
4.164730698598367409e-14
1.623668643998379583e-14
1.623668643998379583e-14
1.562934943446034651e-14
1.562934943446034651e-14
1.562934943444085218e-14
1.562934943441911118e-14
1.078715664262025332e-14
1.078714224105272303e-14
1.078714224105272303e-14
1.078644223783836236e-14
1.078644223783836236e-14
1.059067506239018273e-14
1.059067506239018273e-14
1.059067506239018273e-14
1.059067506239018273e-14
1.059067506239018273e-14
1.059067495292435044e-14
1.059067495292435044e-14
1.059067495177916896e-14
1.059067495177916896e-14
1.059067495177916896e-14
1.059008681571122739e-14
1.059008681571122739e-14
5.565001420883828759e-15
5.565001420883828759e-15
5.499546207291019198e-15
2.915554944462083353e-15
2.915554944462083353e-15
2.915554944462083353e-15
2.915554944462083353e-15
2.915537459671176451e-15
2.730753354799395666e-15
2.730753354799353068e-15
2.730753347387132383e-15
2.730753347387131989e-15
2.730753347387131989e-15
2.730753347387131989e-15
2.729503790742038842e-15
2.729503790742038842e-15
2.729503790742038842e-15
2.729503789820620117e-15
1.966109267112725745e-15
8.480460616884280494e-16
8.480460616884280494e-16
8.470460435764899953e-16
8.470460435764899953e-16
8.470460435764899953e-16
7.064608231565795765e-16
7.064608231565795765e-16
7.064608231565795765e-16
7.064608231565795765e-16
7.064608231565713921e-16
7.064607864787324895e-16
7.064605334227064897e-16
7.064605334227064897e-16
7.064605334227064897e-16
7.044525824870161058e-16
7.044525824870159086e-16
7.044525824870159086e-16
7.044525824870159086e-16
7.044525824870159086e-16
2.871147833693000381e-16
2.734564378353781601e-16
2.734564378353781601e-16
2.734564378351700980e-16
2.734564378343345957e-16
1.841701638352087495e-16
1.841700241709402846e-16
1.841700241709402846e-16
1.841477128194025203e-16
1.841477128194025203e-16
1.817073809763670551e-16
1.817073809763670551e-16
1.817073809763670551e-16
1.817073809763670551e-16
1.817073809763670551e-16
1.817073780119399641e-16
1.817073780119399641e-16
1.817073780119399641e-16
1.817073780119399641e-16
1.817073780001869720e-16
1.817073780001869720e-16
1.817073780001869720e-16
9.818053567289078620e-17
9.817885397210573209e-17
9.817885397210573209e-17
9.670290099918184161e-17
4.928845138122143139e-17
4.928845138122143139e-17
4.928845138122143139e-17
4.928845138122143139e-17
4.928790495527064078e-17
4.928790495526890282e-17
4.699982052185600006e-17
4.699982044530483921e-17
4.699982044530482689e-17
4.699982044530482689e-17
4.699982044530482689e-17
4.699982044530482689e-17
4.698750304503813121e-17
4.698750301991818072e-17
4.698750301991818072e-17
3.437221793661679815e-17
1.418724883362364859e-17
1.418724883362364859e-17
1.418724883362364859e-17
1.416691039128865943e-17
1.416691039128865943e-17
1.240924198975710617e-17
1.240924198975710617e-17
1.240924198975710617e-17
1.240924198975710617e-17
1.240924198975704454e-17
1.240924159521424704e-17
1.240924159521424704e-17
1.240923305721529208e-17
1.240923305721529208e-17
1.240923305721528746e-17
1.238859678717423675e-17
1.238859678717423675e-17
1.238859678717423675e-17
1.238859678717423675e-17
4.805651820761422388e-18
4.594732492054652496e-18
4.594732492054652496e-18
4.594732492032953428e-18
4.594732492031475855e-18
3.411935326621991982e-18
3.411933655437142114e-18
3.411377067412707876e-18
3.411377067412707876e-18
3.411377067412707876e-18
3.383371772319652163e-18
3.383371772319652163e-18
3.383371772319652163e-18
3.383371772319652163e-18
3.383371772319652163e-18
3.383371772319652163e-18
3.383371659931567295e-18
3.383371659931567295e-18
3.383371659931567295e-18
3.383371659829098192e-18
3.383371659829098192e-18
3.383371659829098192e-18
1.710653163330511837e-18
1.710635364117012692e-18
1.686015618760673576e-18
1.686015618760673576e-18
9.838038262344382184e-19
9.838038262344382184e-19
9.838038262344382184e-19
9.838038262344382184e-19
9.838038262343744701e-19
9.837880021436594055e-19
9.529794517875469014e-19
9.529794509961027464e-19
9.529794509961027464e-19
9.529794509961027464e-19
9.529794509961027464e-19
9.529794509961027464e-19
9.528028866056682793e-19
9.528028854761708411e-19
9.528028854761708411e-19
6.528719310287094054e-19
3.036522067971603465e-19
3.036522067971603465e-19
3.036522067971603465e-19
3.031407433908656451e-19
3.031407433908656451e-19
2.753734448068030076e-19
2.753734448068030076e-19
2.753734448068030076e-19
2.753734448068030076e-19
2.753734448068023817e-19
2.753734399209377651e-19
2.753734399209377651e-19
2.753731343074737753e-19
2.753731343074737753e-19
2.753731343074737753e-19
2.753731343074735346e-19
2.750187096069207251e-19
2.750187096069207251e-19
2.750187096069207251e-19
2.750187096069207251e-19
1.104171057074771805e-19
1.036676822379585157e-19
1.036676822367505724e-19
1.036676822367505724e-19
1.036676822367352131e-19
8.226147008858987084e-20
8.226144565936862139e-20
8.224368120425423719e-20
8.224368120425423719e-20
8.224368120425423719e-20
8.167544254949973177e-20
8.167544254949973177e-20
8.167544254949973177e-20
8.167544254949973177e-20
8.167544254949973177e-20
8.167544254949973177e-20
8.167543778884421438e-20
8.167543778884421438e-20
8.167543778884421438e-20
8.167543778762321091e-20
8.167543778762321091e-20
8.167543778762321091e-20
4.074487915376945218e-20
4.074462522116909893e-20
3.988825228239257302e-20
2.553966933499395952e-20
2.553966933499395952e-20
2.553966933499395952e-20
2.553966933499395952e-20
2.553966933499395952e-20
2.553966933498925303e-20
2.553908376504744303e-20
2.481306481196820382e-20
2.481306480099700547e-20
2.481306480099700547e-20
2.481306480099700547e-20
2.481306480099700547e-20
2.481306480099700547e-20
2.481005444163197786e-20
2.481005438596501310e-20
2.481005438596501310e-20
1.644046666599308026e-20
1.644046666599308026e-20
8.372970715466529414e-21
8.372970715466529414e-21
8.348993948913143472e-21
8.348993948913143472e-21
8.348993948913143472e-21
7.611980976075501109e-21
7.611980976075501109e-21
7.611980976075501109e-21
7.611980976075490576e-21
7.611980976075490576e-21
7.611980899738855837e-21
7.611968077231046757e-21
7.611968077231046757e-21
7.611968077231046757e-21
7.611968077231046757e-21
7.611968077231028701e-21
7.605155069177223483e-21
7.605155069177223483e-21
7.605155069177223483e-21
7.605155069177223483e-21
3.206903160075156487e-21
2.968057647286953538e-21
2.968057647214981310e-21
2.968057647214981310e-21
2.968057647214733046e-21
2.356076862320188624e-21
2.356076452554150573e-21
2.355177060520309867e-21
2.355177060520309867e-21
2.355177060520309867e-21
2.343436006282846820e-21
2.343436006282846820e-21
2.343436006282846820e-21
2.343436006282846820e-21
2.343436006282846820e-21
2.343435791084264705e-21
2.343435791084264705e-21
2.343435791084264705e-21
2.343435791084264705e-21
2.343435791064484803e-21
2.343435791064484803e-21
2.343435791064484803e-21
1.196283529184903730e-21
1.196279053267855363e-21
1.165026333349287711e-21
1.165026333349287711e-21
7.410708619628153728e-22
7.410708619628153728e-22
7.410708619628153728e-22
7.410708619628153728e-22
7.410708619625275177e-22
7.410404290921804801e-22
7.255499394553838079e-22
7.255499392707907578e-22
7.255499392707907578e-22
7.255499392707907578e-22
7.255499392707907578e-22
7.255499392707907578e-22
7.255499366566667053e-22
7.254973042005930669e-22
7.254973042005930669e-22
4.851923690490170071e-22
4.851923690490170071e-22
2.436477295793370212e-22
2.436477295793370212e-22
2.436477295793370212e-22
2.427842902505495826e-22
2.427842902505495826e-22
2.267308475637712993e-22
2.267308475637712993e-22
2.267308475637712993e-22
2.267308475637712993e-22
2.267308475637711113e-22
2.267308462310282480e-22
2.267308462310282480e-22
2.267301439979553967e-22
2.267301439979541272e-22
2.267301439979541272e-22
2.267301439979541272e-22
2.266065049034895495e-22
2.266065049034895495e-22
2.266065049034895495e-22
2.266065049034895495e-22
9.345613219142878893e-23
8.669222588390702179e-23
8.669222588053548065e-23
8.669222588053230682e-23
8.669222588053230682e-23
7.280243368198711357e-23
7.276589256378121783e-23
7.276588487247100484e-23
7.276588487247100484e-23
7.276588487247100484e-23
7.276588487247100484e-23
7.276588487247100484e-23
7.253629436797099418e-23
7.253629436797099418e-23
7.253629436797099418e-23
7.253628164094340475e-23
7.253628164094340475e-23
7.253628164094340475e-23
7.253628164094340475e-23
7.253628164094340475e-23
7.253628164065968743e-23
3.564750128397963749e-23
3.564750128397963749e-23
3.564742307436146417e-23
3.472394311923068379e-23
3.472394311923068379e-23
2.430299396283657873e-23
2.430299396283657873e-23
2.430299396283657873e-23
2.430299396281958108e-23
2.430299396281958108e-23
2.430160110135799344e-23
2.430160110135799344e-23
2.395860229542243930e-23
2.395860229542243930e-23
2.395860229240894492e-23
2.395860229240894492e-23
2.395860229240894492e-23
2.395860211645557261e-23
2.395860211645557261e-23
2.395747273532567324e-23
2.395747273532567324e-23
2.395747273532567324e-23
1.525755811088516376e-23
1.525755811088516376e-23
8.552583602830635068e-24
8.552583602830635068e-24
8.517208784798917052e-24
8.517208784798917052e-24
8.105532235587887024e-24
8.105532235587887024e-24
8.105532235587887024e-24
8.105532235587887024e-24
8.105532235587887024e-24
8.105532235587885554e-24
8.105532210087015267e-24
8.105494016151378515e-24
8.105494016151293291e-24
8.105494016151293291e-24
8.105494016151293291e-24
8.102384061771153818e-24
8.102384061771153818e-24
8.102384061771153818e-24
6.556230297431895409e-24
3.219207856865493693e-24
3.219207856865493693e-24
3.219207856578515115e-24
3.219207856578460381e-24
2.811870418163261515e-24
2.811870418163261515e-24
2.810057119912674784e-24
2.810056948184442790e-24
2.810056948184442790e-24
2.810056948184442790e-24
2.810056948184442790e-24
2.810056948184442790e-24
2.803314072622578231e-24
2.803314072622578231e-24
2.803314072622578231e-24
2.803313263653912029e-24
2.803313263653912029e-24
2.803313263653912029e-24
2.803313263653912029e-24
2.803313263653912029e-24
2.803313263648631121e-24
1.397662301310983054e-24
1.397662301310983054e-24
1.397662301310983054e-24
1.348634453597094702e-24
1.348632777660159672e-24
1.006046162904944522e-24
1.006046162904944522e-24
1.006046162903146934e-24
1.006046162903146934e-24
1.005966754674266673e-24
1.005966754674266673e-24
1.005966754674266673e-24
9.943705559187021849e-25
9.943705559187021849e-25
9.943705558540152818e-25
9.943705558540152818e-25
9.943705429553987895e-25
9.943705429553987895e-25
9.943414164347723467e-25
9.943414164347723467e-25
9.943414164347723467e-25
6.233573452833004921e-25
6.233573452833004921e-25
6.233573452833004921e-25
6.233573452833004921e-25
3.766678303647143394e-25
3.742809433097470919e-25
3.742809433097470919e-25
3.742809433097470919e-25
3.585341174048888551e-25
3.585341174048888551e-25
3.585341174048888551e-25
3.585341174048888551e-25
3.585316311705015993e-25
3.585316311705015534e-25
3.585316305487475101e-25
3.585316305487371326e-25
3.585316305487371326e-25
3.585316305487371326e-25
3.584405190780992318e-25
3.584405190780992318e-25
2.839449285455915127e-25
1.480442088657260619e-25
1.480442088398971449e-25
1.480442088398971449e-25
1.480442088398971449e-25
1.478690614934385522e-25
1.478690614934372436e-25
1.307487245445346792e-25
1.307487245445346792e-25
1.307487199115800083e-25
1.307487199115800083e-25
1.307487199115800083e-25
1.307487199115800083e-25
1.307487199115800083e-25
1.305300077890454572e-25
1.305300077890454572e-25
1.305299494365327705e-25
1.305299494365327705e-25
1.305299494365327705e-25
1.305299494365327705e-25
1.305299494365327705e-25
1.305299494365327246e-25
1.305299494364029840e-25
1.305299494364029840e-25
6.668081686868805735e-26
6.389404561067109309e-26
6.389404561067109309e-26
6.389399873344771040e-26
4.849739922515499779e-26
4.849739922515499779e-26
4.849739922515499779e-26
4.849739922497720426e-26
4.849096613998839463e-26
4.849096613998839463e-26
4.849096613998839463e-26
4.808626684792152039e-26
4.808626684792152039e-26
4.808626684620712960e-26
4.808626684620712960e-26
4.808626584265611995e-26
4.808626584265611995e-26
4.808541703169153428e-26
4.808541703169153428e-26
4.808541703169153428e-26
4.808541703169153428e-26
4.808541703169153428e-26
3.027121945015656057e-26
3.027121945015656057e-26
1.861866637337998111e-26
1.847223392972240950e-26
1.847223392972240950e-26
1.847223392972240950e-26
1.847223392972240950e-26
1.789160286077535109e-26
1.789138701010920649e-26
1.789138701010920649e-26
1.789138701010920649e-26
1.789138699256239913e-26
1.789138699256239913e-26
1.789138699256129997e-26
1.789138699256129997e-26
1.789138699256129997e-26
1.788855938215175389e-26
1.788855938215175389e-26
1.788855936960519127e-26
1.411071509327700019e-26
7.435680791731124451e-27
7.435680791731124451e-27
7.435680791731124451e-27
7.424573178509821995e-27
6.759247687763850785e-27
6.759247687763827826e-27
6.759247687763827826e-27
6.759247547441629077e-27
6.759247547441629077e-27
6.759247547441629077e-27
6.759247547441629077e-27
6.759247547441629077e-27
6.759247547441629077e-27
6.759247547441629077e-27
6.759247547441629077e-27
6.751959269538812932e-27
6.751953826087590145e-27
6.751953826087590145e-27
6.751953826087590145e-27
6.751953826087584405e-27
6.751953826087584405e-27
6.751953826087584405e-27
6.751953826084472043e-27
3.419269261064505195e-27
3.269739780090520740e-27
3.269738388811806967e-27
3.269738388811806967e-27
2.630024387381043436e-27
2.630024387381043436e-27
2.630024387363647425e-27
2.630024387363647425e-27
2.629548641869173678e-27
2.629548641869173678e-27
2.629548641869173678e-27
2.614678273577275604e-27
2.614678273577275604e-27
2.614678273531832100e-27
2.614678170086745065e-27
2.614678170086745065e-27
2.614678170086745065e-27
2.614678170086745065e-27
2.614649728434720908e-27
2.614649728434720908e-27
2.614649728434720908e-27
2.614649728434720908e-27
1.604388704363043242e-27
1.604388704363043242e-27
1.072012342538918302e-27
1.062100033416231724e-27
1.062100033416231724e-27
1.062100033416231724e-27
1.062100033416231724e-27
1.037964807678936642e-27
1.037946538819067384e-27
1.037946538819067384e-27
1.037946538818944338e-27
1.037946538289491359e-27
1.037946538289491359e-27
1.037946538289491359e-27
1.037946538289491359e-27
1.037946538289491359e-27
1.037838680490704864e-27
1.037838680490704864e-27
1.037838679018358908e-27
7.948773473020737612e-28
4.523814250482978837e-28
4.523814250482978837e-28
4.523814250482978837e-28
4.523814250482978837e-28
4.515410544775395208e-28
4.201949152925963516e-28
4.201949152925956342e-28
4.201949152925956342e-28
4.201949104307789982e-28
4.201949104307789982e-28
4.201949104307789982e-28
4.201949104307789982e-28
4.201949104307789982e-28
4.201949104307789982e-28
4.201949104307789982e-28
4.201943802673300755e-28
4.198750694683921464e-28
4.198750694683921464e-28
4.198750694683921464e-28
4.198750694683914289e-28
4.198750694683914289e-28
4.198750694683914289e-28
2.201248209849578174e-28
2.201248209849327958e-28
2.080703784777017137e-28
2.080703279678969080e-28
2.080703279678969080e-28
2.080703279678969080e-28
1.744263700342451817e-28
1.744263700315775354e-28
1.743835850102172462e-28
1.743835850102172462e-28
1.743835850102172462e-28
1.743835850102172462e-28
1.743835850102172462e-28
1.736413736589072645e-28
1.736413736573932792e-28
1.736413621844865569e-28
1.736413621844865569e-28
1.736413621844865569e-28
1.736413621844865569e-28
1.736413621844865569e-28
1.736402375951681851e-28
1.736402375951681851e-28
1.067847678843797142e-28
1.067847678843797142e-28
7.563203308766491172e-29
7.563203308766491172e-29
7.466460718135197993e-29
7.466460718135197993e-29
7.466460718135197993e-29
7.466460718135197993e-29
7.330658271948005335e-29
7.330471947840109659e-29
7.330471947837972959e-29
7.330471945843062044e-29
7.330471945843062044e-29
7.330471945843062044e-29
7.330471945843062044e-29
7.330471945843062044e-29
7.329989610209114990e-29
7.329989610209114990e-29
7.329989610209114990e-29
7.329989591739809532e-29
5.539574495772746534e-29
3.342117592952440565e-29
3.342117592952440565e-29
3.342117592952440565e-29
3.342117592952440565e-29
3.333099258739784351e-29
3.333099258739784351e-29
3.137310271351384195e-29
3.137310271351381393e-29
3.137310271351381393e-29
3.137310271351381393e-29
3.137310250877795939e-29
3.137310250877795939e-29
3.137310250877795939e-29
3.137310250877795939e-29
3.137310250877795939e-29
3.137304207730709923e-29
3.135707950583567795e-29
3.135707950583567795e-29
3.135707950583556024e-29
3.135707950583556024e-29
3.135707950583556024e-29
3.135707950583556024e-29
1.700020863070353365e-29
1.700020863070254714e-29
1.700020863070254714e-29
1.593291451843554676e-29
1.593291228111797090e-29
1.593291228111797090e-29
1.364833368498781918e-29
1.364833368457708739e-29
1.364317953807294620e-29
1.364317953807294620e-29
1.364317953807294620e-29
1.360239766422893677e-29
1.360239766422893677e-29
1.360239766422893677e-29
1.360239622464078504e-29
1.360239622464078504e-29
1.360239622457931008e-29
1.360239622457931008e-29
1.360239622457931008e-29
1.360239622457931008e-29
1.360234409292116255e-29
1.360234409292116255e-29
8.442520470351674076e-30
8.442520470351674076e-30
8.442520470351674076e-30
6.166644272633459296e-30
6.166644272633459296e-30
6.070627650141832863e-30
6.070627650141832863e-30
6.070627650141832863e-30
6.070627650141832863e-30
5.989744314938539635e-30
5.989499532372485085e-30
5.989499532368896360e-30
5.989499532368896360e-30
5.989499531487675107e-30
5.989499531487675107e-30
5.989499531487675107e-30
5.989499531487675107e-30
5.989256277792107546e-30
5.989256277792107546e-30
5.989256277792107546e-30
5.989256252578791606e-30
5.989256252578791606e-30
4.506273448806660766e-30
2.805621660012269031e-30
2.805621660012269031e-30
2.805621660012269031e-30
2.805621660012269031e-30
2.805621660012269031e-30
2.805621660012269031e-30
2.805621660012269031e-30
2.805621660012269031e-30
2.805621660012269031e-30
2.805621660012269031e-30
2.805621660012269031e-30
2.805621660012269031e-30
2.805621660012269031e-30
2.805621660012269031e-30
2.805621660012269031e-30
2.805621660012269031e-30
2.805621660012269031e-30
2.805621660012269031e-30
2.805621660012269031e-30
2.805621660012269031e-30
2.805621660012269031e-30
2.805621660012269031e-30
2.805621660012269031e-30
2.805621660012269031e-30
2.805621660012269031e-30
2.805621660012269031e-30
2.805621660012269031e-30
2.805621660012269031e-30
2.805621660012269031e-30
2.805621660012269031e-30
2.805621660012269031e-30
2.805621660012269031e-30
2.805621660012269031e-30
2.805621660012269031e-30
2.805621660012269031e-30
2.805621660012269031e-30
2.805621660012269031e-30
2.805621660012269031e-30
2.805621660012269031e-30
2.805621660012269031e-30
2.805621660012269031e-30
2.805621660012269031e-30
2.805621660012269031e-30
2.805621660012269031e-30
2.805621660012269031e-30
2.805621660012269031e-30
2.805621660012269031e-30
2.805621660012269031e-30
2.805621660012269031e-30
2.805621660012269031e-30
2.805621660012269031e-30
2.805621660012269031e-30
2.805621660012269031e-30
2.805621660012269031e-30
2.805621660012269031e-30
2.805621660012269031e-30
2.805621660012269031e-30
2.805621660012269031e-30
2.805621660012269031e-30
2.805621660012269031e-30
2.805621660012269031e-30
2.805621660012269031e-30
2.805621660012269031e-30
2.805621660012269031e-30
2.805621660012269031e-30
2.805621660012269031e-30
2.805621660012269031e-30
2.805621660012269031e-30
2.805621660012269031e-30
2.805621660012269031e-30
2.805621660012269031e-30
2.805621660012269031e-30
2.805621660012269031e-30
2.805621660012269031e-30
2.805621660012269031e-30
2.805621660012269031e-30
2.805621660012269031e-30
2.805621660012269031e-30
2.805621660012269031e-30
2.805621660012269031e-30
2.805621660012269031e-30
2.805621660012269031e-30
2.805621660012269031e-30
2.805621660012269031e-30
2.805621660012269031e-30
2.805621660012269031e-30
2.805621660012269031e-30
2.805621660012269031e-30
2.805621660012269031e-30
2.805621660012269031e-30
2.805621660012269031e-30
2.805621660012269031e-30
2.805621660012269031e-30
2.805621660012269031e-30
2.805621660012269031e-30
2.805621660012269031e-30
2.805621660012269031e-30
2.805621660012269031e-30
2.805621660012269031e-30
2.805621660012269031e-30
2.805621660012269031e-30
2.805621660012269031e-30
2.805621660012269031e-30
2.805621660012269031e-30
2.805621660012269031e-30
2.805621660012269031e-30
2.805621660012269031e-30
2.805621660012269031e-30
2.805621660012269031e-30
2.805621660012269031e-30
2.805621660012269031e-30
2.805621660012269031e-30
2.805621660012269031e-30
2.805621660012269031e-30
2.805621660012269031e-30
2.805621660012269031e-30
2.805621660012269031e-30
2.805621660012269031e-30
2.805621660012269031e-30
2.805621660012269031e-30
2.805621660012269031e-30
2.805621660012269031e-30
2.805621660012269031e-30
2.805621660012269031e-30
2.805621660012269031e-30
2.805621660012269031e-30
2.805621660012269031e-30
2.805621660012269031e-30
2.805621660012269031e-30
2.805621660012269031e-30
2.805621660012269031e-30
2.805621660012269031e-30
2.805621660012269031e-30
2.805621660012269031e-30
2.805621660012269031e-30
2.805621660012269031e-30
2.805621660012269031e-30
2.805621660012269031e-30
2.805621660012269031e-30
2.805621660012269031e-30
2.805621660012269031e-30
2.805621660012269031e-30
2.805621660012269031e-30
2.805621660012269031e-30
2.805621660012269031e-30
2.805621660012269031e-30
2.805621660012269031e-30
2.805621660012269031e-30
2.805621660012269031e-30
2.805621660012269031e-30
2.805621660012269031e-30
2.805621660012269031e-30
2.805621660012269031e-30
2.805621660012269031e-30
2.805621660012269031e-30
2.805621660012269031e-30
2.805621660012269031e-30
2.805621660012269031e-30
2.805621660012269031e-30
2.805621660012269031e-30
2.805621660012269031e-30
2.805621660012269031e-30
2.805621660012269031e-30
2.805621660012269031e-30
2.805621660012269031e-30
2.805621660012269031e-30
2.805621660012269031e-30
2.805621660012269031e-30
2.805621660012269031e-30
2.805621660012269031e-30
2.805621660012269031e-30
2.805621660012269031e-30
2.805621660012269031e-30
2.805621660012269031e-30
2.805621660012269031e-30
2.805621660012269031e-30
2.805621660012269031e-30
2.805621660012269031e-30
2.805621660012269031e-30
2.805621660012269031e-30
2.805621660012269031e-30
2.805621660012269031e-30
2.805621660012269031e-30
2.805621660012269031e-30
2.805621660012269031e-30
2.805621660012269031e-30
2.805621660012269031e-30
2.805621660012269031e-30
2.805621660012269031e-30
2.805621660012269031e-30
2.805621660012269031e-30
2.805621660012269031e-30
2.805621660012269031e-30
2.805621660012269031e-30
2.805621660012269031e-30
2.805621660012269031e-30
2.805621660012269031e-30
2.805621660012269031e-30
2.805621660012269031e-30
2.805621660012269031e-30
2.805621660012269031e-30
2.805621660012269031e-30
2.805621660012269031e-30
2.805621660012269031e-30
2.805621660012269031e-30
2.805621660012269031e-30
2.805621660012269031e-30
2.805621660012269031e-30
2.805621660012269031e-30
2.805621660012269031e-30
2.805621660012269031e-30
2.805621660012269031e-30
2.805621660012269031e-30
2.805621660012269031e-30
2.805621660012269031e-30
2.805621660012269031e-30
2.805621660012269031e-30
2.805621660012269031e-30
2.805621660012269031e-30
2.805621660012269031e-30
2.805621660012269031e-30
2.805621660012269031e-30
2.805621660012269031e-30
2.805621660012269031e-30
2.805621660012269031e-30
2.805621660012269031e-30
2.805621660012269031e-30
2.805621660012269031e-30
2.805621660012269031e-30
2.805621660012269031e-30
2.805621660012269031e-30
2.805621660012269031e-30
2.805621660012269031e-30
2.805621660012269031e-30
2.805621660012269031e-30
2.805621660012269031e-30
2.805621660012269031e-30
2.805621660012269031e-30
2.805621660012269031e-30
2.805621660012269031e-30
2.805621660012269031e-30
2.805621660012269031e-30
2.805621660012269031e-30
2.805621660012269031e-30
2.805621660012269031e-30
2.805621660012269031e-30
2.805621660012269031e-30
2.805621660012269031e-30
2.805621660012269031e-30
2.805621660012269031e-30
2.805621660012269031e-30
2.805621660012269031e-30
2.805621660012269031e-30
2.805621660012269031e-30
2.805621660012269031e-30
2.805621660012269031e-30
2.805621660012269031e-30
2.805621660012269031e-30
2.805621660012269031e-30
2.805621660012269031e-30
2.805621660012269031e-30
2.805621660012269031e-30
2.805621660012269031e-30
2.805621660012269031e-30
2.805621660012269031e-30
2.805621660012269031e-30
2.805621660012269031e-30
2.805621660012269031e-30
2.805621660012269031e-30
2.805621660012269031e-30
2.805621660012269031e-30
2.805621660012269031e-30
2.805621660012269031e-30
2.805621660012269031e-30
2.805621660012269031e-30
2.805621660012269031e-30
2.805621660012269031e-30
2.805621660012269031e-30
2.805621660012269031e-30
2.805621660012269031e-30
2.805621660012269031e-30
2.805621660012269031e-30
2.805621660012269031e-30
2.805621660012269031e-30
2.805621660012269031e-30
2.805621660012269031e-30
2.805621660012269031e-30
2.805621660012269031e-30
2.805621660012269031e-30
2.805621660012269031e-30
2.805621660012269031e-30
2.805621660012269031e-30
2.805621660012269031e-30
2.805621660012269031e-30
2.805621660012269031e-30
2.805621660012269031e-30
2.805621660012269031e-30
2.805621660012269031e-30
2.805621660012269031e-30
2.805621660012269031e-30
2.805621660012269031e-30
2.805621660012269031e-30
2.805621660012269031e-30
2.805621660012269031e-30
2.805621660012269031e-30
2.805621660012269031e-30
2.805621660012269031e-30
2.805621660012269031e-30
2.805621660012269031e-30
2.805621660012269031e-30
2.805621660012269031e-30
2.805621660012269031e-30
2.805621660012269031e-30
2.805621660012269031e-30
2.805621660012269031e-30
2.805621660012269031e-30
2.805621660012269031e-30
2.805621660012269031e-30
2.805621660012269031e-30
2.805621660012269031e-30
2.805621660012269031e-30
2.805621660012269031e-30
2.805621660012269031e-30
2.805621660012269031e-30
2.805621660012269031e-30
2.805621660012269031e-30
2.805621660012269031e-30
2.805621660012269031e-30
2.805621660012269031e-30
2.805621660012269031e-30
2.805621660012269031e-30
2.805621660012269031e-30
2.805621660012269031e-30
2.805621660012269031e-30
2.805621660012269031e-30
2.805621660012269031e-30
2.805621660012269031e-30
2.805621660012269031e-30
2.805621660012269031e-30
2.805621660012269031e-30
2.805621660012269031e-30
2.805621660012269031e-30
2.805621660012269031e-30
2.805621660012269031e-30
2.805621660012269031e-30
2.805621660012269031e-30
2.805621660012269031e-30
2.805621660012269031e-30
2.805621660012269031e-30
2.805621660012269031e-30
2.805621660012269031e-30
2.805621660012269031e-30
2.805621660012269031e-30
2.805621660012269031e-30
2.805621660012269031e-30
2.805621660012269031e-30
2.805621660012269031e-30
2.805621660012269031e-30
2.805621660012269031e-30
2.805621660012269031e-30
2.805621660012269031e-30
2.805621660012269031e-30
2.805621660012269031e-30
2.805621660012269031e-30
2.805621660012269031e-30
2.805621660012269031e-30
2.805621660012269031e-30
2.805621660012269031e-30
2.805621660012269031e-30
2.805621660012269031e-30
2.805621660012269031e-30
2.805621660012269031e-30
2.805621660012269031e-30
2.805621660012269031e-30
2.805621660012269031e-30
2.805621660012269031e-30
2.805621660012269031e-30
2.805621660012269031e-30
2.805621660012268331e-30
2.805621660012267630e-30
2.805621660012267630e-30
2.805621660012267630e-30
2.805621660012267630e-30
2.805621660012267630e-30
2.805621660012267630e-30
2.805621660012267630e-30
2.805621660012267630e-30
2.805621660012267630e-30
2.805621660012267630e-30
2.805621660012267630e-30
2.805621660012267630e-30
2.805621660012267630e-30
2.805621660012267630e-30
2.805621660012267630e-30
2.805621660012267630e-30
2.805621660012265878e-30
2.805621660012258522e-30
2.805621660012225591e-30
2.805621660012116290e-30
2.805621660011918707e-30
2.805621660011824119e-30
2.805621660011820966e-30
2.805621660011820966e-30
2.805621660011820966e-30
2.805621660011820966e-30
2.805621660011820966e-30
2.805621660011820966e-30
2.805621660011820966e-30
2.805621660011820966e-30
2.805621660011820966e-30
2.805621660011820966e-30
2.805621660011820966e-30
2.805621660011820966e-30
2.805621660011820616e-30
2.805621660011815361e-30
2.805621660011773672e-30
2.805621660011501120e-30
2.805621660010044470e-30
2.805621660003641237e-30
2.805621659982483381e-30
2.805621659944092007e-30
2.805621659925734297e-30
2.805621659925165019e-30
2.805621659925165019e-30
2.805621659925165019e-30
2.805621659925165019e-30
2.805621659925165019e-30
2.805621659925165019e-30
2.805621659925165019e-30
2.805621659925165019e-30
2.805621659925165019e-30
2.805621659925163968e-30
2.805621659925156962e-30
2.805621659925075687e-30
2.805621659924348763e-30
2.805621659918856023e-30
2.805621659882511246e-30
2.805621659688062867e-30
2.805621658833804348e-30
2.805621656011129265e-30
2.805621650889183342e-30
2.805621648440098633e-30
2.805621648364117428e-30
2.805621648364101313e-30
2.805621648364101313e-30
2.805621648364101313e-30
2.805621648364101313e-30
2.805621648364101313e-30
2.805621648364101313e-30
2.805621648364100612e-30
2.805621648364097109e-30
2.805621648364043860e-30
2.805621648363384549e-30
2.805621648355906870e-30
2.805621648288869102e-30
2.805621647782461557e-30
2.805621644431689281e-30
2.805621626504602321e-30
2.805621547746498472e-30
2.805621287510802946e-30
2.805620815294738107e-30
2.805620589502265191e-30
2.805620582497236876e-30
2.805620582495739588e-30
2.805620582495739588e-30
2.805620582495739588e-30
2.805620582495739588e-30
2.805620582495739238e-30
2.805620582495727327e-30
2.805620582495501368e-30
2.805620582492111276e-30
2.805620582449868784e-30
2.805620581971127775e-30
2.805620577679048670e-30
2.805620545256313824e-30
2.805620330723322764e-30
2.805619182943146714e-30
2.805614140473478499e-30
2.805597479069150414e-30
2.805567246270702731e-30
2.805552790533618733e-30
2.805552342058454422e-30
2.805552341962607709e-30
2.805552341962607709e-30
2.805552341962607709e-30
2.805552341962607709e-30
2.805552341962582485e-30
2.805552341962068559e-30
2.805552341951954337e-30
2.805552341800523018e-30
2.805552339913460238e-30
2.805552318527298147e-30
2.805552126792843505e-30
2.805550678415006522e-30
2.805541094904071873e-30
2.805489822927038749e-30
2.805264594712861683e-30
2.804520643586462664e-30
2.803171698473604006e-30
2.802527151940867364e-30
2.802507160146700646e-30
2.802507155874167903e-30
2.802507155874167903e-30
2.802507155874167903e-30
2.802507155874167903e-30
2.802507155858107621e-30
2.802507155542059816e-30
2.802507150810333127e-30
2.802507091845735440e-30
2.802506423597613286e-30
2.802500432532322938e-30
2.802455176333581401e-30
2.802155764378315737e-30
2.800554955798162577e-30
2.793543823655575499e-30
2.770624939931295364e-30
2.729983231471680574e-30
2.710968617333670151e-30
2.710382939676748051e-30
2.710382814535206809e-30
2.710382814535206809e-30
2.710382814535206809e-30
2.710382814535206809e-30
2.710382814203999057e-30
2.710382807686402253e-30
2.710382710107873865e-30
2.710381494129735754e-30
2.710367713473989020e-30
2.710244171306307390e-30
2.709311286821353939e-30
2.703154773215370649e-30
2.670686167733645010e-30
2.536820855195992673e-30
2.176367480415302625e-30
1.730255783592628036e-30
1.575807412895262146e-30
1.571455546179590129e-30
1.571454618685848142e-30
1.571454618685846741e-30
1.571454618685846741e-30
1.571454618685846741e-30
1.571454584529188265e-30
1.571454073151228974e-30
1.571447700622302333e-30
1.571375484092497275e-30
1.570728333878021827e-30
1.565856873759846912e-30
1.534369779127789084e-30
1.385331112659766391e-30
9.709825221147444982e-31
4.883508074625554707e-31
2.567643461742012298e-31
2.093042946150305038e-31
2.081108871446020092e-31
2.081106335490793734e-31
2.081106335490789793e-31
2.081106335490789793e-31
2.081106335490789793e-31
2.081106269180117697e-31
2.081105276407050176e-31
2.081092905005308129e-31
2.080952709661326254e-31
2.079696652359722365e-31
2.070257054851779505e-31
2.009894012504234592e-31
1.738669614862693849e-31
1.091549812629908906e-31
4.895251374166814590e-32
2.446654241913708217e-32
1.974425953694071360e-32
1.962673516847419861e-32
1.962671020119128085e-32
1.962671020119123980e-32
1.962671020119123980e-32
1.962671020119123980e-32
1.962670973578564693e-32
1.962670276794495495e-32
1.962661593833508618e-32
1.962563194835943185e-32
1.961681453757876210e-32
1.955046217143484117e-32
1.912248872728451462e-32
1.711769407395535683e-32
1.171974164254622678e-32
5.739427244353960156e-33
2.980074891065968421e-33
2.423055016925046745e-33
2.409085026612586842e-33
2.409082058221487792e-33
2.409082058221483003e-33
2.409082058221483003e-33
2.409082058221483003e-33
2.409082058221483003e-33
2.409081465362339114e-33
2.409074077448935391e-33
2.408990353078480036e-33
2.408239994523198306e-33
2.402586788352339369e-33
2.365839539925107721e-33
2.186887358556974091e-33
1.641431125772958782e-33
8.998344453174694981e-34
4.944631216305298330e-34
4.068293512788706377e-34
4.046046641619446820e-34
4.046041913115709821e-34
4.046041913115702979e-34
4.046041913115702979e-34
4.046041913115702979e-34
4.046041913115702979e-34
4.046041234710775352e-34
4.046032780759780254e-34
4.045936974242175548e-34
4.045078237745036174e-34
4.038603026571767858e-34
3.996275112321013195e-34
3.784086718925922532e-34
3.068345485181577169e-34
1.888234999573472529e-34
1.112101065451152664e-34
9.294312784702979580e-35
9.247189809604380275e-35
9.247179789749836274e-35
9.247179789749820237e-35
9.247179789749820237e-35
9.247179789749820237e-35
9.247179789749820237e-35
9.247178753315737179e-35
9.247165837770553607e-35
9.247019467868550973e-35
9.245707417161872419e-35
9.235808089264032348e-35
9.170837167837220600e-35
8.838198510169227925e-35
7.623415133590011588e-35
5.242495170772016162e-35
3.346157675467032939e-35
2.852745916658748597e-35
2.839754862017238210e-35
2.839752098269222055e-35
2.839752098269217778e-35
2.839752098269217778e-35
2.839752098269217778e-35
2.839752098269217778e-35
2.839749520784439645e-35
2.839720310366723853e-35
2.839458455536599113e-35
2.837481940649681989e-35
2.824472864453337783e-35
2.756850339418532449e-35
2.494477376632478885e-35
1.897707563743543562e-35
1.323263621043116348e-35
1.155951707499518473e-35
1.151435016398471516e-35
1.151434054882579442e-35
1.151434054882577705e-35
1.151434054882577705e-35
1.151434054882577705e-35
1.151434054882577705e-35
1.151433403877699297e-35
1.151426026063145838e-35
1.151359885583176163e-35
1.150860500061590471e-35
1.147567077828325021e-35
1.130262190727209980e-35
1.060036344840868089e-35
8.794790820132977160e-36
6.718308809198065628e-36
6.036790436615923826e-36
6.017851328464789596e-36
6.017847293578640813e-36
6.017847293578634131e-36
6.017847293578634131e-36
6.017847293578634131e-36
6.017847293578634131e-36
6.017824742210387700e-36
6.017622568809684596e-36
6.016095772209914297e-36
6.006012837032463096e-36
5.952636783612844594e-36
5.728959693988522130e-36
5.096211088282319573e-36
4.245375669044071881e-36
3.931521690692448164e-36
3.922525105279667666e-36
3.922523186967645619e-36
3.922523186967642278e-36
3.922523186967642278e-36
3.922523186967642278e-36
3.922523186967642278e-36
3.922515352208159945e-36
3.922445112230934754e-36
3.921914594621307221e-36
3.918407907220014024e-36
3.899752667822914355e-36
3.819856893775148346e-36
3.577665792430195624e-36
3.208526158106627231e-36
3.057674208016254326e-36
3.053220681893382151e-36
3.053219731490921113e-36
3.053219731490919777e-36
3.053219731490919777e-36
3.053219731490919777e-36
3.053219731490919777e-36
3.053216886164005241e-36
3.053191377044025551e-36
3.052998692712246692e-36
3.051724361974917030e-36
3.044924549785066769e-36
3.015406812842388381e-36
2.921816452086639417e-36
2.766034613842407851e-36
2.697271217075328160e-36
2.695192525916091275e-36
2.695192082009318592e-36
2.695192082009318258e-36
2.695192082009318258e-36
2.695192082009318258e-36
2.695192082009318258e-36
2.695183321807272114e-36
2.695117148321813469e-36
2.694679377029826025e-36
2.692339654697367314e-36
2.682108630338124341e-36
2.648848945291671499e-36
2.590556950544720270e-36
2.563581564175464669e-36
2.562753656601741091e-36
2.562753479721938502e-36
2.562753479721937834e-36
2.562753479721937834e-36
2.562753479721937834e-36
2.562753479721937834e-36
2.562750905724086161e-36
2.562731461688332141e-36
2.562602812872315820e-36
2.561914743529991762e-36
2.558896257836460090e-36
2.548972838921664946e-36
2.531161258139643507e-36
2.522732235439059797e-36
2.522471629587269288e-36
2.522471573897427523e-36
2.522471573897427523e-36
2.522471573897427523e-36
2.522471573897427523e-36
2.522471573897427523e-36
2.522470974588008769e-36
2.522466447361934696e-36
2.522436492265286092e-36
2.522276240501707369e-36
2.521572456221526554e-36
2.519249773922070994e-36
2.515046010209754739e-36
2.513040912977718641e-36
2.512978757589323994e-36
2.512978744306062583e-36
2.512978744306062583e-36
2.512978744306062583e-36
2.512978744306062583e-36
2.512978744306062583e-36
2.512978638300784022e-36
2.512977837528013442e-36
2.512972539030647524e-36
2.512944191727388851e-36
2.512819662623746830e-36
2.512408276250067470e-36
2.511662130271859465e-36
2.511305513350168555e-36
2.511294451218319966e-36
2.511294448854177393e-36
2.511294448854177393e-36
2.511294448854177393e-36
2.511294448854177393e-36
2.511294448854177393e-36
2.511294342881381943e-36
2.511293641686514554e-36
2.511289890205090847e-36
2.511273409156695422e-36
2.511218953345016680e-36
2.511120145430286658e-36
2.511072902667814177e-36
2.511071437027762038e-36
2.511071436714531722e-36
2.511071436714531722e-36
2.511071436714531722e-36
2.511071436714531722e-36
2.511071426247194313e-36
2.511071356987483227e-36
2.511070986438655284e-36
2.511069358527756271e-36
2.511063979533408217e-36
2.511054219024241447e-36
2.511049552013633122e-36
2.511049407223682433e-36
2.511049407192738166e-36
2.511049407192738166e-36
2.511049407192738166e-36
2.511049407192738166e-36
2.511049406419874506e-36
2.511049401306030020e-36
2.511049373946261704e-36
2.511049253748074994e-36
2.511048856584423028e-36
2.511048135903034855e-36
2.511047791305686148e-36
2.511047780614833779e-36
2.511047780612548899e-36
2.511047780612548899e-36
2.511047780612548899e-36
2.511047780612548899e-36
2.511047780329637423e-36
2.511047778816022703e-36
2.511047772166341798e-36
2.511047750194194937e-36
2.511047710324172864e-36
2.511047691260118291e-36
2.511047690668671209e-36
2.511047690668545255e-36
2.511047690668545255e-36
2.511047690668545255e-36
2.511047690668545255e-36
2.511047690656790102e-36
2.511047690593898278e-36
2.511047690317601226e-36
2.511047689404647277e-36
2.511047687748027284e-36
2.511047686955906355e-36
2.511047686931331285e-36
2.511047686931326274e-36
2.511047686931326274e-36
2.511047686931326274e-36
2.511047686931326274e-36
2.511047686930958435e-36
2.511047686928991280e-36
2.511047686920348227e-36
2.511047686891791741e-36
2.511047686839972513e-36
2.511047686815194981e-36
2.511047686814426562e-36
2.511047686814426227e-36
2.511047686814426227e-36
2.511047686814426227e-36
2.511047686814426227e-36
2.511047686814417875e-36
2.511047686814371102e-36
2.511047686814166969e-36
2.511047686813492764e-36
2.511047686812269974e-36
2.511047686811685307e-36
2.511047686811666932e-36
2.511047686811666932e-36
2.511047686811666932e-36
2.511047686811666932e-36
2.511047686811666932e-36
2.511047686811666264e-36
2.511047686811662255e-36
2.511047686811650561e-36
2.511047686811628845e-36
2.511047686811618154e-36
2.511047686811617820e-36
2.511047686811617820e-36
2.511047686811617820e-36
2.511047686811617820e-36
2.511047686811617820e-36
2.511047686811617820e-36
2.511047686811617820e-36
2.511047686811617820e-36
2.511047686811617152e-36
2.511047686811617152e-36
2.511047686811617152e-36
2.511047686811617152e-36
2.511047686811617152e-36
2.511047686811617152e-36
2.511047686811617152e-36
2.511047686811617152e-36
2.511047686811617152e-36
2.511047686811617152e-36
2.511047686811617152e-36
2.511047686811617152e-36
2.511047686811617152e-36
2.511047686811617152e-36
2.511047686811617152e-36
2.511047686811617152e-36
2.511047686811617152e-36
2.511047686811617152e-36
2.511047686811617152e-36
2.511047686811617152e-36
2.511047686811617152e-36
2.511047686811617152e-36
2.511047686811617152e-36
2.511047686811617152e-36
2.511047686811617152e-36
2.511047686811617152e-36
2.511047686811617152e-36
2.511047686811617152e-36
2.511047686811617152e-36
2.511047686811617152e-36
2.511047686811617152e-36
2.511047686811617152e-36
2.511047686811617152e-36
2.511047686811617152e-36
2.511047686811617152e-36
2.511047686811617152e-36
2.511047686811617152e-36
2.511047686811617152e-36
2.511047686811617152e-36
2.511047686811617152e-36
2.511047686811617152e-36
2.511047686811617152e-36
2.511047686811617152e-36
2.511047686811617152e-36
2.511047686811617152e-36
2.511047686811617152e-36
2.511047686811617152e-36
2.511047686811617152e-36
2.511047686811617152e-36
2.511047686811617152e-36
2.511047686811617152e-36
2.511047686811617152e-36
2.511047686811617152e-36
2.511047686811617152e-36
2.511047686811617152e-36
2.511047686811617152e-36
2.511047686811617152e-36
2.511047686811617152e-36
2.511047686811617152e-36
2.511047686811617152e-36
2.511047686811617152e-36
2.511047686811617152e-36
2.511047686811617152e-36
2.511047686811617152e-36
2.511047686811617152e-36
2.511047686811617152e-36
2.511047686811617152e-36
2.511047686811617152e-36
2.511047686811617152e-36
2.511047686811617152e-36
2.511047686811617152e-36
2.511047686811617152e-36
2.511047686811617152e-36
2.511047686811617152e-36
2.511047686811617152e-36
2.511047686811617152e-36
2.511047686811617152e-36
2.511047686811617152e-36
2.511047686811617152e-36
2.511047686811617152e-36
2.511047686811617152e-36
2.511047686811617152e-36
2.511047686811617152e-36
2.511047686811617152e-36
2.511047686811617152e-36
2.511047686811617152e-36
2.511047686811617152e-36
2.511047686811617152e-36
2.511047686811617152e-36
2.511047686811617152e-36
2.511047686811617152e-36
2.511047686811617152e-36
2.511047686811617152e-36
2.511047686811617152e-36
2.511047686811617152e-36
2.511047686811617152e-36
2.511047686811617152e-36
2.511047686811617152e-36
2.511047686811617152e-36
2.511047686811617152e-36
2.511047686811617152e-36
2.511047686811617152e-36
2.511047686811617152e-36
2.511047686811617152e-36
2.511047686811617152e-36
2.511047686811617152e-36
2.511047686811617152e-36
2.511047686811617152e-36
2.511047686811617152e-36
2.511047686811617152e-36
2.511047686811617152e-36
2.511047686811617152e-36
2.511047686811617152e-36
2.511047686811617152e-36
2.511047686811617152e-36
2.511047686811617152e-36
2.511047686811617152e-36
2.511047686811617152e-36
2.511047686811617152e-36
2.511047686811617152e-36
2.511047686811617152e-36
2.511047686811617152e-36
2.511047686811617152e-36
2.511047686811617152e-36
2.511047686811617152e-36
2.511047686811617152e-36
2.511047686811617152e-36
2.511047686811617152e-36
2.511047686811617152e-36
2.511047686811617152e-36
2.511047686811617152e-36
2.511047686811617152e-36
2.511047686811617152e-36
2.511047686811617152e-36
2.511047686811617152e-36
2.511047686811617152e-36
2.511047686811617152e-36
2.511047686811617152e-36
2.511047686811617152e-36
2.511047686811617152e-36
2.511047686811617152e-36
2.511047686811617152e-36
2.511047686811617152e-36
2.511047686811617152e-36
2.511047686811617152e-36
2.511047686811617152e-36
2.511047686811617152e-36
2.511047686811617152e-36
2.511047686811617152e-36
2.511047686811617152e-36
2.511047686811617152e-36
