1.000000000000219158e+00
1.000000000000219158e+00
1.000000000000219158e+00
1.000000000000219158e+00
1.000000000000216271e+00
1.000000000000216271e+00
1.000000000000216271e+00
1.000000000000216271e+00
1.000000000000216271e+00
1.000000000000028866e+00
1.000000000000028866e+00
1.000000000000028866e+00
1.000000000000028866e+00
1.000000000000028866e+00
1.000000000000028866e+00
1.000000000000028866e+00
1.000000000000028866e+00
1.000000000000028866e+00
1.000000000000028866e+00
1.000000000000028866e+00
1.000000000000028866e+00
1.000000000000028866e+00
1.000000000000028866e+00
1.000000000000028866e+00
1.000000000000028866e+00
1.000000000000028866e+00
1.000000000000028866e+00
1.000000000000028866e+00
1.000000000000028866e+00
1.000000000000028866e+00
1.000000000000024203e+00
1.000000000000024203e+00
1.000000000000024203e+00
1.000000000000024203e+00
1.000000000000024203e+00
1.000000000000024203e+00
1.000000000000024203e+00
1.000000000000024203e+00
1.000000000000024203e+00
1.000000000000024203e+00
1.000000000000024203e+00
1.000000000000024203e+00
1.000000000000024203e+00
1.000000000000024203e+00
1.000000000000024203e+00
1.000000000000024203e+00
1.000000000000024203e+00
1.000000000000024203e+00
1.000000000000024203e+00
1.000000000000024203e+00
1.000000000000024203e+00
1.000000000000024203e+00
1.000000000000024203e+00
1.000000000000024203e+00
1.000000000000024203e+00
1.000000000000024203e+00
1.000000000000024203e+00
1.000000000000024203e+00
1.000000000000024203e+00
1.000000000000024203e+00
1.000000000000024203e+00
1.000000000000024203e+00
1.000000000000023981e+00
1.000000000000023981e+00
1.000000000000023981e+00
1.000000000000023981e+00
1.000000000000024203e+00
1.000000000000024203e+00
1.000000000000023981e+00
1.000000000000023981e+00
1.000000000000023981e+00
1.000000000000023981e+00
1.000000000000023981e+00
1.000000000000023981e+00
1.000000000000023981e+00
1.000000000000023981e+00
1.000000000000023981e+00
1.000000000000023981e+00
1.000000000000023981e+00
1.000000000000023981e+00
1.000000000000023981e+00
1.000000000000023981e+00
1.000000000000023981e+00
1.000000000000023981e+00
1.000000000000023981e+00
1.000000000000023981e+00
1.000000000000023981e+00
1.000000000000023981e+00
1.000000000000023981e+00
1.000000000000023981e+00
1.000000000000023981e+00
1.000000000000023981e+00
1.000000000000023981e+00
1.000000000000023981e+00
1.000000000000023981e+00
1.000000000000023981e+00
1.000000000000023981e+00
1.000000000000023981e+00
1.000000000000023981e+00
1.000000000000023981e+00
1.000000000000023981e+00
1.000000000000023981e+00
1.000000000000023981e+00
1.000000000000023981e+00
1.000000000000023981e+00
1.000000000000023981e+00
1.000000000000023981e+00
1.000000000000023981e+00
1.000000000000023981e+00
1.000000000000023981e+00
1.000000000000023981e+00
1.000000000000023981e+00
1.000000000000023981e+00
1.000000000000023981e+00
1.000000000000023981e+00
1.000000000000023981e+00
1.000000000000023981e+00
1.000000000000023981e+00
1.000000000000023981e+00
1.000000000000023981e+00
1.000000000000023981e+00
1.000000000000023981e+00
1.000000000000023981e+00
1.000000000000023981e+00
1.000000000000023981e+00
1.000000000000023981e+00
1.000000000000023981e+00
1.000000000000023981e+00
1.000000000000023981e+00
1.000000000000023981e+00
1.000000000000023981e+00
1.000000000000023981e+00
1.000000000000023981e+00
1.000000000000023981e+00
1.000000000000023981e+00
1.000000000000023981e+00
1.000000000000023981e+00
1.000000000000023981e+00
1.000000000000023981e+00
1.000000000000023981e+00
1.000000000000023981e+00
1.000000000000023981e+00
1.000000000000023981e+00
1.000000000000023981e+00
1.000000000000023981e+00
1.000000000000023981e+00
1.000000000000023981e+00
1.000000000000023981e+00
1.000000000000023981e+00
1.000000000000023981e+00
1.000000000000023981e+00
1.000000000000023981e+00
1.000000000000023981e+00
1.000000000000023981e+00
1.000000000000023981e+00
1.000000000000023981e+00
1.000000000000023981e+00
1.000000000000023981e+00
1.000000000000023981e+00
1.000000000000023981e+00
1.000000000000023981e+00
1.000000000000023981e+00
1.000000000000023981e+00
1.000000000000023981e+00
1.000000000000023981e+00
1.000000000000023981e+00
1.000000000000023981e+00
1.000000000000023981e+00
1.000000000000023981e+00
1.000000000000023981e+00
1.000000000000023981e+00
1.000000000000023981e+00
1.000000000000023981e+00
1.000000000000023981e+00
1.000000000000023981e+00
1.000000000000023981e+00
1.000000000000023981e+00
1.000000000000023981e+00
1.000000000000023981e+00
1.000000000000023981e+00
1.000000000000023981e+00
1.000000000000023981e+00
1.000000000000023981e+00
1.000000000000023981e+00
1.000000000000023981e+00
1.000000000000023981e+00
1.000000000000023981e+00
1.000000000000023981e+00
1.000000000000023981e+00
1.000000000000023981e+00
1.000000000000023981e+00
1.000000000000023981e+00
1.000000000000023981e+00
1.000000000000023981e+00
1.000000000000023981e+00
1.000000000000023981e+00
1.000000000000023981e+00
1.000000000000023981e+00
1.000000000000023981e+00
1.000000000000023981e+00
1.000000000000023981e+00
1.000000000000023981e+00
1.000000000000023981e+00
1.000000000000023981e+00
1.000000000000023981e+00
1.000000000000023981e+00
1.000000000000023981e+00
1.000000000000023981e+00
1.000000000000023981e+00
1.000000000000023981e+00
1.000000000000023981e+00
1.000000000000023981e+00
1.000000000000023981e+00
1.000000000000023981e+00
1.000000000000023981e+00
1.000000000000023981e+00
1.000000000000023981e+00
1.000000000000023981e+00
1.000000000000023981e+00
1.000000000000023981e+00
1.000000000000023981e+00
1.000000000000023981e+00
1.000000000000023981e+00
1.000000000000023981e+00
1.000000000000023981e+00
1.000000000000023981e+00
1.000000000000023981e+00
1.000000000000023981e+00
1.000000000000023981e+00
1.000000000000023981e+00
1.000000000000023981e+00
1.000000000000024203e+00
1.000000000000024203e+00
1.000000000000024203e+00
1.000000000000024203e+00
1.000000000000024203e+00
1.000000000000024203e+00
1.000000000000023981e+00
1.000000000000019318e+00
1.000000000000019540e+00
1.000000000000019540e+00
1.000000000000019540e+00
1.000000000000019540e+00
1.000000000000019540e+00
1.000000000000019540e+00
1.000000000000019540e+00
1.000000000000019540e+00
1.000000000000019540e+00
1.000000000000019540e+00
1.000000000000019540e+00
1.000000000000019540e+00
1.000000000000019540e+00
1.000000000000019540e+00
1.000000000000019540e+00
1.000000000000019540e+00
1.000000000000019540e+00
1.000000000000019540e+00
1.000000000000018430e+00
1.000000000000018652e+00
1.000000000000018652e+00
1.000000000000018652e+00
1.000000000000018652e+00
1.000000000000018652e+00
1.000000000000018652e+00
1.000000000000018652e+00
1.000000000000018652e+00
1.000000000000018652e+00
1.000000000000018652e+00
1.000000000000018652e+00
1.000000000000018652e+00
1.000000000000018652e+00
1.000000000000018652e+00
1.000000000000018652e+00
1.000000000000018652e+00
1.000000000000018652e+00
1.000000000000018652e+00
1.000000000000018652e+00
1.000000000000018652e+00
1.000000000000018652e+00
1.000000000000018652e+00
1.000000000000018652e+00
1.000000000000018430e+00
1.000000000000018430e+00
1.000000000000018430e+00
1.000000000000018430e+00
1.000000000000018430e+00
1.000000000000018430e+00
1.000000000000018430e+00
1.000000000000018430e+00
1.000000000000018430e+00
1.000000000000018430e+00
1.000000000000018430e+00
1.000000000000018430e+00
1.000000000000018430e+00
1.000000000000018430e+00
1.000000000000018430e+00
1.000000000000018430e+00
1.000000000000018652e+00
1.000000000000018430e+00
1.000000000000018430e+00
1.000000000000018430e+00
1.000000000000018430e+00
1.000000000000018430e+00
1.000000000000018430e+00
1.000000000000018430e+00
1.000000000000018430e+00
1.000000000000018430e+00
1.000000000000018430e+00
1.000000000000018430e+00
1.000000000000018652e+00
1.000000000000018430e+00
1.000000000000018430e+00
1.000000000000018430e+00
1.000000000000018430e+00
1.000000000000018430e+00
1.000000000000018430e+00
1.000000000000018652e+00
1.000000000000018652e+00
1.000000000000018652e+00
1.000000000000018652e+00
1.000000000000018652e+00
1.000000000000018652e+00
1.000000000000018652e+00
1.000000000000018652e+00
1.000000000000018430e+00
1.000000000000018652e+00
1.000000000000018652e+00
1.000000000000018652e+00
1.000000000000018652e+00
1.000000000000018652e+00
1.000000000000018652e+00
1.000000000000018430e+00
1.000000000000018430e+00
1.000000000000018430e+00
1.000000000000018430e+00
1.000000000000018652e+00
1.000000000000018652e+00
1.000000000000018652e+00
1.000000000000018652e+00
1.000000000000018652e+00
1.000000000000018652e+00
1.000000000000018652e+00
1.000000000000018430e+00
1.000000000000018430e+00
1.000000000000018652e+00
1.000000000000018652e+00
1.000000000000018652e+00
1.000000000000018652e+00
1.000000000000018430e+00
1.000000000000018430e+00
1.000000000000018430e+00
1.000000000000018430e+00
1.000000000000018430e+00
1.000000000000018430e+00
1.000000000000018208e+00
1.000000000000018430e+00
1.000000000000018430e+00
1.000000000000018208e+00
1.000000000000018208e+00
1.000000000000018208e+00
1.000000000000018208e+00
1.000000000000018208e+00
1.000000000000018208e+00
1.000000000000018208e+00
1.000000000000018208e+00
1.000000000000018208e+00
1.000000000000018208e+00
1.000000000000018208e+00
1.000000000000018208e+00
1.000000000000018208e+00
1.000000000000018208e+00
1.000000000000018208e+00
1.000000000000018208e+00
1.000000000000018208e+00
1.000000000000018208e+00
1.000000000000018208e+00
1.000000000000018208e+00
1.000000000000018430e+00
1.000000000000018430e+00
1.000000000000017764e+00
1.000000000000017764e+00
1.000000000000017764e+00
1.000000000000017764e+00
1.000000000000017542e+00
1.000000000000017542e+00
1.000000000000017542e+00
1.000000000000017542e+00
1.000000000000017542e+00
1.000000000000017542e+00
1.000000000000017542e+00
1.000000000000017542e+00
1.000000000000017542e+00
1.000000000000017542e+00
1.000000000000017542e+00
1.000000000000017542e+00
1.000000000000017542e+00
1.000000000000017542e+00
1.000000000000017542e+00
1.000000000000017764e+00
1.000000000000017764e+00
1.000000000000017764e+00
1.000000000000017764e+00
1.000000000000017764e+00
1.000000000000017542e+00
1.000000000000017542e+00
1.000000000000017542e+00
1.000000000000017542e+00
1.000000000000017542e+00
1.000000000000017542e+00
1.000000000000017542e+00
1.000000000000017542e+00
1.000000000000017542e+00
1.000000000000017542e+00
1.000000000000017542e+00
1.000000000000017542e+00
1.000000000000017542e+00
1.000000000000017542e+00
1.000000000000017542e+00
1.000000000000017542e+00
1.000000000000017542e+00
1.000000000000017542e+00
1.000000000000017542e+00
1.000000000000017542e+00
1.000000000000017542e+00
1.000000000000017542e+00
1.000000000000017542e+00
1.000000000000017542e+00
1.000000000000017542e+00
1.000000000000017542e+00
1.000000000000017542e+00
1.000000000000017542e+00
1.000000000000017542e+00
1.000000000000017542e+00
1.000000000000017542e+00
1.000000000000017542e+00
1.000000000000017542e+00
1.000000000000017542e+00
1.000000000000017542e+00
1.000000000000017542e+00
1.000000000000017542e+00
1.000000000000017542e+00
1.000000000000017542e+00
1.000000000000017542e+00
1.000000000000017542e+00
1.000000000000017542e+00
1.000000000000017542e+00
1.000000000000017542e+00
1.000000000000017542e+00
1.000000000000017542e+00
1.000000000000017542e+00
1.000000000000017542e+00
1.000000000000017542e+00
1.000000000000017542e+00
1.000000000000017542e+00
1.000000000000017542e+00
1.000000000000017542e+00
1.000000000000017542e+00
1.000000000000017542e+00
1.000000000000017542e+00
1.000000000000017542e+00
1.000000000000017542e+00
1.000000000000017542e+00
1.000000000000017542e+00
1.000000000000017542e+00
1.000000000000017542e+00
1.000000000000017542e+00
1.000000000000017542e+00
1.000000000000017542e+00
1.000000000000017542e+00
1.000000000000017542e+00
1.000000000000017542e+00
1.000000000000017542e+00
1.000000000000017542e+00
1.000000000000017542e+00
1.000000000000017542e+00
1.000000000000017542e+00
1.000000000000017542e+00
1.000000000000017542e+00
1.000000000000017542e+00
1.000000000000017542e+00
1.000000000000017542e+00
1.000000000000017542e+00
1.000000000000017542e+00
1.000000000000017542e+00
1.000000000000017542e+00
1.000000000000017542e+00
1.000000000000017542e+00
1.000000000000017542e+00
1.000000000000017542e+00
1.000000000000017542e+00
1.000000000000017542e+00
1.000000000000017542e+00
1.000000000000017542e+00
1.000000000000017542e+00
1.000000000000017542e+00
1.000000000000017542e+00
1.000000000000017542e+00
1.000000000000017542e+00
1.000000000000017542e+00
1.000000000000017542e+00
1.000000000000017542e+00
1.000000000000017542e+00
1.000000000000017542e+00
1.000000000000017542e+00
1.000000000000017542e+00
1.000000000000017542e+00
1.000000000000017542e+00
1.000000000000017542e+00
1.000000000000017542e+00
1.000000000000017542e+00
1.000000000000017542e+00
1.000000000000017542e+00
1.000000000000017542e+00
1.000000000000017542e+00
1.000000000000017542e+00
1.000000000000017542e+00
1.000000000000017542e+00
1.000000000000017542e+00
1.000000000000017542e+00
1.000000000000017542e+00
1.000000000000017542e+00
1.000000000000017542e+00
1.000000000000017542e+00
1.000000000000017542e+00
1.000000000000017542e+00
1.000000000000017542e+00
1.000000000000017542e+00
1.000000000000017542e+00
1.000000000000015765e+00
1.000000000000009326e+00
1.000000000000009326e+00
1.000000000000009326e+00
9.999999999998553379e-01
9.999999999998553379e-01
9.999999999998553379e-01
9.999999999998553379e-01
9.999999999991053823e-01
9.999999999991053823e-01
9.999999999991053823e-01
9.999999999991052713e-01
9.999999999991052713e-01
9.999999999991052713e-01
9.999999999991052713e-01
9.999999999970053954e-01
9.999999999970053954e-01
9.999999999970053954e-01
9.999999999955253571e-01
9.999999999153135199e-01
9.999999999153128538e-01
9.999999999153128538e-01
9.999999999153128538e-01
9.999999999153128538e-01
9.999999995459292190e-01
9.999999995459292190e-01
9.999999995459292190e-01
9.999999995458610513e-01
9.999999995458610513e-01
9.999999995458610513e-01
9.999999995458610513e-01
9.999999984710358225e-01
9.999999984710358225e-01
9.999999984710358225e-01
9.999999984710358225e-01
9.999999854432700674e-01
9.999999853865122468e-01
9.999999853865112476e-01
9.999999851581073962e-01
9.999999077640896461e-01
9.999999077640896461e-01
9.999999077640896461e-01
9.999999077640818745e-01
9.999999077640818745e-01
9.999996967407499548e-01
9.999996967407499548e-01
9.999996967407499548e-01
9.999996967407499548e-01
9.999996967407499548e-01
9.999996967396198588e-01
9.999996967396198588e-01
9.999996967396198588e-01
9.999996134336583964e-01
9.999990842104156119e-01
9.999990842104156119e-01
9.999990842104156119e-01
9.999990827802026638e-01
9.999923802045367349e-01
9.999923802045367349e-01
9.999761533479981646e-01
9.999761533479719633e-01
9.999761533479719633e-01
9.999761530721091862e-01
9.999761530721088532e-01
9.999761530721088532e-01
9.999761530721088532e-01
9.999679308709237269e-01
9.999679308709237269e-01
9.999679308709236158e-01
9.999622207460586720e-01
9.997583833263001818e-01
9.997583804109880790e-01
9.997583804109880790e-01
9.997583804109880790e-01
9.997583804109880790e-01
9.992209193959947777e-01
9.992209193959947777e-01
9.992209193959180613e-01
9.992208934658526331e-01
9.992208934658526331e-01
9.992208934658526331e-01
9.992208934657780262e-01
9.988950833077493430e-01
9.988950833077493430e-01
9.988950833077493430e-01
9.988950833077493430e-01
9.970413151821910791e-01
9.970301858088493896e-01
9.970301857044245875e-01
9.970178820176525125e-01
9.887693413994235181e-01
9.887693413994235181e-01
9.887693413994235181e-01
9.887693405692412618e-01
9.887693405692412618e-01
9.834754440428215005e-01
9.834754440428215005e-01
9.834754440427971867e-01
9.834754440427971867e-01
9.834754440427971867e-01
9.834754329847192889e-01
9.834754329847192889e-01
9.834754329847155141e-01
9.830216338722991276e-01
9.784145353387611044e-01
9.784145353387611044e-01
9.784145353387611044e-01
9.251013716317598723e-01
9.250998131398204816e-01
9.250998131398204816e-01
9.250998131398204816e-01
8.882556441780455891e-01
8.882556440027957745e-01
8.882556440027957745e-01
8.882553353170201671e-01
8.882553353167539356e-01
8.882553353167539356e-01
8.882553353167539356e-01
8.836831115076240195e-01
8.836831115076240195e-01
8.836831115076217991e-01
8.803516298467536361e-01
7.534774941797585113e-01
7.534763201772259889e-01
7.534763201772259889e-01
7.534763201772259889e-01
7.534763201772259889e-01
6.318522622690643242e-01
6.318522622690643242e-01
6.318522622612462447e-01
6.318486511364026503e-01
6.318486511364026503e-01
6.318486511364026503e-01
6.318486511364026503e-01
6.318486511163032837e-01
6.130855926927147870e-01
6.130855926927147870e-01
6.130855926927147870e-01
6.130855926927147870e-01
5.134797133689444903e-01
5.131021527770102120e-01
5.131021512012885477e-01
5.128649225006253198e-01
3.153193532143608313e-01
3.153193532143608313e-01
3.153193532143608313e-01
3.153193308537778350e-01
3.153193308537778350e-01
2.808511575433016438e-01
2.808511575433016438e-01
2.808511575429098461e-01
2.808511575429098461e-01
2.808511575429098461e-01
2.808511280983753688e-01
2.808511280983753688e-01
2.808511280983691516e-01
2.794127866209654698e-01
2.556190170974422249e-01
2.556190170974422249e-01
2.556190170974422249e-01
2.556190170974422249e-01
1.168228680417390530e-01
1.168179752021403922e-01
1.168179752021403922e-01
1.168179752021403922e-01
8.355877195121598489e-02
8.355877155587834726e-02
8.355877155587834726e-02
8.355863609769732803e-02
8.355863609761565725e-02
8.355863609761565725e-02
8.355863609761565725e-02
8.145400835194435696e-02
8.145400835194435696e-02
8.145400835194181732e-02
7.948710701485081631e-02
3.837489831570351645e-02
3.837458141836752601e-02
3.837458141836752601e-02
3.837458141836752601e-02
3.837458141836752601e-02
1.892205819209876252e-02
1.892205819209876252e-02
1.892205819144128151e-02
1.892168499510040250e-02
1.892168499510040250e-02
1.892168499510040250e-02
1.892168499510040250e-02
1.892168499094447343e-02
1.723166808782139112e-02
1.723166808782139112e-02
1.723166808782139112e-02
1.723166808782139112e-02
1.142812535495087677e-02
1.139641358761575400e-02
1.139641355419195208e-02
1.139018222810604317e-02
4.116099959298202306e-03
4.116099959298202306e-03
4.116099959298201438e-03
4.116098753953919588e-03
4.116098753953919588e-03
3.187553000784560438e-03
3.187553000784560438e-03
3.187553000784560438e-03
3.187553000769298775e-03
3.187553000769298775e-03
3.187553000769298775e-03
3.187552748238599298e-03
3.187552748238599298e-03
3.187552748238539017e-03
3.172206113067138015e-03
2.747740208303957668e-03
2.747740208303957668e-03
2.747740208303957668e-03
2.747740208303957668e-03
2.746550111266465172e-03
9.869305196534008343e-04
9.869305196534008343e-04
9.869305196534008343e-04
5.769483216286977207e-04
5.769483157128671783e-04
5.769483157128671783e-04
5.769477039992300773e-04
5.769477039987971553e-04
5.769477039987971553e-04
5.769477039987971553e-04
5.650499632339910268e-04
5.650499632339910268e-04
5.650499632339476587e-04
5.466689676225436594e-04
2.612774161622026525e-04
2.612723345921413756e-04
2.612723345921413756e-04
2.612723345921413756e-04
2.612723345921413756e-04
1.079490380389943238e-04
1.079490380389943238e-04
1.079490380364506500e-04
1.079478378918925351e-04
1.079478378918925351e-04
1.079478378918925351e-04
1.079478378918925351e-04
1.079478378551929828e-04
1.007713945141856847e-04
1.007713945141856847e-04
1.007713945141856847e-04
1.007713945141856847e-04
1.007713945141856847e-04
6.916937619999921367e-05
6.891589768359783887e-05
6.891589755096413450e-05
6.889517815650480429e-05
2.221310607461009643e-05
2.221310607461008966e-05
2.221310607461008966e-05
2.221309351641486971e-05
2.221309351641486971e-05
1.853454738564613071e-05
1.853454738564613071e-05
1.853454738564613071e-05
1.853454738550902657e-05
1.853454738550902657e-05
1.853454738550902657e-05
1.853454645153268060e-05
1.853454645153268060e-05
1.853454645153253152e-05
1.848674443452108577e-05
1.621884831306734406e-05
1.621884831306734406e-05
1.621884831306734406e-05
1.621884831306734406e-05
1.620974847888104035e-05
5.301759386970111551e-06
5.301759386970111551e-06
5.301759386970111551e-06
3.583486732482316461e-06
3.583486651918365447e-06
3.583486651918365447e-06
3.583484070684260847e-06
3.583484070683046625e-06
3.583484070683046625e-06
3.583484070683046625e-06
3.540880672112342015e-06
3.540880672112342015e-06
3.540880672111890123e-06
3.428584348376726436e-06
1.465787416947264363e-06
1.465752274827465106e-06
1.465752274827465106e-06
1.465752274827465106e-06
1.465752274827465106e-06
7.327415170986039848e-07
7.327415170986039848e-07
7.327415170900847392e-07
7.327354701782477215e-07
7.327354701782477215e-07
7.327354701782477215e-07
7.327354701782477215e-07
7.327354695817914722e-07
7.015377879044885023e-07
7.015377879044885023e-07
7.015377879044885023e-07
7.015377879044885023e-07
7.015377879044885023e-07
4.325912163947214843e-07
4.310498521606980627e-07
4.310498517835317084e-07
4.309612056945271725e-07
1.626030958054445998e-07
1.626030958054445468e-07
1.626030958054445468e-07
1.626029479426894201e-07
1.626029479426894201e-07
1.434327624214334557e-07
1.434327624214334557e-07
1.434327624214334557e-07
1.434327624214334557e-07
1.434327624185371589e-07
1.434327624185371589e-07
1.434327624185371589e-07
1.434327583528721328e-07
1.434327583528716828e-07
1.431195910179596122e-07
1.181244698464994754e-07
1.181244698464994754e-07
1.181244698464994754e-07
1.181244698464994754e-07
1.180494401515935346e-07
4.097397988163435242e-08
4.097397988163435242e-08
4.097397988163435242e-08
3.055686346499021726e-08
3.055686217781038310e-08
3.055686217781038310e-08
3.055684853523406915e-08
3.055684853522921856e-08
3.055684853522921856e-08
3.055684853522921856e-08
3.021782917733775077e-08
3.021782917733775077e-08
3.021782917732613716e-08
2.865238690441420631e-08
1.191416052773144168e-08
1.191379961490747612e-08
1.191379961490747612e-08
1.191379961490747612e-08
1.191379961490747612e-08
6.815594278001000253e-09
6.815594278001000253e-09
6.815594277960527960e-09
6.815556249949802161e-09
6.815556249949802161e-09
6.815556249949802161e-09
6.815556249949802161e-09
6.815556238610683766e-09
6.520612660101144901e-09
6.520612660101144901e-09
6.520612660101144901e-09
6.520612660101144901e-09
6.520612660101144901e-09
3.779028960668411821e-09
3.779028960668411821e-09
3.756094402494943155e-09
3.756094400922407463e-09
3.756094400922395883e-09
3.755605103113659727e-09
1.616636589422479062e-09
1.616636589422479062e-09
1.616634317372119409e-09
1.616634317372119409e-09
1.411529241053364166e-09
1.411529241053364166e-09
1.411529241053364166e-09
1.411529241053364166e-09
1.411529240991730732e-09
1.411529240991730732e-09
1.411529240991730732e-09
1.411529219371312568e-09
1.411529219371309466e-09
1.409323285600209389e-09
1.117100113313093141e-09
1.117100113313093141e-09
1.117100113313093141e-09
1.117100113313093141e-09
1.115789190259555670e-09
4.233448886034702229e-10
4.233448886034702229e-10
4.233448886034702229e-10
3.056271238153893424e-10
3.056271037984511793e-10
3.056271037984511793e-10
3.056271037984511793e-10
3.056270288587152439e-10
3.056270288586853103e-10
3.056270288586853103e-10
3.056270288586853103e-10
3.031543303945877833e-10
3.031543303945877833e-10
3.031543303943309437e-10
2.836363745877333348e-10
1.244338456863123682e-10
1.244261506204172195e-10
1.244261506204172195e-10
1.244261506204172195e-10
6.710214220171043697e-11
6.710214220171043697e-11
6.710214220171043697e-11
6.710214220146826692e-11
6.710214220146826692e-11
6.710193979728238354e-11
6.710193979728238354e-11
6.710193979728238354e-11
6.710193962642295474e-11
6.499793439504329306e-11
6.499793439504329306e-11
6.499793439504329306e-11
6.499793439504329306e-11
6.499793439504329306e-11
3.903151094163963516e-11
3.872490888272926025e-11
3.872490888272926025e-11
3.872490887241136472e-11
3.872490887241109330e-11
1.554057219368424615e-11
1.554011222584643011e-11
1.554011222584643011e-11
1.554007118895176329e-11
1.554007118895176329e-11
1.410772596295986617e-11
1.410772596295986617e-11
1.410772596295986617e-11
1.410772596295986617e-11
1.410772596200280043e-11
1.410772596200280043e-11
1.410772596200280043e-11
1.410772582868705592e-11
1.410772582868704138e-11
1.409561754616511017e-11
1.409561754616511017e-11
1.136109983019292117e-11
1.136109983019292117e-11
1.136109983019292117e-11
1.134408262043113752e-11
4.024927112572876556e-12
4.024927112572876556e-12
4.024927112572876556e-12
3.178793299095724292e-12
3.178792875831087175e-12
3.178792875831087175e-12
3.178792875831087175e-12
3.178792375409530928e-12
3.178792375409393603e-12
3.178792375409393603e-12
3.178792375409393603e-12
3.164053273176545675e-12
3.164053273176545675e-12
3.164053273172196111e-12
2.967954877871555959e-12
1.204542090983523150e-12
1.204451565862286308e-12
1.204451565862286308e-12
1.204451565862286308e-12
7.522689074308569297e-13
7.522689074308569297e-13
7.522689074308569297e-13
7.522689074308569297e-13
7.522689074295616328e-13
7.522673371519817936e-13
7.522673371519817936e-13
7.522673329545196104e-13
7.522673329545196104e-13
7.375700478317198867e-13
7.375700478317198867e-13
7.375700478317198867e-13
7.375700478317198867e-13
7.375700478317198867e-13
4.040336544521693224e-13
4.010101781672120875e-13
4.010101781672120875e-13
4.010101781201259519e-13
4.010101781201214586e-13
4.010101781201214586e-13
1.888940045154358357e-13
1.888898096687285659e-13
1.888898096687285659e-13
1.888890485046534664e-13
1.888890485046534664e-13
1.769016276786049590e-13
1.769016276786049590e-13
1.769016276786049590e-13
1.769016276786049590e-13
1.769016276491902669e-13
1.769016276491902669e-13
1.769016276491902669e-13
1.769016267571117969e-13
1.769016267571117464e-13
1.769016267571117464e-13
1.767840830193523440e-13
1.329104388979375942e-13
1.329104388979375942e-13
1.329104388979375942e-13
1.326962087771594410e-13
5.211616576363980949e-14
5.211616576363980949e-14
5.211616576363980949e-14
4.382264006871641846e-14
4.382264006871641846e-14
4.382262996967667541e-14
4.382262996967667541e-14
4.382262592223656922e-14
4.382262592223569201e-14
4.382262592223569201e-14
4.382262592223569201e-14
4.364959378657591558e-14
4.364959378657591558e-14
4.364959378641412968e-14
3.969324171525195602e-14
1.638076512825411022e-14
1.637922502564278144e-14
1.637922502564278144e-14
1.637922502564278144e-14
1.130503950192648321e-14
1.130503950192648321e-14
1.130503950192648321e-14
1.130503950192648321e-14
1.130503950191675182e-14
1.130503950191675182e-14
1.130502440992077237e-14
1.130502429091143654e-14
1.130502429091143654e-14
1.130502429091143654e-14
1.130502429091143654e-14
1.109984517789807931e-14
1.109984517789807931e-14
1.109984517789807931e-14
1.109984517789807931e-14
5.832721439264012084e-15
5.764115340299548950e-15
5.764115340299548950e-15
5.764115339975882476e-15
5.764115339975701827e-15
5.764115339975701827e-15
3.055773444541123678e-15
3.055726725164745174e-15
3.055726725164745174e-15
3.055708399753673844e-15
3.055708399753673844e-15
2.862040388552288568e-15
2.862040388552288568e-15
2.862040388552288568e-15
2.862040388552288568e-15
2.862040387585685863e-15
2.862040387585685863e-15
2.862040387585685863e-15
2.862040379817106336e-15
2.862040379817105547e-15
2.862040379817105547e-15
2.860730747961361856e-15
2.060634337734621558e-15
2.060634337734621558e-15
2.060634337734621558e-15
2.055009591813459790e-15
8.877696637884253050e-16
8.877696637884253050e-16
8.877696637884253050e-16
8.877696637884253050e-16
8.877692825050667140e-16
7.404252313720762784e-16
7.404252313720760812e-16
7.404251929308961999e-16
7.404251929308876211e-16
7.404251929308876211e-16
7.404251929308876211e-16
7.383207052934094240e-16
7.383207052934094240e-16
7.383207052875982801e-16
7.383207052875982801e-16
6.577186177918878226e-16
2.866034635521322678e-16
2.865519131485930475e-16
2.865519131485930475e-16
2.865519131485930475e-16
1.930011695309577190e-16
1.930011695309577190e-16
1.930011695309577190e-16
1.930011695309577190e-16
1.930011695309577190e-16
1.930011695308588402e-16
1.930010231873845439e-16
1.930010199964229291e-16
1.930010199964229291e-16
1.930010199964229291e-16
1.930010199964229291e-16
1.904433638629813541e-16
1.904433638629813541e-16
1.904433638629813541e-16
1.904433638629813541e-16
1.029007830317137222e-16
1.013538177446730250e-16
1.013538177446730250e-16
1.013538177446730250e-16
1.013538177411841151e-16
1.013538177411770893e-16
5.165854738750576067e-17
5.165810317300208785e-17
5.165753047640986891e-17
5.165753047640986891e-17
5.165753047640986891e-17
4.925944130100476351e-17
4.925944130100476351e-17
4.925944130100476351e-17
4.925944130100476351e-17
4.925944127466332354e-17
4.925944127466332354e-17
4.925944127466332354e-17
4.925944119443178144e-17
4.925944119443178144e-17
4.925944119443178144e-17
3.603164634901007042e-17
3.602473866994367880e-17
3.602473866994367880e-17
3.589987249203688660e-17
3.589987249203688660e-17
1.484801607937545060e-17
1.484801607937545060e-17
1.484801607937545060e-17
1.484801607937545060e-17
1.484800441640564708e-17
1.300583491639214288e-17
1.300583491639213825e-17
1.300583450288138829e-17
1.300583450288132358e-17
1.300583450288132358e-17
1.300583450288132358e-17
1.298420609831569069e-17
1.298420609815035345e-17
1.298420609815035345e-17
1.298420609815035345e-17
1.161026504876631256e-17
4.815634463537282914e-18
4.815634463537282914e-18
4.814576618900850874e-18
4.814576618900850874e-18
4.814576618900850874e-18
3.575388349078534818e-18
3.575388349078534818e-18
3.575388349078534818e-18
3.575388349078534818e-18
3.575388349077681245e-18
3.575386598118314379e-18
3.575386478368855336e-18
3.575386478368855336e-18
3.575386478368855336e-18
3.575386478368855336e-18
3.546034768460019093e-18
3.546034768460019093e-18
3.546034768460019093e-18
3.546034768460019093e-18
1.792896614308606882e-18
1.767092686893191115e-18
1.767092686893191115e-18
1.767092686892995055e-18
1.767092686892995055e-18
1.767092686866324778e-18
1.031108550777365368e-18
1.031102380647608565e-18
1.031085795778580045e-18
1.031085795778580045e-18
1.031085795778580045e-18
9.987960559245681084e-19
9.987960559245681084e-19
9.987960559245681084e-19
9.987960559245681084e-19
9.987960559245681084e-19
9.987960547403288078e-19
9.987960547403288078e-19
9.987960547403288078e-19
9.987960539108342474e-19
9.987960539108342474e-19
9.987960539108342474e-19
9.987960539108342474e-19
6.843470796571772735e-19
6.842601994326159616e-19
6.817869353768500403e-19
3.177149080401555383e-19
3.177149080401555383e-19
3.177149080401555383e-19
3.177149080401555383e-19
3.177149080401555383e-19
3.177145198806372825e-19
3.177145198806369454e-19
2.886123145865895829e-19
2.886123094658375392e-19
2.886123094658368651e-19
2.886123094658368651e-19
2.886123094658368651e-19
2.882408450104696580e-19
2.882408450015597283e-19
2.882408450015597283e-19
2.882408450015597283e-19
2.480212206521571727e-19
1.086517363524343102e-19
1.086517363524343102e-19
1.086221688343333331e-19
1.086221688343333331e-19
1.086221688343333331e-19
8.619775447070391134e-20
8.619775447070391134e-20
8.619775447070391134e-20
8.619775447070391134e-20
8.619775447069376410e-20
8.619772887804056399e-20
8.619772381883729312e-20
8.619772381883729312e-20
8.619772381883729312e-20
8.619772381883729312e-20
8.619772381883729312e-20
8.560216589811266895e-20
8.560216589811266895e-20
8.560216589811266895e-20
4.270377973195181573e-20
4.180622369174746687e-20
4.180622369174746687e-20
4.180622369173543583e-20
4.180622369143021204e-20
4.180622369143021204e-20
2.676765024170089229e-20
2.676754567326365145e-20
2.676693195074607667e-20
2.676693195074607667e-20
2.600600802368569698e-20
2.600600802368569698e-20
2.600600802368569698e-20
2.600600802368569698e-20
2.600600802368569698e-20
2.600600796532826226e-20
2.600600796532826226e-20
2.600600796532826226e-20
2.600600796532826226e-20
2.600600796532826226e-20
2.600600795382959382e-20
2.600600795382959382e-20
2.600600795382959382e-20
1.723226399549544430e-20
1.723087862256864509e-20
1.713426098484511273e-20
8.750390379845863611e-21
8.750390379845863611e-21
8.750390379845863611e-21
8.750390379845863611e-21
8.750390379845863611e-21
8.750374212486326988e-21
8.750374212486326988e-21
8.750374212486326988e-21
8.750374212486326988e-21
8.750374212486326988e-21
8.750374212486326988e-21
8.750374212486326988e-21
8.750374212486326988e-21
8.750374212486326988e-21
8.750374212486326988e-21
8.750374212486326988e-21
8.750374212486326988e-21
8.750374212486326988e-21
8.750374212486326988e-21
8.750374212486326988e-21
8.750374212486326988e-21
8.750374212486326988e-21
8.750374212486326988e-21
8.750374212486326988e-21
8.750374212486326988e-21
8.750374212486326988e-21
8.750374212486326988e-21
8.750374212486326988e-21
8.750374212486326988e-21
8.750374212486326988e-21
8.750374212486326988e-21
8.750374212486326988e-21
8.750374212486326988e-21
8.750374212486326988e-21
8.750374212486326988e-21
8.750374212486326988e-21
8.750374212486326988e-21
8.750374212486326988e-21
8.750374212486326988e-21
8.750374212486326988e-21
8.750374212486326988e-21
8.750374212486326988e-21
8.750374212486326988e-21
8.750374212486326988e-21
8.750374212486326988e-21
8.750374212486326988e-21
8.750374212486326988e-21
8.750374212486326988e-21
8.750374212486326988e-21
8.750374212486326988e-21
8.750374212486326988e-21
8.750374212486326988e-21
8.750374212486326988e-21
8.750374212486326988e-21
8.750374212486326988e-21
8.750374212486326988e-21
8.750374212486326988e-21
8.750374212486326988e-21
8.750374212486326988e-21
8.750374212486326988e-21
8.750374212486326988e-21
8.750374212486326988e-21
8.750374212486326988e-21
8.750374212486326988e-21
8.750374212486326988e-21
8.750374212486326988e-21
8.750374212486326988e-21
8.750374212486326988e-21
8.750374212486326988e-21
8.750374212486326988e-21
8.750374212486326988e-21
8.750374212486326988e-21
8.750374212486326988e-21
8.750374212486326988e-21
8.750374212486326988e-21
8.750374212486326988e-21
8.750374212486326988e-21
8.750374212486326988e-21
8.750374212486326988e-21
8.750374212486326988e-21
8.750374212486326988e-21
8.750374212486326988e-21
8.750374212486326988e-21
8.750374212486326988e-21
8.750374212486326988e-21
8.750374212486326988e-21
8.750374212486326988e-21
8.750374212486326988e-21
8.750374212486326988e-21
8.750374212486326988e-21
8.750374212486326988e-21
8.750374212486326988e-21
8.750374212486326988e-21
8.750374212486326988e-21
8.750374212486326988e-21
8.750374212486326988e-21
8.750374212486326988e-21
8.750374212486326988e-21
8.750374212486326988e-21
8.750374212486326988e-21
8.750374212486326988e-21
8.750374212486326988e-21
8.750374212486326988e-21
8.750374212486326988e-21
8.750374212486326988e-21
8.750374212486326988e-21
8.750374212486326988e-21
8.750374212486326988e-21
8.750374212486326988e-21
8.750374212486326988e-21
8.750374212486326988e-21
8.750374212486326988e-21
8.750374212486326988e-21
8.750374212486326988e-21
8.750374212486326988e-21
8.750374212486326988e-21
8.750374212486326988e-21
8.750374212486326988e-21
8.750374212486326988e-21
8.750374212486326988e-21
8.750374212486326988e-21
8.750374212486326988e-21
8.750374212486326988e-21
8.750374212486326988e-21
8.750374212486326988e-21
8.750374212486326988e-21
8.750374212486326988e-21
8.750374212486326988e-21
8.750374212486326988e-21
8.750374212486326988e-21
8.750374212486326988e-21
8.750374212486326988e-21
8.750374212486326988e-21
8.750374212486326988e-21
8.750374212486326988e-21
8.750374212486326988e-21
8.750374212486326988e-21
8.750374212486326988e-21
8.750374212486326988e-21
8.750374212486326988e-21
8.750374212486326988e-21
8.750374212486326988e-21
8.750374212486326988e-21
8.750374212486326988e-21
8.750374212486326988e-21
8.750374212486326988e-21
8.750374212486326988e-21
8.750374212486326988e-21
8.750374212486326988e-21
8.750374212486326988e-21
8.750374212486326988e-21
8.750374212486326988e-21
8.750374212486326988e-21
8.750374212486326988e-21
8.750374212486326988e-21
8.750374212486326988e-21
8.750374212486326988e-21
8.750374212486326988e-21
8.750374212486326988e-21
8.750374212486326988e-21
8.750374212486326988e-21
8.750374212486326988e-21
8.750374212486326988e-21
8.750374212486326988e-21
8.750374212486326988e-21
8.750374212486326988e-21
8.750374212486326988e-21
8.750374212486326988e-21
8.750374212486326988e-21
8.750374212486326988e-21
8.750374212486326988e-21
8.750374212486326988e-21
8.750374212486326988e-21
8.750374212486326988e-21
8.750374212486326988e-21
8.750374212486326988e-21
8.750374212486326988e-21
8.750374212486326988e-21
8.750374212486326988e-21
8.750374212486326988e-21
8.750374212486326988e-21
8.750374212486326988e-21
8.750374212486326988e-21
8.750374212486326988e-21
8.750374212486326988e-21
8.750374212486326988e-21
8.750374212486326988e-21
8.750374212486326988e-21
8.750374212486326988e-21
8.750374212486326988e-21
8.750374212486326988e-21
8.750374212486326988e-21
8.750374212486326988e-21
8.750374212486326988e-21
8.750374212486326988e-21
8.750374212486326988e-21
8.750374212486326988e-21
8.750374212486326988e-21
8.750374212486326988e-21
8.750374212486326988e-21
8.750374212486326988e-21
8.750374212486326988e-21
8.750374212486326988e-21
8.750374212486326988e-21
8.750374212486326988e-21
8.750374212486326988e-21
8.750374212486326988e-21
8.750374212486326988e-21
8.750374212486326988e-21
8.750374212486326988e-21
8.750374212486326988e-21
8.750374212486326988e-21
8.750374212486326988e-21
8.750374212486326988e-21
8.750374212486326988e-21
8.750374212486326988e-21
8.750374212486326988e-21
8.750374212486326988e-21
8.750374212486326988e-21
8.750374212486326988e-21
8.750374212486326988e-21
8.750374212486326988e-21
8.750374212486326988e-21
8.750374212486326988e-21
8.750374212486326988e-21
8.750374212486326988e-21
8.750374212486326988e-21
8.750374212486326988e-21
8.750374212486326988e-21
8.750374212486326988e-21
8.750374212486326988e-21
8.750374212486326988e-21
8.750374212486326988e-21
8.750374212486326988e-21
8.750374212486326988e-21
8.750374212486326988e-21
8.750374212486326988e-21
8.750374212486326988e-21
8.750374212486326988e-21
8.750374212486326988e-21
8.750374212486326988e-21
8.750374212486326988e-21
8.750374212486326988e-21
8.750374212486326988e-21
8.750374212486326988e-21
8.750374212486326988e-21
8.750374212486326988e-21
8.750374212486326988e-21
8.750374212486326988e-21
8.750374212486326988e-21
8.750374212486326988e-21
8.750374212486326988e-21
8.750374212486326988e-21
8.750374212486326988e-21
8.750374212486326988e-21
8.750374212486326988e-21
8.750374212486326988e-21
8.750374212486326988e-21
8.750374212486326988e-21
8.750374212486326988e-21
8.750374212486326988e-21
8.750374212486326988e-21
8.750374212486326988e-21
8.750374212486326988e-21
8.750374212486326988e-21
8.750374212486326988e-21
8.750374212486326988e-21
8.750374212486326988e-21
8.750374212486326988e-21
8.750374212486326988e-21
8.750374212486326988e-21
8.750374212486326988e-21
8.750374212486326988e-21
8.750374212486326988e-21
8.750374212486326988e-21
8.750374212486326988e-21
8.750374212486326988e-21
8.750374212486326988e-21
8.750374212486326988e-21
8.750374212486326988e-21
8.750374212486326988e-21
8.750374212486326988e-21
8.750374212486326988e-21
8.750374212486326988e-21
8.750374212486326988e-21
8.750374212486326988e-21
8.750374212486326988e-21
8.750374212486326988e-21
8.750374212486326988e-21
8.750374212486326988e-21
8.750374212486326988e-21
8.750374212486326988e-21
8.750374212486326988e-21
8.750374212486326988e-21
8.750374212486326988e-21
8.750374212486326988e-21
8.750374212486326988e-21
8.750374212486326988e-21
8.750374212486326988e-21
8.750374212486326988e-21
8.750374212486326988e-21
8.750374212486326988e-21
8.750374212486326988e-21
8.750374212486326988e-21
8.750374212486326988e-21
8.750374212486326988e-21
8.750374212486326988e-21
8.750374212486326988e-21
8.750374212486326988e-21
8.750374212486326988e-21
8.750374212486326988e-21
8.750374212486326988e-21
8.750374212486326988e-21
8.750374212486326988e-21
8.750374212486326988e-21
8.750374212486326988e-21
8.750374212486326988e-21
8.750374212486326988e-21
8.750374212486326988e-21
8.750374212486326988e-21
8.750374212486326988e-21
8.750374212486326988e-21
8.750374212486326988e-21
8.750374212486326988e-21
8.750374212486326988e-21
8.750374212486326988e-21
8.750374212486326988e-21
8.750374212486326988e-21
8.750374212486326988e-21
8.750374212486326988e-21
8.750374212486326988e-21
8.750374212486326988e-21
8.750374212486326988e-21
8.750374212486326988e-21
8.750374212486326988e-21
8.750374212486326988e-21
8.750374212486326988e-21
8.750374212486326988e-21
8.750374212486326988e-21
8.750374212486326988e-21
8.750374212486326988e-21
8.750374212486326988e-21
8.750374212486326988e-21
8.750374212486326988e-21
8.750374212486326988e-21
8.750374212486326988e-21
8.750374212486326988e-21
8.750374212486326988e-21
8.750374212486326988e-21
8.750374212486326988e-21
8.750374212486326988e-21
8.750374212486326988e-21
8.750374212486326988e-21
8.750374212486326988e-21
8.750374212486326988e-21
8.750374212486326988e-21
8.750374212486326988e-21
8.750374212486326988e-21
8.750374212486326988e-21
8.750374212486326988e-21
8.750374212486326988e-21
8.750374212486326988e-21
8.750374212486326988e-21
8.750374212486326988e-21
8.750374212486326988e-21
8.750374212486326988e-21
8.750374212486325483e-21
8.750374212486320969e-21
8.750374212486304418e-21
8.750374212486278839e-21
8.750374212486265298e-21
8.750374212486265298e-21
8.750374212486265298e-21
8.750374212486265298e-21
8.750374212486265298e-21
8.750374212486265298e-21
8.750374212486265298e-21
8.750374212486265298e-21
8.750374212486265298e-21
8.750374212486265298e-21
8.750374212486265298e-21
8.750374212486265298e-21
8.750374212486265298e-21
8.750374212486265298e-21
8.750374212486265298e-21
8.750374212486265298e-21
8.750374212486265298e-21
8.750374212486265298e-21
8.750374212486265298e-21
8.750374212486265298e-21
8.750374212486265298e-21
8.750374212486265298e-21
8.750374212486265298e-21
8.750374212486262288e-21
8.750374212486235205e-21
8.750374212486057658e-21
8.750374212485102217e-21
8.750374212480905796e-21
8.750374212467040605e-21
8.750374212441880136e-21
8.750374212429849092e-21
8.750374212429477448e-21
8.750374212429477448e-21
8.750374212429477448e-21
8.750374212429477448e-21
8.750374212429477448e-21
8.750374212429477448e-21
8.750374212429477448e-21
8.750374212429477448e-21
8.750374212429477448e-21
8.750374212429477448e-21
8.750374212429477448e-21
8.750374212429477448e-21
8.750374212429477448e-21
8.750374212429477448e-21
8.750374212429477448e-21
8.750374212429477448e-21
8.750374212429477448e-21
8.750374212429477448e-21
8.750374212429475943e-21
8.750374212429453374e-21
8.750374212429208119e-21
8.750374212427003832e-21
8.750374212410364098e-21
8.750374212300258081e-21
8.750374211711179306e-21
8.750374209123210943e-21
8.750374200571940554e-21
8.750374185055049498e-21
8.750374177635569896e-21
8.750374177405386662e-21
8.750374177405338513e-21
8.750374177405338513e-21
8.750374177405338513e-21
8.750374177405338513e-21
8.750374177405338513e-21
8.750374177405338513e-21
8.750374177405338513e-21
8.750374177405338513e-21
8.750374177405338513e-21
8.750374177405338513e-21
8.750374177405338513e-21
8.750374177405338513e-21
8.750374177405338513e-21
8.750374177405338513e-21
8.750374177405338513e-21
8.750374177405335504e-21
8.750374177405285851e-21
8.750374177404560618e-21
8.750374177395517775e-21
8.750374177293029714e-21
8.750374176374201640e-21
8.750374169433281023e-21
8.750374123506973276e-21
8.750373877794977264e-21
8.750372798321876675e-21
8.750369231484878782e-21
8.750362759212752946e-21
8.750359664466087178e-21
8.750359568454109997e-21
8.750359568433589816e-21
8.750359568433589816e-21
8.750359568433589816e-21
8.750359568433589816e-21
8.750359568433589816e-21
8.750359568433589816e-21
8.750359568433589816e-21
8.750359568433589816e-21
8.750359568433589816e-21
8.750359568433589816e-21
8.750359568433589816e-21
8.750359568433589816e-21
8.750359568433589816e-21
8.750359568433555209e-21
8.750359568432855555e-21
8.750359568419103211e-21
8.750359568213213777e-21
8.750359565647507961e-21
8.750359536570254004e-21
8.750359275882465980e-21
8.750357306624830495e-21
8.750344276569092185e-21
8.750274564654809728e-21
8.749968316217043699e-21
8.748956550102909270e-21
8.747121225868976456e-21
8.746243928282544420e-21
8.746216713649215365e-21
8.746216707833036332e-21
8.746216707833036332e-21
8.746216707833036332e-21
8.746216707833036332e-21
8.746216707833036332e-21
8.746216707833036332e-21
8.746216707833036332e-21
8.746216707833036332e-21
8.746216707833036332e-21
8.746216707833036332e-21
8.746216707833036332e-21
8.746216707833028809e-21
8.746216707832765498e-21
8.746216707826139095e-21
8.746216707690661961e-21
8.746216705024706977e-21
8.746216665111193142e-21
8.746216167727362755e-21
8.746210530859195850e-21
8.746159994677394824e-21
8.745778258849007934e-21
8.743253249192704329e-21
8.729768832435222579e-21
8.671017905230130525e-21
8.482391722956235282e-21
8.160276842000301972e-21
8.014747318087354617e-21
8.010315353374410635e-21
8.010314406717260778e-21
8.010314406717260778e-21
8.010314406717260778e-21
8.010314406717260778e-21
8.010314406717260778e-21
8.010314406717260778e-21
8.010314406717260778e-21
8.010314406717260778e-21
8.010314406717260778e-21
8.010314406717235199e-21
8.010314406716389595e-21
8.010314406686904811e-21
8.010314405945457894e-21
8.010314390784723946e-21
8.010314092447274496e-21
8.010309625875754165e-21
8.010253965934323040e-21
8.009623223501856501e-21
8.003972829835118451e-21
7.961545474491211407e-21
7.691764802862587705e-21
6.511316207738543420e-21
3.889146053244969860e-21
1.668696068795013769e-21
8.195943671173279396e-22
6.592061295760898757e-22
6.552281134676967538e-22
6.552272684341287265e-22
6.552272684341274099e-22
6.552272684341274099e-22
6.552272684341274099e-22
6.552272684341274099e-22
6.552272684341274099e-22
6.552272684341274099e-22
6.552272684341274099e-22
6.552272684341269397e-22
6.552272684341112351e-22
6.552272684335895977e-22
6.552272684154018789e-22
6.552272679580287820e-22
6.552272586058886379e-22
6.552270745717449276e-22
6.552243193076311987e-22
6.551899864174200453e-22
6.548011416096779660e-22
6.513355199175698311e-22
6.262955937649481437e-22
4.992893519640110630e-22
2.394728207068492184e-22
7.287391888718899149e-23
2.209152144112450478e-23
9.755631742128300569e-24
7.699779309718960205e-24
7.649766050450450634e-24
7.649755431266886416e-24
7.649755431266867315e-24
7.649755431266867315e-24
7.649755431266867315e-24
7.649755431266867315e-24
7.649755431266867315e-24
7.649755431266867315e-24
7.649755431266865845e-24
7.649755431266727725e-24
7.649755431262175623e-24
7.649755431103454498e-24
7.649755427111997308e-24
7.649755345496664868e-24
7.649753739446217866e-24
7.649729694461499628e-24
7.649430069603088470e-24
7.646036047913318289e-24
7.615741458938174195e-24
7.394424316770022492e-24
6.201888813595063123e-24
3.329260030277745522e-24
1.096995072298994348e-24
3.411595890484985116e-25
1.516096888342310724e-25
1.197865598074007528e-25
1.190115530132134177e-25
1.190113884538354991e-25
1.190113884538352465e-25
1.190113884538352465e-25
1.190113884538352465e-25
1.190113884538352465e-25
1.190113884538352465e-25
1.190113884538352465e-25
1.190113884538352006e-25
1.190113884538337313e-25
1.190113884537845074e-25
1.190113884520682857e-25
1.190113884089097121e-25
1.190113875264247311e-25
1.190113701606249037e-25
1.190111101682819666e-25
1.190078703586042699e-25
1.189711657811342135e-25
1.186431049453144671e-25
1.162221673106910319e-25
1.023969322678399164e-25
6.257349131465584101e-26
2.310188542599569667e-26
7.490086948619014957e-27
3.364438966352618421e-27
2.663057016992641948e-27
2.645944138540836612e-27
2.645940504754621910e-27
2.645940504754616171e-27
2.645940504754616171e-27
2.645940504754616171e-27
2.645940504754616171e-27
2.645940504754616171e-27
2.645940504754616171e-27
2.645940504754615453e-27
2.645940504754592136e-27
2.645940504753830547e-27
2.645940504727266053e-27
2.645940504059232413e-27
2.645940490399608517e-27
2.645940221601495332e-27
2.645936197283496222e-27
2.645886049110925842e-27
2.645317850553900631e-27
2.640234631199080274e-27
2.602457703885781858e-27
2.377382501712324790e-27
1.625327393095662223e-27
6.801249420829464412e-28
2.327945302119022415e-28
1.061304155766803289e-28
8.421942942066593275e-29
8.368343284982725598e-29
8.368331902806358159e-29
8.368331902806340222e-29
8.368331902806340222e-29
8.368331902806340222e-29
8.368331902806340222e-29
8.368331902806340222e-29
8.368331902806337980e-29
8.368331902806287533e-29
8.368331902804607096e-29
8.368331902746022731e-29
8.368331901272750215e-29
8.368331871148016982e-29
8.368331278344583405e-29
8.368322403168080871e-29
8.368211806380959268e-29
8.366958612552147601e-29
8.355740033799655540e-29
8.271956165733611716e-29
7.757285137049003199e-29
5.819947196036610280e-29
2.775119066529004745e-29
1.017017688854486733e-29
4.731255983350579549e-30
3.767784082311419564e-30
3.744129573120150284e-30
3.744124549521684760e-30
3.744124549521677053e-30
3.744124549521677053e-30
3.744124549521677053e-30
3.744124549521677053e-30
3.744124549521677053e-30
3.744124549521676353e-30
3.744124549521660238e-30
3.744124549521135451e-30
3.744124549502852010e-30
3.744124549043070569e-30
3.744124539641693311e-30
3.744124354638609859e-30
3.744121584857786108e-30
3.744087069467260163e-30
3.743695949545269156e-30
3.740193068763240814e-30
3.713942307501889259e-30
3.549121068172004382e-30
2.868129644713194279e-30
1.556263551180272547e-30
6.196942964064737568e-31
2.962180932065132025e-31
2.370515226817051915e-31
2.355916159533466570e-31
2.355913058700891140e-31
2.355913058700885885e-31
2.355913058700885885e-31
2.355913058700885885e-31
2.355913058700885885e-31
2.355913058700885885e-31
2.355913058700879316e-31
2.355913058700649416e-31
2.355913058692636178e-31
2.355913058491128583e-31
2.355913054370793055e-31
2.355912973289601811e-31
2.355911759379123024e-31
2.355896632290185720e-31
2.355725209922304352e-31
2.354189461748744546e-31
2.342652664975968273e-31
2.269076450507158139e-31
1.942647684323165197e-31
1.190339619761432882e-31
5.221709900840324927e-32
2.586841237618794871e-32
2.084016911147949623e-32
2.071524763791968309e-32
2.071522110028994575e-32
2.071522110028990470e-32
2.071522110028990470e-32
2.071522110028990470e-32
2.071522110028990470e-32
2.071522110028990470e-32
2.071522110028985817e-32
2.071522110028845687e-32
2.071522110023957016e-32
2.071522109901016614e-32
2.071522107387192266e-32
2.071522057919410258e-32
2.071521317310292380e-32
2.071512088224638099e-32
2.071407500350849907e-32
2.070470304826173612e-32
2.063417955291981501e-32
2.017938297788772117e-32
1.805079696881141065e-32
1.233471927004735979e-32
6.027693738622628414e-33
3.126669696501238249e-33
2.541743928003352292e-33
2.527077049396511781e-33
2.527073932943750005e-33
2.527073932943744873e-33
2.527073932943744873e-33
2.527073932943744873e-33
2.527073932943744873e-33
2.527073932943744873e-33
2.527073932943741110e-33
2.527073932943623081e-33
2.527073932939514293e-33
2.527073932836191453e-33
2.527073930723496933e-33
2.527073889149261949e-33
2.527073266718662650e-33
2.527065510300633449e-33
2.526977609812379043e-33
2.526189824088915075e-33
2.520254654950610486e-33
2.481675160521307680e-33
2.293814741093227738e-33
1.721353632255175202e-33
9.433985510297144241e-34
5.183268827614301515e-34
4.264504123010474699e-34
4.241180939248958809e-34
4.241175981982238273e-34
4.241175981982229720e-34
4.241175981982229720e-34
4.241175981982229720e-34
4.241175981982229720e-34
4.241175981982229720e-34
4.241175981982226299e-34
4.241175981982091164e-34
4.241175981977397362e-34
4.241175981859333861e-34
4.241175979445244878e-34
4.241175931940080001e-34
4.241175220714229513e-34
4.241166357764921666e-34
4.241065916171854525e-34
4.240165634426725632e-34
4.233377157506676398e-34
4.189001528445109549e-34
3.966550028490334678e-34
3.216214713331815389e-34
1.979149278567821391e-34
1.165613992895246405e-34
9.741480196192276930e-35
9.692088415619142262e-35
9.692077913345614686e-35
9.692077913345597580e-35
9.692077913345597580e-35
9.692077913345597580e-35
9.692077913345597580e-35
9.692077913345597580e-35
9.692077913345591165e-35
9.692077913345385897e-35
9.692077913338214335e-35
9.692077913157883969e-35
9.692077909470576263e-35
9.692077836910644295e-35
9.692076750576106108e-35
9.692063213195347587e-35
9.691909796125777032e-35
9.690534575054062242e-35
9.680158631725193894e-35
9.612059622796183179e-35
9.263406250972631455e-35
7.990144784655274106e-35
5.494642408106050315e-35
3.507073452265822777e-35
2.989928404926018929e-35
2.976312500307839295e-35
2.976309603627880142e-35
2.976309603627875331e-35
2.976309603627875331e-35
2.976309603627875331e-35
2.976309603627875331e-35
2.976309603627873728e-35
2.976309603627832567e-35
2.976309603626402103e-35
2.976309603590415999e-35
2.976309602854594787e-35
2.976309588374877537e-35
2.976309371591076825e-35
2.976306670133745782e-35
2.976276054745544569e-35
2.976001605152031881e-35
2.973930023341861515e-35
2.960295233962846144e-35
2.889420207223209295e-35
2.614427975755146018e-35
1.988957415512676676e-35
1.386888947790128983e-35
1.211531605233759460e-35
1.206797725555525510e-35
1.206796717804415792e-35
1.206796717804414188e-35
1.206796717804414188e-35
1.206796717804414188e-35
1.206796717804414188e-35
1.206796717804413921e-35
1.206796717804403764e-35
1.206796717804042139e-35
1.206796717794953403e-35
1.206796717609106183e-35
1.206796713951955816e-35
1.206796659198747560e-35
1.206795976889874223e-35
1.206788244308289228e-35
1.206718923420159030e-35
1.206195524620767137e-35
1.202743736081786642e-35
1.184606733767800422e-35
1.111004061157001861e-35
9.217648246222597724e-36
7.041322955486234856e-36
6.327035890397878548e-36
6.307186158959069285e-36
6.307181930069024456e-36
6.307181930069017774e-36
6.307181930069017774e-36
6.307181930069017774e-36
6.307181930069017774e-36
6.307181930069016438e-36
6.307181930068984365e-36
6.307181930067879176e-36
6.307181930040098460e-36
6.307181929472034394e-36
6.307181918293504698e-36
6.307181750933614255e-36
6.307179665372386966e-36
6.307156029714610934e-36
6.306944135639809049e-36
6.305343929323690701e-36
6.294776197836644468e-36
6.238833778285119101e-36
6.004402122403538394e-36
5.341230642296133968e-36
4.449487007108058151e-36
4.120543022384992402e-36
4.111113884690586892e-36
4.111111874146883753e-36
4.111111874146880412e-36
4.111111874146880412e-36
4.111111874146880412e-36
4.111111874146880412e-36
4.111111874146869721e-36
4.111111874146485511e-36
4.111111874136834158e-36
4.111111873939479216e-36
4.111111870055867900e-36
4.111111811912180901e-36
4.111111087352446425e-36
4.111102875903979080e-36
4.111029258844697986e-36
4.110473234371813587e-36
4.106797948242578844e-36
4.087245779947678507e-36
4.003508683366016779e-36
3.749673254486608160e-36
3.362785779777027713e-36
3.204681048427857231e-36
3.200013402272473772e-36
3.200012406175837906e-36
3.200012406175836570e-36
3.200012406175836570e-36
3.200012406175836570e-36
3.200012406175836570e-36
3.200012406175832561e-36
3.200012406175692909e-36
3.200012406172187578e-36
3.200012406100515387e-36
3.200012404690118164e-36
3.200012383574282686e-36
3.200012120438484157e-36
3.200009138312304071e-36
3.199982402750162597e-36
3.199780454430115352e-36
3.198444855686134898e-36
3.191318118224258818e-36
3.160381210826098906e-36
3.062291162315766333e-36
2.899019569594631433e-36
2.826950136443306205e-36
2.824771505102503459e-36
2.824771039853396197e-36
2.824771039853395528e-36
2.824771039853395528e-36
2.824771039853395528e-36
2.824771039853395528e-36
2.824771039853394526e-36
2.824771039853346416e-36
2.824771039852142670e-36
2.824771039827529514e-36
2.824771039343182118e-36
2.824771032091750623e-36
2.824770941727752407e-36
2.824769917629118613e-36
2.824760736257719656e-36
2.824691381310932032e-36
2.824232563032743716e-36
2.821780352503010513e-36
2.811057445218083257e-36
2.776198714991284127e-36
2.715104182542227856e-36
2.686831885188368581e-36
2.685964173833149502e-36
2.685963988449396401e-36
2.685963988449396067e-36
2.685963988449396067e-36
2.685963988449396067e-36
2.685963988449396067e-36
2.685963988449382035e-36
2.685963988449028228e-36
2.685963988441796061e-36
2.685963988299481363e-36
2.685963986168810132e-36
2.685963959617364376e-36
2.685963658708732280e-36
2.685960960959989562e-36
2.685940582107317016e-36
2.685805748202396814e-36
2.685084598337570853e-36
2.681920991974313561e-36
2.671520481783144241e-36
2.652852568138570660e-36
2.644018300717790098e-36
2.643745165638245262e-36
2.643745107270985169e-36
2.643745107270985169e-36
2.643745107270985169e-36
2.643745107270985169e-36
2.643745107270985169e-36
2.643745107270982162e-36
2.643745107270899975e-36
2.643745107269215799e-36
2.643745107236080199e-36
2.643745106739992016e-36
2.643745100557968427e-36
2.643745030496832518e-36
2.643744402374267160e-36
2.643739657491627653e-36
2.643708262236400139e-36
2.643540306009212158e-36
2.642802685718406666e-36
2.640368335248532331e-36
2.635962466150380886e-36
2.633860969363758908e-36
2.633795825715414012e-36
2.633795811793529552e-36
2.633795811793529552e-36
2.633795811793529552e-36
2.633795811793529552e-36
2.633795811793529552e-36
2.633795811793528884e-36
2.633795811793514184e-36
2.633795811793216170e-36
2.633795811787355466e-36
2.633795811699608266e-36
2.633795810606137793e-36
2.633795798213793386e-36
2.633795687112074380e-36
2.633794847840362583e-36
2.633789294605887489e-36
2.633759584442639420e-36
2.633629068323888904e-36
2.633197903630422150e-36
2.632415885015908689e-36
2.632042122938303564e-36
2.632030528969730474e-36
2.632030526491926576e-36
2.632030526491926576e-36
2.632030526491926576e-36
2.632030526491926576e-36
2.632030526491926576e-36
2.632030526491926576e-36
2.632030526491924906e-36
2.632030526491885148e-36
2.632030526491109713e-36
2.632030526479497552e-36
2.632030526334789728e-36
2.632030524694810034e-36
2.632030509991817437e-36
2.632030398924144775e-36
2.632029664017775279e-36
2.632025732175543232e-36
2.632008458764110111e-36
2.631951384868236213e-36
2.631847826543367758e-36
2.631798312480073350e-36
2.631796776376118371e-36
2.631796776047828695e-36
2.631796776047828695e-36
2.631796776047828695e-36
2.631796776047828695e-36
2.631796776047828027e-36
2.631796776047824686e-36
2.631796776047748178e-36
2.631796776046600894e-36
2.631796776032307282e-36
2.631796775870320368e-36
2.631796774418049608e-36
2.631796763447471698e-36
2.631796690857946144e-36
2.631796302494160504e-36
2.631794596317827742e-36
2.631788958716376933e-36
2.631778728949048380e-36
2.631773837561536841e-36
2.631773685810487733e-36
2.631773685778055738e-36
2.631773685778055738e-36
2.631773685778055738e-36
2.631773685778055738e-36
2.631773685778055738e-36
2.631773685778055738e-36
2.631773685778050058e-36
2.631773685777965198e-36
2.631773685776909790e-36
2.631773685764949502e-36
2.631773685657720520e-36
2.631773684847699083e-36
2.631773679487994990e-36
2.631773650812845233e-36
2.631773524835863587e-36
2.631773108577686528e-36
2.631772353247940097e-36
2.631771992083307989e-36
2.631771980878469269e-36
2.631771980876074471e-36
2.631771980876074471e-36
2.631771980876074471e-36
2.631771980876074471e-36
2.631771980876074471e-36
2.631771980876074471e-36
2.631771980876073803e-36
2.631771980876069126e-36
2.631771980876010659e-36
2.631771980875349150e-36
2.631771980869416614e-36
2.631771980824604373e-36
2.631771980528091531e-36
2.631771978941706783e-36
2.631771971972327136e-36
2.631771948943821140e-36
2.631771907156958369e-36
2.631771887176356983e-36
2.631771886556475359e-36
2.631771886556342723e-36
2.631771886556342723e-36
2.631771886556342723e-36
2.631771886556342723e-36
2.631771886556342723e-36
2.631771886556342723e-36
2.631771886556342723e-36
2.631771886556340384e-36
2.631771886556312988e-36
2.631771886556066426e-36
2.631771886554203843e-36
2.631771886541883734e-36
2.631771886475969013e-36
2.631771886186387652e-36
2.631771885229541895e-36
2.631771883493276521e-36
2.631771882663072035e-36
2.631771882637315938e-36
2.631771882637309925e-36
2.631771882637309925e-36
2.631771882637309925e-36
2.631771882637309925e-36
2.631771882637309925e-36
2.631771882637309925e-36
2.631771882637309925e-36
2.631771882637309925e-36
2.631771882637309256e-36
2.631771882637301906e-36
2.631771882637243440e-36
2.631771882636858227e-36
2.631771882634795855e-36
2.631771882625738190e-36
2.631771882595807902e-36
2.631771882541497658e-36
2.631771882515529410e-36
2.631771882514723571e-36
2.631771882514723571e-36
2.631771882514723571e-36
2.631771882514723571e-36
2.631771882514723571e-36
2.631771882514723571e-36
2.631771882514723571e-36
2.631771882514723571e-36
2.631771882514723571e-36
2.631771882514723571e-36
2.631771882514722903e-36
2.631771882514721901e-36
2.631771882514712546e-36
2.631771882514664102e-36
2.631771882514449947e-36
2.631771882513743669e-36
2.631771882512461410e-36
2.631771882511848345e-36
2.631771882511829635e-36
2.631771882511829635e-36
2.631771882511829635e-36
2.631771882511829635e-36
2.631771882511829635e-36
2.631771882511829635e-36
2.631771882511829635e-36
2.631771882511829635e-36
2.631771882511829635e-36
2.631771882511829635e-36
2.631771882511829635e-36
2.631771882511829635e-36
2.631771882511829301e-36
2.631771882511828633e-36
2.631771882511824624e-36
2.631771882511812262e-36
2.631771882511789544e-36
2.631771882511778519e-36
2.631771882511777850e-36
2.631771882511777850e-36
2.631771882511777850e-36
2.631771882511777850e-36
2.631771882511777850e-36
2.631771882511777850e-36
2.631771882511777850e-36
2.631771882511777850e-36
2.631771882511777850e-36
2.631771882511777850e-36
2.631771882511777850e-36
2.631771882511777850e-36
2.631771882511777850e-36
2.631771882511777850e-36
2.631771882511777850e-36
2.631771882511777182e-36
2.631771882511777182e-36
2.631771882511777182e-36
2.631771882511777182e-36
2.631771882511777182e-36
2.631771882511777182e-36
2.631771882511777182e-36
2.631771882511777182e-36
2.631771882511777182e-36
2.631771882511777182e-36
2.631771882511777182e-36
2.631771882511777182e-36
2.631771882511777182e-36
2.631771882511777182e-36
2.631771882511777182e-36
2.631771882511777182e-36
2.631771882511777182e-36
2.631771882511777182e-36
2.631771882511777182e-36
2.631771882511777182e-36
2.631771882511777182e-36
2.631771882511777182e-36
2.631771882511777182e-36
2.631771882511777182e-36
2.631771882511777182e-36
2.631771882511777182e-36
2.631771882511777182e-36
2.631771882511777182e-36
2.631771882511777182e-36
2.631771882511777182e-36
2.631771882511777182e-36
2.631771882511777182e-36
2.631771882511777182e-36
2.631771882511777182e-36
2.631771882511777182e-36
2.631771882511777182e-36
2.631771882511777182e-36
2.631771882511777182e-36
2.631771882511777182e-36
2.631771882511777182e-36
2.631771882511777182e-36
2.631771882511777182e-36
2.631771882511777182e-36
2.631771882511777182e-36
2.631771882511777182e-36
2.631771882511777182e-36
2.631771882511777182e-36
2.631771882511777182e-36
2.631771882511777182e-36
2.631771882511777182e-36
2.631771882511777182e-36
2.631771882511777182e-36
2.631771882511777182e-36
2.631771882511777182e-36
2.631771882511777182e-36
2.631771882511777182e-36
2.631771882511777182e-36
2.631771882511777182e-36
2.631771882511777182e-36
2.631771882511777182e-36
2.631771882511777182e-36
2.631771882511777182e-36
2.631771882511777182e-36
2.631771882511777182e-36
2.631771882511777182e-36
2.631771882511777182e-36
2.631771882511777182e-36
2.631771882511777182e-36
2.631771882511777182e-36
2.631771882511777182e-36
2.631771882511777182e-36
2.631771882511777182e-36
2.631771882511777182e-36
2.631771882511777182e-36
2.631771882511777182e-36
2.631771882511777182e-36
2.631771882511777182e-36
2.631771882511777182e-36
2.631771882511777182e-36
2.631771882511777182e-36
2.631771882511777182e-36
2.631771882511777182e-36
2.631771882511777182e-36
2.631771882511777182e-36
2.631771882511777182e-36
2.631771882511777182e-36
2.631771882511777182e-36
2.631771882511777182e-36
2.631771882511777182e-36
2.631771882511777182e-36
2.631771882511777182e-36
2.631771882511777182e-36
2.631771882511777182e-36
2.631771882511777182e-36
2.631771882511777182e-36
2.631771882511777182e-36
2.631771882511777182e-36
2.631771882511777182e-36
2.631771882511777182e-36
2.631771882511777182e-36
2.631771882511777182e-36
2.631771882511777182e-36
2.631771882511777182e-36
2.631771882511777182e-36
2.631771882511777182e-36
2.631771882511777182e-36
2.631771882511777182e-36
2.631771882511777182e-36
2.631771882511777182e-36
2.631771882511777182e-36
2.631771882511777182e-36
2.631771882511777182e-36
2.631771882511777182e-36
2.631771882511777182e-36
2.631771882511777182e-36
2.631771882511777182e-36
2.631771882511777182e-36
2.631771882511777182e-36
2.631771882511777182e-36
2.631771882511777182e-36
2.631771882511777182e-36
2.631771882511777182e-36
2.631771882511777182e-36
2.631771882511777182e-36
2.631771882511777182e-36
2.631771882511777182e-36
2.631771882511777182e-36
2.631771882511777182e-36
2.631771882511777182e-36
2.631771882511777182e-36
2.631771882511777182e-36
2.631771882511777182e-36
2.631771882511777182e-36
2.631771882511777182e-36
2.631771882511777182e-36
2.631771882511777182e-36
2.631771882511777182e-36
2.631771882511777182e-36
2.631771882511777182e-36
2.631771882511777182e-36
2.631771882511777182e-36
2.631771882511777182e-36
2.631771882511777182e-36
2.631771882511777182e-36
2.631771882511777182e-36
2.631771882511777182e-36
2.631771882511777182e-36
2.631771882511777182e-36
2.631771882511777182e-36
2.631771882511777182e-36
2.631771882511777182e-36
2.631771882511777182e-36
2.631771882511777182e-36
2.631771882511777182e-36
2.631771882511777182e-36
2.631771882511777182e-36
2.631771882511777182e-36
2.631771882511777182e-36
2.631771882511777182e-36
2.631771882511777182e-36
2.631771882511777182e-36
2.631771882511777182e-36
2.631771882511777182e-36
2.631771882511777182e-36
2.631771882511777182e-36
2.631771882511777182e-36
2.631771882511777182e-36
2.631771882511777182e-36
2.631771882511777182e-36
2.631771882511777182e-36
2.631771882511777182e-36
2.631771882511777182e-36
2.631771882511777182e-36
2.631771882511777182e-36
2.631771882511777182e-36
2.631771882511777182e-36
2.631771882511777182e-36
2.631771882511777182e-36
2.631771882511777182e-36
2.631771882511777182e-36
2.631771882511777182e-36
2.631771882511777182e-36
2.631771882511777182e-36
2.631771882511777182e-36
2.631771882511777182e-36
2.631771882511777182e-36
2.631771882511777182e-36
2.631771882511777182e-36
2.631771882511777182e-36
2.631771882511777182e-36
2.631771882511777182e-36
2.631771882511777182e-36
2.631771882511777182e-36
2.631771882511777182e-36
2.631771882511777182e-36
2.631771882511777182e-36
2.631771882511777182e-36
2.631771882511777182e-36
2.631771882511777182e-36
2.631771882511777182e-36
2.631771882511777182e-36
2.631771882511777182e-36
2.631771882511777182e-36
2.631771882511777182e-36
2.631771882511777182e-36
2.631771882511777182e-36
2.631771882511777182e-36
2.631771882511777182e-36
2.631771882511777182e-36
2.631771882511777182e-36
2.631771882511777182e-36
2.631771882511777182e-36
2.631771882511777182e-36
2.631771882511777182e-36
2.631771882511777182e-36
2.631771882511777182e-36
2.631771882511777182e-36
2.631771882511777182e-36
2.631771882511777182e-36
2.631771882511777182e-36
2.631771882511777182e-36
2.631771882511777182e-36
2.631771882511777182e-36
2.631771882511777182e-36
2.631771882511777182e-36
2.631771882511777182e-36
2.631771882511777182e-36
2.631771882511777182e-36
2.631771882511777182e-36
2.631771882511777182e-36
2.631771882511777182e-36
2.631771882511777182e-36
2.631771882511777182e-36
2.631771882511777182e-36
2.631771882511777182e-36
2.631771882511777182e-36
2.631771882511777182e-36
2.631771882511777182e-36
2.631771882511777182e-36
2.631771882511777182e-36
2.631771882511777182e-36
2.631771882511777182e-36
2.631771882511777182e-36
2.631771882511777182e-36
2.631771882511777182e-36
2.631771882511777182e-36
2.631771882511777182e-36
2.631771882511777182e-36
2.631771882511777182e-36
2.631771882511777182e-36
2.631771882511777182e-36
2.631771882511777182e-36
2.631771882511777182e-36
2.631771882511777182e-36
2.631771882511777182e-36
2.631771882511777182e-36
2.631771882511777182e-36
2.631771882511777182e-36
2.631771882511777182e-36
2.631771882511777182e-36
2.631771882511777182e-36
2.631771882511777182e-36
2.631771882511777182e-36
2.631771882511777182e-36
2.631771882511777182e-36
2.631771882511777182e-36
2.631771882511777182e-36
2.631771882511777182e-36
2.631771882511777182e-36
2.631771882511777182e-36
2.631771882511777182e-36
2.631771882511777182e-36
2.631771882511777182e-36
2.631771882511777182e-36
2.631771882511777182e-36
2.631771882511777182e-36
2.631771882511777182e-36
2.631771882511777182e-36
2.631771882511777182e-36
2.631771882511777182e-36
2.631771882511777182e-36
2.631771882511777182e-36
2.631771882511777182e-36
2.631771882511777182e-36
2.631771882511777182e-36
2.631771882511777182e-36
2.631771882511777182e-36
2.631771882511777182e-36
2.631771882511777182e-36
2.631771882511777182e-36
2.631771882511777182e-36
2.631771882511777182e-36
2.631771882511777182e-36
2.631771882511777182e-36
2.631771882511777182e-36
2.631771882511777182e-36
2.631771882511777182e-36
2.631771882511777182e-36
2.631771882511777182e-36
2.631771882511777182e-36
2.631771882511777182e-36
2.631771882511777182e-36
2.631771882511777182e-36
2.631771882511777182e-36
2.631771882511777182e-36
2.631771882511777182e-36
2.631771882511777182e-36
2.631771882511777182e-36
2.631771882511777182e-36
2.631771882511777182e-36
