1.000000000000188072e+00
1.000000000000171196e+00
1.000000000000171196e+00
1.000000000000171196e+00
1.000000000000171196e+00
1.000000000000171196e+00
1.000000000000171196e+00
1.000000000000171196e+00
1.000000000000036193e+00
1.000000000000036193e+00
1.000000000000036193e+00
1.000000000000029976e+00
1.000000000000029754e+00
1.000000000000029754e+00
1.000000000000029754e+00
1.000000000000029754e+00
1.000000000000029754e+00
1.000000000000029754e+00
1.000000000000029754e+00
1.000000000000029754e+00
1.000000000000029754e+00
1.000000000000029754e+00
1.000000000000029754e+00
1.000000000000029754e+00
1.000000000000029754e+00
1.000000000000029754e+00
1.000000000000029754e+00
1.000000000000029754e+00
1.000000000000029754e+00
1.000000000000029754e+00
1.000000000000029754e+00
1.000000000000029754e+00
1.000000000000029754e+00
1.000000000000029754e+00
1.000000000000029754e+00
1.000000000000029754e+00
1.000000000000029754e+00
1.000000000000029754e+00
1.000000000000029754e+00
1.000000000000029754e+00
1.000000000000029754e+00
1.000000000000029754e+00
1.000000000000029754e+00
1.000000000000029754e+00
1.000000000000029754e+00
1.000000000000029754e+00
1.000000000000029754e+00
1.000000000000029754e+00
1.000000000000029754e+00
1.000000000000029754e+00
1.000000000000029754e+00
1.000000000000029754e+00
1.000000000000029754e+00
1.000000000000029754e+00
1.000000000000029754e+00
1.000000000000029754e+00
1.000000000000029754e+00
1.000000000000029754e+00
1.000000000000029754e+00
1.000000000000029754e+00
1.000000000000029754e+00
1.000000000000029754e+00
1.000000000000029754e+00
1.000000000000029754e+00
1.000000000000029754e+00
1.000000000000029754e+00
1.000000000000029754e+00
1.000000000000029754e+00
1.000000000000029754e+00
1.000000000000029754e+00
1.000000000000029754e+00
1.000000000000029754e+00
1.000000000000029754e+00
1.000000000000029754e+00
1.000000000000029754e+00
1.000000000000029754e+00
1.000000000000029754e+00
1.000000000000029754e+00
1.000000000000029754e+00
1.000000000000029754e+00
1.000000000000029754e+00
1.000000000000029754e+00
1.000000000000029532e+00
1.000000000000029532e+00
1.000000000000029754e+00
1.000000000000029754e+00
1.000000000000029754e+00
1.000000000000029754e+00
1.000000000000029754e+00
1.000000000000029532e+00
1.000000000000029532e+00
1.000000000000029532e+00
1.000000000000029754e+00
1.000000000000029754e+00
1.000000000000029754e+00
1.000000000000029754e+00
1.000000000000029754e+00
1.000000000000029754e+00
1.000000000000029754e+00
1.000000000000029754e+00
1.000000000000029976e+00
1.000000000000029754e+00
1.000000000000029754e+00
1.000000000000018208e+00
1.000000000000018208e+00
1.000000000000018208e+00
1.000000000000018208e+00
1.000000000000018208e+00
1.000000000000017986e+00
1.000000000000017986e+00
1.000000000000017986e+00
1.000000000000017986e+00
1.000000000000017986e+00
1.000000000000017986e+00
1.000000000000017986e+00
1.000000000000017986e+00
1.000000000000017986e+00
1.000000000000017986e+00
1.000000000000017986e+00
1.000000000000017986e+00
1.000000000000017986e+00
1.000000000000017986e+00
1.000000000000018208e+00
1.000000000000018208e+00
1.000000000000018208e+00
1.000000000000018208e+00
1.000000000000018208e+00
1.000000000000018208e+00
1.000000000000018208e+00
1.000000000000018208e+00
1.000000000000018208e+00
1.000000000000018208e+00
1.000000000000018208e+00
1.000000000000018208e+00
1.000000000000018208e+00
1.000000000000018208e+00
1.000000000000018208e+00
1.000000000000018208e+00
1.000000000000018208e+00
1.000000000000018208e+00
1.000000000000018208e+00
1.000000000000018208e+00
1.000000000000018208e+00
1.000000000000018208e+00
1.000000000000018208e+00
1.000000000000018208e+00
1.000000000000018208e+00
1.000000000000018208e+00
1.000000000000017986e+00
1.000000000000017986e+00
1.000000000000018208e+00
1.000000000000018208e+00
1.000000000000018208e+00
1.000000000000018208e+00
1.000000000000018208e+00
1.000000000000018208e+00
1.000000000000018208e+00
1.000000000000018208e+00
1.000000000000018208e+00
1.000000000000018208e+00
1.000000000000018208e+00
1.000000000000018208e+00
1.000000000000018208e+00
1.000000000000018208e+00
1.000000000000018208e+00
1.000000000000017986e+00
1.000000000000017986e+00
1.000000000000017986e+00
1.000000000000017986e+00
1.000000000000017986e+00
1.000000000000017986e+00
1.000000000000017986e+00
1.000000000000017986e+00
1.000000000000017986e+00
1.000000000000017986e+00
1.000000000000017986e+00
1.000000000000017986e+00
1.000000000000017986e+00
1.000000000000017986e+00
1.000000000000017986e+00
1.000000000000017986e+00
1.000000000000017986e+00
1.000000000000017986e+00
1.000000000000017986e+00
1.000000000000017986e+00
1.000000000000017986e+00
1.000000000000017986e+00
1.000000000000017986e+00
1.000000000000017986e+00
1.000000000000017986e+00
1.000000000000017986e+00
1.000000000000017986e+00
1.000000000000017986e+00
1.000000000000017986e+00
1.000000000000017986e+00
1.000000000000017986e+00
1.000000000000017986e+00
1.000000000000017986e+00
1.000000000000017986e+00
1.000000000000017986e+00
1.000000000000017986e+00
1.000000000000017986e+00
1.000000000000017986e+00
1.000000000000017986e+00
1.000000000000017986e+00
1.000000000000017986e+00
1.000000000000017986e+00
1.000000000000017986e+00
1.000000000000017986e+00
1.000000000000017986e+00
1.000000000000017986e+00
1.000000000000017986e+00
1.000000000000017986e+00
1.000000000000017986e+00
1.000000000000017986e+00
1.000000000000017986e+00
1.000000000000017986e+00
1.000000000000017986e+00
1.000000000000017986e+00
1.000000000000017986e+00
1.000000000000017986e+00
1.000000000000017986e+00
1.000000000000017986e+00
1.000000000000017986e+00
1.000000000000017986e+00
1.000000000000017986e+00
1.000000000000017986e+00
1.000000000000017986e+00
1.000000000000017986e+00
1.000000000000017986e+00
1.000000000000017986e+00
1.000000000000018208e+00
1.000000000000018208e+00
1.000000000000017986e+00
1.000000000000017986e+00
1.000000000000017986e+00
1.000000000000017986e+00
1.000000000000017986e+00
1.000000000000017986e+00
1.000000000000017986e+00
1.000000000000017986e+00
1.000000000000017986e+00
1.000000000000017986e+00
1.000000000000017986e+00
1.000000000000017986e+00
1.000000000000017986e+00
1.000000000000017986e+00
1.000000000000017986e+00
1.000000000000017986e+00
1.000000000000017986e+00
1.000000000000017986e+00
1.000000000000017986e+00
1.000000000000017986e+00
1.000000000000017986e+00
1.000000000000017986e+00
1.000000000000017986e+00
1.000000000000017986e+00
1.000000000000017986e+00
1.000000000000017986e+00
1.000000000000017986e+00
1.000000000000017986e+00
1.000000000000018208e+00
1.000000000000018208e+00
1.000000000000018208e+00
1.000000000000018208e+00
1.000000000000018208e+00
1.000000000000018208e+00
1.000000000000018208e+00
1.000000000000018208e+00
1.000000000000017986e+00
1.000000000000017986e+00
1.000000000000018208e+00
1.000000000000018208e+00
1.000000000000017986e+00
1.000000000000017986e+00
1.000000000000017986e+00
1.000000000000017986e+00
1.000000000000017986e+00
1.000000000000017986e+00
1.000000000000017986e+00
1.000000000000017986e+00
1.000000000000017986e+00
1.000000000000017986e+00
1.000000000000017986e+00
1.000000000000017986e+00
1.000000000000017986e+00
1.000000000000017986e+00
1.000000000000017986e+00
1.000000000000017986e+00
1.000000000000017986e+00
1.000000000000017986e+00
1.000000000000017986e+00
1.000000000000017986e+00
1.000000000000018208e+00
1.000000000000018208e+00
1.000000000000018208e+00
1.000000000000018208e+00
1.000000000000018208e+00
1.000000000000018208e+00
1.000000000000018208e+00
1.000000000000016431e+00
1.000000000000016653e+00
1.000000000000011768e+00
1.000000000000011990e+00
1.000000000000011768e+00
1.000000000000011768e+00
1.000000000000011768e+00
1.000000000000011768e+00
1.000000000000011768e+00
1.000000000000011768e+00
1.000000000000011990e+00
1.000000000000011990e+00
1.000000000000011990e+00
1.000000000000011990e+00
1.000000000000011990e+00
1.000000000000011990e+00
1.000000000000011990e+00
1.000000000000011990e+00
1.000000000000011990e+00
1.000000000000011990e+00
1.000000000000011990e+00
1.000000000000011768e+00
1.000000000000011768e+00
1.000000000000011768e+00
1.000000000000011768e+00
1.000000000000011768e+00
1.000000000000011768e+00
1.000000000000011768e+00
1.000000000000011768e+00
1.000000000000011768e+00
1.000000000000011990e+00
1.000000000000011990e+00
1.000000000000011990e+00
1.000000000000011990e+00
1.000000000000011990e+00
1.000000000000011990e+00
1.000000000000011990e+00
1.000000000000011990e+00
1.000000000000011990e+00
1.000000000000011990e+00
1.000000000000011990e+00
1.000000000000011990e+00
1.000000000000011990e+00
1.000000000000011990e+00
1.000000000000011990e+00
1.000000000000011990e+00
1.000000000000011990e+00
1.000000000000011990e+00
1.000000000000011990e+00
1.000000000000011990e+00
1.000000000000011990e+00
1.000000000000011990e+00
1.000000000000011990e+00
1.000000000000011990e+00
1.000000000000011546e+00
1.000000000000011546e+00
1.000000000000011546e+00
1.000000000000011546e+00
1.000000000000011546e+00
1.000000000000011546e+00
1.000000000000011546e+00
1.000000000000011546e+00
1.000000000000011546e+00
1.000000000000011546e+00
1.000000000000011546e+00
1.000000000000011546e+00
1.000000000000011546e+00
1.000000000000011546e+00
1.000000000000011546e+00
1.000000000000011546e+00
1.000000000000011546e+00
1.000000000000011546e+00
1.000000000000011546e+00
1.000000000000011546e+00
1.000000000000011546e+00
1.000000000000011546e+00
1.000000000000011546e+00
1.000000000000011546e+00
1.000000000000011546e+00
1.000000000000011546e+00
1.000000000000011546e+00
1.000000000000011546e+00
1.000000000000011546e+00
1.000000000000011546e+00
1.000000000000011546e+00
1.000000000000011546e+00
1.000000000000011546e+00
1.000000000000011324e+00
1.000000000000011324e+00
1.000000000000011324e+00
1.000000000000011324e+00
1.000000000000011324e+00
1.000000000000011324e+00
1.000000000000011546e+00
1.000000000000011546e+00
1.000000000000011546e+00
1.000000000000011546e+00
1.000000000000011546e+00
1.000000000000011546e+00
1.000000000000011546e+00
1.000000000000011546e+00
1.000000000000011546e+00
1.000000000000011546e+00
1.000000000000011546e+00
1.000000000000011546e+00
1.000000000000011546e+00
1.000000000000011546e+00
1.000000000000011546e+00
1.000000000000011546e+00
1.000000000000011546e+00
1.000000000000011546e+00
1.000000000000011546e+00
1.000000000000011546e+00
1.000000000000011546e+00
1.000000000000011546e+00
1.000000000000011546e+00
1.000000000000011546e+00
1.000000000000011546e+00
1.000000000000011546e+00
1.000000000000011546e+00
1.000000000000011546e+00
1.000000000000011546e+00
1.000000000000011546e+00
1.000000000000011546e+00
1.000000000000011546e+00
1.000000000000011546e+00
1.000000000000011546e+00
1.000000000000011546e+00
1.000000000000011546e+00
1.000000000000011546e+00
1.000000000000011546e+00
1.000000000000011546e+00
1.000000000000011546e+00
1.000000000000011546e+00
1.000000000000011546e+00
1.000000000000011546e+00
1.000000000000011546e+00
1.000000000000011546e+00
1.000000000000011546e+00
1.000000000000011546e+00
1.000000000000011546e+00
1.000000000000011546e+00
1.000000000000011546e+00
1.000000000000011546e+00
1.000000000000011546e+00
1.000000000000011546e+00
1.000000000000011546e+00
1.000000000000011546e+00
1.000000000000011546e+00
1.000000000000011546e+00
1.000000000000011546e+00
1.000000000000011546e+00
1.000000000000011546e+00
1.000000000000011546e+00
1.000000000000011546e+00
1.000000000000011546e+00
1.000000000000011546e+00
1.000000000000011546e+00
1.000000000000011546e+00
1.000000000000011546e+00
1.000000000000011546e+00
1.000000000000011546e+00
1.000000000000011546e+00
1.000000000000011546e+00
1.000000000000011546e+00
1.000000000000011546e+00
1.000000000000011546e+00
1.000000000000011546e+00
1.000000000000011546e+00
1.000000000000011546e+00
1.000000000000011546e+00
1.000000000000011546e+00
1.000000000000011546e+00
1.000000000000011546e+00
1.000000000000011546e+00
1.000000000000011546e+00
1.000000000000011546e+00
1.000000000000011546e+00
1.000000000000011546e+00
1.000000000000011546e+00
1.000000000000011546e+00
1.000000000000011546e+00
1.000000000000011546e+00
1.000000000000011546e+00
1.000000000000011546e+00
1.000000000000011546e+00
1.000000000000011546e+00
1.000000000000010214e+00
1.000000000000010214e+00
1.000000000000010214e+00
1.000000000000010214e+00
1.000000000000010214e+00
1.000000000000010214e+00
1.000000000000010214e+00
9.999999999999485967e-01
9.999999999999483746e-01
9.999999999999483746e-01
9.999999999999483746e-01
9.999999999999483746e-01
9.999999999999483746e-01
9.999999999999483746e-01
9.999999999996076472e-01
9.999999999996077582e-01
9.999999999996076472e-01
9.999999999996076472e-01
9.999999999996076472e-01
9.999999999996076472e-01
9.999999999996076472e-01
9.999999999996076472e-01
9.999999999989493960e-01
9.999999999989493960e-01
9.999999999989493960e-01
9.999999999989493960e-01
9.999999999897133396e-01
9.999999999897133396e-01
9.999999999896849179e-01
9.999999999894566560e-01
9.999999999894566560e-01
9.999999999222146663e-01
9.999999999222146663e-01
9.999999999222147773e-01
9.999999999222147773e-01
9.999999999222147773e-01
9.999999997806774399e-01
9.999999997806757746e-01
9.999999997806756635e-01
9.999999997806756635e-01
9.999999997806756635e-01
9.999999997806756635e-01
9.999999997806756635e-01
9.999999996842223737e-01
9.999999992443681096e-01
9.999999920030425704e-01
9.999999920030425704e-01
9.999999920029232214e-01
9.999999920029232214e-01
9.999999766964000614e-01
9.999999766963999503e-01
9.999999766963999503e-01
9.999999766963999503e-01
9.999999766958139746e-01
9.999999766958139746e-01
9.999999766958139746e-01
9.999999766958139746e-01
9.999999621248624182e-01
9.999999621248624182e-01
9.999999543688117276e-01
9.999995913358559196e-01
9.999995913358559196e-01
9.999995913358559196e-01
9.999995913331304331e-01
9.999987137594149589e-01
9.999987137594147368e-01
9.999987136669733490e-01
9.999987136669733490e-01
9.999987136669733490e-01
9.999987136669733490e-01
9.999987136669733490e-01
9.999987136669732379e-01
9.999976556253103999e-01
9.999976556253103999e-01
9.999976556253103999e-01
9.999976556253103999e-01
9.999976556245689929e-01
9.999905713981946942e-01
9.999905404719963142e-01
9.999904656544480464e-01
9.999904656544480464e-01
9.999620742072420354e-01
9.999620742072420354e-01
9.999620742045561839e-01
9.999620742045561839e-01
9.999620742045561839e-01
9.999253063650804796e-01
9.999253062616704213e-01
9.999253062616701992e-01
9.999253062616700882e-01
9.999253062616700882e-01
9.999253062616700882e-01
9.999187670597854405e-01
9.999187670597854405e-01
9.999187670597854405e-01
9.998728349554497630e-01
9.998728349554497630e-01
9.993982774294496441e-01
9.993982593629439082e-01
9.993982593629439082e-01
9.987550820683996911e-01
9.987550820669925944e-01
9.987550820669925944e-01
9.987550820669925944e-01
9.987550752910392404e-01
9.987550752910303586e-01
9.987550752910303586e-01
9.987550752910303586e-01
9.985827604747297137e-01
9.985827604747297137e-01
9.984770763919080805e-01
9.949981453336957937e-01
9.949981453336957937e-01
9.949981453336957937e-01
9.949981007319307347e-01
9.886657080306282541e-01
9.886657080300791378e-01
9.886655032052551473e-01
9.886655032052551473e-01
9.886655032052551473e-01
9.886655032052551473e-01
9.886655032052551473e-01
9.886655032045570390e-01
9.864289638430550067e-01
9.864289638430550067e-01
9.864289638430550067e-01
9.864289638430550067e-01
9.864289631119680379e-01
9.766031971936456335e-01
9.765438014476056638e-01
9.764930640809563744e-01
9.764930640809562634e-01
9.403072616849593723e-01
9.403072616849593723e-01
9.403072580513239798e-01
9.403072580513239798e-01
9.403072580513239798e-01
9.253146061494588182e-01
9.253145826308888378e-01
9.253145826308201150e-01
9.253145826308127875e-01
9.253145826308127875e-01
9.253145826308127875e-01
9.243929954339321631e-01
9.243929954339321631e-01
9.243929954339321631e-01
9.243929954339321631e-01
9.144707118454391548e-01
9.144707118454391548e-01
8.087960779495820818e-01
8.087925263239714724e-01
8.087925263239714724e-01
7.538279522248996223e-01
7.538279519126541706e-01
7.538279519126541706e-01
7.538279519126541706e-01
7.538275791729379671e-01
7.538275791726299913e-01
7.538275791726299913e-01
7.538275791726299913e-01
7.485045233807129383e-01
7.485045233807101628e-01
7.446694316674991043e-01
6.028765824513490079e-01
6.028765824513490079e-01
6.028765824513490079e-01
6.028752920927380465e-01
4.834440055487696508e-01
4.834440055425036631e-01
4.834409717178919652e-01
4.834409717178919652e-01
4.834409717178919652e-01
4.834409717178919652e-01
4.834409717178919652e-01
4.834409717178919652e-01
4.834409716987968508e-01
4.679579520767773726e-01
4.679579520767773726e-01
4.679579520767773726e-01
4.679579520767773726e-01
4.679579497154747747e-01
3.879830676121265309e-01
3.876765896470264483e-01
3.874983744220501514e-01
3.874983744220500403e-01
2.349686456630304399e-01
2.349686456630304399e-01
2.349686273511891743e-01
2.349686273511891743e-01
2.349686273511891743e-01
2.102734839900931851e-01
2.102734634715843487e-01
2.102734634712867257e-01
2.102734634712824513e-01
2.102734634712824513e-01
2.102734634712824513e-01
2.092542624828553077e-01
2.092542624828553077e-01
2.092542624828553077e-01
2.092542624828553077e-01
1.919624299397106326e-01
1.919624299397106326e-01
9.186010680608179546e-02
9.185642128344623236e-02
9.185642128344623236e-02
9.185642128344623236e-02
6.776568389105828982e-02
6.776568358450939245e-02
6.776568358450939245e-02
6.776568358450939245e-02
6.776558486446887519e-02
6.776558486440979745e-02
6.776558486440979745e-02
6.776558486440979745e-02
6.617487105228547772e-02
6.617487105228346544e-02
6.463774885532995451e-02
3.256530625409474744e-02
3.256530625409474744e-02
3.256530625409474744e-02
3.256505171963421097e-02
1.705477739638953244e-02
1.705477739587097849e-02
1.705447749176661199e-02
1.705447749176661199e-02
1.705447749176661199e-02
1.705447749176661199e-02
1.705447749176661199e-02
1.705447749176661199e-02
1.705447748819011178e-02
1.561788403272607387e-02
1.561788403272607387e-02
1.561788403272607387e-02
1.561788403272607387e-02
1.561788396444335238e-02
1.047623907682483646e-02
1.044801527168967570e-02
1.044246224619378022e-02
1.044246224619377848e-02
3.934879861082784570e-03
3.934879861082784570e-03
3.934878754141556655e-03
3.934878754141556655e-03
3.934878754141556655e-03
3.934878754141556655e-03
3.071859934846991620e-03
3.071859695058128375e-03
3.071859695043604836e-03
3.071859695043547157e-03
3.071859695043547157e-03
3.071859695043547157e-03
3.057197533605766123e-03
3.057197533605766123e-03
3.057197533605766123e-03
3.057197533605766123e-03
2.650781766224978922e-03
9.620828595901764453e-04
9.620828595901764453e-04
9.619356521793832231e-04
9.619356521793832231e-04
9.619356521793832231e-04
5.649796139238166901e-04
5.649796081753354635e-04
5.649796081753354635e-04
5.649796081753354635e-04
5.649790125375076660e-04
5.649790125370860198e-04
5.649790125370860198e-04
5.649790125370860198e-04
5.533561282940216387e-04
5.533561282939792464e-04
5.353709262915072207e-04
2.561066996794968261e-04
2.561066996794968261e-04
2.561066996794968261e-04
2.561017230595970121e-04
1.059255220080196954e-04
1.059255220055276838e-04
1.059243458922593038e-04
1.059243458922593038e-04
1.059243458922593038e-04
1.059243458922593038e-04
1.059243458922593038e-04
1.059243458922593038e-04
1.059243458562613522e-04
9.888505722239378779e-05
9.888505722239378779e-05
9.888505722239378779e-05
9.888505722239378779e-05
9.888505722239378779e-05
9.888505694412992565e-05
6.787646818142337017e-05
6.762774535383753703e-05
6.760741433120127074e-05
6.760741433120127074e-05
2.179995771296677840e-05
2.179995771296677502e-05
2.179994538915572581e-05
2.179994538915572581e-05
2.179994538915572581e-05
2.179994538915572581e-05
1.818992514605587162e-05
1.818992422945227305e-05
1.818992422931771339e-05
1.818992422931757109e-05
1.818992422931757109e-05
1.818992422931757109e-05
1.818992422931757109e-05
1.818992422931757109e-05
1.814301116709983992e-05
1.814301116709983992e-05
1.591728784423534853e-05
5.204154074691505977e-06
5.204154074691505977e-06
5.203199069776588939e-06
5.203199069776588939e-06
5.203199069776588939e-06
3.516871197134232878e-06
3.516871118068009332e-06
3.516871118068009332e-06
3.516871118068009332e-06
3.516868584819371939e-06
3.516868584818179740e-06
3.516868584818179740e-06
3.475057172040071066e-06
3.475057172040071066e-06
3.475057172039627644e-06
3.364848393759958865e-06
1.438539094857765078e-06
1.438539094857765078e-06
1.438539094857765078e-06
1.438504606014878401e-06
7.191201991673266244e-07
7.191201991589657740e-07
7.191142646564957390e-07
7.191142646564957390e-07
7.191142646564957390e-07
7.191142646564957390e-07
7.191142646564957390e-07
7.191142646564957390e-07
7.191142640711273628e-07
6.884965326427774874e-07
6.884965326427774874e-07
6.884965326427774874e-07
6.884965326427774874e-07
6.884965326427774874e-07
4.245495506053875057e-07
4.245495502325804594e-07
4.230368392326311699e-07
4.229498410324460382e-07
4.229498410324460382e-07
1.595803813233926357e-07
1.595803813233925827e-07
1.595802362093359999e-07
1.595802362093359999e-07
1.595802362093359999e-07
1.595802362093359999e-07
1.407664153517151595e-07
1.407664113616289245e-07
1.407664113587864937e-07
1.407664113587860173e-07
1.407664113587860173e-07
1.407664113587860173e-07
1.407664113587860173e-07
1.407664113587860173e-07
1.404590656561967136e-07
1.159285919402501314e-07
1.159285919402501314e-07
4.022116033107383028e-08
4.022116033107383028e-08
4.021229301638011549e-08
4.021229301638011549e-08
4.021229301638011549e-08
2.998882585644512959e-08
2.998882459319335415e-08
2.998882459319335415e-08
2.998881120422606982e-08
2.998881120422606982e-08
2.998881120422131188e-08
2.998881120422131188e-08
2.965609405550546471e-08
2.965609405550546471e-08
2.965609405549406616e-08
2.811975261245098750e-08
1.169268193056625963e-08
1.169268193056625963e-08
1.169268193056625963e-08
1.169232772694062733e-08
6.688895610812059769e-09
6.688895610772339383e-09
6.688858289684308206e-09
6.688858289684308206e-09
6.688858289684308206e-09
6.688858289684308206e-09
6.688858289684308206e-09
6.688858289684308206e-09
6.688858278555979419e-09
6.399397561374280284e-09
6.399397561374280284e-09
6.399397561374280284e-09
6.399397561374280284e-09
6.399397561374280284e-09
6.399397561374280284e-09
3.708778603464707265e-09
3.708778601902500164e-09
3.686270386313913422e-09
3.685790184319525085e-09
3.685790184319525085e-09
1.586584081474666880e-09
1.586584081474664812e-09
1.586581851660644371e-09
1.586581851660644371e-09
1.586581851660644371e-09
1.586581851660644371e-09
1.385289581495440671e-09
1.385289581434952882e-09
1.385289560216447922e-09
1.385289560216447922e-09
1.385289560216445026e-09
1.385289560216445026e-09
1.385289560216445026e-09
1.383124633708586546e-09
1.383124633708586546e-09
1.096333751687046475e-09
1.096333751687046475e-09
4.156601776396386386e-10
4.156601776396386386e-10
4.154751077803309079e-10
4.154751077803309079e-10
4.154751077803309079e-10
2.999456604440754121e-10
2.999456407992426898e-10
2.999456407992426898e-10
2.999455672526009150e-10
2.999455672526009150e-10
2.999455672525715501e-10
2.999455672525715501e-10
2.999455672525715501e-10
2.975188350809178610e-10
2.975188350809178610e-10
2.975188350806658295e-10
2.783637088214387937e-10
1.221206794738608296e-10
1.221206794738608296e-10
1.221206794738608296e-10
1.221131274555933562e-10
6.585474518309373037e-11
6.585474518285607104e-11
6.585454654126806170e-11
6.585454654126806170e-11
6.585454654126806170e-11
6.585454654126806170e-11
6.585454654126806170e-11
6.585454654126806170e-11
6.585454637358482550e-11
6.378965360220514777e-11
6.378965360220514777e-11
6.378965360220514777e-11
6.378965360220514777e-11
6.378965360220514777e-11
6.378965360220514777e-11
3.830593365329688809e-11
3.830593364300981150e-11
3.800503117121305562e-11
3.800222828300397968e-11
3.800222828300397968e-11
1.525122890523326559e-11
1.525122890523322035e-11
1.525118863119497793e-11
1.525118863119497793e-11
1.525118863119497793e-11
1.384547002405469976e-11
1.384547002405469976e-11
1.384547002311542648e-11
1.384546989227795709e-11
1.384546989227795709e-11
1.384546989227794416e-11
1.384546989227794416e-11
1.384546989227794416e-11
1.383358669698903989e-11
1.383358669698903989e-11
1.114990236925659676e-11
1.114990236925659676e-11
3.952205997121654101e-12
3.950105625275487007e-12
3.950105625275487007e-12
3.950105625275487007e-12
3.950105625275487007e-12
3.119701038342390475e-12
3.119700622946042364e-12
3.119700622946042364e-12
3.119700131827085705e-12
3.119700131827085705e-12
3.119700131826950803e-12
3.119700131826950803e-12
3.119700131826950803e-12
3.105235022518606958e-12
3.105235022518606958e-12
3.105235022514338577e-12
2.912782003436088047e-12
1.182150224438122923e-12
1.182150224438122923e-12
1.182061382135983040e-12
1.182061382135983040e-12
7.382845850003374171e-13
7.382845849990661520e-13
7.382845849990661520e-13
7.382845849990661520e-13
7.382830439122022226e-13
7.382830439122022226e-13
7.382830439122022226e-13
7.382830439122022226e-13
7.382830397927688589e-13
7.238589702342179055e-13
7.238589702342179055e-13
7.238589702342179055e-13
7.238589702342179055e-13
7.238589702342179055e-13
7.238589702342179055e-13
3.965228603188100451e-13
3.965228602718997561e-13
3.935555889787193060e-13
3.935370352843817484e-13
3.935370352843817484e-13
1.853784376365286950e-13
1.853784376365277105e-13
1.853776906221319981e-13
1.853776906221319981e-13
1.853776906221319981e-13
1.853776906221319981e-13
1.736131102674706356e-13
1.736131102674706356e-13
1.736131102386027441e-13
1.736131093631075944e-13
1.736131093631075944e-13
1.736131093631075440e-13
1.736131093631075440e-13
1.736131093631075440e-13
1.734977507077200170e-13
1.734977507077200170e-13
1.304396968353972885e-13
1.304396968353972885e-13
5.117975008851902588e-14
5.114735094398951786e-14
5.114735094398951786e-14
5.114735094398951786e-14
5.114735094398951786e-14
4.300799796078924458e-14
4.300798804948586356e-14
4.300798804948586356e-14
4.300798804948586356e-14
4.300798407728575172e-14
4.300798407728489975e-14
4.300798407728489975e-14
4.300798407728489975e-14
4.283816852701367272e-14
4.283816852701367272e-14
4.283816852685489080e-14
3.895536316547331321e-14
1.607625446863579764e-14
1.607474299580203806e-14
1.607474299580203806e-14
1.607474299580203806e-14
1.109488417592129190e-14
1.109488417591174195e-14
1.109488417591174195e-14
1.109488417591174195e-14
1.109486936446881389e-14
1.109486936446881389e-14
1.109486936446881389e-14
1.109486936446881389e-14
1.109486936446881389e-14
1.109486924767180533e-14
1.089350431711906106e-14
1.089350431711906106e-14
1.089350431711906106e-14
1.089350431711906106e-14
1.089350431711906106e-14
1.089350431711906106e-14
5.724293912287471663e-15
5.724293911962215635e-15
5.656963167867352946e-15
5.656800026213438400e-15
2.998922213690037916e-15
2.998922213690037916e-15
2.998922213689988218e-15
2.998904228939622939e-15
2.998904228939622939e-15
2.998904228939622939e-15
2.808836414272170065e-15
2.808836414272170065e-15
2.808836414272170065e-15
2.808836413323536033e-15
2.808836413323536033e-15
2.808836405699370511e-15
2.808836405699370511e-15
2.808836405699370511e-15
2.808836405699369722e-15
2.807551119279088251e-15
2.807551119279088251e-15
2.022328122090677244e-15
2.022328122090677244e-15
2.022328122090677244e-15
8.722950591140379066e-16
8.722950591140379066e-16
8.712664465215433814e-16
8.712664465215433814e-16
7.266613375577797367e-16
7.266610772658521419e-16
7.266610772658519447e-16
7.266610772658519447e-16
7.266610395392754209e-16
7.266610395392669406e-16
7.266610395392669406e-16
7.266610395392669406e-16
7.245956733294893823e-16
7.245956733294893823e-16
7.245956733237864110e-16
6.454919404310362696e-16
2.812756410083232448e-16
2.812756410083232448e-16
2.812250489023521548e-16
2.812250489023521548e-16
2.812250489023521548e-16
1.894133692676106049e-16
1.894133692676106049e-16
1.894133692676106049e-16
1.894133692675135503e-16
1.894132256444950617e-16
1.894132256444950617e-16
1.894132256444950617e-16
1.894132256444950617e-16
1.894132256444950617e-16
1.894132225128519413e-16
1.869031119946592753e-16
1.869031119946592753e-16
1.869031119946592753e-16
1.869031119946592753e-16
1.869031119946592753e-16
1.869031119946592753e-16
1.009879062478215458e-16
9.946969831224001583e-17
9.946969830881596507e-17
9.946802013989156755e-17
5.069780351980213955e-17
5.069780351980213955e-17
5.069780351980034612e-17
5.069724146936632385e-17
5.069724146936632385e-17
5.069724146936632385e-17
4.834373163509142425e-17
4.834373163509142425e-17
4.834373163509142425e-17
4.834373160923965736e-17
4.834373160923965736e-17
4.834373153049958622e-17
4.834373153049958622e-17
4.834373153049958622e-17
4.834373153049958622e-17
4.833106192696307596e-17
3.535505585298902248e-17
3.535505585298902248e-17
3.535505585298902248e-17
3.535505585298902248e-17
3.535505585298902248e-17
1.459291849708282608e-17
1.457199849808705922e-17
1.457199849808705922e-17
1.276407139190571718e-17
1.276406260977098137e-17
1.276406260977097829e-17
1.276406260977097829e-17
1.276406220394719868e-17
1.276406220394713242e-17
1.276406220394713242e-17
1.276406220394713242e-17
1.274283586117099534e-17
1.274283586117099534e-17
1.274283586100873189e-17
1.139443572451544236e-17
4.726114101363045680e-18
4.726114101363045680e-18
4.725075921557010262e-18
4.725075921557010262e-18
4.725075921557010262e-18
3.508923574323194201e-18
3.508923574323194201e-18
3.508923574323194201e-18
3.508923574322356036e-18
3.508921855912494063e-18
3.508921855912494063e-18
3.508921855912494063e-18
3.508921855912494063e-18
3.508921855912494063e-18
3.508921738389120376e-18
3.480115662855436451e-18
3.480115662855436451e-18
3.480115662855436451e-18
3.480115662855436451e-18
3.480115662855436451e-18
3.480115662855436451e-18
1.759567516041465262e-18
1.734243271406218158e-18
1.734243271380044192e-18
1.734225486415110185e-18
1.011934676110879132e-18
1.011934676110813265e-18
1.011934676110813265e-18
1.011934676110813265e-18
1.011918399546639150e-18
1.011918399546639150e-18
9.802289106518994982e-19
9.802289106518994982e-19
9.802289106518994982e-19
9.802289094896745399e-19
9.802289094896745399e-19
9.802289094896745399e-19
9.802289086755999376e-19
9.802289086755999376e-19
9.802289086755999376e-19
9.802289086755999376e-19
9.800472956100081728e-19
6.715401266491785371e-19
6.715401266491785371e-19
6.715401266491785371e-19
6.715401266491785371e-19
6.691128393999374769e-19
3.118087384894423292e-19
3.118087384894423292e-19
3.118087384894423292e-19
2.832474628063758005e-19
2.832471484542006996e-19
2.832471484542004588e-19
2.832471484542004588e-19
2.832471434286407767e-19
2.832471434286401026e-19
2.832471434286401026e-19
2.832471434286401026e-19
2.828825843214323164e-19
2.828825843214323164e-19
2.828825843126880166e-19
2.434106237167393528e-19
1.066319520721330521e-19
1.066319520721330521e-19
1.066029342001792317e-19
1.066029342001792317e-19
1.066029342001792317e-19
8.459537907089931866e-20
8.459537907089931866e-20
8.459537907089931866e-20
8.459537907088935198e-20
8.459535395399145194e-20
8.459535395399145194e-20
8.459535395399145194e-20
8.459535395399145194e-20
8.459535395399145194e-20
8.459534898883637175e-20
8.401086220757690012e-20
8.401086220757690012e-20
8.401086220757690012e-20
8.401086220757690012e-20
8.401086220757690012e-20
4.190993670737035707e-20
4.190993670737035707e-20
4.102906580853193887e-20
4.102906580823238454e-20
4.102906580822057618e-20
4.102881547889164905e-20
2.626994968641504689e-20
2.626994968641504689e-20
2.626994968641504689e-20
2.626934737270818335e-20
2.626934737270818335e-20
2.552256866079095087e-20
2.552256866079095087e-20
2.552256866079095087e-20
2.552256866079095087e-20
2.552256860351835336e-20
2.552256860351835336e-20
2.552256860351835336e-20
2.552256859223343908e-20
2.552256859223343908e-20
2.552256859223343908e-20
2.551947215477901911e-20
2.551947215477901911e-20
1.691056475602579022e-20
1.691056475602579022e-20
1.691056475602579022e-20
1.681574319439294103e-20
8.587724770173661980e-21
8.587724770173661980e-21
8.587724770173661980e-21
7.829637675907523381e-21
7.829624486753140842e-21
7.829624486753140842e-21
7.829624486753121282e-21
7.829624408233983609e-21
7.829624408233973076e-21
7.829624408233973076e-21
7.829624408233973076e-21
7.822616589282244294e-21
7.822616589282244294e-21
7.822616588796196752e-21
7.822616588796196752e-21
6.568996329243232281e-21
6.568996329243232281e-21
3.052926176765231525e-21
3.051458211249047621e-21
3.051458211249047621e-21
3.051458211249047621e-21
2.422521326618185286e-21
2.422521326618185286e-21
2.422521326618185286e-21
2.422521326618185286e-21
2.422521326618024666e-21
2.422520905456878290e-21
2.422520905456878290e-21
2.422520905456878290e-21
2.422520681881329970e-21
2.422520681881329970e-21
2.410443906600945699e-21
2.410443906600945699e-21
2.410443906600945699e-21
2.410443906600945699e-21
2.410443906600945699e-21
1.230490015759754673e-21
1.198343419322895941e-21
1.198343419322895941e-21
1.198343419317867458e-21
1.198343419317135830e-21
1.198343419317135830e-21
7.622627812905243684e-22
7.622610145211584679e-22
7.622610145211584679e-22
7.622297114544527786e-22
7.622297114544527786e-22
7.462962873353284838e-22
7.462962873353284838e-22
7.462962873353284838e-22
7.462962873353284838e-22
7.462962846464563442e-22
7.462962846464563442e-22
7.462962846464563442e-22
7.462962844565849483e-22
7.462962844565849483e-22
7.462962844565849483e-22
7.462962844565849483e-22
7.462421470300274324e-22
4.990659415346561527e-22
4.990659415346561527e-22
4.990659415346561527e-22
4.955563555405238818e-22
2.497264551814764979e-22
2.497264551814764979e-22
2.497264551814764979e-22
2.497264551814764979e-22
2.497256269626461479e-22
2.332132586411697276e-22
2.332132586411685051e-22
2.332132572703257071e-22
2.332132572703255190e-22
2.332132572703255190e-22
2.332132572703255190e-22
2.330860828442099554e-22
2.330860828442099554e-22
2.330860828205149515e-22
2.330860828205149515e-22
1.960052339949711087e-22
1.960052339949711087e-22
8.917110015065718698e-23
8.911780929041243837e-23
8.911780929041243837e-23
8.911780929041243837e-23
7.484655777899398432e-23
7.484655777899398432e-23
7.484655777899398432e-23
7.484655777899398432e-23
7.484655777899398432e-23
7.484655777899168035e-23
7.484654986775643076e-23
7.484653669381113185e-23
7.484653669381113185e-23
7.484653669381113185e-23
7.484653669381113185e-23
7.461038136999889681e-23
7.461038136999889681e-23
7.461038136999889681e-23
7.461038136999889681e-23
7.461038136999889681e-23
3.666680460484336502e-23
3.571691458427977300e-23
3.571691458427977300e-23
3.571691458427977300e-23
3.571691458421289325e-23
3.571691458417720524e-23
2.499795025582815861e-23
2.499791286482556824e-23
2.499648017593534939e-23
2.499648017593534939e-23
2.499648017593534939e-23
2.464367367494894235e-23
2.464367367494894235e-23
2.464367367494894235e-23
2.464367367494894235e-23
2.464367349396436899e-23
2.464367349396436899e-23
2.464367349396436899e-23
2.464367349396436899e-23
2.464367349086470499e-23
2.464367349086470499e-23
2.464367349086470499e-23
1.569430331428915250e-23
1.569430331428915250e-23
1.569383215785771669e-23
1.557840510191616436e-23
1.557840510191616436e-23
8.760749534796348467e-24
8.760749534796348467e-24
8.760749534796348467e-24
8.760749534796348467e-24
8.760706156769454028e-24
8.760706156769357050e-24
8.337262235655432192e-24
8.337262209425637858e-24
8.337262209425634919e-24
8.337262209425634919e-24
8.337262209425634919e-24
8.337262209425634919e-24
8.337262209425634919e-24
8.337262209425634919e-24
8.337262209425634919e-24
8.337262209425634919e-24
8.337262209425634919e-24
8.337262209425634919e-24
8.337262209425634919e-24
8.337262209425634919e-24
8.337262209425634919e-24
8.337262209425634919e-24
8.337262209425634919e-24
8.337262209425634919e-24
8.337262209425634919e-24
8.337262209425634919e-24
8.337262209425634919e-24
8.337262209425634919e-24
8.337262209425634919e-24
8.337262209425634919e-24
8.337262209425634919e-24
8.337262209425634919e-24
8.337262209425634919e-24
8.337262209425634919e-24
8.337262209425634919e-24
8.337262209425634919e-24
8.337262209425634919e-24
8.337262209425634919e-24
8.337262209425634919e-24
8.337262209425634919e-24
8.337262209425634919e-24
8.337262209425634919e-24
8.337262209425634919e-24
8.337262209425634919e-24
8.337262209425634919e-24
8.337262209425634919e-24
8.337262209425634919e-24
8.337262209425634919e-24
8.337262209425634919e-24
8.337262209425634919e-24
8.337262209425634919e-24
8.337262209425634919e-24
8.337262209425634919e-24
8.337262209425634919e-24
8.337262209425634919e-24
8.337262209425634919e-24
8.337262209425634919e-24
8.337262209425634919e-24
8.337262209425634919e-24
8.337262209425634919e-24
8.337262209425634919e-24
8.337262209425634919e-24
8.337262209425634919e-24
8.337262209425634919e-24
8.337262209425634919e-24
8.337262209425634919e-24
8.337262209425634919e-24
8.337262209425634919e-24
8.337262209425634919e-24
8.337262209425634919e-24
8.337262209425634919e-24
8.337262209425634919e-24
8.337262209425634919e-24
8.337262209425634919e-24
8.337262209425634919e-24
8.337262209425634919e-24
8.337262209425634919e-24
8.337262209425634919e-24
8.337262209425634919e-24
8.337262209425634919e-24
8.337262209425634919e-24
8.337262209425634919e-24
8.337262209425634919e-24
8.337262209425634919e-24
8.337262209425634919e-24
8.337262209425634919e-24
8.337262209425634919e-24
8.337262209425634919e-24
8.337262209425634919e-24
8.337262209425634919e-24
8.337262209425634919e-24
8.337262209425634919e-24
8.337262209425634919e-24
8.337262209425634919e-24
8.337262209425634919e-24
8.337262209425634919e-24
8.337262209425634919e-24
8.337262209425634919e-24
8.337262209425634919e-24
8.337262209425634919e-24
8.337262209425634919e-24
8.337262209425634919e-24
8.337262209425634919e-24
8.337262209425634919e-24
8.337262209425634919e-24
8.337262209425634919e-24
8.337262209425634919e-24
8.337262209425634919e-24
8.337262209425634919e-24
8.337262209425634919e-24
8.337262209425634919e-24
8.337262209425634919e-24
8.337262209425634919e-24
8.337262209425634919e-24
8.337262209425634919e-24
8.337262209425634919e-24
8.337262209425634919e-24
8.337262209425634919e-24
8.337262209425634919e-24
8.337262209425634919e-24
8.337262209425634919e-24
8.337262209425634919e-24
8.337262209425634919e-24
8.337262209425634919e-24
8.337262209425634919e-24
8.337262209425634919e-24
8.337262209425634919e-24
8.337262209425634919e-24
8.337262209425634919e-24
8.337262209425634919e-24
8.337262209425634919e-24
8.337262209425634919e-24
8.337262209425634919e-24
8.337262209425634919e-24
8.337262209425634919e-24
8.337262209425634919e-24
8.337262209425634919e-24
8.337262209425634919e-24
8.337262209425634919e-24
8.337262209425634919e-24
8.337262209425634919e-24
8.337262209425634919e-24
8.337262209425634919e-24
8.337262209425634919e-24
8.337262209425634919e-24
8.337262209425634919e-24
8.337262209425634919e-24
8.337262209425634919e-24
8.337262209425634919e-24
8.337262209425634919e-24
8.337262209425634919e-24
8.337262209425634919e-24
8.337262209425634919e-24
8.337262209425634919e-24
8.337262209425634919e-24
8.337262209425634919e-24
8.337262209425634919e-24
8.337262209425634919e-24
8.337262209425634919e-24
8.337262209425634919e-24
8.337262209425634919e-24
8.337262209425634919e-24
8.337262209425634919e-24
8.337262209425634919e-24
8.337262209425634919e-24
8.337262209425634919e-24
8.337262209425634919e-24
8.337262209425634919e-24
8.337262209425634919e-24
8.337262209425634919e-24
8.337262209425634919e-24
8.337262209425634919e-24
8.337262209425634919e-24
8.337262209425634919e-24
8.337262209425634919e-24
8.337262209425634919e-24
8.337262209425634919e-24
8.337262209425634919e-24
8.337262209425634919e-24
8.337262209425634919e-24
8.337262209425634919e-24
8.337262209425634919e-24
8.337262209425634919e-24
8.337262209425634919e-24
8.337262209425634919e-24
8.337262209425634919e-24
8.337262209425634919e-24
8.337262209425634919e-24
8.337262209425634919e-24
8.337262209425634919e-24
8.337262209425634919e-24
8.337262209425634919e-24
8.337262209425634919e-24
8.337262209425634919e-24
8.337262209425634919e-24
8.337262209425634919e-24
8.337262209425634919e-24
8.337262209425634919e-24
8.337262209425634919e-24
8.337262209425634919e-24
8.337262209425634919e-24
8.337262209425634919e-24
8.337262209425634919e-24
8.337262209425634919e-24
8.337262209425634919e-24
8.337262209425634919e-24
8.337262209425634919e-24
8.337262209425634919e-24
8.337262209425634919e-24
8.337262209425634919e-24
8.337262209425634919e-24
8.337262209425634919e-24
8.337262209425634919e-24
8.337262209425634919e-24
8.337262209425634919e-24
8.337262209425634919e-24
8.337262209425634919e-24
8.337262209425634919e-24
8.337262209425634919e-24
8.337262209425634919e-24
8.337262209425634919e-24
8.337262209425634919e-24
8.337262209425634919e-24
8.337262209425634919e-24
8.337262209425634919e-24
8.337262209425634919e-24
8.337262209425634919e-24
8.337262209425634919e-24
8.337262209425634919e-24
8.337262209425634919e-24
8.337262209425634919e-24
8.337262209425634919e-24
8.337262209425634919e-24
8.337262209425634919e-24
8.337262209425634919e-24
8.337262209425634919e-24
8.337262209425634919e-24
8.337262209425634919e-24
8.337262209425634919e-24
8.337262209425634919e-24
8.337262209425634919e-24
8.337262209425634919e-24
8.337262209425634919e-24
8.337262209425634919e-24
8.337262209425634919e-24
8.337262209425634919e-24
8.337262209425634919e-24
8.337262209425634919e-24
8.337262209425634919e-24
8.337262209425634919e-24
8.337262209425634919e-24
8.337262209425634919e-24
8.337262209425634919e-24
8.337262209425634919e-24
8.337262209425634919e-24
8.337262209425634919e-24
8.337262209425634919e-24
8.337262209425634919e-24
8.337262209425634919e-24
8.337262209425634919e-24
8.337262209425634919e-24
8.337262209425634919e-24
8.337262209425634919e-24
8.337262209425634919e-24
8.337262209425634919e-24
8.337262209425634919e-24
8.337262209425634919e-24
8.337262209425634919e-24
8.337262209425634919e-24
8.337262209425634919e-24
8.337262209425634919e-24
8.337262209425634919e-24
8.337262209425634919e-24
8.337262209425634919e-24
8.337262209425634919e-24
8.337262209425634919e-24
8.337262209425634919e-24
8.337262209425634919e-24
8.337262209425634919e-24
8.337262209425634919e-24
8.337262209425634919e-24
8.337262209425634919e-24
8.337262209425634919e-24
8.337262209425634919e-24
8.337262209425634919e-24
8.337262209425634919e-24
8.337262209425634919e-24
8.337262209425634919e-24
8.337262209425634919e-24
8.337262209425634919e-24
8.337262209425634919e-24
8.337262209425634919e-24
8.337262209425634919e-24
8.337262209425634919e-24
8.337262209425634919e-24
8.337262209425634919e-24
8.337262209425634919e-24
8.337262209425634919e-24
8.337262209425634919e-24
8.337262209425634919e-24
8.337262209425634919e-24
8.337262209425634919e-24
8.337262209425634919e-24
8.337262209425634919e-24
8.337262209425634919e-24
8.337262209425634919e-24
8.337262209425634919e-24
8.337262209425634919e-24
8.337262209425634919e-24
8.337262209425634919e-24
8.337262209425634919e-24
8.337262209425634919e-24
8.337262209425634919e-24
8.337262209425634919e-24
8.337262209425634919e-24
8.337262209425634919e-24
8.337262209425634919e-24
8.337262209425634919e-24
8.337262209425634919e-24
8.337262209425634919e-24
8.337262209425634919e-24
8.337262209425634919e-24
8.337262209425634919e-24
8.337262209425634919e-24
8.337262209425634919e-24
8.337262209425634919e-24
8.337262209425634919e-24
8.337262209425634919e-24
8.337262209425634919e-24
8.337262209425634919e-24
8.337262209425634919e-24
8.337262209425634919e-24
8.337262209425634919e-24
8.337262209425634919e-24
8.337262209425634919e-24
8.337262209425634919e-24
8.337262209425634919e-24
8.337262209425634919e-24
8.337262209425634919e-24
8.337262209425634919e-24
8.337262209425634919e-24
8.337262209425634919e-24
8.337262209425634919e-24
8.337262209425634919e-24
8.337262209425634919e-24
8.337262209425634919e-24
8.337262209425634919e-24
8.337262209425634919e-24
8.337262209425634919e-24
8.337262209425634919e-24
8.337262209425634919e-24
8.337262209425634919e-24
8.337262209425634919e-24
8.337262209425634919e-24
8.337262209425634919e-24
8.337262209425634919e-24
8.337262209425634919e-24
8.337262209425634919e-24
8.337262209425634919e-24
8.337262209425634919e-24
8.337262209425634919e-24
8.337262209425634919e-24
8.337262209425634919e-24
8.337262209425634919e-24
8.337262209425634919e-24
8.337262209425634919e-24
8.337262209425634919e-24
8.337262209425634919e-24
8.337262209425634919e-24
8.337262209425634919e-24
8.337262209425634919e-24
8.337262209425634919e-24
8.337262209425634919e-24
8.337262209425634919e-24
8.337262209425634919e-24
8.337262209425634919e-24
8.337262209425634919e-24
8.337262209425634919e-24
8.337262209425634919e-24
8.337262209425634919e-24
8.337262209425634919e-24
8.337262209425634919e-24
8.337262209425634919e-24
8.337262209425634919e-24
8.337262209425634919e-24
8.337262209425634919e-24
8.337262209425633450e-24
8.337262209425629042e-24
8.337262209425617287e-24
8.337262209425593777e-24
8.337262209425583491e-24
8.337262209425583491e-24
8.337262209425583491e-24
8.337262209425583491e-24
8.337262209425583491e-24
8.337262209425583491e-24
8.337262209425583491e-24
8.337262209425583491e-24
8.337262209425583491e-24
8.337262209425583491e-24
8.337262209425583491e-24
8.337262209425583491e-24
8.337262209425583491e-24
8.337262209425583491e-24
8.337262209425583491e-24
8.337262209425583491e-24
8.337262209425583491e-24
8.337262209425583491e-24
8.337262209425583491e-24
8.337262209425583491e-24
8.337262209425582022e-24
8.337262209425567328e-24
8.337262209425465942e-24
8.337262209424920806e-24
8.337262209422525737e-24
8.337262209414616129e-24
8.337262209400263343e-24
8.337262209393399925e-24
8.337262209393186867e-24
8.337262209393186867e-24
8.337262209393186867e-24
8.337262209393186867e-24
8.337262209393186867e-24
8.337262209393186867e-24
8.337262209393186867e-24
8.337262209393186867e-24
8.337262209393186867e-24
8.337262209393186867e-24
8.337262209393186867e-24
8.337262209393186867e-24
8.337262209393186867e-24
8.337262209393186867e-24
8.337262209393186867e-24
8.337262209393186867e-24
8.337262209393186867e-24
8.337262209393178051e-24
8.337262209393082542e-24
8.337262209392233247e-24
8.337262209385812109e-24
8.337262209343331213e-24
8.337262209116046441e-24
8.337262208117530112e-24
8.337262204818193710e-24
8.337262198831312820e-24
8.337262195968656406e-24
8.337262195879844869e-24
8.337262195879825768e-24
8.337262195879825768e-24
8.337262195879825768e-24
8.337262195879825768e-24
8.337262195879825768e-24
8.337262195879825768e-24
8.337262195879825768e-24
8.337262195879825768e-24
8.337262195879825768e-24
8.337262195879825768e-24
8.337262195879825768e-24
8.337262195879825768e-24
8.337262195879825768e-24
8.337262195879814013e-24
8.337262195879622995e-24
8.337262195877249966e-24
8.337262195850353185e-24
8.337262195609215213e-24
8.337262193787639780e-24
8.337262181734739310e-24
8.337262117250078531e-24
8.337261833953109980e-24
8.337260897871884608e-24
8.337259199286429740e-24
8.337258387099343759e-24
8.337258361901899420e-24
8.337258361896514187e-24
8.337258361896514187e-24
8.337258361896514187e-24
8.337258361896514187e-24
8.337258361896514187e-24
8.337258361896514187e-24
8.337258361896514187e-24
8.337258361896514187e-24
8.337258361896514187e-24
8.337258361896514187e-24
8.337258361896514187e-24
8.337258361896508310e-24
8.337258361896381944e-24
8.337258361893913406e-24
8.337258361856957333e-24
8.337258361396439788e-24
8.337258356177363890e-24
8.337258309386517381e-24
8.337257955924418865e-24
8.337255617156162369e-24
8.337243104449637117e-24
8.337188133495297757e-24
8.337006501388489648e-24
8.336676937214253268e-24
8.336519363624949542e-24
8.336514475127101263e-24
8.336514474082352741e-24
8.336514474082352741e-24
8.336514474082352741e-24
8.336514474082352741e-24
8.336514474082352741e-24
8.336514474082352741e-24
8.336514474082352741e-24
8.336514474082352741e-24
8.336514474082351272e-24
8.336514474082318946e-24
8.336514474081500508e-24
8.336514474064767346e-24
8.336514473735517255e-24
8.336514468806119899e-24
8.336514407378246956e-24
8.336513711213605386e-24
8.336507469857858047e-24
8.336460322417677206e-24
8.336148373207577045e-24
8.334479798935663860e-24
8.327157247919999766e-24
8.303053011004327559e-24
8.259668645470602931e-24
8.239084009991514316e-24
8.238447029145235671e-24
8.238446893022870827e-24
8.238446893022870827e-24
8.238446893022870827e-24
8.238446893022870827e-24
8.238446893022870827e-24
8.238446893022870827e-24
8.238446893022870827e-24
8.238446893022869357e-24
8.238446893022784134e-24
8.238446893019855684e-24
8.238446892946180106e-24
8.238446891439687117e-24
8.238446861794471906e-24
8.238446417959652116e-24
8.238440887098348517e-24
8.238378206130771506e-24
8.237816291807519411e-24
8.233574017635126280e-24
8.205613695066059438e-24
8.059190444557692817e-24
7.473324379914393297e-24
6.025887557793665898e-24
4.458841337188593869e-24
3.965722175960828110e-24
3.952162008193537254e-24
3.952159120082434429e-24
3.952159120082429286e-24
3.952159120082429286e-24
3.952159120082429286e-24
3.952159120082429286e-24
3.952159120082428552e-24
3.952159120082391817e-24
3.952159120081153140e-24
3.952159120037985314e-24
3.952159118952423628e-24
3.952159096755397028e-24
3.952158659955744890e-24
3.952152120399246163e-24
3.952070629270201140e-24
3.951147321638449101e-24
3.942888775642857789e-24
3.881601088560705076e-24
3.519610113995472718e-24
2.348059994792802417e-24
9.535843105209039991e-25
3.219027928975967775e-25
1.461849725013910950e-25
1.159267433091968723e-25
1.151870614952918658e-25
1.151869044224467941e-25
1.151869044224465416e-25
1.151869044224465416e-25
1.151869044224465416e-25
1.151869044224465416e-25
1.151869044224465186e-25
1.151869044224450951e-25
1.151869044223980983e-25
1.151869044207599827e-25
1.151869043795648979e-25
1.151869035372280081e-25
1.151868869614747655e-25
1.151866387973184612e-25
1.151835463794705238e-25
1.151485114769329096e-25
1.148353607352964276e-25
1.125237157186512200e-25
9.929769627044587375e-26
6.096168649838453844e-26
2.261100343736433800e-26
7.344380629265640815e-27
3.300589741622114502e-27
2.612733808676855632e-27
2.595949531184670016e-27
2.595945967167133721e-27
2.595945967167127981e-27
2.595945967167127981e-27
2.595945967167127981e-27
2.595945967167127264e-27
2.595945967167104305e-27
2.595945967166357066e-27
2.595945967140303048e-27
2.595945966485095526e-27
2.595945953087736589e-27
2.595945689450545470e-27
2.595941742399428730e-27
2.595892557071173767e-27
2.595335267879150764e-27
2.590349642600418564e-27
2.553297817834884044e-27
2.332535959896923192e-27
1.594808499272957511e-27
6.674283592928336666e-28
2.284607357758387786e-28
1.041562014933440526e-28
8.265301153713071536e-29
8.212698927500640192e-29
8.212687757133395405e-29
8.212687757133378589e-29
8.212687757133378589e-29
8.212687757133378589e-29
8.212687757133376347e-29
8.212687757133325901e-29
8.212687757131677974e-29
8.212687757074182137e-29
8.212687755628326866e-29
8.212687726064180281e-29
8.212687144292131432e-29
8.212678434272386765e-29
8.212569895563395126e-29
8.211340022218482995e-29
8.200330208045582505e-29
8.118105450212887114e-29
7.613011433229631843e-29
5.711718043889086779e-29
2.723522030142835440e-29
9.981106183145171599e-30
4.643301593627909933e-30
3.697741123636500591e-30
3.674526361067248310e-30
3.674521430859438579e-30
3.674521430859430871e-30
3.674521430859430871e-30
3.674521430859430871e-30
3.674521430859430171e-30
3.674521430859414757e-30
3.674521430858900480e-30
3.674521430840956153e-30
3.674521430389722633e-30
3.674521421163120224e-30
3.674521239599316460e-30
3.674518521309798931e-30
3.674484647573853113e-30
3.674100798723832329e-30
3.670663037860833450e-30
3.644900288392750560e-30
3.483143135942496018e-30
2.814811524637889897e-30
1.527333069871857167e-30
6.081744288363470008e-31
2.907115291275852513e-31
2.326448407466951002e-31
2.312120730720906133e-31
2.312117687531506740e-31
2.312117687531501923e-31
2.312117687531501923e-31
2.312117687531501923e-31
2.312117687531495355e-31
2.312117687531269833e-31
2.312117687523405921e-31
2.312117687325643734e-31
2.312117683281903181e-31
2.312117603707977467e-31
2.312116412363585257e-31
2.312101566480884650e-31
2.311933330782892988e-31
2.310426131523450884e-31
2.299103798959882084e-31
2.226895335360699945e-31
1.906534741087491078e-31
1.168211754071382215e-31
5.124640757288390378e-32
2.538753077393122344e-32
2.045276019534519205e-32
2.033016095336800393e-32
2.033013490906035505e-32
2.033013490906031126e-32
2.033013490906031126e-32
2.033013490906031126e-32
2.033013490906026746e-32
2.033013490905889354e-32
2.033013490901091275e-32
2.033013490780436193e-32
2.033013488313342959e-32
2.033013439765143363e-32
2.033012712923601714e-32
2.033003655402319579e-32
2.032901011768032883e-32
2.031981238268430539e-32
2.025059988603070816e-32
1.980425776590735171e-32
1.771524117122955983e-32
1.210542266763836154e-32
5.915641764820191493e-33
3.068546387686426208e-33
2.494494112365862590e-33
2.480099884089131342e-33
2.480096825569751464e-33
2.480096825569745991e-33
2.480096825569745991e-33
2.480096825569745991e-33
2.480096825569745991e-33
2.480096825569630356e-33
2.480096825565597860e-33
2.480096825464195989e-33
2.480096823390775117e-33
2.480096782589385657e-33
2.480096171729476441e-33
2.480088559499586765e-33
2.480002293039796988e-33
2.479229151879998776e-33
2.473404314726294962e-33
2.435541994834888130e-33
2.251173811665882873e-33
1.689354483772660100e-33
9.258612190131467987e-34
5.086914316552260699e-34
4.185229012433300310e-34
4.162339395605533111e-34
4.162334530492051791e-34
4.162334530492044093e-34
4.162334530492044093e-34
4.162334530492044093e-34
4.162334530492044093e-34
4.162334530491912379e-34
4.162334530487304960e-34
4.162334530371436120e-34
4.162334528002223926e-34
4.162334481380157615e-34
4.162333783375659062e-34
4.162325085184379943e-34
4.162226510752929524e-34
4.161342964818817866e-34
4.154680682467789489e-34
4.111129975321736567e-34
3.892813743335029068e-34
3.156426806105364823e-34
1.942357831506487649e-34
1.143945781226580061e-34
9.560390696479059354e-35
9.511917085697288893e-35
9.511906778656049866e-35
9.511906778656032760e-35
9.511906778656032760e-35
9.511906778656032760e-35
9.511906778656032760e-35
9.511906778655830699e-35
9.511906778648792775e-35
9.511906778471812987e-35
9.511906774853052074e-35
9.511906703641974651e-35
9.511905637501881210e-35
9.511892351774612570e-35
9.511741786655654041e-35
9.510392130291868767e-35
9.500209070831751039e-35
9.433375990202842042e-35
9.091203919315192045e-35
7.841611780184598780e-35
5.392499610042002526e-35
3.441878619048305124e-35
2.934347053027251777e-35
2.920984261622383858e-35
2.920981418790332006e-35
2.920981418790327195e-35
2.920981418790327195e-35
2.920981418790327195e-35
2.920981418790327195e-35
2.920981418788922925e-35
2.920981418753606616e-35
2.920981418031463010e-35
2.920981403820917221e-35
2.920981191067025076e-35
2.920978539828505373e-35
2.920948493565859153e-35
2.920679145860209720e-35
2.918646073774020470e-35
2.905264748667069730e-35
2.835707255081822999e-35
2.565826998858329376e-35
1.951983639875034471e-35
1.361107339602810720e-35
1.189009806929633526e-35
1.184363927830878109e-35
1.184362938813383918e-35
1.184362938813382314e-35
1.184362938813382314e-35
1.184362938813382314e-35
1.184362938813382314e-35
1.184362938813027638e-35
1.184362938804107553e-35
1.184362938621715550e-35
1.184362935032549893e-35
1.184362881297177747e-35
1.184362211672102850e-35
1.184354622835544364e-35
1.184286590589868293e-35
1.183772921526079179e-35
1.180385300099977211e-35
1.162585456062524615e-35
1.090351022249734642e-35
9.046296534274514979e-36
6.910428099167519283e-36
6.209419292064168890e-36
6.189938557724506986e-36
6.189934407447524371e-36
6.189934407447517689e-36
6.189934407447517689e-36
6.189934407447517689e-36
6.189934407447517689e-36
6.189934407446433883e-36
6.189934407419167674e-36
6.189934406861665038e-36
6.189934395890940125e-36
6.189934231642187896e-36
6.189932184850555334e-36
6.189908988568455065e-36
6.189701033504071461e-36
6.188130574264909614e-36
6.177759291897354896e-36
6.122856815409918182e-36
5.892783132896144967e-36
5.241939696276356503e-36
4.366773152600898399e-36
4.043944080642069886e-36
4.034690226148211145e-36
4.034688252979563022e-36
4.034688252979559681e-36
4.034688252979559681e-36
4.034688252979559681e-36
4.034688252979559681e-36
4.034688252970087403e-36
4.034688252776400831e-36
4.034688248964983563e-36
4.034688191902160608e-36
4.034687480811648154e-36
4.034679422010116259e-36
4.034607173457074424e-36
4.034061485215597583e-36
4.030454520913504790e-36
4.011265818159931399e-36
3.929085354514275214e-36
3.679968605945602515e-36
3.300273186015121085e-36
3.145107546683722118e-36
3.140526669858010666e-36
3.140525692278339494e-36
3.140525692278337490e-36
3.140525692278337490e-36
3.140525692278337490e-36
3.140525692278337490e-36
3.140525692274897642e-36
3.140525692204557156e-36
3.140525690820378418e-36
3.140525670097077193e-36
3.140525411852848352e-36
3.140522485162980258e-36
3.140496246602266519e-36
3.140298052405770458e-36
3.138987281809397249e-36
3.131993027019027324e-36
3.101631222066012064e-36
3.005364621065046845e-36
2.845128169865593267e-36
2.774398473317284623e-36
2.772260341700486255e-36
2.772259885100139563e-36
2.772259885100138894e-36
2.772259885100138894e-36
2.772259885100138894e-36
2.772259885100138894e-36
2.772259885098957532e-36
2.772259885074801753e-36
2.772259884599458234e-36
2.772259877482827292e-36
2.772259788798653010e-36
2.772258783737527222e-36
2.772249773043470971e-36
2.772181707372271668e-36
2.771731418308405704e-36
2.769324793210127865e-36
2.758801219689213703e-36
2.724590496735086734e-36
2.664631682686841742e-36
2.636884953940365630e-36
2.636033372927964379e-36
2.636033190990407276e-36
2.636033190990407276e-36
2.636033190990407276e-36
2.636033190990407276e-36
2.636033190990407276e-36
2.636033190983309750e-36
2.636033190843640421e-36
2.636033188752576890e-36
2.636033162694709591e-36
2.636032867379827242e-36
2.636030219780954238e-36
2.636010219761493863e-36
2.635877892354958332e-36
2.635170148324310467e-36
2.632065351903867754e-36
2.621858182267544653e-36
2.603537296289452493e-36
2.594867253712780562e-36
2.594599196084904072e-36
2.594599138802664173e-36
2.594599138802664173e-36
2.594599138802664173e-36
2.594599138802664173e-36
2.594599138802664173e-36
2.594599138801011402e-36
2.594599138768491874e-36
2.594599138281625732e-36
2.594599132214523007e-36
2.594599063455790596e-36
2.594598447009726079e-36
2.594593790332205533e-36
2.594562978699891911e-36
2.594398144699360104e-36
2.593674236420145119e-36
2.591285139371677982e-36
2.586961173291778668e-36
2.584898742334357266e-36
2.584834809675558590e-36
2.584834796012475263e-36
2.584834796012475263e-36
2.584834796012475263e-36
2.584834796012475263e-36
2.584834796012475263e-36
2.584834796012182930e-36
2.584834796006431140e-36
2.584834795920314995e-36
2.584834794847171566e-36
2.584834782685195088e-36
2.584834673648804229e-36
2.584833849978755055e-36
2.584828399976277480e-36
2.584799242110882311e-36
2.584671152224917576e-36
2.584248002678740094e-36
2.583480521419611044e-36
2.583113707401873708e-36
2.583102328959681264e-36
2.583102326527938457e-36
2.583102326527938457e-36
2.583102326527938457e-36
2.583102326527938457e-36
2.583102326527938457e-36
2.583102326527177388e-36
2.583102326515781387e-36
2.583102326373763032e-36
2.583102324764270229e-36
2.583102310334599563e-36
2.583102201331621937e-36
2.583101480086813627e-36
2.583097621335664795e-36
2.583080669028763370e-36
2.583024656109561982e-36
2.582923022884868410e-36
2.582874429264542325e-36
2.582872921716031321e-36
2.582872921393844570e-36
2.582872921393844570e-36
2.582872921393844570e-36
2.582872921393844570e-36
2.582872921393769398e-36
2.582872921392643830e-36
2.582872921378615825e-36
2.582872921219640114e-36
2.582872919794366616e-36
2.582872909027726333e-36
2.582872837787605513e-36
2.582872456643318511e-36
2.582870782183995325e-36
2.582865249382883282e-36
2.582855209782080626e-36
2.582850409323144747e-36
2.582850260393075509e-36
2.582850260361246557e-36
2.582850260361246557e-36
2.582850260361246557e-36
2.582850260361246557e-36
2.582850260361241545e-36
2.582850260361158355e-36
2.582850260360122659e-36
2.582850260348384545e-36
2.582850260243148109e-36
2.582850259448185363e-36
2.582850254188114921e-36
2.582850226046023029e-36
2.582850102410894101e-36
2.582849693890759097e-36
2.582848952602234401e-36
2.582848598151481670e-36
2.582848587154935178e-36
2.582848587152584816e-36
2.582848587152584816e-36
2.582848587152584816e-36
2.582848587152584816e-36
2.582848587152584816e-36
2.582848587152580472e-36
2.582848587152523008e-36
2.582848587151873192e-36
2.582848587146051576e-36
2.582848587102072235e-36
2.582848586811070969e-36
2.582848585254176170e-36
2.582848578414354783e-36
2.582848555813936824e-36
2.582848514803873024e-36
2.582848495194701407e-36
2.582848494586342406e-36
2.582848494586212777e-36
2.582848494586212777e-36
2.582848494586212777e-36
2.582848494586212777e-36
2.582848494586212443e-36
2.582848494586210104e-36
2.582848494586183042e-36
2.582848494585941157e-36
2.582848494584113988e-36
2.582848494572022735e-36
2.582848494507332808e-36
2.582848494223135064e-36
2.582848493284075888e-36
2.582848491580086820e-36
2.582848490765316214e-36
2.582848490740038208e-36
2.582848490740033196e-36
2.582848490740033196e-36
2.582848490740033196e-36
2.582848490740033196e-36
2.582848490740033196e-36
2.582848490740033196e-36
2.582848490740031860e-36
2.582848490740024510e-36
2.582848490739967714e-36
2.582848490739589183e-36
2.582848490737565901e-36
2.582848490728675951e-36
2.582848490699302601e-36
2.582848490646001993e-36
2.582848490620515845e-36
2.582848490619725709e-36
2.582848490619725041e-36
2.582848490619725041e-36
2.582848490619725041e-36
2.582848490619725041e-36
2.582848490619725041e-36
2.582848490619725041e-36
2.582848490619725041e-36
2.582848490619725041e-36
2.582848490619723370e-36
2.582848490619714684e-36
2.582848490619666574e-36
2.582848490619456428e-36
2.582848490618763180e-36
2.582848490617505644e-36
2.582848490616903938e-36
2.582848490616884894e-36
2.582848490616884894e-36
2.582848490616884894e-36
2.582848490616884894e-36
2.582848490616884894e-36
2.582848490616884894e-36
2.582848490616884894e-36
2.582848490616884894e-36
2.582848490616884894e-36
2.582848490616884894e-36
2.582848490616883892e-36
2.582848490616880217e-36
2.582848490616867855e-36
2.582848490616845471e-36
2.582848490616834446e-36
2.582848490616833778e-36
2.582848490616833778e-36
2.582848490616833778e-36
2.582848490616833778e-36
2.582848490616833778e-36
2.582848490616833778e-36
2.582848490616833778e-36
2.582848490616833778e-36
2.582848490616833778e-36
2.582848490616833778e-36
2.582848490616833778e-36
2.582848490616833778e-36
2.582848490616833778e-36
2.582848490616833444e-36
2.582848490616833444e-36
2.582848490616833444e-36
2.582848490616833444e-36
2.582848490616833444e-36
2.582848490616833444e-36
2.582848490616833444e-36
2.582848490616833444e-36
2.582848490616833444e-36
2.582848490616833444e-36
2.582848490616833444e-36
2.582848490616833444e-36
2.582848490616833444e-36
2.582848490616833444e-36
2.582848490616833444e-36
2.582848490616833444e-36
2.582848490616833444e-36
2.582848490616833444e-36
2.582848490616833444e-36
2.582848490616833444e-36
2.582848490616833444e-36
2.582848490616833444e-36
2.582848490616833444e-36
2.582848490616833444e-36
2.582848490616833444e-36
2.582848490616833444e-36
2.582848490616833444e-36
2.582848490616833444e-36
2.582848490616833444e-36
2.582848490616833444e-36
2.582848490616833444e-36
2.582848490616833444e-36
2.582848490616833444e-36
2.582848490616833444e-36
2.582848490616833444e-36
2.582848490616833444e-36
2.582848490616833444e-36
2.582848490616833444e-36
2.582848490616833444e-36
2.582848490616833444e-36
2.582848490616833444e-36
2.582848490616833444e-36
2.582848490616833444e-36
2.582848490616833444e-36
2.582848490616833444e-36
2.582848490616833444e-36
2.582848490616833444e-36
2.582848490616833444e-36
2.582848490616833444e-36
2.582848490616833444e-36
2.582848490616833444e-36
2.582848490616833444e-36
2.582848490616833444e-36
2.582848490616833444e-36
2.582848490616833444e-36
2.582848490616833444e-36
2.582848490616833444e-36
2.582848490616833444e-36
2.582848490616833444e-36
2.582848490616833444e-36
2.582848490616833444e-36
2.582848490616833444e-36
2.582848490616833444e-36
2.582848490616833444e-36
2.582848490616833444e-36
2.582848490616833444e-36
2.582848490616833444e-36
2.582848490616833444e-36
2.582848490616833444e-36
2.582848490616833444e-36
2.582848490616833444e-36
2.582848490616833444e-36
2.582848490616833444e-36
2.582848490616833444e-36
2.582848490616833444e-36
2.582848490616833444e-36
2.582848490616833444e-36
2.582848490616833444e-36
2.582848490616833444e-36
2.582848490616833444e-36
2.582848490616833444e-36
2.582848490616833444e-36
2.582848490616833444e-36
2.582848490616833444e-36
2.582848490616833444e-36
2.582848490616833444e-36
2.582848490616833444e-36
2.582848490616833444e-36
2.582848490616833444e-36
2.582848490616833444e-36
2.582848490616833444e-36
2.582848490616833444e-36
2.582848490616833444e-36
2.582848490616833444e-36
2.582848490616833444e-36
2.582848490616833444e-36
2.582848490616833444e-36
2.582848490616833444e-36
2.582848490616833444e-36
2.582848490616833444e-36
2.582848490616833444e-36
2.582848490616833444e-36
2.582848490616833444e-36
2.582848490616833444e-36
2.582848490616833444e-36
2.582848490616833444e-36
2.582848490616833444e-36
2.582848490616833444e-36
2.582848490616833444e-36
2.582848490616833444e-36
2.582848490616833444e-36
2.582848490616833444e-36
2.582848490616833444e-36
2.582848490616833444e-36
2.582848490616833444e-36
2.582848490616833444e-36
2.582848490616833444e-36
2.582848490616833444e-36
2.582848490616833444e-36
2.582848490616833444e-36
2.582848490616833444e-36
2.582848490616833444e-36
2.582848490616833444e-36
2.582848490616833444e-36
2.582848490616833444e-36
2.582848490616833444e-36
2.582848490616833444e-36
2.582848490616833444e-36
2.582848490616833444e-36
2.582848490616833444e-36
2.582848490616833444e-36
2.582848490616833444e-36
2.582848490616833444e-36
2.582848490616833444e-36
2.582848490616833444e-36
2.582848490616833444e-36
2.582848490616833444e-36
2.582848490616833444e-36
2.582848490616833444e-36
2.582848490616833444e-36
2.582848490616833444e-36
2.582848490616833444e-36
2.582848490616833444e-36
2.582848490616833444e-36
2.582848490616833444e-36
2.582848490616833444e-36
2.582848490616833444e-36
2.582848490616833444e-36
2.582848490616833444e-36
2.582848490616833444e-36
2.582848490616833444e-36
2.582848490616833444e-36
2.582848490616833444e-36
2.582848490616833444e-36
2.582848490616833444e-36
2.582848490616833444e-36
2.582848490616833444e-36
2.582848490616833444e-36
2.582848490616833444e-36
2.582848490616833444e-36
2.582848490616833444e-36
2.582848490616833444e-36
2.582848490616833444e-36
2.582848490616833444e-36
2.582848490616833444e-36
2.582848490616833444e-36
2.582848490616833444e-36
2.582848490616833444e-36
2.582848490616833444e-36
2.582848490616833444e-36
2.582848490616833444e-36
2.582848490616833444e-36
2.582848490616833444e-36
2.582848490616833444e-36
2.582848490616833444e-36
2.582848490616833444e-36
2.582848490616833444e-36
2.582848490616833444e-36
2.582848490616833444e-36
2.582848490616833444e-36
2.582848490616833444e-36
2.582848490616833444e-36
2.582848490616833444e-36
2.582848490616833444e-36
2.582848490616833444e-36
2.582848490616833444e-36
2.582848490616833444e-36
2.582848490616833444e-36
2.582848490616833444e-36
2.582848490616833444e-36
2.582848490616833444e-36
2.582848490616833444e-36
2.582848490616833444e-36
2.582848490616833444e-36
2.582848490616833444e-36
2.582848490616833444e-36
2.582848490616833444e-36
2.582848490616833444e-36
2.582848490616833444e-36
2.582848490616833444e-36
2.582848490616833444e-36
2.582848490616833444e-36
2.582848490616833444e-36
2.582848490616833444e-36
2.582848490616833444e-36
2.582848490616833444e-36
2.582848490616833444e-36
2.582848490616833444e-36
2.582848490616833444e-36
2.582848490616833444e-36
2.582848490616833444e-36
2.582848490616833444e-36
2.582848490616833444e-36
2.582848490616833444e-36
2.582848490616833444e-36
2.582848490616833444e-36
2.582848490616833444e-36
2.582848490616833444e-36
2.582848490616833444e-36
2.582848490616833444e-36
2.582848490616833444e-36
2.582848490616833444e-36
2.582848490616833444e-36
2.582848490616833444e-36
2.582848490616833444e-36
2.582848490616833444e-36
2.582848490616833444e-36
2.582848490616833444e-36
2.582848490616833444e-36
2.582848490616833444e-36
2.582848490616833444e-36
2.582848490616833444e-36
2.582848490616833444e-36
2.582848490616833444e-36
2.582848490616833444e-36
2.582848490616833444e-36
2.582848490616833444e-36
2.582848490616833444e-36
2.582848490616833444e-36
2.582848490616833444e-36
2.582848490616833444e-36
2.582848490616833444e-36
2.582848490616833444e-36
2.582848490616833444e-36
2.582848490616833444e-36
2.582848490616833444e-36
2.582848490616833444e-36
2.582848490616833444e-36
2.582848490616833444e-36
2.582848490616833444e-36
2.582848490616833444e-36
2.582848490616833444e-36
2.582848490616833444e-36
2.582848490616833444e-36
2.582848490616833444e-36
2.582848490616833444e-36
2.582848490616833444e-36
2.582848490616833444e-36
2.582848490616833444e-36
2.582848490616833444e-36
2.582848490616833444e-36
2.582848490616833444e-36
2.582848490616833444e-36
