1.000000000000041522e+00
1.000000000000041522e+00
1.000000000000041522e+00
1.000000000000041522e+00
1.000000000000041522e+00
1.000000000000041522e+00
1.000000000000041522e+00
1.000000000000041522e+00
1.000000000000041522e+00
1.000000000000041522e+00
1.000000000000041522e+00
1.000000000000041522e+00
1.000000000000041522e+00
1.000000000000041300e+00
1.000000000000041300e+00
1.000000000000041300e+00
1.000000000000041300e+00
1.000000000000038192e+00
1.000000000000037970e+00
1.000000000000037970e+00
1.000000000000037970e+00
1.000000000000037970e+00
1.000000000000037970e+00
1.000000000000038192e+00
1.000000000000038192e+00
1.000000000000038192e+00
1.000000000000038192e+00
1.000000000000038192e+00
1.000000000000038192e+00
1.000000000000038192e+00
1.000000000000038192e+00
1.000000000000038192e+00
1.000000000000038192e+00
1.000000000000038192e+00
1.000000000000038192e+00
1.000000000000038192e+00
1.000000000000038192e+00
1.000000000000038192e+00
1.000000000000038192e+00
1.000000000000038192e+00
1.000000000000037970e+00
1.000000000000038192e+00
1.000000000000038192e+00
1.000000000000037970e+00
1.000000000000037970e+00
1.000000000000037970e+00
1.000000000000037970e+00
1.000000000000037970e+00
1.000000000000037970e+00
1.000000000000037970e+00
1.000000000000037970e+00
1.000000000000037970e+00
1.000000000000038192e+00
1.000000000000038192e+00
1.000000000000038192e+00
1.000000000000038192e+00
1.000000000000038192e+00
1.000000000000038192e+00
1.000000000000038192e+00
1.000000000000038192e+00
1.000000000000038192e+00
1.000000000000038192e+00
1.000000000000038192e+00
1.000000000000038192e+00
1.000000000000038192e+00
1.000000000000038192e+00
1.000000000000038192e+00
1.000000000000037970e+00
1.000000000000037970e+00
1.000000000000037970e+00
1.000000000000037970e+00
1.000000000000030864e+00
1.000000000000030864e+00
1.000000000000030864e+00
1.000000000000030864e+00
1.000000000000030864e+00
1.000000000000030864e+00
1.000000000000030864e+00
1.000000000000030864e+00
1.000000000000030864e+00
1.000000000000030864e+00
1.000000000000030864e+00
1.000000000000030864e+00
1.000000000000030864e+00
1.000000000000030864e+00
1.000000000000030642e+00
1.000000000000030642e+00
1.000000000000030864e+00
1.000000000000030864e+00
1.000000000000030864e+00
1.000000000000030642e+00
1.000000000000030642e+00
1.000000000000030642e+00
1.000000000000030864e+00
1.000000000000030864e+00
1.000000000000030864e+00
1.000000000000030864e+00
1.000000000000030864e+00
1.000000000000030864e+00
1.000000000000030642e+00
1.000000000000030642e+00
1.000000000000030642e+00
1.000000000000030642e+00
1.000000000000030864e+00
1.000000000000030864e+00
1.000000000000030642e+00
1.000000000000030420e+00
1.000000000000030420e+00
1.000000000000030420e+00
1.000000000000030420e+00
1.000000000000030420e+00
1.000000000000030420e+00
1.000000000000018430e+00
1.000000000000018430e+00
1.000000000000018430e+00
1.000000000000018430e+00
1.000000000000018430e+00
1.000000000000018430e+00
1.000000000000018430e+00
1.000000000000018430e+00
1.000000000000018430e+00
1.000000000000018430e+00
1.000000000000018430e+00
1.000000000000018430e+00
1.000000000000018430e+00
1.000000000000018430e+00
1.000000000000018430e+00
1.000000000000018430e+00
1.000000000000014877e+00
1.000000000000014877e+00
1.000000000000014877e+00
1.000000000000014877e+00
1.000000000000014877e+00
1.000000000000014877e+00
1.000000000000014877e+00
1.000000000000014877e+00
1.000000000000014877e+00
1.000000000000014877e+00
1.000000000000014877e+00
1.000000000000014877e+00
1.000000000000014877e+00
1.000000000000014877e+00
1.000000000000014877e+00
1.000000000000014877e+00
1.000000000000014877e+00
1.000000000000014877e+00
1.000000000000014877e+00
1.000000000000014877e+00
1.000000000000014877e+00
1.000000000000014877e+00
1.000000000000014877e+00
1.000000000000014877e+00
1.000000000000014877e+00
1.000000000000014877e+00
1.000000000000014877e+00
1.000000000000014877e+00
1.000000000000014877e+00
1.000000000000014877e+00
1.000000000000014877e+00
1.000000000000014877e+00
1.000000000000014877e+00
1.000000000000015099e+00
1.000000000000015099e+00
1.000000000000015099e+00
1.000000000000015099e+00
1.000000000000015099e+00
1.000000000000015099e+00
1.000000000000015099e+00
1.000000000000015099e+00
1.000000000000015099e+00
1.000000000000015099e+00
1.000000000000015099e+00
1.000000000000015099e+00
1.000000000000015099e+00
1.000000000000015099e+00
1.000000000000015099e+00
1.000000000000015099e+00
1.000000000000015099e+00
1.000000000000015099e+00
1.000000000000015099e+00
1.000000000000015099e+00
1.000000000000015099e+00
1.000000000000015099e+00
1.000000000000015099e+00
1.000000000000015099e+00
1.000000000000015099e+00
1.000000000000015099e+00
1.000000000000015099e+00
1.000000000000015099e+00
1.000000000000015099e+00
1.000000000000015099e+00
1.000000000000015099e+00
1.000000000000015099e+00
1.000000000000015099e+00
1.000000000000015099e+00
1.000000000000015099e+00
1.000000000000015099e+00
1.000000000000015099e+00
1.000000000000015099e+00
1.000000000000015099e+00
1.000000000000015099e+00
1.000000000000015099e+00
1.000000000000013323e+00
1.000000000000013323e+00
1.000000000000013323e+00
1.000000000000013323e+00
1.000000000000013323e+00
1.000000000000013323e+00
1.000000000000013323e+00
1.000000000000013323e+00
1.000000000000012879e+00
1.000000000000012879e+00
1.000000000000012879e+00
1.000000000000012879e+00
1.000000000000012879e+00
1.000000000000012879e+00
1.000000000000012879e+00
1.000000000000012879e+00
1.000000000000012879e+00
1.000000000000012879e+00
1.000000000000012879e+00
1.000000000000012879e+00
1.000000000000012879e+00
1.000000000000012879e+00
1.000000000000012879e+00
1.000000000000012879e+00
1.000000000000012879e+00
1.000000000000012879e+00
1.000000000000012879e+00
1.000000000000012879e+00
1.000000000000012434e+00
1.000000000000012434e+00
1.000000000000012434e+00
1.000000000000012434e+00
1.000000000000012434e+00
1.000000000000012434e+00
1.000000000000012434e+00
1.000000000000012434e+00
1.000000000000012434e+00
1.000000000000012434e+00
1.000000000000012434e+00
1.000000000000012434e+00
1.000000000000012434e+00
1.000000000000012434e+00
1.000000000000012434e+00
1.000000000000012434e+00
1.000000000000012434e+00
1.000000000000012434e+00
1.000000000000012434e+00
1.000000000000012434e+00
1.000000000000009770e+00
1.000000000000009770e+00
1.000000000000009770e+00
1.000000000000009770e+00
1.000000000000009770e+00
1.000000000000009770e+00
1.000000000000009770e+00
1.000000000000009770e+00
1.000000000000009770e+00
1.000000000000009770e+00
1.000000000000009770e+00
1.000000000000009770e+00
1.000000000000009770e+00
1.000000000000009770e+00
1.000000000000009770e+00
1.000000000000009770e+00
1.000000000000009770e+00
1.000000000000009770e+00
1.000000000000009770e+00
1.000000000000009770e+00
1.000000000000009770e+00
1.000000000000009770e+00
1.000000000000009770e+00
1.000000000000009770e+00
1.000000000000009770e+00
1.000000000000009770e+00
1.000000000000009770e+00
1.000000000000009770e+00
1.000000000000009770e+00
1.000000000000009770e+00
1.000000000000009770e+00
1.000000000000009770e+00
1.000000000000009770e+00
1.000000000000009992e+00
1.000000000000009770e+00
1.000000000000009770e+00
1.000000000000009770e+00
1.000000000000009992e+00
1.000000000000009770e+00
1.000000000000009770e+00
1.000000000000009770e+00
1.000000000000009770e+00
1.000000000000009770e+00
1.000000000000009770e+00
1.000000000000009770e+00
1.000000000000009992e+00
1.000000000000009992e+00
1.000000000000009770e+00
1.000000000000009770e+00
1.000000000000009770e+00
1.000000000000009770e+00
1.000000000000009770e+00
1.000000000000009770e+00
1.000000000000009770e+00
1.000000000000009770e+00
1.000000000000009770e+00
1.000000000000009770e+00
1.000000000000009770e+00
1.000000000000009770e+00
1.000000000000009770e+00
1.000000000000009770e+00
1.000000000000009992e+00
1.000000000000009770e+00
1.000000000000009770e+00
1.000000000000009770e+00
1.000000000000009770e+00
1.000000000000009770e+00
1.000000000000009770e+00
1.000000000000009770e+00
1.000000000000009770e+00
1.000000000000009770e+00
1.000000000000009992e+00
1.000000000000009770e+00
1.000000000000009770e+00
1.000000000000009992e+00
1.000000000000009770e+00
1.000000000000009770e+00
1.000000000000009770e+00
1.000000000000009770e+00
1.000000000000009770e+00
1.000000000000009770e+00
1.000000000000009770e+00
1.000000000000009770e+00
1.000000000000009770e+00
1.000000000000009770e+00
1.000000000000009770e+00
1.000000000000009770e+00
1.000000000000009770e+00
1.000000000000009770e+00
1.000000000000009770e+00
1.000000000000009770e+00
1.000000000000009770e+00
1.000000000000009770e+00
1.000000000000009770e+00
1.000000000000009770e+00
1.000000000000009770e+00
1.000000000000009770e+00
1.000000000000009770e+00
1.000000000000009770e+00
1.000000000000009770e+00
1.000000000000009770e+00
1.000000000000009992e+00
1.000000000000009992e+00
1.000000000000009992e+00
1.000000000000009992e+00
1.000000000000009992e+00
1.000000000000009992e+00
1.000000000000001998e+00
1.000000000000001998e+00
1.000000000000001998e+00
1.000000000000001998e+00
1.000000000000001998e+00
1.000000000000001998e+00
1.000000000000002220e+00
1.000000000000002220e+00
1.000000000000002220e+00
1.000000000000002220e+00
1.000000000000002220e+00
1.000000000000002220e+00
1.000000000000001332e+00
1.000000000000001332e+00
9.999999999999897859e-01
9.999999999999076294e-01
9.999999999999076294e-01
9.999999999999076294e-01
9.999999999999076294e-01
9.999999999999076294e-01
9.999999999999076294e-01
9.999999999998004929e-01
9.999999999998004929e-01
9.999999999998004929e-01
9.999999999998004929e-01
9.999999999998004929e-01
9.999999999998004929e-01
9.999999999998004929e-01
9.999999999997403188e-01
9.999999999996289635e-01
9.999999999996290745e-01
9.999999999970090592e-01
9.999999999970090592e-01
9.999999999970090592e-01
9.999999999970090592e-01
9.999999999933159023e-01
9.999999999933157913e-01
9.999999999933157913e-01
9.999999999933157913e-01
9.999999999933157913e-01
9.999999999900420766e-01
9.999999999900420766e-01
9.999999999900420766e-01
9.999999999900420766e-01
9.999999999900420766e-01
9.999999999422610752e-01
9.999999999422611863e-01
9.999999999420006169e-01
9.999999999418944796e-01
9.999999998378288346e-01
9.999999998378288346e-01
9.999999998378288346e-01
9.999999998378288346e-01
9.999999998378288346e-01
9.999999997236583837e-01
9.999999997236582727e-01
9.999999997236581617e-01
9.999999997236581617e-01
9.999999997236581617e-01
9.999999997072911428e-01
9.999999997072911428e-01
9.999999997072911428e-01
9.999999997072911428e-01
9.999999992800000514e-01
9.999999970437157826e-01
9.999999970435269336e-01
9.999999970435269336e-01
9.999999944196586998e-01
9.999999944196586998e-01
9.999999944196588109e-01
9.999999944196588109e-01
9.999999944196471535e-01
9.999999944196471535e-01
9.999999944196471535e-01
9.999999937531304228e-01
9.999999918897251039e-01
9.999999608302457821e-01
9.999999608302458931e-01
9.999999608302458931e-01
9.999999608302457821e-01
9.999999608293015374e-01
9.999999168911026803e-01
9.999999168905652214e-01
9.999999168905652214e-01
9.999999168905652214e-01
9.999999168905652214e-01
9.999998993563559146e-01
9.999998993563559146e-01
9.999998993563559146e-01
9.999998993563556926e-01
9.999998993563556926e-01
9.999998993563556926e-01
9.999998993563524730e-01
9.999996519935224759e-01
9.999996519935225869e-01
9.999996516807903024e-01
9.999996495966467780e-01
9.999990560380085380e-01
9.999990560380085380e-01
9.999990560380085380e-01
9.999990560380085380e-01
9.999990560377164384e-01
9.999987446266028757e-01
9.999987446263258750e-01
9.999987446263258750e-01
9.999987446263258750e-01
9.999987446263256530e-01
9.999987214361726329e-01
9.999987214361726329e-01
9.999987214361726329e-01
9.999987214361726329e-01
9.999977256651031432e-01
9.999916445328871362e-01
9.999916440600379319e-01
9.999916440600379319e-01
9.999877948719044785e-01
9.999877948719044785e-01
9.999877948719042564e-01
9.999877948717550424e-01
9.999877948569886321e-01
9.999877948569886321e-01
9.999877948569886321e-01
9.999872622277931056e-01
9.999851405349137190e-01
9.999851405349137190e-01
9.999433499306116246e-01
9.999433499306116246e-01
9.999433499306092932e-01
9.999084409983589605e-01
9.999084408105783917e-01
9.999084403871087989e-01
9.999084403871087989e-01
9.999084403871087989e-01
9.999084403871087989e-01
9.999004424518839196e-01
9.999004424518839196e-01
9.999004424518839196e-01
9.999004424518220802e-01
9.999004424518220802e-01
9.999004424518220802e-01
9.999004424508700639e-01
9.997218078424812138e-01
9.997218078424812138e-01
9.997217052405474869e-01
9.997208048567443051e-01
9.994680769524681985e-01
9.994680769524681985e-01
9.994680769524681985e-01
9.994680769524681985e-01
9.994680767500809804e-01
9.993877379408667716e-01
9.993877378899420627e-01
9.993877378899421737e-01
9.993877378899421737e-01
9.993877378899282959e-01
9.993816552132964715e-01
9.993816552132964715e-01
9.993816552132964715e-01
9.993816552132964715e-01
9.993816552132964715e-01
9.989747980940938410e-01
9.975693193461195873e-01
9.975691964788444555e-01
9.975691964788444555e-01
9.970085638181187537e-01
9.970085638181187537e-01
9.970085638181183096e-01
9.970085637621204366e-01
9.970085620795937631e-01
9.970085620795937631e-01
9.970085620795937631e-01
9.969268986165386037e-01
9.969268986165386037e-01
9.969268986165386037e-01
9.964496322596846367e-01
9.912568028486745675e-01
9.912568028486744565e-01
9.912568028485847504e-01
9.884018377223557916e-01
9.884018053996046493e-01
9.884017742263795370e-01
9.884017742263795370e-01
9.884017742263795370e-01
9.884017742263795370e-01
9.877040955393769917e-01
9.877040955393769917e-01
9.877040955393769917e-01
9.877040955290035118e-01
9.877040955290035118e-01
9.877040955290035118e-01
9.877040955000621070e-01
9.758044497297079234e-01
9.758044497297079234e-01
9.758011103057846469e-01
9.757152975441956144e-01
9.643340035634113683e-01
9.643340035634113683e-01
9.643340035634113683e-01
9.643340035634113683e-01
9.643339895645989257e-01
9.605277267296211674e-01
9.605277258536242257e-01
9.605277258536240037e-01
9.605277258536240037e-01
9.605277258526067063e-01
9.603933021364274847e-01
9.603933021364274847e-01
9.603933021364274847e-01
9.603933021364274847e-01
9.603933021364274847e-01
9.462533826853191110e-01
9.120195576364277246e-01
9.120122394106144892e-01
9.120122394106144892e-01
8.981251342656049186e-01
8.981251342656049186e-01
8.981251342655987013e-01
8.981251189364610754e-01
8.981251174208128019e-01
8.981251174208128019e-01
8.981251174208128019e-01
8.971920292539400377e-01
8.971920292539400377e-01
8.971920292539400377e-01
8.889873965093895158e-01
8.238509789063620525e-01
8.238509789063560573e-01
8.238509789056140953e-01
7.869293889878451465e-01
7.869287150781570928e-01
7.869285646912503873e-01
7.869285646912503873e-01
7.869285646912503873e-01
7.869285646912503873e-01
7.828794885291469052e-01
7.828794885291469052e-01
7.828794885291469052e-01
7.828794885291469052e-01
7.828794884054780523e-01
7.828794884054780523e-01
7.828794884054780523e-01
7.828794882794709586e-01
7.098739417870294499e-01
7.098739417870294499e-01
7.098617081911791082e-01
7.090779523461010481e-01
6.317831047943739398e-01
6.317831047943739398e-01
6.317831047943737177e-01
6.317831047943737177e-01
6.317829785727201442e-01
6.200300070837594379e-01
6.200300049291664894e-01
6.200300049291663784e-01
6.200300049291663784e-01
6.200300049236746602e-01
6.197905335559360518e-01
6.197905335559360518e-01
6.197905335559360518e-01
6.197905335559360518e-01
6.197905335559360518e-01
5.778634035360156185e-01
4.587770023419226462e-01
4.587537597152192004e-01
4.587537597152192004e-01
4.342178960298635482e-01
4.342178960298635482e-01
4.342178960298635482e-01
4.342178960298572754e-01
4.342178725648425663e-01
4.342178649398527046e-01
4.342178649398527046e-01
4.342178649398527046e-01
4.332442854860356629e-01
4.332442854860356629e-01
4.332442854860356629e-01
4.206347091467573240e-01
3.028547187812971608e-01
3.028547187812845598e-01
3.028547187809139118e-01
2.639620796131016411e-01
2.639605494395104723e-01
2.639603892614901248e-01
2.639603892614901248e-01
2.639603892614901248e-01
2.639603892614901248e-01
2.613672372138055588e-01
2.613672372138055588e-01
2.613672372138055588e-01
2.613672372138055588e-01
2.613672368952774661e-01
2.613672368952774661e-01
2.613672368952774661e-01
2.613672368413714198e-01
1.879236333556716654e-01
1.879236333556716654e-01
1.879178916322691295e-01
1.874210820071557648e-01
1.391474145352777081e-01
1.391474145352777081e-01
1.391474145352776248e-01
1.391474145352776248e-01
1.391472850577571974e-01
1.344981049233172632e-01
1.344981043242151897e-01
1.344981043242151619e-01
1.344981043242151619e-01
1.344981043169230228e-01
1.344038283898498776e-01
1.344038283898498776e-01
1.344038283898498776e-01
1.344038283898498776e-01
1.344038283898498776e-01
1.090759080200304210e-01
6.490988911446803067e-02
6.489925793256356990e-02
6.489925793256356990e-02
6.489925793256356990e-02
5.890044255285992181e-02
5.890044255285992181e-02
5.890044255285992181e-02
5.890044255285905445e-02
5.890043817865619341e-02
5.890043377313327472e-02
5.890043377313327472e-02
5.890043377313327472e-02
5.865885404459858510e-02
5.865885404459858510e-02
5.865885404459858510e-02
5.397808687795659088e-02
2.795448522373300895e-02
2.795448522372501188e-02
2.795448522369541056e-02
2.203304038819756117e-02
2.203258641973477455e-02
2.203256498491817233e-02
2.203256498491817233e-02
2.203256498491817233e-02
2.203256498491817233e-02
2.162160863021218848e-02
2.162160863021218848e-02
2.162160863021218848e-02
2.162160863021218848e-02
2.162160853372304195e-02
2.162160853372304195e-02
2.162160853372304195e-02
2.162160853037948388e-02
2.162160853037948388e-02
1.183672776042814928e-02
1.183672776042814928e-02
1.183633613104407775e-02
1.174225535339054084e-02
7.193887395378742271e-03
7.193887395378742271e-03
7.193887395378711913e-03
7.193887395378711913e-03
7.193868092224995833e-03
6.724886657357087398e-03
6.724886633343013682e-03
6.724886633343010213e-03
6.724886633343010213e-03
6.724886632172174215e-03
6.724886632172174215e-03
6.720120748064530025e-03
6.720120748064530025e-03
6.720120748064530025e-03
6.720120748064530025e-03
6.720120748064530025e-03
4.721236839755809343e-03
2.164544861678542771e-03
2.163070249469117249e-03
2.163070249469117249e-03
2.163070249469117249e-03
1.785828179501922162e-03
1.785828179501922162e-03
1.785828179501922162e-03
1.785828179501895924e-03
1.785827856546007763e-03
1.785827745096540487e-03
1.785827745096540487e-03
1.785827745096540487e-03
1.778404693382630098e-03
1.778404693382630098e-03
1.558545579762689835e-03
1.558545579762689835e-03
6.461117794079696908e-04
6.461117794072095567e-04
6.461117794065074273e-04
4.169848477162364179e-04
4.169555370749501548e-04
4.169551873461168593e-04
4.169551873461168593e-04
4.169551873461168593e-04
4.169551873461168593e-04
4.093325278293759545e-04
4.093325278293759545e-04
4.093325278293759545e-04
4.093325278293759545e-04
4.093325241327944479e-04
4.093325241327944479e-04
4.093325241327944479e-04
4.093325240849903478e-04
4.093325240849903478e-04
2.022005779010055144e-04
2.022005779010055144e-04
2.021955068377267203e-04
1.993092586588300305e-04
9.071435546097129845e-05
9.071435546097129845e-05
9.071435546097010583e-05
9.071435546097010583e-05
9.071370153499467084e-05
8.517686530499475682e-05
8.517686507669357352e-05
8.517686507669354641e-05
8.517686507669354641e-05
8.517686505063907045e-05
8.517686505063907045e-05
8.514058907323938062e-05
8.514058907323938062e-05
8.514058907323938062e-05
8.514058907323938062e-05
8.514058907323938062e-05
5.906758638209639830e-05
2.013752008866108627e-05
2.011547035092956716e-05
2.011547035092956716e-05
2.011547035092956716e-05
1.693944495935363891e-05
1.693944495935363891e-05
1.693944495935363891e-05
1.693944495935351016e-05
1.693943727489289838e-05
1.693943645328356372e-05
1.693943645328356033e-05
1.693943645328356033e-05
1.693943645328356033e-05
1.689663762167852181e-05
1.689663762167852181e-05
1.484289088589960032e-05
4.955828614052007700e-06
4.955828614041841610e-06
4.955828614041841610e-06
4.955828614039406391e-06
4.954936407835515225e-06
3.379418244320446009e-06
3.379415869836630601e-06
3.379415869836630601e-06
3.379415869836630601e-06
3.379415869836630601e-06
3.339671015917847836e-06
3.339671015917847836e-06
3.339671015917847836e-06
3.339671015917847836e-06
3.339670942416041219e-06
3.339670942416041219e-06
3.339670942416041219e-06
3.339670942416041219e-06
3.339670942229122646e-06
1.407626519479919165e-06
1.407626519479919165e-06
1.388662951967112473e-06
1.388640175363307967e-06
6.978453127005572932e-07
6.978453127005572932e-07
6.978453127005388702e-07
6.978369993992955402e-07
6.978369993992955402e-07
6.682558319664108005e-07
6.682558310167236010e-07
6.682558310167236010e-07
6.682558310167236010e-07
6.682558304966822174e-07
6.682558304966822174e-07
6.680324576669319310e-07
6.680324576669319310e-07
6.680324576669319310e-07
6.680324576669319310e-07
6.680324576669319310e-07
4.121917598917426436e-07
1.554492302504747017e-07
1.552407912318533422e-07
1.552407912318533422e-07
1.552407912318533422e-07
1.369626279248736643e-07
1.369626279248736643e-07
1.369626279248736643e-07
1.369625181654304899e-07
1.369625181654300399e-07
1.369625142866320492e-07
1.369625142866320228e-07
1.369625142866320228e-07
1.369625142866320228e-07
1.366635958639455734e-07
1.366635958639455734e-07
1.127995424805860700e-07
1.127995424787105935e-07
3.914851579039350474e-08
3.914851579039350474e-08
3.914851579038517338e-08
3.913988732607517199e-08
2.919174983502052155e-08
2.919173680591737854e-08
2.919173680591737854e-08
2.919173680591737854e-08
2.919173680591737854e-08
2.919173680591737854e-08
2.886789793099416609e-08
2.886789793099416609e-08
2.886789793099416609e-08
2.886789672856251609e-08
2.886789672856251609e-08
2.886789672856251609e-08
2.886789672856251609e-08
2.886789672780251909e-08
1.163289497382319317e-08
1.163289497382319317e-08
1.138231645960739484e-08
1.138220544806956303e-08
6.511603668999974771e-09
6.511603668999974771e-09
6.511603668999410634e-09
6.511603668999410634e-09
6.511490828849376875e-09
6.511490828849376875e-09
6.229711741094099682e-09
6.229711736566371089e-09
6.229711736566371089e-09
6.229711736566371089e-09
6.229711726650507927e-09
6.229711726650507927e-09
6.229711726650507927e-09
6.228303043827664533e-09
6.228303043827664533e-09
6.228303043827664533e-09
6.228303043827664533e-09
3.609970637919208611e-09
1.548569355906821025e-09
1.544524399430276990e-09
1.544524399430276990e-09
1.544524399430276990e-09
1.348568394347585913e-09
1.348568394347585913e-09
1.348568394347585913e-09
1.348566739508719631e-09
1.348566739508716736e-09
1.348566718852734504e-09
1.348566718852733056e-09
1.348566718852733056e-09
1.348566718852733056e-09
1.346459184192247079e-09
1.346459184192247079e-09
1.346459184133547240e-09
1.067270941590664209e-09
4.046415738381138801e-10
4.046415738381138801e-10
4.046415738380589243e-10
4.044614099950321517e-10
2.919945307797640436e-10
2.919944591827536269e-10
2.919944591827536269e-10
2.919944591827536269e-10
2.919944591827536269e-10
2.919944591827536269e-10
2.919944591827536269e-10
2.896320561238095605e-10
2.896320561238095605e-10
2.896320373079416794e-10
2.896320373079416794e-10
2.896320373079416794e-10
2.896320373079416794e-10
2.896320373032195121e-10
1.223389456317760137e-10
1.223389456317760137e-10
1.188834378694151049e-10
1.188827728941860468e-10
6.411097751716380151e-11
6.411097751716380151e-11
6.411097751715178154e-11
6.411097751715178154e-11
6.410883940924013185e-11
6.410883940924013185e-11
6.410883940924013185e-11
6.209868391695622385e-11
6.209868388918515990e-11
6.209868388918515990e-11
6.209868373602326030e-11
6.209868373602326030e-11
6.209868373602326030e-11
6.209868373602326030e-11
6.209099713218487327e-11
6.209099713218487327e-11
6.209099713218487327e-11
3.728772777202132808e-11
3.728772777202132808e-11
1.489389087040114172e-11
1.484694130070174086e-11
1.484694130070174086e-11
1.484694130070174086e-11
1.347847932909335188e-11
1.347847932909335188e-11
1.347847932909335188e-11
1.347844701698871950e-11
1.347844701698870658e-11
1.347844688961954572e-11
1.347844688961951018e-11
1.347844688961951018e-11
1.347844688961951018e-11
1.346687870032591656e-11
1.346687869941311306e-11
1.085433488849121304e-11
1.085433488849121304e-11
3.847438840534089750e-12
3.847438840534089750e-12
3.845394146450310718e-12
3.845394146450099884e-12
3.037002361372393523e-12
3.037001883272149393e-12
3.037001883272149393e-12
3.037001883272149393e-12
3.037001883272149393e-12
3.037001883272149393e-12
3.037001883272149393e-12
3.022920218952874661e-12
3.022919818309525015e-12
3.022919818309525015e-12
3.022919818309525015e-12
3.022919818309525015e-12
3.022919818309525015e-12
3.022919818287633809e-12
1.180506803771131110e-12
1.150813164142268180e-12
1.150813164142268180e-12
1.150809317724409769e-12
7.187459853601583228e-13
7.187459853601583228e-13
7.187459853599234568e-13
7.187122484399028926e-13
7.187122484399028926e-13
7.187122484399028926e-13
7.187122484399028926e-13
7.046705395531598948e-13
7.046705394009749189e-13
7.046705394009749189e-13
7.046705355459092667e-13
7.046705355459092667e-13
7.046705355459092667e-13
7.046705355459092667e-13
7.046094355587637557e-13
7.046094355587637557e-13
7.046094355587637557e-13
3.859932883656860958e-13
3.859932883656860958e-13
1.811026905000983468e-13
1.804643284505347186e-13
1.804643284505347186e-13
1.804643284505347186e-13
1.690115204103049672e-13
1.690108825712433216e-13
1.690108825712433216e-13
1.690108825712433216e-13
1.690108825712432459e-13
1.690108817189562073e-13
1.690108817189553491e-13
1.690108817189553491e-13
1.690108817189553491e-13
1.688985810514785777e-13
1.688985810234132544e-13
1.269819327037679669e-13
4.982305033824939068e-14
4.982305033824939068e-14
4.982305033824939068e-14
4.979151004729412463e-14
4.979151004729412463e-14
4.186791931655825496e-14
4.186791931655742192e-14
4.186791544965270297e-14
4.186791544965270297e-14
4.186791544965270297e-14
4.186791544965270297e-14
4.186791544965270297e-14
4.186791544965270297e-14
4.170260138331508086e-14
4.170259181079118365e-14
4.170259181079118365e-14
4.170259181079118365e-14
4.170259181079118365e-14
4.170259181079118365e-14
4.170259181079118365e-14
4.170259181065257763e-14
1.625823987115075372e-14
1.565009665455833319e-14
1.565009665455833319e-14
1.565006638169783907e-14
1.080146166078382077e-14
1.080146166077345198e-14
1.080146166077345198e-14
1.080076072833802220e-14
1.080076072833802220e-14
1.080076072833802220e-14
1.080076072833802220e-14
1.060473368124913125e-14
1.060473368010243042e-14
1.060473357049128522e-14
1.060473357049128522e-14
1.060473357049128522e-14
1.060473357049128522e-14
1.060473357049128522e-14
1.060414465370060679e-14
1.060414465370060679e-14
1.060414465370060679e-14
5.572388696337453761e-15
5.572388696337453761e-15
2.937743592271405495e-15
2.919425205374163695e-15
2.919425205374163695e-15
2.919425205374163695e-15
2.734393659406883862e-15
2.734378300365825944e-15
2.734378300365825944e-15
2.734378300365825944e-15
2.734378300365783740e-15
2.734378300365782951e-15
2.734378292943722804e-15
2.734378292943722804e-15
2.734378292943722804e-15
2.733127077571446772e-15
2.733127076648804523e-15
1.968719183917702874e-15
8.491718026148443646e-16
8.491718026148443646e-16
8.491718026148443646e-16
8.491718026148443646e-16
8.481704570262907533e-16
7.073986163938404732e-16
7.073986163938322888e-16
7.073985796673052855e-16
7.073985796673052855e-16
7.073985796673052855e-16
7.073985796673052855e-16
7.073985796673052855e-16
7.073985796673052855e-16
7.053879618336098312e-16
7.053877098800334139e-16
7.053877098800334139e-16
7.053877098800334139e-16
7.053877098800332167e-16
7.053877098800332167e-16
7.053877098800332167e-16
7.053877098786506393e-16
2.874959146269343989e-16
2.738194382871150899e-16
2.738194382871150899e-16
2.738191299690088983e-16
1.844145011437326964e-16
1.844145011433532296e-16
1.844145011433532296e-16
1.843921601745544870e-16
1.843921601745544870e-16
1.843921601745544870e-16
1.843921601745544870e-16
1.819485889067355547e-16
1.819485888949669579e-16
1.819485859266047329e-16
1.819485859266047329e-16
1.819485859266047329e-16
1.819485859266047329e-16
1.819485859266047329e-16
1.819485859266047329e-16
1.819428180913117834e-16
1.819428180913117834e-16
9.830918174440267288e-17
9.830918174440267288e-17
9.830918174440267288e-17
4.973496463027883657e-17
4.935387946281531303e-17
4.935387946281531303e-17
4.935387946281531303e-17
4.706270808410017520e-17
4.706221055452908651e-17
4.706221055452908651e-17
4.706221055452749646e-17
4.706221055452749646e-17
4.706221047787472046e-17
4.706221047787470814e-17
4.706221047787470814e-17
4.706221047787470814e-17
4.704987672684333605e-17
4.704987670169004386e-17
3.441784542574859408e-17
1.420608173358837855e-17
1.420608173358837855e-17
1.420608173358837855e-17
1.420608173358837855e-17
1.418571629293578557e-17
1.242571466996254252e-17
1.242571466996248089e-17
1.242571427489594754e-17
1.242571427489594754e-17
1.242571427489594754e-17
1.242571427489594754e-17
1.242571427489594754e-17
1.242571427489594754e-17
1.242570572556320455e-17
1.240504206185239357e-17
1.240504206185239357e-17
1.240504206185239357e-17
1.240504206185239357e-17
1.240504206185238894e-17
1.240504206185238894e-17
1.240504206184163763e-17
4.812031095633114285e-18
4.600831781520944011e-18
4.600831781520944011e-18
4.600828746795391657e-18
3.416462835558155077e-18
3.416462835546174252e-18
3.416462835546174252e-18
3.416462835546174252e-18
3.415905508677535124e-18
3.415905508677535124e-18
3.415905508677535124e-18
3.387863037883457095e-18
3.387863037780851637e-18
3.387862925243576916e-18
3.387862925243576916e-18
3.387862925243576916e-18
3.387862925243576916e-18
3.387862925243576916e-18
3.387862925243576916e-18
3.387793206748881266e-18
3.387793206748881266e-18
1.712906151432182321e-18
1.712906151432182321e-18
1.712906151432182321e-18
1.712906151432182321e-18
9.934527406010798674e-19
9.851097791546748410e-19
9.851097791546748410e-19
9.542593550230580310e-19
9.542444868126795928e-19
9.542444868126195038e-19
9.542444868126195038e-19
9.542444868126195038e-19
9.542444860201247539e-19
9.542444860201247539e-19
9.542444860201247539e-19
9.542444860201247539e-19
9.540676872488360798e-19
9.540676861178393052e-19
6.537385875532430972e-19
3.040552907003006298e-19
3.040552907003006298e-19
3.040552907003006298e-19
3.040552907003006298e-19
3.035431483505913767e-19
2.757389899945844776e-19
2.757389899945838035e-19
2.757389899945838035e-19
2.757389899945838035e-19
2.757389851022334734e-19
2.757389851022334734e-19
2.757389851022334734e-19
2.757389851022334734e-19
2.757386790830821149e-19
2.753837839005486315e-19
2.753837839005486315e-19
2.753837839005486315e-19
2.753837839005483908e-19
2.753837839005483908e-19
2.753837839005483908e-19
2.753837839005483908e-19
1.105636791785264418e-19
1.105636791785089640e-19
1.038052961694430573e-19
1.038052573204687747e-19
1.038052573204687747e-19
8.237064382781057978e-20
8.237064382704898282e-20
8.237064382704898282e-20
8.235285579046295689e-20
8.235285579046295689e-20
8.235285579046295689e-20
8.235285579046295689e-20
8.178386282584425099e-20
8.178385805886917967e-20
8.178385805886917967e-20
8.178385805764656323e-20
8.178385805764656323e-20
8.178385805764656323e-20
8.178385805764656323e-20
8.178385805764656323e-20
8.178283634507303137e-20
8.178283634507303137e-20
8.178283634507303137e-20
4.079871177874551727e-20
4.079871177874551727e-20
2.592242180643710838e-20
2.592242180643710838e-20
2.592242180643710838e-20
2.557357203476041248e-20
2.484655646236356273e-20
2.484600297869562842e-20
2.484600297869562842e-20
2.484600297869118073e-20
2.484600297869118073e-20
2.484600296770541452e-20
2.484600296770541452e-20
2.484600296770541452e-20
2.484298861223110179e-20
2.484298861223110179e-20
2.484298855649024752e-20
1.646229060576640262e-20
8.384085436984509389e-21
8.384085436984509389e-21
8.384085436984509389e-21
8.384085436984509389e-21
8.360076842410675369e-21
7.622085519806075173e-21
7.622085519806075173e-21
7.622085519806075173e-21
7.622085519806063136e-21
7.622085443368095893e-21
7.622085443368095893e-21
7.622085443368095893e-21
7.622085443368095893e-21
7.622085443368095893e-21
7.622072603839015766e-21
7.615250551840141590e-21
7.615250551840141590e-21
7.615250551840141590e-21
7.615250551840122029e-21
7.615250551840122029e-21
7.615250551840122029e-21
7.615250551840122029e-21
3.211160171925624701e-21
3.211160171925334683e-21
2.971997603046727817e-21
2.971996951901564049e-21
2.971996951901564049e-21
2.359204032348150181e-21
2.359204032302738107e-21
2.359204032302738107e-21
2.358303446368627823e-21
2.358303446368627823e-21
2.358303446368627823e-21
2.358303446368627823e-21
2.346546806438510321e-21
2.346546806438510321e-21
2.346546590954262391e-21
2.346546590954262391e-21
2.346546590934456157e-21
2.346546590934456157e-21
2.346546590934456157e-21
2.346546590934456157e-21
2.346546590934456157e-21
2.346529392280252368e-21
1.197867056974867117e-21
1.197867056974867117e-21
1.197867056974867117e-21
1.197867056974867117e-21
7.545944654578537533e-22
7.420545983851330878e-22
7.420545983851330878e-22
7.265422851403124436e-22
7.265130725894635611e-22
7.265130725894635611e-22
7.265130725891874610e-22
7.265130724043491558e-22
7.265130724043491558e-22
7.265130724043491558e-22
7.265130724043491558e-22
7.264603700808065470e-22
7.264603700808065470e-22
7.264603674635922610e-22
7.264603674635922610e-22
4.858364389075998151e-22
2.439711603848168095e-22
2.431065748812709633e-22
2.431065748812709633e-22
2.431065748812709633e-22
2.431065748812709633e-22
2.431065748812709633e-22
2.270318220106962777e-22
2.270318220106961366e-22
2.270318206761841074e-22
2.270318206761841074e-22
2.270318206761841074e-22
2.270318206761841074e-22
2.270318206761841074e-22
2.270311175109301300e-22
2.269073142914315067e-22
2.269073142914315067e-22
2.269073142914302372e-22
2.269073142914302372e-22
2.269073142914302372e-22
2.269073142914302372e-22
2.269073142914302372e-22
9.358019077454748536e-23
8.680730570219583247e-23
8.680730570219265864e-23
8.680729477066071457e-23
8.680729477066071457e-23
7.289906775300611538e-23
7.289906775062522211e-23
7.289906775062522211e-23
7.286247813355489994e-23
7.286247813355489994e-23
7.286247813355489994e-23
7.263258285854901087e-23
7.263258285854901087e-23
7.263258285854901087e-23
7.263257011462688749e-23
7.263257011462688749e-23
7.263257011462688749e-23
7.263257011434279401e-23
7.263257011434279401e-23
7.263257011434279401e-23
7.263224585858695687e-23
7.263224585858695687e-23
7.263224585858695687e-23
3.569474333783417362e-23
3.569474333783417362e-23
3.569474333783417362e-23
3.477003750686105516e-23
2.433525503469858212e-23
2.433525503469858212e-23
2.433525503469858212e-23
2.399176182028619354e-23
2.399040620369603629e-23
2.399040620367949708e-23
2.399040620066199721e-23
2.399040620066199721e-23
2.399040620066199721e-23
2.399040620066199721e-23
2.399040620066199721e-23
2.398927532031559827e-23
2.398927532031559827e-23
2.398927514414526790e-23
2.398927514414526790e-23
1.527781179565365864e-23
8.563936751938048551e-24
8.528514975513122895e-24
8.528514975513122895e-24
8.528514975513122895e-24
8.528514975513122895e-24
8.528514975513122895e-24
8.116291945207694268e-24
8.116291945207694268e-24
8.116291945207691329e-24
8.116291919672969743e-24
8.116291919672969743e-24
8.116291919672969743e-24
8.116291919672969743e-24
8.116253675036696763e-24
8.116253675036696763e-24
8.113139592339613596e-24
8.113139592339526903e-24
8.113139592339526903e-24
8.113139592339526903e-24
8.113139592339526903e-24
8.113139592339526903e-24
3.556744378873013058e-24
3.223481202617373285e-24
3.223481202617318551e-24
3.223481202617318551e-24
3.223481202329959039e-24
3.223480976653862611e-24
2.815602870605961752e-24
2.815602870605961752e-24
2.813787165509942400e-24
2.813787165509942400e-24
2.807035339100565346e-24
2.807035339100565346e-24
2.807035339100565346e-24
2.807035339100565346e-24
2.807035339100565346e-24
2.807034529058031423e-24
2.807034529058031423e-24
2.807034529058031423e-24
2.807034529052743902e-24
2.807034529052743902e-24
2.807034529052743902e-24
2.807027278218518489e-24
1.399515829334539275e-24
1.399515829334539275e-24
1.399515829334538908e-24
1.350423023710587483e-24
1.350423023710587483e-24
1.007381641472218910e-24
1.007381641472218910e-24
1.007381641472218910e-24
9.957682266340892740e-25
9.956905356732024295e-25
9.956905356714437797e-25
9.956905356066711022e-25
9.956905356066711022e-25
9.956905356066711022e-25
9.956905356066711022e-25
9.956905356066711022e-25
9.956613704212133561e-25
9.956613704212133561e-25
9.956613704212133561e-25
9.956613575062312274e-25
6.241848225950523023e-25
3.771678390452119269e-25
3.771678390452119269e-25
3.747777835108826728e-25
3.747777835108826728e-25
3.747777835108826728e-25
3.747777835108826728e-25
3.590100544414640383e-25
3.590100544414640383e-25
3.590100544414639465e-25
3.590100544414639465e-25
3.590100538188759910e-25
3.590100538188759910e-25
3.590100538188759910e-25
3.590075642841391126e-25
3.590075642841391126e-25
3.589163318673450719e-25
3.589163318673346945e-25
3.589163318673346945e-25
3.589163318673346945e-25
3.589163318673346945e-25
1.662563415611059930e-25
1.662563415611059930e-25
1.482407305316686660e-25
1.482407305316686660e-25
1.482407305316673573e-25
1.482407305058041398e-25
1.310593882112149867e-25
1.310593835623891446e-25
1.310593835623891446e-25
1.309222826362130857e-25
1.309222826362130857e-25
1.307032801837088009e-25
1.307032801837088009e-25
1.307032801837088009e-25
1.307032801837088009e-25
1.307032801837088009e-25
1.307032217537359267e-25
1.307032217537359267e-25
1.307032217537359267e-25
1.307032217536060024e-25
1.307032217536060024e-25
1.307032217536060024e-25
1.307030258523434025e-25
1.307030258523433566e-25
6.676928136727633680e-26
6.676928136727633680e-26
6.397881498645105645e-26
4.856177722252911260e-26
4.856177722252911260e-26
4.856177722252911260e-26
4.856177722252911260e-26
4.855533559792504039e-26
4.855533559774705746e-26
4.815009908656372978e-26
4.815009908484706033e-26
4.815009908484706033e-26
4.815009908484706033e-26
4.815009908484706033e-26
4.815009908484706033e-26
4.814924914709070298e-26
4.814924914709070298e-26
4.814924914709070298e-26
4.814924814224299908e-26
3.031140305829657792e-26
1.864338176995888127e-26
1.864338176995888127e-26
1.864338176995888127e-26
1.849675494417724264e-26
1.849675494417724264e-26
1.791535311502387594e-26
1.791535311502387594e-26
1.791535311502387594e-26
1.791535311502387594e-26
1.791535311502387594e-26
1.791535309745335206e-26
1.791513696025611161e-26
1.791513696025611161e-26
1.791513696025611161e-26
1.791513696025611161e-26
1.791513696025611161e-26
1.791230559632785111e-26
1.791230559632675196e-26
1.791230559632675196e-26
1.791230559632675196e-26
1.791230559632675196e-26
8.377893251159438854e-27
7.445551307499067466e-27
7.445551307499067466e-27
7.445551305328407805e-27
7.445551305328377672e-27
6.777437327985129464e-27
6.777437187093707046e-27
6.768220127988475382e-27
6.768220127988475382e-27
6.768220127988475382e-27
6.760922175242403944e-27
6.760922175242403944e-27
6.760922175242403944e-27
6.760922175242403944e-27
6.760922175242403944e-27
6.760922175242403944e-27
6.760922175242403944e-27
6.760916724565257244e-27
6.760916724565257244e-27
6.760916724565257244e-27
6.760916724562140577e-27
6.760916724562140577e-27
6.760916724562136272e-27
3.423808178842101138e-27
3.423806655384130853e-27
3.274078811448322347e-27
3.274078811448322347e-27
2.633515620020521776e-27
2.633515620020521776e-27
2.633515620020521776e-27
2.633515620020521776e-27
2.633515620003102807e-27
2.633039242979048742e-27
2.618149134978503218e-27
2.618149134978503218e-27
2.618149134932999448e-27
2.618149134932999448e-27
2.618149134932999448e-27
2.618149134932999448e-27
2.618149134932999448e-27
2.618120655523777470e-27
2.618120551943625532e-27
2.618120551943625532e-27
1.606518454276374094e-27
1.073435388081063458e-27
1.073435388081063458e-27
1.073435388081063458e-27
1.063509920838129879e-27
1.063509920838129879e-27
1.039342656733335442e-27
1.039342656733335442e-27
1.039342656733335442e-27
1.039342656733335442e-27
1.039342656733335442e-27
1.039342656203160872e-27
1.039342656203160872e-27
1.039324363092265238e-27
1.039324363092265238e-27
1.039324363092265238e-27
1.039324363092265238e-27
1.039324363092142014e-27
1.039216362117243171e-27
1.039216362117243171e-27
1.039216362117243171e-27
1.039216362117243171e-27
5.226109938797608656e-28
4.529819402149665017e-28
4.529819399348519161e-28
4.529819399348519161e-28
4.529819399348511089e-28
4.214813188512273974e-28
4.214813139660814962e-28
4.207526992456954434e-28
4.207526992456954434e-28
4.207526992456954434e-28
4.204329637702971678e-28
4.204329637702971678e-28
4.204329637702971678e-28
4.204329637702971678e-28
4.204329637702971678e-28
4.204329637702971678e-28
4.204329637702971678e-28
4.204324337096002374e-28
4.204324337096002374e-28
4.204324337096002374e-28
4.204324337095092091e-28
4.204324337095084916e-28
4.204324337095084916e-28
2.204170262448799100e-28
2.204169696379861600e-28
2.083465314600751356e-28
1.746579127679061503e-28
1.746579127679061503e-28
1.746579127679061503e-28
1.746579127679061503e-28
1.746579127679061503e-28
1.746579127652349615e-28
1.746150709487879959e-28
1.738718743471102171e-28
1.738718743471102171e-28
1.738718743455942140e-28
1.738718743455942140e-28
1.738718743455942140e-28
1.738718743455942140e-28
1.738718743455942140e-28
1.738707482632880427e-28
1.738707367753003894e-28
1.738707367753003894e-28
1.069265195992405157e-28
1.069265195992405157e-28
7.573243102457100768e-29
7.573243102457100768e-29
7.573243102457100768e-29
7.476372090624978673e-29
7.476372090624978673e-29
7.340389373131205870e-29
7.340389373131205870e-29
7.340389373131205870e-29
7.340389373131205870e-29
7.340389373131205870e-29
7.340389371133545047e-29
7.340389371133545047e-29
7.340202799689335006e-29
7.340202799687194943e-29
7.340202799687194943e-29
7.340202799687194943e-29
7.339719823775568919e-29
7.339719823775568919e-29
7.339719823775568919e-29
7.339719823775568919e-29
3.924957209180705037e-29
3.346554099394416163e-29
3.346554095549707758e-29
3.346554095549707758e-29
3.346554095549704955e-29
3.149474199992886987e-29
3.141474901942666271e-29
3.141474881441903475e-29
3.141474881441903475e-29
3.141474881441903475e-29
3.141474881441903475e-29
3.141474881441903475e-29
3.141474881441903475e-29
3.139876499183007654e-29
3.139876499183007654e-29
3.139876499183007654e-29
3.139870454170027712e-29
3.139870454170027712e-29
3.139870454170027712e-29
3.139870454170027712e-29
3.139870454170015381e-29
3.139870454169679630e-29
1.702277560138701374e-29
1.702277560138701374e-29
1.702277305090771109e-29
1.595406246651727215e-29
1.595406246651727215e-29
1.366645120065198728e-29
1.366645120065198728e-29
1.366645120065198728e-29
1.366645120065198728e-29
1.366645120024071459e-29
1.366129021185153417e-29
1.366129021185153417e-29
1.362045420200416745e-29
1.362045420200416745e-29
1.362045420194261402e-29
1.362045420194261402e-29
1.362045420194261402e-29
1.362045276044347514e-29
1.362045276044347514e-29
1.362040055958302411e-29
1.362040055958302411e-29
1.362040055958302411e-29
8.453727515870713721e-30
8.453727515870713721e-30
6.174830200438528792e-30
6.174830200438528792e-30
6.078686120434347474e-30
6.078686120434347474e-30
5.997695416439644631e-30
5.997695416439644631e-30
5.997695416439644631e-30
5.997695416439644631e-30
5.997695416439644631e-30
5.997695416439644631e-30
5.997695415557181127e-30
5.997450308053950382e-30
5.997450308053950382e-30
5.997450308050358153e-30
5.997450308050358153e-30
5.997450308050358153e-30
5.997206731447045597e-30
5.997206731447045597e-30
5.997206731447045597e-30
4.512255327381966273e-30
2.809345995243185466e-30
2.809345995243185466e-30
2.809345989703073164e-30
2.809345989703072814e-30
2.682989387158682217e-30
2.682989387158682217e-30
2.674304248075384865e-30
2.674304238245035815e-30
2.674304238245035815e-30
2.674304238245035815e-30
2.674304238245035815e-30
2.674304238245035815e-30
2.674304238245035815e-30
2.673429061171903326e-30
2.673429061171903326e-30
2.673429061171903326e-30
2.673420437417218066e-30
2.673420437417218066e-30
2.673420437417218066e-30
2.673420437417218066e-30
2.673420437417194945e-30
2.673420437417064624e-30
1.473035084440568552e-30
1.473035084440568552e-30
1.473035084440568552e-30
1.373799662229991053e-30
1.373799552316152480e-30
1.216586408598648519e-30
1.216586408598648519e-30
1.216586408532006268e-30
1.216586408532006268e-30
1.216586408532006268e-30
1.215974171634371099e-30
1.215974171634371099e-30
1.213527835967544541e-30
1.213527835967544541e-30
1.213527835964930419e-30
1.213527835964930419e-30
1.213527610790962269e-30
1.213527610790962269e-30
1.213524868970202460e-30
1.213524868970202460e-30
1.213524868970202460e-30
1.213524868970202460e-30
7.504245445141480059e-31
7.504245445141480059e-31
7.504245445141480059e-31
5.800540683843011419e-31
5.695094960771148817e-31
5.695094960771148817e-31
5.695094960771148817e-31
5.641181888240787329e-31
5.641181888240787329e-31
5.641181888240787329e-31
5.641181888240787329e-31
5.640857259076940816e-31
5.640857259076940816e-31
5.640857259076940816e-31
5.640857258659318841e-31
5.640857258652820320e-31
5.640857258652820320e-31
5.640857258652820320e-31
5.640714683575849659e-31
5.640714683575849659e-31
4.175856019467852418e-31
4.175855995380637090e-31
2.778481118964220175e-31
2.778481118964220175e-31
2.778481118964220175e-31
2.766884877217570520e-31
2.673219011929526910e-31
2.673219011929526472e-31
2.673219011929526472e-31
2.673219006674423389e-31
2.673219006674423389e-31
2.673219006674423389e-31
2.673219006674423389e-31
2.673219006674423389e-31
2.673219006674423389e-31
2.673219006674423389e-31
2.672640329979367485e-31
2.672640329979367485e-31
2.672627426519267063e-31
2.672627426519267063e-31
2.672627426519267063e-31
2.672627426519267063e-31
2.672627426519220208e-31
2.672627426519220208e-31
2.672627426519163280e-31
1.544536257965732354e-31
1.422438328453415565e-31
1.422438328453415565e-31
1.422438265410351222e-31
1.291864787761484589e-31
1.291864787761484589e-31
1.291864787761484589e-31
1.291864787613613225e-31
1.291004648359044920e-31
1.291004648359044920e-31
1.291004648359044920e-31
1.289178956630151623e-31
1.289178956630151623e-31
1.289178956628855422e-31
1.289178956628855422e-31
1.289178576166367446e-31
1.289178576166367446e-31
1.289178576166367446e-31
1.289176920658835878e-31
1.289176920658835878e-31
1.289176920658835878e-31
1.289176920658835878e-31
8.119475184971600800e-32
8.119475184971600800e-32
6.547620918984948034e-32
6.396123099155952434e-32
6.396123099155951340e-32
6.396123099155951340e-32
6.396123099155951340e-32
6.396123099155951340e-32
6.351017793186343779e-32
6.350505055041183608e-32
6.350505055041183608e-32
6.350505054808645791e-32
6.350505054808645791e-32
6.350505054808645791e-32
6.350505054792437804e-32
6.350505054792437804e-32
6.350505054792437804e-32
6.350408374237687520e-32
6.350408290837762890e-32
4.689878552125685441e-32
3.287264522789816195e-32
3.287264522789816195e-32
3.287264522789816195e-32
3.268894874229818702e-32
3.268894874229818702e-32
3.181745047218120139e-32
3.181745047218120139e-32
3.181745047218120139e-32
3.181745043947512513e-32
3.181745043947512513e-32
3.181745043947512513e-32
3.181745043947512513e-32
3.181745043947512513e-32
3.181745043947512513e-32
3.181745043947512513e-32
3.181306415642199670e-32
3.181283632855217912e-32
3.181283632855217912e-32
3.181283632855217912e-32
3.181283632855088182e-32
3.181283632855088182e-32
3.181283632855088182e-32
3.181283632855061361e-32
1.920209464490877121e-32
1.752537656414476240e-32
1.752537614371768363e-32
1.752537614371768363e-32
1.752537614371768363e-32
1.619125058203750471e-32
1.619125057855991709e-32
1.617594250959676579e-32
1.617594250959676579e-32
1.617594250959676579e-32
1.617594250959676579e-32
1.617594250959676579e-32
1.616060063711307502e-32
1.616060063711307502e-32
1.616060063711307502e-32
1.616060063711307502e-32
1.616060063711307502e-32
1.616060063711307502e-32
1.616060063711307502e-32
1.616060063711307502e-32
1.616060063711307502e-32
1.616060063711307502e-32
1.616060063711307502e-32
1.616060063711307502e-32
1.616060063711307502e-32
1.616060063711307502e-32
1.616060063711307502e-32
1.616060063711307502e-32
1.616060063711307502e-32
1.616060063711307502e-32
1.616060063711307502e-32
1.616060063711307502e-32
1.616060063711307502e-32
1.616060063711307502e-32
1.616060063711307502e-32
1.616060063711307502e-32
1.616060063711307502e-32
1.616060063711307502e-32
1.616060063711307502e-32
1.616060063711307502e-32
1.616060063711307502e-32
1.616060063711307502e-32
1.616060063711307502e-32
1.616060063711307502e-32
1.616060063711307502e-32
1.616060063711307502e-32
1.616060063711307502e-32
1.616060063711307502e-32
1.616060063711307502e-32
1.616060063711307502e-32
1.616060063711307502e-32
1.616060063711307502e-32
1.616060063711307502e-32
1.616060063711307502e-32
1.616060063711307502e-32
1.616060063711307502e-32
1.616060063711307502e-32
1.616060063711307502e-32
1.616060063711307502e-32
1.616060063711307502e-32
1.616060063711307502e-32
1.616060063711307502e-32
1.616060063711307502e-32
1.616060063711307502e-32
1.616060063711307502e-32
1.616060063711307502e-32
1.616060063711307502e-32
1.616060063711307502e-32
1.616060063711307502e-32
1.616060063711307502e-32
1.616060063711307502e-32
1.616060063711307502e-32
1.616060063711307502e-32
1.616060063711307502e-32
1.616060063711307502e-32
1.616060063711307502e-32
1.616060063711307502e-32
1.616060063711307502e-32
1.616060063711307502e-32
1.616060063711307502e-32
1.616060063711307502e-32
1.616060063711307502e-32
1.616060063711307502e-32
1.616060063711307502e-32
1.616060063711307502e-32
1.616060063711307502e-32
1.616060063711307502e-32
1.616060063711307502e-32
1.616060063711307502e-32
1.616060063711307502e-32
1.616060063711307502e-32
1.616060063711307502e-32
1.616060063711307502e-32
1.616060063711307502e-32
1.616060063711307502e-32
1.616060063711307502e-32
1.616060063711307502e-32
1.616060063711307502e-32
1.616060063711307502e-32
1.616060063711307502e-32
1.616060063711307502e-32
1.616060063711307502e-32
1.616060063711307502e-32
1.616060063711307502e-32
1.616060063711307502e-32
1.616060063711307502e-32
1.616060063711307502e-32
1.616060063711307502e-32
1.616060063711307502e-32
1.616060063711307502e-32
1.616060063711307502e-32
1.616060063711307502e-32
1.616060063711307502e-32
1.616060063711307502e-32
1.616060063711307502e-32
1.616060063711307502e-32
1.616060063711307502e-32
1.616060063711307502e-32
1.616060063711307502e-32
1.616060063711307502e-32
1.616060063711307502e-32
1.616060063711307502e-32
1.616060063711307502e-32
1.616060063711307502e-32
1.616060063711307502e-32
1.616060063711307502e-32
1.616060063711307502e-32
1.616060063711307502e-32
1.616060063711307502e-32
1.616060063711307502e-32
1.616060063711307502e-32
1.616060063711307502e-32
1.616060063711307502e-32
1.616060063711307502e-32
1.616060063711307502e-32
1.616060063711307502e-32
1.616060063711307502e-32
1.616060063711307502e-32
1.616060063711307502e-32
1.616060063711307502e-32
1.616060063711307502e-32
1.616060063711307502e-32
1.616060063711307502e-32
1.616060063711307502e-32
1.616060063711307502e-32
1.616060063711307502e-32
1.616060063711307502e-32
1.616060063711307502e-32
1.616060063711307502e-32
1.616060063711307502e-32
1.616060063711307502e-32
1.616060063711307502e-32
1.616060063711307502e-32
1.616060063711307502e-32
1.616060063711307502e-32
1.616060063711307502e-32
1.616060063711307502e-32
1.616060063711307502e-32
1.616060063711307502e-32
1.616060063711307502e-32
1.616060063711307502e-32
1.616060063711307502e-32
1.616060063711307502e-32
1.616060063711307502e-32
1.616060063711307502e-32
1.616060063711307502e-32
1.616060063711307502e-32
1.616060063711307502e-32
1.616060063711307502e-32
1.616060063711307502e-32
1.616060063711307502e-32
1.616060063711307502e-32
1.616060063711307502e-32
1.616060063711307502e-32
1.616060063711307502e-32
1.616060063711307502e-32
1.616060063711307502e-32
1.616060063711307502e-32
1.616060063711307502e-32
1.616060063711307502e-32
1.616060063711307502e-32
1.616060063711307502e-32
1.616060063711307502e-32
1.616060063711307502e-32
1.616060063711307502e-32
1.616060063711307502e-32
1.616060063711307502e-32
1.616060063711307502e-32
1.616060063711307502e-32
1.616060063711307502e-32
1.616060063711307502e-32
1.616060063711307502e-32
1.616060063711307502e-32
1.616060063711307502e-32
1.616060063711307502e-32
1.616060063711307502e-32
1.616060063711307502e-32
1.616060063711307502e-32
1.616060063711307502e-32
1.616060063711307502e-32
1.616060063711307502e-32
1.616060063711307502e-32
1.616060063711307502e-32
1.616060063711307502e-32
1.616060063711307502e-32
1.616060063711307502e-32
1.616060063711307502e-32
1.616060063711307502e-32
1.616060063711307502e-32
1.616060063711307502e-32
1.616060063711307502e-32
1.616060063711307502e-32
1.616060063711307502e-32
1.616060063711307502e-32
1.616060063711307502e-32
1.616060063711307502e-32
1.616060063711307502e-32
1.616060063711307502e-32
1.616060063711307502e-32
1.616060063711307502e-32
1.616060063711307502e-32
1.616060063711307502e-32
1.616060063711307502e-32
1.616060063711307502e-32
1.616060063711307502e-32
1.616060063711307502e-32
1.616060063711307502e-32
1.616060063711307502e-32
1.616060063711307502e-32
1.616060063711307502e-32
1.616060063711307502e-32
1.616060063711307502e-32
1.616060063711307502e-32
1.616060063711307502e-32
1.616060063711307502e-32
1.616060063711307502e-32
1.616060063711307502e-32
1.616060063711307502e-32
1.616060063711307502e-32
1.616060063711307502e-32
1.616060063711307502e-32
1.616060063711307502e-32
1.616060063711307502e-32
1.616060063711307502e-32
1.616060063711307502e-32
1.616060063711307502e-32
1.616060063711307502e-32
1.616060063711307502e-32
1.616060063711307502e-32
1.616060063711307502e-32
1.616060063711307502e-32
1.616060063711307502e-32
1.616060063711307502e-32
1.616060063711307502e-32
1.616060063711307502e-32
1.616060063711307502e-32
1.616060063711307502e-32
1.616060063711307502e-32
1.616060063711307502e-32
1.616060063711307502e-32
1.616060063711307502e-32
1.616060063711307502e-32
1.616060063711307502e-32
1.616060063711307502e-32
1.616060063711307502e-32
1.616060063711307502e-32
1.616060063711307502e-32
1.616060063711307502e-32
1.616060063711307502e-32
1.616060063711307502e-32
1.616060063711307502e-32
1.616060063711307502e-32
1.616060063711307502e-32
1.616060063711307502e-32
1.616060063711307502e-32
1.616060063711307502e-32
1.616060063711307502e-32
1.616060063711307502e-32
1.616060063711307502e-32
1.616060063711307502e-32
1.616060063711307502e-32
1.616060063711307502e-32
1.616060063711307502e-32
1.616060063711307502e-32
1.616060063711307502e-32
1.616060063711307502e-32
1.616060063711307502e-32
1.616060063711307502e-32
1.616060063711307502e-32
1.616060063711307502e-32
1.616060063711307502e-32
1.616060063711307502e-32
1.616060063711307502e-32
1.616060063711307502e-32
1.616060063711307502e-32
1.616060063711307502e-32
1.616060063711307502e-32
1.616060063711307502e-32
1.616060063711307502e-32
1.616060063711307502e-32
1.616060063711307502e-32
1.616060063711307502e-32
1.616060063711307502e-32
1.616060063711307502e-32
1.616060063711307502e-32
1.616060063711307502e-32
1.616060063711307502e-32
1.616060063711307502e-32
1.616060063711307502e-32
1.616060063711307502e-32
1.616060063711307502e-32
1.616060063711307502e-32
1.616060063711307502e-32
1.616060063711307502e-32
1.616060063711307502e-32
1.616060063711307502e-32
1.616060063711307502e-32
1.616060063711307502e-32
1.616060063711307502e-32
1.616060063711307502e-32
1.616060063711307502e-32
1.616060063711307502e-32
1.616060063711307502e-32
1.616060063711307502e-32
1.616060063711307502e-32
1.616060063711307502e-32
1.616060063711307502e-32
1.616060063711307502e-32
1.616060063711307502e-32
1.616060063711307502e-32
1.616060063711307502e-32
1.616060063711307502e-32
1.616060063711307502e-32
1.616060063711307502e-32
1.616060063711307502e-32
1.616060063711307502e-32
1.616060063711307502e-32
1.616060063711307502e-32
1.616060063711307502e-32
1.616060063711307502e-32
1.616060063711307502e-32
1.616060063711307502e-32
1.616060063711307502e-32
1.616060063711307502e-32
1.616060063711307502e-32
1.616060063711307502e-32
1.616060063711307502e-32
1.616060063711307502e-32
1.616060063711307502e-32
1.616060063711307502e-32
1.616060063711307502e-32
1.616060063711307502e-32
1.616060063711307502e-32
1.616060063711307502e-32
1.616060063711307502e-32
1.616060063711307502e-32
1.616060063711307502e-32
1.616060063711307502e-32
1.616060063711307502e-32
1.616060063711307502e-32
1.616060063711307502e-32
1.616060063711307502e-32
1.616060063711307502e-32
1.616060063711307502e-32
1.616060063711307502e-32
1.616060063711307502e-32
1.616060063711307502e-32
1.616060063711307502e-32
1.616060063711307502e-32
1.616060063711307502e-32
1.616060063711307502e-32
1.616060063711307502e-32
1.616060063711307502e-32
1.616060063711307502e-32
1.616060063711307502e-32
1.616060063711307502e-32
1.616060063711307502e-32
1.616060063711307502e-32
1.616060063711307228e-32
1.616060063711306680e-32
1.616060063711306133e-32
1.616060063711306133e-32
1.616060063711306133e-32
1.616060063711306133e-32
1.616060063711306133e-32
1.616060063711306133e-32
1.616060063711306133e-32
1.616060063711306133e-32
1.616060063711306133e-32
1.616060063711306133e-32
1.616060063711306133e-32
1.616060063711306133e-32
1.616060063711306133e-32
1.616060063711305586e-32
1.616060063711300659e-32
1.616060063711279585e-32
1.616060063711209520e-32
1.616060063711082254e-32
1.616060063711021221e-32
1.616060063711019579e-32
1.616060063711019579e-32
1.616060063711019579e-32
1.616060063711019579e-32
1.616060063711019579e-32
1.616060063711019579e-32
1.616060063711019579e-32
1.616060063711019579e-32
1.616060063711019579e-32
1.616060063711019305e-32
1.616060063711016842e-32
1.616060063710998231e-32
1.616060063710877807e-32
1.616060063710233811e-32
1.616060063707403024e-32
1.616060063698050178e-32
1.616060063681078866e-32
1.616060063672963925e-32
1.616060063672712403e-32
1.616060063672712403e-32
1.616060063672712403e-32
1.616060063672712403e-32
1.616060063672712403e-32
1.616060063672712403e-32
1.616060063672711855e-32
1.616060063672709666e-32
1.616060063672684760e-32
1.616060063672462797e-32
1.616060063670784796e-32
1.616060063659681969e-32
1.616060063600281694e-32
1.616060063339320508e-32
1.616060062477041898e-32
1.616060060912375844e-32
1.616060060164222868e-32
1.616060060141011946e-32
1.616060060141007020e-32
1.616060060141007020e-32
1.616060060141007020e-32
1.616060060141007020e-32
1.616060060141005925e-32
1.616060060140994704e-32
1.616060060140854847e-32
1.616060060139268807e-32
1.616060060125046997e-32
1.616060060017615848e-32
1.616060059306770527e-32
1.616060055503650874e-32
1.616060038795611569e-32
1.616059983588230654e-32
1.616059883410519005e-32
1.616059835510037601e-32
1.616059834023964138e-32
1.616059834023646383e-32
1.616059834023646383e-32
1.616059834023646383e-32
1.616059834023646383e-32
1.616059834023144707e-32
1.616059834016891960e-32
1.616059833946026490e-32
1.616059833310692272e-32
1.616059828511323034e-32
1.616059796755115572e-32
1.616059626855101192e-32
1.616058880442946367e-32
1.616056414122471364e-32
1.616051938827689796e-32
1.616049798951339803e-32
1.616049732563497928e-32
1.616049732549309781e-32
1.616049732549309781e-32
1.616049732549309781e-32
1.616049732549309781e-32
1.616049732533596900e-32
1.616049732337788430e-32
1.616049730118683971e-32
1.616049710223632705e-32
1.616049559934707952e-32
1.616048565511732789e-32
1.616043245234119005e-32
1.616019872360175200e-32
1.615942647567642965e-32
1.615802536532103402e-32
1.615735550309189008e-32
1.615733472204649661e-32
1.615733471760526177e-32
1.615733471760526177e-32
1.615733471760526177e-32
1.615733471760526177e-32
1.615733467445056773e-32
1.615733418537659494e-32
1.615732980065768918e-32
1.615729667818800765e-32
1.615707751863302764e-32
1.615590508614228248e-32
1.615075631682429077e-32
1.613376685636787245e-32
1.610302937265173422e-32
1.608837343924525367e-32
1.608791917742401037e-32
1.608791908034380712e-32
1.608791908034380712e-32
1.608791908034380712e-32
1.608791908034380712e-32
1.608791841333158141e-32
1.608791085405746922e-32
1.608784308282276510e-32
1.608733115149082736e-32
1.608394465259102531e-32
1.606585061437140706e-32
1.598683897599934904e-32
1.573120359401595034e-32
1.528762320538258068e-32
1.508424575691959424e-32
1.507802264402541364e-32
1.507802131459646579e-32
1.507802131459646305e-32
1.507802131459646305e-32
1.507802131459646305e-32
1.507801482906176238e-32
1.507794132861088079e-32
1.507728240321781812e-32
1.507230668383121471e-32
1.503946618753324103e-32
1.486616806038937992e-32
1.414986112133512832e-32
1.220646358120062891e-32
9.771265515884559852e-33
8.920334452702934125e-33
8.896298939735469294e-33
8.896293816809583508e-33
8.896293816809575298e-33
8.896293816809575298e-33
8.896293816809575298e-33
8.896091908656593059e-33
8.894282140352988249e-33
8.880634747700451632e-33
8.791378170810723018e-33
8.342765930143758305e-33
6.814974913332266705e-33
4.245831614707713070e-33
2.521178714622517803e-33
2.111140065434999298e-33
2.100541358993263471e-33
2.100539105256005936e-33
2.100539105256002173e-33
2.100539105256002173e-33
2.100539105256002173e-33
2.100539105256002173e-33
2.100475537196915582e-33
2.099905799007709249e-33
2.095611912873141313e-33
2.067636952769589268e-33
1.929808857510170628e-33
1.492675143114705892e-33
8.537058952646157576e-34
4.804837693694482113e-34
3.974095592057094406e-34
3.952892317023955476e-34
3.952887809730613828e-34
3.952887809730607841e-34
3.952887809730607841e-34
3.952887809730607841e-34
3.952887809730607841e-34
3.952069200216373086e-34
3.945896290458067173e-34
3.905532667358834332e-34
3.702881490465490210e-34
3.015479520854855636e-34
1.869023515185702185e-34
1.106008089652436921e-34
9.253722807077800843e-35
9.207071103658888805e-35
9.207061183725713361e-35
9.207061183725697325e-35
9.207061183725697325e-35
9.207061183725697325e-35
9.207061183725697325e-35
9.205762171140862188e-35
9.195961147897005996e-35
9.131632477922762226e-35
8.802202116398720382e-35
7.597998479669810451e-35
5.232624417787235857e-35
3.343735140262258544e-35
2.851542035264421188e-35
2.838579047443072568e-35
2.838576289644112675e-35
2.838576289644107864e-35
2.838576289644107864e-35
2.838576289644107864e-35
2.838576289644107864e-35
2.838314992572964724e-35
2.836342685038140003e-35
2.823361182520847466e-35
2.755878677235255756e-35
2.493996397389574756e-35
1.898031058560060402e-35
1.323952258587480956e-35
1.156671146760344801e-35
1.152154814503212321e-35
1.152153853061065300e-35
1.152153853061063830e-35
1.152153853061063830e-35
1.152153853061063830e-35
1.152153853061063830e-35
1.151654441365596613e-35
1.148360839605426416e-35
1.131054811974131045e-35
1.060820936325574281e-35
8.802179690107827919e-36
6.724725833699927516e-36
6.042784418610933021e-36
6.023832819634282047e-36
6.023828782082789485e-36
6.023828782082782803e-36
6.023828782082782803e-36
6.023828782082782803e-36
6.023828782082782803e-36
6.022300862692744921e-36
6.012210506873263276e-36
5.958795004208968703e-36
5.734949551354413568e-36
5.101698019959659084e-36
4.250124247301591191e-36
3.935979925986970478e-36
3.926974875045740727e-36
3.926972954927793040e-36
3.926972954927789699e-36
3.926972954927789699e-36
3.926972954927789699e-36
3.926972954927789699e-36
3.926441916729435521e-36
3.922931787645431535e-36
3.904258220587595390e-36
3.824283606324610523e-36
3.581850072060612286e-36
3.212330973049108688e-36
3.061320490596183941e-36
3.056862253684354997e-36
3.056861302276403885e-36
3.056861302276401880e-36
3.056861302276401880e-36
3.056861302276401880e-36
3.056861302276401880e-36
3.055585438585189616e-36
3.048777445453800393e-36
3.019224173480592307e-36
2.925520908680885970e-36
2.769550348609699462e-36
2.700703333580622133e-36
2.698622111670247401e-36
2.698621667223011625e-36
2.698621667223010957e-36
2.698621667223010957e-36
2.698621667223010957e-36
2.698621667223010957e-36
2.698183338562512659e-36
2.695840637240308792e-36
2.685596585204536229e-36
2.652294534372104001e-36
2.593928234264141946e-36
2.566918438959395562e-36
2.566089475101681391e-36
2.566089297996205585e-36
2.566089297996205250e-36
2.566089297996205250e-36
2.566089297996205250e-36
2.566089297996205250e-36
2.565960482829271842e-36
2.565271523766737937e-36
2.562249134891925580e-36
2.552312883216616938e-36
2.534478265551345840e-36
2.526038339559924745e-36
2.525777396588449852e-36
2.525777340826567055e-36
2.525777340826567055e-36
2.525777340826567055e-36
2.525777340826567055e-36
2.525777340826567055e-36
2.525616877297717174e-36
2.524912162998533178e-36
2.522586411371417089e-36
2.518377092528284144e-36
2.516369345613625867e-36
2.516307108088387660e-36
2.516307094787571865e-36
2.516307094787571865e-36
2.516307094787571865e-36
2.516307094787571865e-36
2.516307094787571865e-36
2.516278709883853906e-36
2.516154015602184134e-36
2.515742083556901653e-36
2.514994947874681199e-36
2.514637857928583633e-36
2.514626781123683092e-36
2.514626778756404363e-36
2.514626778756404363e-36
2.514626778756404363e-36
2.514626778756404363e-36
2.514626778756404363e-36
2.514623022296519721e-36
2.514606519376694559e-36
2.514551991298591435e-36
2.514453052259293297e-36
2.514405746802583179e-36
2.514404279217530427e-36
2.514404278903884495e-36
2.514404278903884495e-36
2.514404278903884495e-36
2.514404278903884495e-36
2.514402648832056551e-36
2.514397262697499427e-36
2.514387489231993134e-36
2.514382816026280375e-36
2.514382671044131845e-36
2.514382671013147152e-36
2.514382671013147152e-36
2.514382671013147152e-36
2.514382671013147152e-36
2.514382550655403071e-36
2.514382152964535571e-36
2.514381431326478377e-36
2.514381086271693340e-36
2.514381075566649592e-36
2.514381075564361372e-36
2.514381075564361372e-36
2.514381075564361372e-36
2.514381075564361372e-36
2.514381068905852992e-36
2.514381046904539586e-36
2.514381006981591427e-36
2.514380987892230116e-36
2.514380987299998243e-36
2.514380987299871621e-36
2.514380987299871621e-36
2.514380987299871621e-36
2.514380987299871621e-36
2.514380987023207732e-36
2.514380986109041684e-36
2.514380984450223008e-36
2.514380983657050680e-36
2.514380983632442535e-36
2.514380983632437524e-36
2.514380983632437524e-36
2.514380983632437524e-36
2.514380983632437524e-36
2.514380983603842282e-36
2.514380983551954565e-36
2.514380983527144626e-36
2.514380983526374870e-36
2.514380983526374870e-36
2.514380983526374870e-36
2.514380983526374870e-36
2.514380983526374870e-36
2.514380983525699997e-36
2.514380983524474868e-36
2.514380983523889199e-36
2.514380983523871492e-36
2.514380983523871492e-36
2.514380983523871492e-36
2.514380983523871492e-36
2.514380983523871492e-36
2.514380983523859130e-36
2.514380983523837414e-36
2.514380983523827391e-36
2.514380983523826723e-36
2.514380983523826723e-36
2.514380983523826723e-36
2.514380983523826723e-36
2.514380983523826723e-36
2.514380983523826723e-36
2.514380983523826055e-36
2.514380983523826055e-36
2.514380983523826055e-36
2.514380983523826055e-36
2.514380983523826055e-36
2.514380983523826055e-36
2.514380983523826055e-36
2.514380983523826055e-36
2.514380983523826055e-36
2.514380983523826055e-36
2.514380983523826055e-36
2.514380983523826055e-36
2.514380983523826055e-36
2.514380983523826055e-36
2.514380983523826055e-36
2.514380983523826055e-36
2.514380983523826055e-36
2.514380983523826055e-36
2.514380983523826055e-36
2.514380983523826055e-36
2.514380983523826055e-36
2.514380983523826055e-36
2.514380983523826055e-36
2.514380983523826055e-36
2.514380983523826055e-36
2.514380983523826055e-36
2.514380983523826055e-36
2.514380983523826055e-36
2.514380983523826055e-36
2.514380983523826055e-36
2.514380983523826055e-36
2.514380983523826055e-36
2.514380983523826055e-36
2.514380983523826055e-36
2.514380983523826055e-36
2.514380983523826055e-36
2.514380983523826055e-36
2.514380983523826055e-36
2.514380983523826055e-36
2.514380983523826055e-36
2.514380983523826055e-36
2.514380983523826055e-36
2.514380983523826055e-36
2.514380983523826055e-36
2.514380983523826055e-36
2.514380983523826055e-36
2.514380983523826055e-36
2.514380983523826055e-36
2.514380983523826055e-36
2.514380983523826055e-36
2.514380983523826055e-36
2.514380983523826055e-36
2.514380983523826055e-36
2.514380983523826055e-36
2.514380983523826055e-36
2.514380983523826055e-36
2.514380983523826055e-36
2.514380983523826055e-36
2.514380983523826055e-36
2.514380983523826055e-36
2.514380983523826055e-36
2.514380983523826055e-36
2.514380983523826055e-36
2.514380983523826055e-36
2.514380983523826055e-36
2.514380983523826055e-36
2.514380983523826055e-36
2.514380983523826055e-36
2.514380983523826055e-36
2.514380983523826055e-36
2.514380983523826055e-36
2.514380983523826055e-36
2.514380983523826055e-36
2.514380983523826055e-36
2.514380983523826055e-36
2.514380983523826055e-36
2.514380983523826055e-36
2.514380983523826055e-36
2.514380983523826055e-36
2.514380983523826055e-36
2.514380983523826055e-36
2.514380983523826055e-36
2.514380983523826055e-36
2.514380983523826055e-36
2.514380983523826055e-36
2.514380983523826055e-36
2.514380983523826055e-36
2.514380983523826055e-36
2.514380983523826055e-36
2.514380983523826055e-36
2.514380983523826055e-36
2.514380983523826055e-36
2.514380983523826055e-36
2.514380983523826055e-36
2.514380983523826055e-36
