1.000000000000095923e+00
1.000000000000035083e+00
1.000000000000035083e+00
1.000000000000035083e+00
1.000000000000035083e+00
1.000000000000035083e+00
1.000000000000035083e+00
1.000000000000035083e+00
1.000000000000035083e+00
1.000000000000035083e+00
1.000000000000035083e+00
1.000000000000035083e+00
1.000000000000035083e+00
1.000000000000025979e+00
1.000000000000025979e+00
1.000000000000025979e+00
1.000000000000025979e+00
1.000000000000025979e+00
1.000000000000025979e+00
1.000000000000026201e+00
1.000000000000026201e+00
1.000000000000026201e+00
1.000000000000026201e+00
1.000000000000026201e+00
1.000000000000026201e+00
1.000000000000026201e+00
1.000000000000026201e+00
1.000000000000026201e+00
1.000000000000026201e+00
1.000000000000026201e+00
1.000000000000026201e+00
1.000000000000025979e+00
1.000000000000025979e+00
1.000000000000025979e+00
1.000000000000025979e+00
1.000000000000025979e+00
1.000000000000025979e+00
1.000000000000025979e+00
1.000000000000025979e+00
1.000000000000025979e+00
1.000000000000025979e+00
1.000000000000025979e+00
1.000000000000025979e+00
1.000000000000025979e+00
1.000000000000025979e+00
1.000000000000025979e+00
1.000000000000025979e+00
1.000000000000025535e+00
1.000000000000021094e+00
1.000000000000021094e+00
1.000000000000021094e+00
1.000000000000021094e+00
1.000000000000021094e+00
1.000000000000021094e+00
1.000000000000021094e+00
1.000000000000021094e+00
1.000000000000021094e+00
1.000000000000021094e+00
1.000000000000021094e+00
1.000000000000021094e+00
1.000000000000021094e+00
1.000000000000021094e+00
1.000000000000021094e+00
1.000000000000020872e+00
1.000000000000020872e+00
1.000000000000020872e+00
1.000000000000020872e+00
1.000000000000020872e+00
1.000000000000020872e+00
1.000000000000021094e+00
1.000000000000021094e+00
1.000000000000021094e+00
1.000000000000021094e+00
1.000000000000021094e+00
1.000000000000021094e+00
1.000000000000021094e+00
1.000000000000021094e+00
1.000000000000021094e+00
1.000000000000021094e+00
1.000000000000021094e+00
1.000000000000021094e+00
1.000000000000021094e+00
1.000000000000021094e+00
1.000000000000021094e+00
1.000000000000021094e+00
1.000000000000021094e+00
1.000000000000021094e+00
1.000000000000021094e+00
1.000000000000021094e+00
1.000000000000021094e+00
1.000000000000021094e+00
1.000000000000021094e+00
1.000000000000020872e+00
1.000000000000020872e+00
1.000000000000020872e+00
1.000000000000020872e+00
1.000000000000021094e+00
1.000000000000021094e+00
1.000000000000020872e+00
1.000000000000020872e+00
1.000000000000020872e+00
1.000000000000021094e+00
1.000000000000021094e+00
1.000000000000021094e+00
1.000000000000021094e+00
1.000000000000021094e+00
1.000000000000021094e+00
1.000000000000020872e+00
1.000000000000020872e+00
1.000000000000021094e+00
1.000000000000021094e+00
1.000000000000021094e+00
1.000000000000021094e+00
1.000000000000021094e+00
1.000000000000021094e+00
1.000000000000021094e+00
1.000000000000021094e+00
1.000000000000021094e+00
1.000000000000019318e+00
1.000000000000019318e+00
1.000000000000019318e+00
1.000000000000019318e+00
1.000000000000019318e+00
1.000000000000019318e+00
1.000000000000019318e+00
1.000000000000019318e+00
1.000000000000019318e+00
1.000000000000019540e+00
1.000000000000019318e+00
1.000000000000019318e+00
1.000000000000019318e+00
1.000000000000019318e+00
1.000000000000019540e+00
1.000000000000019540e+00
1.000000000000019540e+00
1.000000000000019540e+00
1.000000000000019540e+00
1.000000000000019540e+00
1.000000000000019540e+00
1.000000000000019540e+00
1.000000000000019318e+00
1.000000000000019318e+00
1.000000000000019318e+00
1.000000000000019318e+00
1.000000000000019318e+00
1.000000000000019318e+00
1.000000000000019318e+00
1.000000000000019540e+00
1.000000000000019540e+00
1.000000000000019540e+00
1.000000000000019540e+00
1.000000000000019540e+00
1.000000000000019540e+00
1.000000000000019540e+00
1.000000000000019540e+00
1.000000000000019540e+00
1.000000000000019540e+00
1.000000000000019318e+00
1.000000000000019318e+00
1.000000000000019318e+00
1.000000000000019318e+00
1.000000000000019318e+00
1.000000000000019318e+00
1.000000000000019318e+00
1.000000000000019318e+00
1.000000000000019318e+00
1.000000000000019318e+00
1.000000000000019096e+00
1.000000000000019096e+00
1.000000000000019096e+00
1.000000000000019096e+00
1.000000000000019096e+00
1.000000000000019318e+00
1.000000000000019318e+00
1.000000000000019318e+00
1.000000000000019318e+00
1.000000000000019318e+00
1.000000000000019318e+00
1.000000000000019096e+00
1.000000000000019096e+00
1.000000000000019096e+00
1.000000000000019096e+00
1.000000000000019096e+00
1.000000000000019096e+00
1.000000000000019096e+00
1.000000000000019096e+00
1.000000000000019096e+00
1.000000000000019096e+00
1.000000000000019096e+00
1.000000000000019096e+00
1.000000000000019096e+00
1.000000000000019096e+00
1.000000000000019096e+00
1.000000000000019096e+00
1.000000000000019096e+00
1.000000000000019096e+00
1.000000000000019096e+00
1.000000000000019096e+00
1.000000000000019096e+00
1.000000000000019096e+00
1.000000000000019096e+00
1.000000000000019096e+00
1.000000000000019096e+00
1.000000000000019096e+00
1.000000000000019096e+00
1.000000000000019096e+00
1.000000000000019096e+00
1.000000000000019096e+00
1.000000000000019096e+00
1.000000000000019096e+00
1.000000000000019096e+00
1.000000000000019096e+00
1.000000000000019096e+00
1.000000000000019096e+00
1.000000000000019096e+00
1.000000000000019096e+00
1.000000000000019096e+00
1.000000000000019096e+00
1.000000000000019096e+00
1.000000000000019096e+00
1.000000000000019096e+00
1.000000000000019096e+00
1.000000000000019096e+00
1.000000000000019096e+00
1.000000000000019096e+00
1.000000000000019096e+00
1.000000000000019096e+00
1.000000000000019096e+00
1.000000000000019096e+00
1.000000000000019096e+00
1.000000000000019096e+00
1.000000000000019096e+00
1.000000000000019096e+00
1.000000000000019096e+00
1.000000000000019096e+00
1.000000000000019096e+00
1.000000000000019096e+00
1.000000000000019096e+00
1.000000000000019096e+00
1.000000000000019096e+00
1.000000000000019096e+00
1.000000000000019096e+00
1.000000000000019096e+00
1.000000000000019096e+00
1.000000000000019318e+00
1.000000000000019318e+00
1.000000000000019318e+00
1.000000000000019318e+00
1.000000000000019318e+00
1.000000000000019318e+00
1.000000000000019318e+00
1.000000000000019318e+00
1.000000000000019318e+00
1.000000000000019318e+00
1.000000000000019318e+00
1.000000000000019318e+00
1.000000000000019318e+00
1.000000000000019318e+00
1.000000000000019318e+00
1.000000000000019318e+00
1.000000000000019318e+00
1.000000000000019318e+00
1.000000000000019318e+00
1.000000000000019318e+00
1.000000000000019318e+00
1.000000000000019318e+00
1.000000000000019318e+00
1.000000000000019318e+00
1.000000000000019318e+00
1.000000000000019318e+00
1.000000000000019318e+00
1.000000000000019318e+00
1.000000000000019318e+00
1.000000000000019318e+00
1.000000000000019318e+00
1.000000000000019318e+00
1.000000000000019318e+00
1.000000000000019318e+00
1.000000000000019318e+00
1.000000000000019318e+00
1.000000000000019318e+00
1.000000000000019318e+00
1.000000000000019318e+00
1.000000000000019318e+00
1.000000000000019318e+00
1.000000000000019318e+00
1.000000000000019318e+00
1.000000000000019318e+00
1.000000000000019318e+00
1.000000000000019318e+00
1.000000000000019318e+00
1.000000000000019096e+00
1.000000000000019318e+00
1.000000000000019318e+00
1.000000000000019318e+00
1.000000000000019318e+00
1.000000000000019318e+00
1.000000000000019318e+00
1.000000000000019318e+00
1.000000000000019318e+00
1.000000000000019318e+00
1.000000000000019318e+00
1.000000000000019318e+00
1.000000000000019318e+00
1.000000000000019318e+00
1.000000000000019318e+00
1.000000000000019318e+00
1.000000000000019318e+00
1.000000000000019318e+00
1.000000000000019318e+00
1.000000000000019318e+00
1.000000000000019318e+00
1.000000000000019318e+00
1.000000000000019318e+00
1.000000000000019318e+00
1.000000000000019318e+00
1.000000000000019096e+00
1.000000000000019096e+00
1.000000000000019096e+00
1.000000000000019096e+00
1.000000000000019096e+00
1.000000000000019096e+00
1.000000000000019318e+00
1.000000000000019318e+00
1.000000000000019318e+00
1.000000000000019096e+00
1.000000000000019096e+00
1.000000000000019096e+00
1.000000000000019096e+00
1.000000000000019318e+00
1.000000000000019318e+00
1.000000000000019318e+00
1.000000000000019318e+00
1.000000000000019318e+00
1.000000000000019318e+00
1.000000000000019318e+00
1.000000000000019318e+00
1.000000000000019318e+00
1.000000000000019318e+00
1.000000000000019318e+00
1.000000000000019318e+00
1.000000000000019318e+00
1.000000000000019318e+00
1.000000000000019318e+00
1.000000000000019318e+00
1.000000000000019318e+00
1.000000000000019318e+00
1.000000000000019318e+00
1.000000000000019318e+00
1.000000000000019318e+00
1.000000000000019318e+00
1.000000000000019318e+00
1.000000000000019318e+00
1.000000000000019318e+00
1.000000000000019318e+00
1.000000000000019318e+00
1.000000000000019096e+00
1.000000000000019318e+00
1.000000000000019318e+00
1.000000000000019318e+00
1.000000000000019318e+00
1.000000000000019318e+00
1.000000000000019318e+00
1.000000000000019318e+00
1.000000000000019318e+00
1.000000000000019318e+00
1.000000000000019318e+00
1.000000000000019318e+00
1.000000000000019318e+00
1.000000000000019318e+00
1.000000000000019318e+00
1.000000000000019318e+00
1.000000000000019318e+00
1.000000000000019318e+00
1.000000000000019318e+00
1.000000000000019318e+00
1.000000000000019318e+00
1.000000000000019318e+00
1.000000000000019318e+00
1.000000000000019318e+00
1.000000000000019318e+00
1.000000000000019318e+00
1.000000000000019318e+00
1.000000000000019318e+00
1.000000000000019318e+00
1.000000000000019318e+00
1.000000000000019318e+00
1.000000000000019318e+00
1.000000000000019318e+00
1.000000000000019318e+00
1.000000000000019318e+00
1.000000000000019318e+00
1.000000000000019318e+00
1.000000000000019318e+00
1.000000000000019318e+00
1.000000000000019318e+00
1.000000000000019318e+00
1.000000000000019318e+00
1.000000000000019318e+00
1.000000000000019318e+00
1.000000000000019318e+00
1.000000000000019096e+00
1.000000000000019096e+00
1.000000000000019096e+00
1.000000000000019096e+00
1.000000000000019096e+00
1.000000000000019096e+00
1.000000000000019096e+00
1.000000000000019096e+00
1.000000000000019096e+00
1.000000000000019096e+00
1.000000000000019096e+00
1.000000000000019096e+00
1.000000000000019096e+00
1.000000000000019096e+00
1.000000000000019096e+00
1.000000000000019096e+00
1.000000000000019096e+00
1.000000000000019096e+00
1.000000000000019096e+00
1.000000000000019096e+00
1.000000000000019096e+00
1.000000000000019096e+00
1.000000000000019096e+00
1.000000000000019096e+00
1.000000000000019096e+00
1.000000000000019096e+00
1.000000000000019096e+00
1.000000000000019096e+00
1.000000000000015987e+00
1.000000000000015987e+00
1.000000000000015987e+00
1.000000000000015987e+00
1.000000000000008438e+00
9.999999999998636646e-01
9.999999999998636646e-01
9.999999999998636646e-01
9.999999999998637756e-01
9.999999999995001776e-01
9.999999999995001776e-01
9.999999999995001776e-01
9.999999999995001776e-01
9.999999999995001776e-01
9.999999999995001776e-01
9.999999999995001776e-01
9.999999999991755484e-01
9.999999999991755484e-01
9.999999999991755484e-01
9.999999999991755484e-01
9.999999999933981698e-01
9.999999999933554262e-01
9.999999999933555372e-01
9.999999999933555372e-01
9.999999999713782284e-01
9.999999999713771182e-01
9.999999999713771182e-01
9.999999999713772292e-01
9.999999999713772292e-01
9.999999999467733547e-01
9.999999999467733547e-01
9.999999999467733547e-01
9.999999999467734657e-01
9.999999999467734657e-01
9.999999999467733547e-01
9.999999999467733547e-01
9.999999999467733547e-01
9.999999999430639885e-01
9.999999998288682246e-01
9.999999998288682246e-01
9.999999998282967928e-01
9.999999989044696669e-01
9.999999989044696669e-01
9.999999989044695559e-01
9.999999989044695559e-01
9.999999977274601770e-01
9.999999977274519614e-01
9.999999977274519614e-01
9.999999977274519614e-01
9.999999974266159386e-01
9.999999974266159386e-01
9.999999974266159386e-01
9.999999963510171064e-01
9.999999714686979013e-01
9.999999714686979013e-01
9.999999714686979013e-01
9.999999714681232499e-01
9.999999350647098550e-01
9.999999350647098550e-01
9.999999350647098550e-01
9.999999350647097440e-01
9.999999350638479889e-01
9.999999350638479889e-01
9.999999350638479889e-01
9.999999201964372419e-01
9.999999201964372419e-01
9.999999201964372419e-01
9.999999201964372419e-01
9.999995353277500998e-01
9.999995336003605351e-01
9.999995336003595359e-01
9.999995336003595359e-01
9.999987416340511137e-01
9.999987415939350921e-01
9.999987415939350921e-01
9.999987415935407409e-01
9.999987415935407409e-01
9.999982919087675448e-01
9.999982919087675448e-01
9.999982919087675448e-01
9.999982919087675448e-01
9.999982919087673228e-01
9.999982919087673228e-01
9.999982919083082455e-01
9.999982919083082455e-01
9.999982919083082455e-01
9.999982366194817285e-01
9.999953593088591886e-01
9.999953593088591886e-01
9.999953505228507122e-01
9.999830206886826112e-01
9.999830206886826112e-01
9.999830206877611261e-01
9.999830206877611261e-01
9.999745204616603544e-01
9.999745204224689266e-01
9.999745204224689266e-01
9.999745204224689266e-01
9.999726311438302817e-01
9.999726311438302817e-01
9.999726311438301707e-01
9.999626423200395076e-01
9.998403731945653128e-01
9.998403731945653128e-01
9.998403705130936014e-01
9.998403705130936014e-01
9.997365462108621648e-01
9.997365462108621648e-01
9.997365462108621648e-01
9.997365462108621648e-01
9.997365462108607215e-01
9.997365443632967308e-01
9.997365443629483428e-01
9.997365443629483428e-01
9.996984533417075935e-01
9.996984533417075935e-01
9.996984533417075935e-01
9.996984533417075935e-01
9.990004396680396415e-01
9.989958678776399426e-01
9.989958678769246259e-01
9.989958678769246259e-01
9.981120861416232781e-01
9.981120437025299275e-01
9.981120437025299275e-01
9.981120429604822819e-01
9.981120429604822819e-01
9.976649184625129285e-01
9.976649184625129285e-01
9.976649184625129285e-01
9.976649184625129285e-01
9.976649184624256650e-01
9.976649184624256650e-01
9.976649183195256398e-01
9.976649183195257509e-01
9.976433817544813065e-01
9.976433817544813065e-01
9.957630975620921365e-01
9.957630975620921365e-01
9.957548401810921712e-01
9.904600549248442354e-01
9.904600549248442354e-01
9.904600544361460424e-01
9.873101256701098949e-01
9.873101256701098949e-01
9.873101208691426045e-01
9.873101208691403841e-01
9.873101208691403841e-01
9.870299885347989521e-01
9.870299885347989521e-01
9.870299885347881830e-01
9.848010864049336899e-01
9.656178672234897453e-01
9.656178672234897453e-01
9.656169686239803873e-01
9.656169686239803873e-01
9.656169686239803873e-01
9.512137976762179425e-01
9.512137976762179425e-01
9.512137976762179425e-01
9.512137976762179425e-01
9.512137976761204650e-01
9.512137108987938072e-01
9.512137108550703379e-01
9.512137108550703379e-01
9.491226883826173744e-01
9.491226883826173744e-01
9.491226883826173744e-01
9.491226883826173744e-01
9.113290111974793328e-01
9.109496350845053270e-01
9.109496350578724089e-01
9.109496350578721868e-01
8.637604589633847141e-01
8.637596010793762158e-01
8.637596010793762158e-01
8.637595452104579463e-01
8.637595452104579463e-01
8.542803283814738302e-01
8.542803283814738302e-01
8.542803283814738302e-01
8.542803283814738302e-01
8.542803283780372459e-01
8.542803283780372459e-01
8.542803262810069187e-01
8.542803262810066967e-01
8.540554460619875776e-01
8.540554460619875776e-01
8.194402505937102843e-01
8.194402505937102843e-01
8.192276614686018199e-01
7.123026358865492957e-01
7.123026358865492957e-01
7.123026246999797362e-01
6.843948708696878658e-01
6.843948708696878658e-01
6.843948386284653962e-01
6.843948386284562924e-01
6.843948386284562924e-01
6.843948386284562924e-01
6.831325248595696564e-01
6.831325248595696564e-01
6.831325248594347643e-01
6.681770112794506167e-01
5.218789182243409597e-01
5.218789182243409597e-01
5.218731577916706499e-01
5.218731577916706499e-01
5.218731577916706499e-01
4.653661278024816550e-01
4.653661278024816550e-01
4.653661278024816550e-01
4.653661278024816550e-01
4.653661278022619419e-01
4.653658369947702433e-01
4.653658365848062362e-01
4.653658365848062362e-01
4.611123105544199796e-01
4.611123105544199796e-01
4.611123105544199796e-01
4.611123105544199796e-01
3.455890704532737501e-01
3.448460851702473406e-01
3.448460851470808164e-01
3.448460851470801503e-01
2.622693040105493201e-01
2.622676858577628334e-01
2.622676858577628334e-01
2.622675096138123996e-01
2.622675096138123996e-01
2.534291469586948953e-01
2.534291469586948953e-01
2.534291469586948953e-01
2.534291469586948953e-01
2.534291469471281477e-01
2.534291469471281477e-01
2.534291457262504155e-01
2.534291457262504155e-01
2.534291457262503044e-01
2.532446311286122298e-01
2.532446311286122298e-01
2.072898219265194575e-01
2.072898219265194575e-01
2.071097433873511084e-01
1.239130770505302848e-01
1.239130770505302848e-01
1.239130657927151880e-01
1.117377474053770775e-01
1.117377474053770775e-01
1.117377378763520501e-01
1.117377378763501211e-01
1.117377378763501211e-01
1.117377378763501211e-01
1.112430062278305237e-01
1.112430062278305237e-01
1.112430062276660719e-01
1.023106755554768210e-01
5.161783596380714600e-02
5.161783596380714600e-02
5.161578554743408848e-02
5.161578554743408848e-02
5.161578554743408848e-02
3.966399564087926682e-02
3.966399564087926682e-02
3.966399564087926682e-02
3.966399564087926682e-02
3.966399564085208718e-02
3.966394852529093323e-02
3.966394834762721616e-02
3.966394834762721616e-02
3.966394834762721616e-02
3.884338241746877751e-02
3.884338241746877751e-02
3.884338241746877751e-02
3.884338241746877751e-02
2.053672498076263009e-02
2.036587201358110513e-02
2.036587201228183541e-02
2.036587201228160296e-02
1.174355507459122830e-02
1.174339574976998590e-02
1.174339574976998590e-02
1.174336365410384025e-02
1.174336365410384025e-02
1.087967875425900448e-02
1.087967875425900448e-02
1.087967875425900448e-02
1.087967875425900448e-02
1.087967875233660994e-02
1.087967875233660994e-02
1.087967870888245821e-02
1.087967870888245821e-02
1.087967870888245474e-02
1.087967870888245474e-02
1.087134594171928863e-02
7.491906125913492739e-03
7.491906125913492739e-03
7.473051884862937783e-03
3.146034034184520909e-03
3.146034034184520909e-03
3.146034034184520909e-03
3.146033225400540582e-03
3.146033225400539715e-03
2.527560653598822076e-03
2.527560473096342360e-03
2.527560473096298558e-03
2.527560473096298558e-03
2.527560473096298558e-03
2.516151823024640518e-03
2.516151823024640518e-03
2.516151823013252926e-03
2.192952989531805202e-03
8.461562123662358511e-04
8.461562123662358511e-04
8.460358143982595232e-04
8.460358143982595232e-04
8.460358143982595232e-04
5.168155682801308564e-04
5.168155682801308564e-04
5.168155682801308564e-04
5.168155682801308564e-04
5.168155682797751296e-04
5.168150624308422928e-04
5.168150574250052936e-04
5.168150574250052936e-04
5.168150574250052936e-04
5.065763506836472784e-04
5.065763506836472784e-04
5.065763506836472784e-04
5.065763506836472784e-04
2.420740192727426901e-04
2.384262071569554322e-04
2.384262071437063190e-04
2.384262071436980791e-04
1.014098828239623349e-04
1.014088092757404173e-04
1.014088092757404173e-04
1.014080270191117358e-04
1.014080270191117358e-04
9.479408448178803463e-05
9.479408448178803463e-05
9.479408448178803463e-05
9.479408448178803463e-05
9.479408445206232814e-05
9.479408445206232814e-05
9.479408418725101615e-05
9.479408418725101615e-05
9.479408418725100260e-05
9.479408418725100260e-05
9.475261498726150452e-05
6.518668387685963767e-05
6.518668387685963767e-05
6.494913804807982138e-05
2.115758415269301503e-05
2.115758415269301503e-05
2.115758415269301503e-05
2.115758415269301503e-05
2.115757226930850356e-05
2.115757226930850017e-05
1.767573695845984957e-05
1.767573607086219632e-05
1.767573607086205063e-05
1.767573607086205063e-05
1.767573607086205063e-05
1.763023018464282982e-05
1.763023018464282982e-05
1.763023018451293224e-05
1.546945679517978693e-05
5.067301017028974822e-06
5.067301017028974822e-06
5.067301017028974822e-06
5.066372950691789408e-06
5.066372950691789408e-06
3.426498133632206798e-06
3.426498133632206798e-06
3.426498133632206798e-06
3.426498133632206798e-06
3.426498133631047210e-06
3.426495668497218180e-06
3.426495591524063869e-06
3.426495591524063869e-06
3.426495591524063869e-06
3.385777863291945262e-06
3.385777863291945262e-06
3.385777863291945262e-06
3.385777863291945262e-06
1.421091777197614232e-06
1.401829369752118870e-06
1.401829369719522501e-06
1.401829369719448174e-06
7.008894653477974883e-07
7.008836830060917876e-07
7.008836830060917876e-07
7.008752848720587000e-07
7.008752848720587000e-07
6.710366805221978031e-07
6.710366805221978031e-07
6.710366805221978031e-07
6.710366805221978031e-07
6.710366799992452731e-07
6.710366799992452731e-07
6.710366799992452731e-07
6.710366790436683359e-07
6.710366790436683359e-07
6.710366790436683359e-07
6.708121148487038273e-07
4.137009981702310429e-07
4.137009981702310429e-07
4.122272656993889746e-07
1.555379839111272065e-07
1.555379839111272065e-07
1.555379839111272065e-07
1.555379839111272065e-07
1.555378424745760519e-07
1.555378424745759725e-07
1.372007894197300124e-07
1.372007855307289540e-07
1.372007855307285305e-07
1.372007855307285305e-07
1.372007855307285305e-07
1.369012254272758028e-07
1.369012254272758028e-07
1.369012254245174664e-07
1.129921284281419598e-07
3.920241431477547792e-08
3.920241431477547792e-08
3.920241431477547792e-08
3.919377160818928668e-08
3.919377160818928668e-08
2.922925798376798278e-08
2.922925798376798278e-08
2.922925798376798278e-08
2.922925798376798278e-08
2.922925798376335057e-08
2.922924493392272674e-08
2.922924493392272674e-08
2.922924370266854071e-08
2.922924370266854071e-08
2.922924370266854071e-08
2.890495378605169827e-08
2.890495378605169827e-08
2.890495378605169827e-08
1.164742931946564716e-08
1.139652595144470040e-08
1.139652595144297490e-08
1.139652595132467649e-08
6.519590262995772462e-09
6.519553885928386294e-09
6.519440904322428420e-09
6.519440904322428420e-09
6.519440904322428420e-09
6.237311735867508373e-09
6.237311735867508373e-09
6.237311735867508373e-09
6.237311735867508373e-09
6.237311735867508373e-09
6.237311725939492274e-09
6.237311725939492274e-09
6.237311725939492274e-09
6.237311721406204200e-09
6.237311721406204200e-09
6.237311721406204200e-09
3.614841561968097824e-09
3.614367789941940274e-09
3.614367789941940274e-09
3.592435401837124544e-09
1.546398612851279750e-09
1.546398612851279750e-09
1.546398612851279750e-09
1.546398612851279750e-09
1.546396439514646211e-09
1.546396439514643936e-09
1.350202559296881776e-09
1.350202538615805159e-09
1.350202538615802471e-09
1.350202538615802471e-09
1.350202538615802471e-09
1.348092446003553385e-09
1.348092445944782202e-09
1.348092445944782202e-09
1.068565487787136901e-09
4.051322143459982502e-10
4.051322143459982502e-10
4.051322143459982502e-10
4.049518319905504493e-10
4.049518319905504493e-10
2.923485484938411390e-10
2.923485484938411390e-10
2.923485484938411390e-10
2.923485484938411390e-10
2.923485484938124462e-10
2.923484768099723635e-10
2.923484768099723635e-10
2.923484576627190752e-10
2.923484576627190752e-10
2.923484576627190752e-10
2.899831904776064436e-10
2.899831904776064436e-10
2.899831904776064436e-10
2.899831904776064436e-10
1.224872682542299367e-10
1.190275709687837563e-10
1.190275709687423714e-10
1.190275709679457965e-10
6.418889753140781545e-11
6.418870390815789264e-11
6.418656320802607544e-11
6.418656320802607544e-11
6.418656320802607544e-11
6.217397063828949406e-11
6.217397063828949406e-11
6.217397063828949406e-11
6.217397063828949406e-11
6.217397063828949406e-11
6.217397048494189242e-11
6.217397048494189242e-11
6.217397048494189242e-11
6.217397045713717255e-11
6.217397045713717255e-11
6.217397045713717255e-11
3.733570968374573828e-11
3.733293435905257196e-11
3.703969666246687186e-11
3.703969666246687186e-11
1.486494129167506389e-11
1.486494129167506389e-11
1.486494129167506389e-11
1.486494129167506389e-11
1.486494129167502189e-11
1.486490203770946791e-11
1.349478788509942340e-11
1.349478775757584472e-11
1.349478775757583341e-11
1.349478775757583341e-11
1.349478775757583341e-11
1.348320554335239907e-11
1.348320554243848566e-11
1.348320554243848566e-11
1.086749436106329337e-11
3.852103360645279754e-12
3.852103360645279754e-12
3.852103360645279754e-12
3.850056187635290554e-12
3.850056187635290554e-12
3.040684332435969598e-12
3.040684332435969598e-12
3.040684332435969598e-12
3.040684332435969598e-12
3.040684332435837524e-12
3.040683853755959101e-12
3.040683853755959101e-12
3.040683448881019609e-12
3.040683448881019609e-12
3.040683448881019609e-12
3.026584716117759337e-12
3.026584716117759337e-12
3.026584716117759337e-12
3.026584716117759337e-12
1.181938015005001752e-12
1.152208375693094419e-12
1.152208375692491603e-12
1.152208375689314955e-12
7.196188737443022416e-13
7.196173715495212056e-13
7.195835937278653496e-13
7.195835937278653496e-13
7.195835937278653496e-13
7.055248610921830126e-13
7.055248610921830126e-13
7.055248610921830126e-13
7.055248610921830126e-13
7.055248610921830126e-13
7.055248572324435677e-13
7.055248572324435677e-13
7.055248572324435677e-13
7.055248570800740110e-13
7.055248570800740110e-13
7.055248570800740110e-13
3.864796125856004843e-13
3.864612551127762201e-13
3.835694134519790282e-13
3.835694134519790282e-13
1.806831180183704880e-13
1.806831180183704880e-13
1.806831180183704880e-13
1.806831180183704880e-13
1.806831180183695287e-13
1.806823899245742496e-13
1.692157863229964837e-13
1.692157854696761257e-13
1.692157854696760500e-13
1.692157854696760500e-13
1.692157854696760500e-13
1.692157854696760500e-13
1.691033486522204115e-13
1.691033486241210598e-13
1.691033486241210598e-13
1.271358818105954794e-13
4.988345431805717528e-14
4.988345431805717528e-14
4.988345431805717528e-14
4.985187578859413172e-14
4.985187578859413172e-14
4.191867873284895147e-14
4.191867873284895147e-14
4.191867873284895147e-14
4.191867873284895147e-14
4.191867873284811843e-14
4.191867486125527486e-14
4.191867486125527486e-14
4.191866520099008365e-14
4.191866520099008365e-14
4.191866520099008365e-14
4.175315078894627225e-14
4.175315078894627225e-14
4.175315078894627225e-14
4.175315078894627225e-14
1.627795087614283700e-14
1.566907036485643398e-14
1.566907036483463618e-14
1.566907036483463618e-14
1.566907036481509136e-14
1.081457146880799238e-14
1.081455703063985780e-14
1.081385524841485524e-14
1.081385524841485524e-14
1.081385524841485524e-14
1.061759054398234945e-14
1.061759054398234945e-14
1.061759054398234945e-14
1.061759054398234945e-14
1.061759054398234945e-14
1.061759043423831747e-14
1.061759043423831747e-14
1.061759043423831747e-14
1.061759043309022509e-14
1.061759043309022509e-14
1.061759043309022509e-14
5.579307311321862690e-15
5.579144494146088986e-15
5.513522930572170251e-15
2.922964629394944500e-15
2.922964629394944500e-15
2.922964629394944500e-15
2.922964629394944500e-15
2.922964629394944500e-15
2.922964629394895985e-15
2.922947100167580115e-15
2.737693379039626833e-15
2.737693371608568544e-15
2.737693371608567755e-15
2.737693371608567755e-15
2.737693371608567755e-15
2.737693371608567755e-15
2.736440639300103113e-15
2.736440638376342259e-15
2.736440638376342259e-15
1.971106000321460154e-15
1.971106000321460154e-15
8.502013131741187699e-16
8.502013131741187699e-16
8.491987535840478257e-16
8.491987535840478257e-16
8.491987535840478257e-16
7.082562453718059030e-16
7.082562453718059030e-16
7.082562453718059030e-16
7.082562453717976200e-16
7.082562453717976200e-16
7.082562086007444476e-16
7.082559549015937769e-16
7.082559549015937769e-16
7.082559549015936783e-16
7.062429008949346771e-16
7.062429008949346771e-16
7.062429008949346771e-16
7.062429008949346771e-16
2.878444660968967354e-16
2.741514088051660493e-16
2.741514088043284270e-16
2.741514088043284270e-16
2.741514088041198226e-16
1.846382198019276553e-16
1.846380797827119409e-16
1.846157117283891292e-16
1.846157117283891292e-16
1.846157117283891292e-16
1.821691779476666668e-16
1.821691779476666668e-16
1.821691779476666668e-16
1.821691779476666668e-16
1.821691779476666668e-16
1.821691749757057076e-16
1.821691749757057076e-16
1.821691749757057076e-16
1.821691749757057076e-16
1.821691749639228374e-16
1.821691749639228374e-16
1.821691749639228374e-16
9.843005483810407960e-17
9.842836886339065880e-17
9.694866485619939250e-17
9.694866485619939250e-17
4.941371463385098237e-17
4.941371463385098237e-17
4.941371463385098237e-17
4.941371463385098237e-17
4.941371463384922592e-17
4.941316681919399632e-17
4.711926737454847155e-17
4.711926729780276404e-17
4.711926729780276404e-17
4.711926729780275171e-17
4.711926729780275171e-17
4.711926729780275171e-17
4.711926727260576403e-17
4.710691856851580316e-17
4.710691856851580316e-17
3.445957259471978605e-17
3.445957259471978605e-17
1.422330476325753246e-17
1.422330476325753246e-17
1.422330476325753246e-17
1.420291463215227762e-17
1.420291463215227762e-17
1.244077923571927781e-17
1.244077923571927781e-17
1.244077923571927781e-17
1.244077923571927781e-17
1.244077923571921618e-17
1.244077884017371638e-17
1.244077028047601749e-17
1.244077028047601132e-17
1.244077028047601132e-17
1.242008156475579949e-17
1.242008156475579949e-17
1.242008156475579949e-17
1.242008156475579949e-17
4.817865058572806404e-18
4.606409692712994883e-18
4.606409692691240349e-18
4.606409692691240349e-18
4.606409692689758924e-18
3.420606528593193760e-18
3.420048525491505624e-18
3.420046850606033753e-18
3.420046850606033753e-18
3.420046850606033753e-18
3.420046850606033753e-18
3.420046850606033753e-18
3.391970381956984888e-18
3.391970381956984888e-18
3.391970381956984888e-18
3.391970269283273438e-18
3.391970269283273438e-18
3.391970269283273438e-18
3.391970269283273438e-18
3.391970269283273438e-18
3.391970269180543565e-18
1.715000672196279356e-18
1.715000672196279356e-18
1.714982827747287634e-18
1.690300512979741033e-18
1.690300512979741033e-18
9.863040968611287207e-19
9.863040968611287207e-19
9.863040968611287207e-19
9.863040968611287207e-19
9.863040968610645872e-19
9.862882325544975232e-19
9.554013843594741446e-19
9.554013843594741446e-19
9.554013835660187409e-19
9.554013835660187409e-19
9.554013835660187409e-19
9.554013835660187409e-19
9.554013824332308514e-19
9.552243693168060415e-19
9.552243693168060415e-19
9.552243693168060415e-19
6.545311607131370707e-19
6.545311607131370707e-19
3.044239182635515305e-19
3.044239182635515305e-19
3.039111550077367355e-19
3.039111550077367355e-19
2.760732877196490752e-19
2.760732877196490752e-19
2.760732877196490752e-19
2.760732877196490752e-19
2.760732877196490752e-19
2.760732877196484493e-19
2.760732828213667364e-19
2.760729764312068816e-19
2.760729764312066409e-19
2.760729764312066409e-19
2.757176509843418572e-19
2.757176509843418572e-19
2.757176509843418572e-19
2.372454478192253198e-19
1.039311466136041420e-19
1.039311466136041420e-19
1.039311466123931413e-19
1.039311466123777098e-19
1.039311466123777098e-19
8.247053202948321169e-20
8.245272241663557606e-20
8.245269793590585987e-20
8.245269793590585987e-20
8.245269793590585987e-20
8.245269793590585987e-20
8.245269793590585987e-20
8.188301514119220284e-20
8.188301514119220284e-20
8.188301514119220284e-20
8.188301036843780095e-20
8.188301036843780095e-20
8.188301036843780095e-20
8.188301036843780095e-20
8.188301036843780095e-20
8.188301036721369192e-20
4.084842949766895581e-20
4.084842949766895581e-20
4.084842949766895581e-20
4.084817491971613427e-20
3.998962556726116812e-20
2.560457667053267363e-20
2.560457667053267363e-20
2.560457667052795510e-20
2.560457667052795510e-20
2.560457667052795510e-20
2.560398961239989694e-20
2.487612553144617919e-20
2.487612553144617919e-20
2.487612552044709698e-20
2.487612552044709698e-20
2.487612552044709698e-20
2.487612546462511592e-20
2.487612546462511592e-20
2.487310745464970075e-20
2.487310745464970075e-20
2.487310745464970075e-20
1.648224899576038582e-20
1.648224899576038582e-20
1.648224899576038582e-20
8.394250052037265355e-21
8.370212350159642452e-21
8.370212350159642452e-21
7.631326308892769633e-21
7.631326308892769633e-21
7.631326308892769633e-21
7.631326308892769633e-21
7.631326308892769633e-21
7.631326308892759100e-21
7.631313453797160614e-21
7.631313377266778826e-21
7.631313377266759266e-21
7.631313377266759266e-21
7.631313377266759266e-21
7.624483054415571670e-21
7.624483054415571670e-21
6.402614857548820261e-21
6.402614857548820261e-21
2.975600764274248699e-21
2.975600764202093659e-21
2.975600764202093659e-21
2.975600764201845018e-21
2.362064671694372075e-21
2.361162993603166391e-21
2.361162993603166391e-21
2.361162583109313019e-21
2.361162583109313019e-21
2.361162583109313019e-21
2.361162583109313019e-21
2.361162583109313019e-21
2.349391689779692137e-21
2.349391689779692137e-21
2.349391689779692137e-21
2.349391474034197452e-21
2.349391474034197452e-21
2.349391474034197452e-21
2.349391474034197452e-21
2.349391474034197452e-21
2.349391474014366768e-21
1.199323802549831348e-21
1.199323802549831348e-21
1.199323802549831348e-21
1.167991424567291025e-21
1.167987168673280412e-21
7.429542432417373188e-22
7.429542432417373188e-22
7.429542432414487115e-22
7.429237330280279491e-22
7.429237330280279491e-22
7.429237330280279491e-22
7.273938753635828490e-22
7.273938753635828490e-22
7.273938751785206356e-22
7.273938751785206356e-22
7.273938725577529712e-22
7.273938725577529712e-22
7.273411063398658487e-22
7.273411063398658487e-22
7.273411063398658487e-22
7.273411063398658487e-22
4.864254525116731884e-22
4.864254525116731884e-22
4.864254525116731884e-22
2.442669437410247940e-22
2.434013100398085381e-22
2.434013100398085381e-22
2.434013100398085381e-22
2.273070686184281718e-22
2.273070686184281718e-22
2.273070686184281718e-22
2.273063646006693448e-22
2.273063646006693448e-22
2.273063646006692508e-22
2.273063632645475466e-22
2.273063632645462771e-22
2.273063632645462771e-22
2.273063632645462771e-22
2.271824099497178777e-22
2.271824099497178777e-22
1.910407557679225609e-22
1.910407557515913709e-22
8.691254828643742099e-23
8.691254828643742099e-23
8.691254828643742099e-23
8.686060719278237849e-23
7.295082213912217229e-23
7.295082213911992710e-23
7.295082213911992710e-23
7.295081442826277120e-23
7.295081442826277120e-23
7.295081442826277120e-23
7.295081442826277120e-23
7.295081442826277120e-23
7.295081442826277120e-23
7.272064043508416518e-23
7.272064043508416518e-23
7.272062767571169670e-23
7.272062767571169670e-23
7.272062767571169670e-23
7.272062767571169670e-23
7.272062767571169670e-23
7.272062767571169670e-23
7.272062767542725057e-23
3.573809698812157628e-23
3.481226606151820745e-23
3.481226606151820745e-23
3.481219166300407615e-23
2.436475837188395141e-23
2.436475837188395141e-23
2.436475837188395141e-23
2.436475837186690968e-23
2.436336197054248724e-23
2.436336197054248724e-23
2.436336197054248724e-23
2.401949145643036185e-23
2.401949145643036185e-23
2.401949145340921207e-23
2.401949145340921207e-23
2.401949127700866406e-23
2.401949127700866406e-23
2.401835902563330403e-23
2.401835902563330403e-23
2.401835902563330403e-23
2.401835902563330403e-23
2.401835902563330403e-23
1.529633415887603333e-23
1.529633415887603333e-23
8.574319413359364188e-24
8.538854692629475780e-24
8.538854692629475780e-24
8.538854692629475780e-24
8.538854692629475780e-24
8.126131895420377377e-24
8.126093604417208742e-24
8.126093604417208742e-24
8.126093578851770020e-24
8.126093578851767081e-24
8.126093578851767081e-24
8.126093578851680388e-24
8.126093578851680388e-24
8.126093578851680388e-24
8.122975720733641311e-24
8.122975720733641311e-24
8.122975718911091686e-24
6.572892510388743509e-24
3.227389254770288254e-24
3.227389254770288254e-24
3.227389254770288254e-24
3.225006724455007500e-24
2.817198689287509223e-24
2.817198689287467714e-24
2.817198517122799647e-24
2.817198517122799647e-24
2.817198517122799647e-24
2.817198517122799647e-24
2.817198517122799647e-24
2.817198517122799647e-24
2.817198517122799647e-24
2.817198517122799647e-24
2.810438505000518324e-24
2.810437693975913237e-24
2.810437693975913237e-24
2.810437693975913237e-24
2.810437693975913237e-24
2.810437693975913237e-24
2.810437693975913237e-24
2.810437693970619105e-24
1.401214365152181940e-24
1.352061916492190088e-24
1.352060236295975071e-24
1.352060236295975071e-24
1.008602960920086993e-24
1.008602960920086993e-24
1.008602960918284813e-24
1.008602960918284813e-24
1.008523350878782549e-24
1.008523350878782549e-24
1.008523350878782549e-24
9.968976811714319595e-25
9.968976811714319595e-25
9.968976811065806708e-25
9.968976681751833145e-25
9.968976681751833145e-25
9.968976681751833145e-25
9.968976681751833145e-25
9.968684676314823647e-25
9.968684676314823647e-25
9.968684676314823647e-25
9.968684676314823647e-25
6.249415656520186636e-25
6.249415656520186636e-25
3.776251060808342476e-25
3.752321529144801637e-25
3.752321529144801637e-25
3.752321529144801637e-25
3.752321529144801637e-25
3.594453075207526425e-25
3.594428149677695410e-25
3.594428149677695410e-25
3.594428149677591636e-25
3.594428143444249528e-25
3.594428143444248610e-25
3.594428143444248610e-25
3.594428143444248610e-25
3.594428143444248610e-25
3.593514713201705643e-25
3.593514713201705643e-25
3.593514711683747544e-25
2.846665552071221678e-25
1.484204531448525311e-25
1.484204531448525311e-25
1.484204531448525311e-25
1.482448606733049656e-25
1.310810135504721577e-25
1.310810135504711475e-25
1.310810135504711475e-25
1.310810089057421558e-25
1.310810089057421558e-25
1.310810089057421558e-25
1.310810089057421558e-25
1.310810089057421558e-25
1.310810089057421558e-25
1.310810089057421558e-25
1.310809502087219444e-25
1.308616824403865252e-25
1.308616824403865252e-25
1.308616824403865252e-25
1.308616824403864793e-25
1.308616824403864793e-25
1.308616824403864793e-25
6.685028163734221979e-26
6.685028163730827510e-26
6.405642798935348622e-26
6.405638099299483014e-26
6.405638099299483014e-26
6.405638099299483014e-26
4.862065207244026182e-26
4.862065207226201486e-26
4.861420263802449975e-26
4.861420263802449975e-26
4.861420263802449975e-26
4.861420263802449975e-26
4.861420263802449975e-26
4.820847483018484823e-26
4.820847482846610100e-26
4.820847382236463595e-26
4.820847382236463595e-26
4.820847382236463595e-26
4.820847382236463595e-26
4.820847382236463595e-26
4.820847382236463595e-26
4.820762285420461005e-26
3.034815169905318966e-26
3.034815169905318966e-26
1.866598444980959603e-26
1.866598444980959603e-26
1.851917985803884501e-26
1.851917985803884501e-26
1.851917985803884501e-26
1.851917985803884501e-26
1.793707315465337401e-26
1.793685675541741817e-26
1.793685675541631901e-26
1.793685673782491691e-26
1.793685673782491691e-26
1.793685673782491691e-26
1.793685673782491691e-26
1.793685673782491691e-26
1.793402194123550189e-26
1.793402194123550189e-26
1.793402194123550189e-26
1.793402192865705227e-26
1.414657651760623229e-26
7.454578069600199033e-27
7.454578069600199033e-27
7.454578069600199033e-27
7.454578069600199033e-27
7.443442227134072531e-27
7.443442227134072531e-27
6.776425856827216130e-27
6.776425856827193171e-27
6.776425716148375666e-27
6.776425716148375666e-27
6.776425716148375666e-27
6.776425716148375666e-27
6.776425716148375666e-27
6.776425716148375666e-27
6.776425716148375666e-27
6.776420247075105414e-27
6.769113458296739369e-27
6.769113458296739369e-27
6.769113458296733630e-27
6.769113458296733630e-27
6.769113458296733630e-27
6.769113458296733630e-27
3.427959101732938493e-27
3.427959101732137802e-27
3.278049601734915398e-27
3.278049601734915398e-27
3.278048206920361396e-27
3.278048206920361396e-27
2.636708415789854338e-27
2.636708415772414203e-27
2.636231461203068385e-27
2.636231461203068385e-27
2.636231461203068385e-27
2.636231461203068385e-27
2.621323300879815254e-27
2.621323300879815254e-27
2.621323197171829381e-27
2.621323197126270724e-27
2.621323197126270724e-27
2.621323197126270724e-27
2.621323197126270724e-27
2.621323197126270724e-27
2.621294683191718891e-27
2.621294683191718891e-27
1.608466149321421373e-27
1.608466149321421373e-27
1.608466149321421373e-27
1.074736789120670881e-27
1.064799288537368672e-27
1.064799288537368672e-27
1.064799288537368672e-27
1.064799288537368672e-27
1.040602724762580470e-27
1.040584409473644255e-27
1.040584409473520851e-27
1.040584409473520851e-27
1.040584408942722266e-27
1.040584408942722266e-27
1.040584408942722266e-27
1.040584408942722266e-27
1.040476277030663521e-27
1.040476277030663521e-27
1.040476277030663521e-27
1.040476275554575807e-27
7.968974741101669870e-28
7.968974741101669870e-28
4.535311217245527802e-28
4.535311217245527802e-28
4.526886154090477737e-28
4.526886154090477737e-28
4.526886154090477737e-28
4.212628121396862481e-28
4.212628121396862481e-28
4.212628121396862481e-28
4.212628121396855307e-28
4.212628072655128951e-28
4.212628072655128951e-28
4.212628072655128951e-28
4.212628072655128951e-28
4.212628072655128951e-28
4.212622757546895356e-28
4.209421534490365218e-28
4.209421534490358044e-28
4.209421534490358044e-28
4.209421534490358044e-28
4.209421534490358044e-28
4.209421534490358044e-28
4.209421534490358044e-28
2.206842532715964279e-28
2.085991752171953339e-28
2.085991752171730028e-28
2.085991245790009621e-28
1.748696628105968376e-28
1.748696628105968376e-28
1.748696628079224203e-28
1.748267690513353298e-28
1.748267690513353298e-28
1.748267690513353298e-28
1.740826714202701867e-28
1.740826714202701867e-28
1.740826714202701867e-28
1.740826599182058513e-28
1.740826599182058513e-28
1.740826599166880097e-28
1.740826599166880097e-28
1.740826599166880097e-28
1.740826599166880097e-28
1.740815324693022310e-28
1.070561541215538320e-28
1.070561541215538320e-28
1.070561541215538320e-28
1.070561541215538320e-28
1.070561541215538320e-28
7.582424676454169090e-29
7.582424676454169090e-29
7.485436221097353812e-29
7.485436221097353812e-29
7.349288642213803674e-29
7.349101844575838442e-29
7.349101844573696137e-29
7.349101844573696137e-29
7.349101842573715885e-29
7.349101842573715885e-29
7.349101842573715885e-29
7.349101842573715885e-29
7.348618281116504557e-29
7.348618281116504557e-29
7.348618281116504557e-29
7.348618262600260085e-29
7.348618262600260085e-29
7.348618262600260085e-29
7.348618262600260085e-29
7.348618262600260085e-29
7.348618262600260085e-29
7.348618262600260085e-29
7.348618262600260085e-29
7.348618262600260085e-29
7.348618262600260085e-29
7.348618262600260085e-29
7.348618262600260085e-29
7.348618262600260085e-29
7.348618262600260085e-29
7.348618262600260085e-29
7.348618262600260085e-29
7.348618262600260085e-29
7.348618262600260085e-29
7.348618262600260085e-29
7.348618262600260085e-29
7.348618262600260085e-29
7.348618262600260085e-29
7.348618262600260085e-29
7.348618262600260085e-29
7.348618262600260085e-29
7.348618262600260085e-29
7.348618262600260085e-29
7.348618262600260085e-29
7.348618262600260085e-29
7.348618262600260085e-29
7.348618262600260085e-29
7.348618262600260085e-29
7.348618262600260085e-29
7.348618262600260085e-29
7.348618262600260085e-29
7.348618262600260085e-29
7.348618262600260085e-29
7.348618262600260085e-29
7.348618262600260085e-29
7.348618262600260085e-29
7.348618262600260085e-29
7.348618262600260085e-29
7.348618262600260085e-29
7.348618262600260085e-29
7.348618262600260085e-29
7.348618262600260085e-29
7.348618262600260085e-29
7.348618262600260085e-29
7.348618262600260085e-29
7.348618262600260085e-29
7.348618262600260085e-29
7.348618262600260085e-29
7.348618262600260085e-29
7.348618262600260085e-29
7.348618262600260085e-29
7.348618262600260085e-29
7.348618262600260085e-29
7.348618262600260085e-29
7.348618262600260085e-29
7.348618262600260085e-29
7.348618262600260085e-29
7.348618262600260085e-29
7.348618262600260085e-29
7.348618262600260085e-29
7.348618262600260085e-29
7.348618262600260085e-29
7.348618262600260085e-29
7.348618262600260085e-29
7.348618262600260085e-29
7.348618262600260085e-29
7.348618262600260085e-29
7.348618262600260085e-29
7.348618262600260085e-29
7.348618262600260085e-29
7.348618262600260085e-29
7.348618262600260085e-29
7.348618262600260085e-29
7.348618262600260085e-29
7.348618262600260085e-29
7.348618262600260085e-29
7.348618262600260085e-29
7.348618262600260085e-29
7.348618262600260085e-29
7.348618262600260085e-29
7.348618262600260085e-29
7.348618262600260085e-29
7.348618262600260085e-29
7.348618262600260085e-29
7.348618262600260085e-29
7.348618262600260085e-29
7.348618262600260085e-29
7.348618262600260085e-29
7.348618262600260085e-29
7.348618262600260085e-29
7.348618262600260085e-29
7.348618262600260085e-29
7.348618262600260085e-29
7.348618262600260085e-29
7.348618262600260085e-29
7.348618262600260085e-29
7.348618262600260085e-29
7.348618262600260085e-29
7.348618262600260085e-29
7.348618262600260085e-29
7.348618262600260085e-29
7.348618262600260085e-29
7.348618262600260085e-29
7.348618262600260085e-29
7.348618262600260085e-29
7.348618262600260085e-29
7.348618262600260085e-29
7.348618262600260085e-29
7.348618262600260085e-29
7.348618262600260085e-29
7.348618262600260085e-29
7.348618262600260085e-29
7.348618262600260085e-29
7.348618262600260085e-29
7.348618262600260085e-29
7.348618262600260085e-29
7.348618262600260085e-29
7.348618262600260085e-29
7.348618262600260085e-29
7.348618262600260085e-29
7.348618262600260085e-29
7.348618262600260085e-29
7.348618262600260085e-29
7.348618262600260085e-29
7.348618262600260085e-29
7.348618262600260085e-29
7.348618262600260085e-29
7.348618262600260085e-29
7.348618262600260085e-29
7.348618262600260085e-29
7.348618262600260085e-29
7.348618262600260085e-29
7.348618262600260085e-29
7.348618262600260085e-29
7.348618262600260085e-29
7.348618262600260085e-29
7.348618262600260085e-29
7.348618262600260085e-29
7.348618262600260085e-29
7.348618262600260085e-29
7.348618262600260085e-29
7.348618262600260085e-29
7.348618262600260085e-29
7.348618262600260085e-29
7.348618262600260085e-29
7.348618262600260085e-29
7.348618262600260085e-29
7.348618262600260085e-29
7.348618262600260085e-29
7.348618262600260085e-29
7.348618262600260085e-29
7.348618262600260085e-29
7.348618262600260085e-29
7.348618262600260085e-29
7.348618262600260085e-29
7.348618262600260085e-29
7.348618262600260085e-29
7.348618262600260085e-29
7.348618262600260085e-29
7.348618262600260085e-29
7.348618262600260085e-29
7.348618262600260085e-29
7.348618262600260085e-29
7.348618262600260085e-29
7.348618262600260085e-29
7.348618262600260085e-29
7.348618262600260085e-29
7.348618262600260085e-29
7.348618262600260085e-29
7.348618262600260085e-29
7.348618262600260085e-29
7.348618262600260085e-29
7.348618262600260085e-29
7.348618262600260085e-29
7.348618262600260085e-29
7.348618262600260085e-29
7.348618262600260085e-29
7.348618262600260085e-29
7.348618262600260085e-29
7.348618262600260085e-29
7.348618262600260085e-29
7.348618262600260085e-29
7.348618262600260085e-29
7.348618262600260085e-29
7.348618262600260085e-29
7.348618262600260085e-29
7.348618262600260085e-29
7.348618262600260085e-29
7.348618262600260085e-29
7.348618262600260085e-29
7.348618262600260085e-29
7.348618262600260085e-29
7.348618262600260085e-29
7.348618262600260085e-29
7.348618262600260085e-29
7.348618262600260085e-29
7.348618262600260085e-29
7.348618262600260085e-29
7.348618262600260085e-29
7.348618262600260085e-29
7.348618262600260085e-29
7.348618262600260085e-29
7.348618262600260085e-29
7.348618262600260085e-29
7.348618262600260085e-29
7.348618262600260085e-29
7.348618262600260085e-29
7.348618262600260085e-29
7.348618262600260085e-29
7.348618262600260085e-29
7.348618262600260085e-29
7.348618262600260085e-29
7.348618262600260085e-29
7.348618262600260085e-29
7.348618262600260085e-29
7.348618262600260085e-29
7.348618262600260085e-29
7.348618262600260085e-29
7.348618262600260085e-29
7.348618262600260085e-29
7.348618262600260085e-29
7.348618262600260085e-29
7.348618262600260085e-29
7.348618262600260085e-29
7.348618262600260085e-29
7.348618262600260085e-29
7.348618262600260085e-29
7.348618262600260085e-29
7.348618262600260085e-29
7.348618262600260085e-29
7.348618262600260085e-29
7.348618262600260085e-29
7.348618262600260085e-29
7.348618262600260085e-29
7.348618262600260085e-29
7.348618262600260085e-29
7.348618262600260085e-29
7.348618262600260085e-29
7.348618262600260085e-29
7.348618262600260085e-29
7.348618262600260085e-29
7.348618262600260085e-29
7.348618262600260085e-29
7.348618262600260085e-29
7.348618262600260085e-29
7.348618262600260085e-29
7.348618262600260085e-29
7.348618262600260085e-29
7.348618262600260085e-29
7.348618262600260085e-29
7.348618262600260085e-29
7.348618262600260085e-29
7.348618262600260085e-29
7.348618262600260085e-29
7.348618262600260085e-29
7.348618262600260085e-29
7.348618262600260085e-29
7.348618262600260085e-29
7.348618262600260085e-29
7.348618262600260085e-29
7.348618262600260085e-29
7.348618262600260085e-29
7.348618262600260085e-29
7.348618262600260085e-29
7.348618262600260085e-29
7.348618262600260085e-29
7.348618262600260085e-29
7.348618262600260085e-29
7.348618262600260085e-29
7.348618262600260085e-29
7.348618262600260085e-29
7.348618262600260085e-29
7.348618262600260085e-29
7.348618262600260085e-29
7.348618262600260085e-29
7.348618262600260085e-29
7.348618262600260085e-29
7.348618262600260085e-29
7.348618262600260085e-29
7.348618262600260085e-29
7.348618262600260085e-29
7.348618262600260085e-29
7.348618262600260085e-29
7.348618262600260085e-29
7.348618262600260085e-29
7.348618262600260085e-29
7.348618262600260085e-29
7.348618262600260085e-29
7.348618262600260085e-29
7.348618262600260085e-29
7.348618262600260085e-29
7.348618262600260085e-29
7.348618262600260085e-29
7.348618262600260085e-29
7.348618262600260085e-29
7.348618262600260085e-29
7.348618262600260085e-29
7.348618262600260085e-29
7.348618262600260085e-29
7.348618262600260085e-29
7.348618262600260085e-29
7.348618262600260085e-29
7.348618262600260085e-29
7.348618262600260085e-29
7.348618262600260085e-29
7.348618262600260085e-29
7.348618262600260085e-29
7.348618262600260085e-29
7.348618262600260085e-29
7.348618262600260085e-29
7.348618262600260085e-29
7.348618262600260085e-29
7.348618262600260085e-29
7.348618262600260085e-29
7.348618262600260085e-29
7.348618262600260085e-29
7.348618262600260085e-29
7.348618262600260085e-29
7.348618262600260085e-29
7.348618262600260085e-29
7.348618262600260085e-29
7.348618262600260085e-29
7.348618262600260085e-29
7.348618262600260085e-29
7.348618262600260085e-29
7.348618262600260085e-29
7.348618262600260085e-29
7.348618262600260085e-29
7.348618262600260085e-29
7.348618262600260085e-29
7.348618262600260085e-29
7.348618262600260085e-29
7.348618262600260085e-29
7.348618262600260085e-29
7.348618262600260085e-29
7.348618262600260085e-29
7.348618262600260085e-29
7.348618262600260085e-29
7.348618262600260085e-29
7.348618262600260085e-29
7.348618262600260085e-29
7.348618262600260085e-29
7.348618262600260085e-29
7.348618262600260085e-29
7.348618262600260085e-29
7.348618262600260085e-29
7.348618262600260085e-29
7.348618262600260085e-29
7.348618262600260085e-29
7.348618262600260085e-29
7.348618262600260085e-29
7.348618262600260085e-29
7.348618262600260085e-29
7.348618262600260085e-29
7.348618262600260085e-29
7.348618262600260085e-29
7.348618262600260085e-29
7.348618262600260085e-29
7.348618262600260085e-29
7.348618262600260085e-29
7.348618262600260085e-29
7.348618262600260085e-29
7.348618262600260085e-29
7.348618262600260085e-29
7.348618262600260085e-29
7.348618262600260085e-29
7.348618262600260085e-29
7.348618262600260085e-29
7.348618262600260085e-29
7.348618262600260085e-29
7.348618262600260085e-29
7.348618262600260085e-29
7.348618262600260085e-29
7.348618262600260085e-29
7.348618262600260085e-29
7.348618262600260085e-29
7.348618262600260085e-29
7.348618262600260085e-29
7.348618262600260085e-29
7.348618262600260085e-29
7.348618262600260085e-29
7.348618262600260085e-29
7.348618262600260085e-29
7.348618262600260085e-29
7.348618262600257843e-29
7.348618262600248875e-29
7.348618262600221970e-29
7.348618262600173765e-29
7.348618262600151345e-29
7.348618262600151345e-29
7.348618262600151345e-29
7.348618262600151345e-29
7.348618262600151345e-29
7.348618262600151345e-29
7.348618262600151345e-29
7.348618262600151345e-29
7.348618262600151345e-29
7.348618262600151345e-29
7.348618262600151345e-29
7.348618262600151345e-29
7.348618262600151345e-29
7.348618262600151345e-29
7.348618262600151345e-29
7.348618262600150224e-29
7.348618262600135650e-29
7.348618262600039241e-29
7.348618262599525805e-29
7.348618262597266912e-29
7.348618262589805278e-29
7.348618262576266493e-29
7.348618262569791373e-29
7.348618262569591828e-29
7.348618262569591828e-29
7.348618262569591828e-29
7.348618262569591828e-29
7.348618262569591828e-29
7.348618262569591828e-29
7.348618262569591828e-29
7.348618262569591828e-29
7.348618262569591828e-29
7.348618262569591828e-29
7.348618262569591828e-29
7.348618262569591828e-29
7.348618262569587344e-29
7.348618262569545865e-29
7.348618262569172559e-29
7.348618262566354268e-29
7.348618262547712514e-29
7.348618262447974816e-29
7.348618262009803359e-29
7.348618260561978423e-29
7.348618257934798278e-29
7.348618256678598104e-29
7.348618256639625191e-29
7.348618256639616223e-29
7.348618256639616223e-29
7.348618256639616223e-29
7.348618256639616223e-29
7.348618256639616223e-29
7.348618256639616223e-29
7.348618256639616223e-29
7.348618256639616223e-29
7.348618256639613981e-29
7.348618256639573623e-29
7.348618256639083729e-29
7.348618256633534587e-29
7.348618256583776160e-29
7.348618256207898587e-29
7.348618253720820262e-29
7.348618240414602360e-29
7.348618181957114128e-29
7.348617988799510575e-29
7.348617638301321819e-29
7.348617470708830324e-29
7.348617465509408782e-29
7.348617465508296711e-29
7.348617465508296711e-29
7.348617465508296711e-29
7.348617465508296711e-29
7.348617465508296711e-29
7.348617465508296711e-29
7.348617465508296711e-29
7.348617465508284380e-29
7.348617465508042236e-29
7.348617465504420159e-29
7.348617465459270323e-29
7.348617464947586749e-29
7.348617460360160451e-29
7.348617425706337535e-29
7.348617196410790257e-29
7.348615969648619018e-29
7.348610580185327319e-29
7.348592772157894175e-29
7.348560458445292433e-29
7.348545007578624860e-29
7.348544528229026682e-29
7.348544528126582796e-29
7.348544528126582796e-29
7.348544528126582796e-29
7.348544528126582796e-29
7.348544528126581675e-29
7.348544528126543559e-29
7.348544528125755469e-29
7.348544528110261592e-29
7.348544527878295129e-29
7.348544524987640604e-29
7.348544492227721889e-29
7.348544198523544441e-29
7.348541979857506176e-29
7.348527299541065603e-29
7.348448758844357612e-29
7.348103730122552522e-29
7.346963902561573760e-29
7.344896507090971380e-29
7.343908382484409939e-29
7.343877730970097761e-29
7.343877724419411957e-29
7.343877724419411957e-29
7.343877724419411957e-29
7.343877724419411957e-29
7.343877724419344694e-29
7.343877724417626142e-29
7.343877724382496150e-29
7.343877723691206470e-29
7.343877713341538872e-29
7.343877584368738887e-29
7.343876122714831818e-29
7.343863018499267566e-29
7.343764029630377864e-29
7.343109112642818528e-29
7.339607200858385395e-29
7.324261927810039100e-29
7.274010616195498833e-29
7.184565212186278594e-29
7.142569266065049521e-29
7.141274226451043577e-29
7.141273949730766068e-29
7.141273949730766068e-29
7.141273949730766068e-29
7.141273949730766068e-29
7.141273949679893328e-29
7.141273948639682573e-29
7.141273928170125573e-29
7.141273621709125541e-29
7.141269802735358439e-29
7.141226522428561176e-29
7.140838522684210924e-29
7.137908900652006156e-29
7.118584745305630356e-29
7.016949875490291632e-29
6.602795319102853103e-29
5.525245584145267397e-29
4.262876736114399999e-29
3.843041777864357607e-29
3.831335294627407246e-29
3.831332800389259380e-29
3.831332800389255457e-29
3.831332800389255457e-29
3.831332800389255457e-29
3.831332800066408622e-29
3.831332793465007023e-29
3.831332663560672024e-29
3.831330718692419803e-29
3.831306482804710628e-29
3.831031837884358211e-29
3.828571307374229655e-29
3.810085870487507386e-29
3.692131346773522051e-29
3.167492676360852190e-29
1.950108823964600677e-29
8.591010600019678419e-30
4.263148279973886514e-30
3.435588874665554608e-30
3.415022263194837445e-30
3.415017894102358355e-30
3.415017894102351348e-30
3.415017894102351348e-30
3.415017894102351348e-30
3.415017885925844173e-30
3.415017725026115154e-30
3.415015316109502732e-30
3.414985297584073715e-30
3.414645133235022620e-30
3.411598464715091901e-30
3.388758145703169722e-30
3.245009200238001640e-30
2.644778459777728975e-30
1.459091020086695664e-30
5.880271767113843960e-31
2.822599727431053595e-31
2.260548249106126774e-31
2.246668987754009417e-31
2.246666039751892999e-31
2.246666039751888182e-31
2.246666039751888182e-31
2.246666039751888182e-31
2.246666035834631017e-31
2.246665958749681125e-31
2.246664804669093244e-31
2.246650423147251924e-31
2.246487449614480170e-31
2.245027390096758328e-31
2.234058993077515328e-31
2.164100035423379894e-31
1.853558416584301610e-31
1.136861462477561703e-31
4.991449699791033986e-32
2.473617875244072838e-32
1.992932045373327331e-32
1.980989105103188964e-32
1.980986568006618363e-32
1.980986568006613984e-32
1.980986568006613984e-32
1.980986568006613984e-32
1.980986565603304189e-32
1.980986518310255837e-32
1.980985810260263441e-32
1.980976986909481056e-32
1.980876996992145566e-32
1.979981002912241355e-32
1.973238685183007811e-32
1.929758084023100837e-32
1.726248831918588966e-32
1.179691888511345069e-32
5.765356297317041443e-33
2.990703623854727467e-33
2.431232394135704691e-33
2.417203672725865206e-33
2.417200691869672355e-33
2.417200691869667565e-33
2.417200691869667565e-33
2.417200691869667565e-33
2.417200691869667565e-33
2.417200652104323131e-33
2.417200056755620279e-33
2.417192637818600611e-33
2.417108561872114224e-33
2.416355052620924339e-33
2.410678121558036322e-33
2.373777192181045227e-33
2.194089910004784515e-33
1.646529124717648679e-33
9.023996525391550564e-34
4.958038003461456784e-34
4.079201657587539717e-34
4.056892042706527488e-34
4.056887300870425165e-34
4.056887300870418323e-34
4.056887300870418323e-34
4.056887300870418323e-34
4.056887300870418323e-34
4.056887255429710592e-34
4.056886575111985758e-34
4.056878097324647197e-34
4.056782020676047653e-34
4.055920862959035263e-34
4.049427396467462977e-34
4.006980219739117406e-34
3.794195824095300965e-34
3.076467021456372022e-34
1.893156344317838663e-34
1.114969894413087661e-34
9.318230493608726556e-35
9.270984756201502352e-35
9.270974710245378587e-35
9.270974710245362550e-35
9.270974710245362550e-35
9.270974710245362550e-35
9.270974710245362550e-35
9.270974640838115855e-35
9.270973601704153423e-35
9.270960652514353079e-35
9.270813901323139393e-35
9.269498432770244978e-35
9.259573317850662485e-35
9.194433168660489445e-35
8.860928551707884015e-35
7.642989184039681741e-35
5.255913035687593777e-35
3.354700173832926498e-35
2.860023934817782137e-35
2.846999610235952832e-35
2.846996839410133924e-35
2.846996839410129647e-35
2.846996839410129647e-35
2.846996839410129647e-35
2.846996839410129647e-35
2.846996632045088162e-35
2.846994047959892987e-35
2.846964762740209914e-35
2.846702237353126005e-35
2.844720661028690534e-35
2.831678271998267733e-35
2.763882601994582170e-35
2.500838138187530165e-35
1.902542738029213380e-35
1.326632576168055275e-35
1.158894036401715874e-35
1.154365830901789976e-35
1.154364866934720621e-35
1.154364866934719017e-35
1.154364866934719017e-35
1.154364866934719017e-35
1.154364866934719017e-35
1.154364814560388019e-35
1.154364161895972229e-35
1.154356765273944063e-35
1.154290456189128852e-35
1.153789797638440859e-35
1.150487979884790314e-35
1.133138980742864804e-35
1.062734142247941866e-35
8.817168251741067530e-36
6.735398146461566037e-36
6.052144811555432942e-36
6.033157494003942282e-36
6.033153448847038936e-36
6.033153448847032254e-36
6.033153448847032254e-36
6.033153448847032254e-36
6.033153448847032254e-36
6.033153288758446315e-36
6.033151293808863257e-36
6.033128685052523751e-36
6.032925997166594771e-36
6.031395315218200867e-36
6.021286721306168277e-36
5.967774839133728090e-36
5.743528564261823322e-36
5.109169970090331919e-36
4.256170004700616599e-36
3.941517675581198483e-36
3.932498206348597693e-36
3.932496283157139641e-36
3.932496283157136300e-36
3.932496283157136300e-36
3.932496283157136300e-36
3.932496283157136300e-36
3.932495590077382272e-36
3.932487735392102257e-36
3.932417316776648542e-36
3.931885449925114267e-36
3.928369844124576279e-36
3.909667159798151566e-36
3.829568192688855064e-36
3.586761162615200052e-36
3.216682802636004837e-36
3.065447252814492723e-36
3.060982402030803610e-36
3.060981449211610012e-36
3.060981449211608676e-36
3.060981449211608676e-36
3.060981449211608676e-36
3.060981449211608676e-36
3.060981197508275876e-36
3.060978344946586848e-36
3.060952770964905346e-36
3.060759596697237124e-36
3.059482025736460504e-36
3.052664923767846924e-36
3.023072132745827884e-36
2.929243804272652984e-36
2.773065875008570663e-36
2.704127643549298954e-36
2.702043667234505809e-36
2.702043222199083056e-36
2.702043222199082722e-36
2.702043222199082722e-36
2.702043222199082722e-36
2.702043222199082722e-36
2.702043135761129971e-36
2.702042156156517797e-36
2.702033373688241159e-36
2.701967032006420954e-36
2.701528148009894009e-36
2.699182478692009482e-36
2.688925449650826633e-36
2.655581226963579790e-36
2.597141069139153507e-36
2.570097118494370773e-36
2.569267106600591387e-36
2.569266929271207724e-36
2.569266929271207056e-36
2.569266929271207056e-36
2.569266929271207056e-36
2.569266929271207056e-36
2.569266641436148958e-36
2.569264060896459428e-36
2.569244567443526030e-36
2.569115591665465478e-36
2.568425773589146270e-36
2.565399616389117937e-36
2.555450977024522905e-36
2.537594127972576649e-36
2.529143682849084520e-36
2.528882414665647294e-36
2.528882358834268940e-36
2.528882358834268940e-36
2.528882358834268940e-36
2.528882358834268940e-36
2.528882358834268940e-36
2.528882291817078609e-36
2.528881690984542788e-36
2.528877152252731480e-36
2.528847121026580693e-36
2.528686461990509189e-36
2.527980889074920533e-36
2.525652303785163852e-36
2.521437856400720710e-36
2.519427663306345753e-36
2.519365349952892766e-36
2.519365336635872332e-36
2.519365336635872332e-36
2.519365336635872332e-36
2.519365336635872332e-36
2.519365336635872332e-36
2.519365324781938335e-36
2.519365218507253443e-36
2.519364415699362637e-36
2.519359103736160087e-36
2.519330684389802227e-36
2.519205838802350579e-36
2.518793406913020453e-36
2.518045364646196881e-36
2.517687841402381711e-36
2.517676751156738458e-36
2.517676748786587844e-36
2.517676748786587844e-36
2.517676748786587844e-36
2.517676748786587844e-36
2.517676748786587844e-36
2.517676734722396035e-36
2.517676628480277779e-36
2.517675925503370245e-36
2.517672164487806598e-36
2.517655641553925722e-36
2.517601047346432494e-36
2.517501988317975219e-36
2.517454625491171092e-36
2.517453156126292915e-36
2.517453155812266448e-36
2.517453155812266448e-36
2.517453155812266448e-36
2.517453155812266448e-36
2.517453154423092647e-36
2.517453143929153211e-36
2.517453074493423196e-36
2.517452703002870662e-36
2.517451070954746034e-36
2.517445678290048742e-36
2.517435892975209951e-36
2.517431214103710423e-36
2.517431068945785516e-36
2.517431068914763071e-36
2.517431068914763071e-36
2.517431068914763071e-36
2.517431068914763071e-36
2.517431068812192050e-36
2.517431068037364242e-36
2.517431062910522435e-36
2.517431035481222145e-36
2.517430914977559811e-36
2.517430516804543264e-36
2.517429794291592291e-36
2.517429448818472803e-36
2.517429438100449776e-36
2.517429438098159217e-36
2.517429438098159217e-36
2.517429438098159217e-36
2.517429438098159217e-36
2.517429438055293750e-36
2.517429437771663634e-36
2.517429436254202473e-36
2.517429429587621008e-36
2.517429407559634078e-36
2.517429367588284489e-36
2.517429348475780041e-36
2.517429347882830197e-36
2.517429347882703241e-36
2.517429347882703241e-36
2.517429347882703241e-36
2.517429347882703241e-36
2.517429347880922512e-36
2.517429347869137290e-36
2.517429347806085768e-36
2.517429347529086447e-36
2.517429346613812204e-36
2.517429344952982273e-36
2.517429344158848417e-36
2.517429344134210538e-36
2.517429344134205527e-36
2.517429344134205527e-36
2.517429344134205527e-36
2.517429344134205527e-36
2.517429344134149733e-36
2.517429344133781225e-36
2.517429344131808725e-36
2.517429344123144624e-36
2.517429344094514637e-36
2.517429344042563775e-36
2.517429344017723768e-36
2.517429344016953009e-36
2.517429344016953009e-36
2.517429344016953009e-36
2.517429344016953009e-36
2.517429344016953009e-36
2.517429344016951339e-36
2.517429344016942987e-36
2.517429344016896213e-36
2.517429344016691413e-36
2.517429344016015537e-36
2.517429344014789740e-36
2.517429344014203403e-36
2.517429344014185027e-36
2.517429344014185027e-36
2.517429344014185027e-36
2.517429344014185027e-36
2.517429344014185027e-36
2.517429344014185027e-36
2.517429344014184025e-36
2.517429344014180684e-36
2.517429344014168323e-36
2.517429344014146272e-36
2.517429344014135915e-36
2.517429344014135247e-36
2.517429344014135247e-36
2.517429344014135247e-36
2.517429344014135247e-36
2.517429344014135247e-36
2.517429344014135247e-36
2.517429344014135247e-36
2.517429344014135247e-36
2.517429344014135247e-36
2.517429344014134579e-36
2.517429344014134579e-36
2.517429344014134579e-36
2.517429344014134579e-36
2.517429344014134579e-36
2.517429344014134579e-36
2.517429344014134579e-36
2.517429344014134579e-36
2.517429344014134579e-36
2.517429344014134579e-36
2.517429344014134579e-36
2.517429344014134579e-36
2.517429344014134579e-36
2.517429344014134579e-36
2.517429344014134579e-36
2.517429344014134579e-36
2.517429344014134579e-36
2.517429344014134579e-36
2.517429344014134579e-36
2.517429344014134579e-36
2.517429344014134579e-36
2.517429344014134579e-36
2.517429344014134579e-36
2.517429344014134579e-36
2.517429344014134579e-36
2.517429344014134579e-36
2.517429344014134579e-36
2.517429344014134579e-36
2.517429344014134579e-36
2.517429344014134579e-36
2.517429344014134579e-36
2.517429344014134579e-36
2.517429344014134579e-36
2.517429344014134579e-36
2.517429344014134579e-36
2.517429344014134579e-36
2.517429344014134579e-36
2.517429344014134579e-36
2.517429344014134579e-36
2.517429344014134579e-36
2.517429344014134579e-36
2.517429344014134579e-36
2.517429344014134579e-36
2.517429344014134579e-36
2.517429344014134579e-36
2.517429344014134579e-36
2.517429344014134579e-36
2.517429344014134579e-36
2.517429344014134579e-36
2.517429344014134579e-36
2.517429344014134579e-36
2.517429344014134579e-36
2.517429344014134579e-36
2.517429344014134579e-36
2.517429344014134579e-36
2.517429344014134579e-36
2.517429344014134579e-36
2.517429344014134579e-36
2.517429344014134579e-36
2.517429344014134579e-36
2.517429344014134579e-36
2.517429344014134579e-36
2.517429344014134579e-36
2.517429344014134579e-36
2.517429344014134579e-36
2.517429344014134579e-36
2.517429344014134579e-36
2.517429344014134579e-36
2.517429344014134579e-36
2.517429344014134579e-36
2.517429344014134579e-36
2.517429344014134579e-36
2.517429344014134579e-36
2.517429344014134579e-36
2.517429344014134579e-36
2.517429344014134579e-36
2.517429344014134579e-36
2.517429344014134579e-36
2.517429344014134579e-36
2.517429344014134579e-36
2.517429344014134579e-36
2.517429344014134579e-36
2.517429344014134579e-36
2.517429344014134579e-36
2.517429344014134579e-36
2.517429344014134579e-36
2.517429344014134579e-36
2.517429344014134579e-36
2.517429344014134579e-36
2.517429344014134579e-36
2.517429344014134579e-36
2.517429344014134579e-36
2.517429344014134579e-36
2.517429344014134579e-36
2.517429344014134579e-36
2.517429344014134579e-36
2.517429344014134579e-36
2.517429344014134579e-36
2.517429344014134579e-36
2.517429344014134579e-36
2.517429344014134579e-36
2.517429344014134579e-36
2.517429344014134579e-36
2.517429344014134579e-36
2.517429344014134579e-36
2.517429344014134579e-36
2.517429344014134579e-36
2.517429344014134579e-36
2.517429344014134579e-36
2.517429344014134579e-36
2.517429344014134579e-36
2.517429344014134579e-36
2.517429344014134579e-36
2.517429344014134579e-36
2.517429344014134579e-36
2.517429344014134579e-36
2.517429344014134579e-36
2.517429344014134579e-36
2.517429344014134579e-36
2.517429344014134579e-36
2.517429344014134579e-36
2.517429344014134579e-36
2.517429344014134579e-36
2.517429344014134579e-36
2.517429344014134579e-36
2.517429344014134579e-36
2.517429344014134579e-36
2.517429344014134579e-36
2.517429344014134579e-36
2.517429344014134579e-36
2.517429344014134579e-36
2.517429344014134579e-36
2.517429344014134579e-36
2.517429344014134579e-36
2.517429344014134579e-36
2.517429344014134579e-36
2.517429344014134579e-36
2.517429344014134579e-36
2.517429344014134579e-36
2.517429344014134579e-36
2.517429344014134579e-36
2.517429344014134579e-36
2.517429344014134579e-36
2.517429344014134579e-36
2.517429344014134579e-36
2.517429344014134579e-36
2.517429344014134579e-36
2.517429344014134579e-36
2.517429344014134579e-36
2.517429344014134579e-36
2.517429344014134579e-36
2.517429344014134579e-36
2.517429344014134579e-36
2.517429344014134579e-36
2.517429344014134579e-36
2.517429344014134579e-36
2.517429344014134579e-36
2.517429344014134579e-36
2.517429344014134579e-36
2.517429344014134579e-36
2.517429344014134579e-36
2.517429344014134579e-36
2.517429344014134579e-36
2.517429344014134579e-36
2.517429344014134579e-36
2.517429344014134579e-36
2.517429344014134579e-36
2.517429344014134579e-36
2.517429344014134579e-36
2.517429344014134579e-36
2.517429344014134579e-36
2.517429344014134579e-36
2.517429344014134579e-36
