1.000000000000177858e+00
1.000000000000177858e+00
1.000000000000177858e+00
1.000000000000177858e+00
1.000000000000177858e+00
1.000000000000177858e+00
1.000000000000028422e+00
1.000000000000028422e+00
1.000000000000028422e+00
1.000000000000028422e+00
1.000000000000028422e+00
1.000000000000028200e+00
1.000000000000028200e+00
1.000000000000028200e+00
1.000000000000027978e+00
1.000000000000027978e+00
1.000000000000028200e+00
1.000000000000027978e+00
1.000000000000027978e+00
1.000000000000027978e+00
1.000000000000027978e+00
1.000000000000027978e+00
1.000000000000027978e+00
1.000000000000027978e+00
1.000000000000028200e+00
1.000000000000028200e+00
1.000000000000028200e+00
1.000000000000028200e+00
1.000000000000028200e+00
1.000000000000028200e+00
1.000000000000027978e+00
1.000000000000027978e+00
1.000000000000028200e+00
1.000000000000028200e+00
1.000000000000028200e+00
1.000000000000027978e+00
1.000000000000027978e+00
1.000000000000027978e+00
1.000000000000028200e+00
1.000000000000027978e+00
1.000000000000027978e+00
1.000000000000024203e+00
1.000000000000023981e+00
1.000000000000024203e+00
1.000000000000024203e+00
1.000000000000024203e+00
1.000000000000024203e+00
1.000000000000024203e+00
1.000000000000023981e+00
1.000000000000021538e+00
1.000000000000021538e+00
1.000000000000021538e+00
1.000000000000021538e+00
1.000000000000021538e+00
1.000000000000021538e+00
1.000000000000021538e+00
1.000000000000021538e+00
1.000000000000021538e+00
1.000000000000021538e+00
1.000000000000021538e+00
1.000000000000021538e+00
1.000000000000021538e+00
1.000000000000021538e+00
1.000000000000021538e+00
1.000000000000021538e+00
1.000000000000021538e+00
1.000000000000021538e+00
1.000000000000021538e+00
1.000000000000021538e+00
1.000000000000021538e+00
1.000000000000021538e+00
1.000000000000021538e+00
1.000000000000021538e+00
1.000000000000021538e+00
1.000000000000021538e+00
1.000000000000021538e+00
1.000000000000021538e+00
1.000000000000021538e+00
1.000000000000021538e+00
1.000000000000021538e+00
1.000000000000021538e+00
1.000000000000021538e+00
1.000000000000021538e+00
1.000000000000021538e+00
1.000000000000021538e+00
1.000000000000021538e+00
1.000000000000021538e+00
1.000000000000021538e+00
1.000000000000021538e+00
1.000000000000021538e+00
1.000000000000021538e+00
1.000000000000021538e+00
1.000000000000021538e+00
1.000000000000021538e+00
1.000000000000021538e+00
1.000000000000021538e+00
1.000000000000021538e+00
1.000000000000021538e+00
1.000000000000021538e+00
1.000000000000021538e+00
1.000000000000021538e+00
1.000000000000021538e+00
1.000000000000021538e+00
1.000000000000021538e+00
1.000000000000021538e+00
1.000000000000021538e+00
1.000000000000021538e+00
1.000000000000021538e+00
1.000000000000021538e+00
1.000000000000021538e+00
1.000000000000021538e+00
1.000000000000021538e+00
1.000000000000021538e+00
1.000000000000021538e+00
1.000000000000021538e+00
1.000000000000021538e+00
1.000000000000021538e+00
1.000000000000021538e+00
1.000000000000021538e+00
1.000000000000021538e+00
1.000000000000021538e+00
1.000000000000021538e+00
1.000000000000021538e+00
1.000000000000021538e+00
1.000000000000021760e+00
1.000000000000021760e+00
1.000000000000021760e+00
1.000000000000021760e+00
1.000000000000021760e+00
1.000000000000021760e+00
1.000000000000021760e+00
1.000000000000021760e+00
1.000000000000021760e+00
1.000000000000021760e+00
1.000000000000021760e+00
1.000000000000021760e+00
1.000000000000021760e+00
1.000000000000021760e+00
1.000000000000021760e+00
1.000000000000021760e+00
1.000000000000021760e+00
1.000000000000021760e+00
1.000000000000021760e+00
1.000000000000021760e+00
1.000000000000021760e+00
1.000000000000021982e+00
1.000000000000017097e+00
1.000000000000017097e+00
1.000000000000017097e+00
1.000000000000017097e+00
1.000000000000017097e+00
1.000000000000017097e+00
1.000000000000017097e+00
1.000000000000017097e+00
1.000000000000017097e+00
1.000000000000017097e+00
1.000000000000017319e+00
1.000000000000017319e+00
1.000000000000017319e+00
1.000000000000017319e+00
1.000000000000017319e+00
1.000000000000017319e+00
1.000000000000017319e+00
1.000000000000017319e+00
1.000000000000017097e+00
1.000000000000017097e+00
1.000000000000017097e+00
1.000000000000017319e+00
1.000000000000017319e+00
1.000000000000017097e+00
1.000000000000017097e+00
1.000000000000017319e+00
1.000000000000017319e+00
1.000000000000017319e+00
1.000000000000017319e+00
1.000000000000017319e+00
1.000000000000017319e+00
1.000000000000017319e+00
1.000000000000017097e+00
1.000000000000017097e+00
1.000000000000017319e+00
1.000000000000017319e+00
1.000000000000017097e+00
1.000000000000017097e+00
1.000000000000017097e+00
1.000000000000017097e+00
1.000000000000017319e+00
1.000000000000017319e+00
1.000000000000017097e+00
1.000000000000017319e+00
1.000000000000017319e+00
1.000000000000017319e+00
1.000000000000017319e+00
1.000000000000017097e+00
1.000000000000017097e+00
1.000000000000017097e+00
1.000000000000017097e+00
1.000000000000017097e+00
1.000000000000017097e+00
1.000000000000017319e+00
1.000000000000017319e+00
1.000000000000017319e+00
1.000000000000017319e+00
1.000000000000017097e+00
1.000000000000017097e+00
1.000000000000017097e+00
1.000000000000017097e+00
1.000000000000017097e+00
1.000000000000017097e+00
1.000000000000017097e+00
1.000000000000017097e+00
1.000000000000017319e+00
1.000000000000017097e+00
1.000000000000017097e+00
1.000000000000017097e+00
1.000000000000017097e+00
1.000000000000017097e+00
1.000000000000017097e+00
1.000000000000017097e+00
1.000000000000017097e+00
1.000000000000017097e+00
1.000000000000017097e+00
1.000000000000017097e+00
1.000000000000017097e+00
1.000000000000017097e+00
1.000000000000017097e+00
1.000000000000017097e+00
1.000000000000017097e+00
1.000000000000017097e+00
1.000000000000017097e+00
1.000000000000017097e+00
1.000000000000017097e+00
1.000000000000017097e+00
1.000000000000017097e+00
1.000000000000017097e+00
1.000000000000017097e+00
1.000000000000017097e+00
1.000000000000017097e+00
1.000000000000017097e+00
1.000000000000017097e+00
1.000000000000017097e+00
1.000000000000017097e+00
1.000000000000017097e+00
1.000000000000017319e+00
1.000000000000017319e+00
1.000000000000017319e+00
1.000000000000017319e+00
1.000000000000017319e+00
1.000000000000016431e+00
1.000000000000016431e+00
1.000000000000016431e+00
1.000000000000016431e+00
1.000000000000016431e+00
1.000000000000016431e+00
1.000000000000016431e+00
1.000000000000016431e+00
1.000000000000016431e+00
1.000000000000016431e+00
1.000000000000016431e+00
1.000000000000016431e+00
1.000000000000016431e+00
1.000000000000016653e+00
1.000000000000016653e+00
1.000000000000016653e+00
1.000000000000016653e+00
1.000000000000010880e+00
1.000000000000010880e+00
1.000000000000010880e+00
1.000000000000010880e+00
1.000000000000010880e+00
1.000000000000010880e+00
1.000000000000010880e+00
1.000000000000010880e+00
1.000000000000010880e+00
1.000000000000010880e+00
1.000000000000010880e+00
1.000000000000010880e+00
1.000000000000010880e+00
1.000000000000010880e+00
1.000000000000011102e+00
1.000000000000011102e+00
1.000000000000010880e+00
1.000000000000010880e+00
1.000000000000010880e+00
1.000000000000010880e+00
1.000000000000010880e+00
1.000000000000010880e+00
1.000000000000010880e+00
1.000000000000010880e+00
1.000000000000010880e+00
1.000000000000010880e+00
1.000000000000010880e+00
1.000000000000010880e+00
1.000000000000010880e+00
1.000000000000010880e+00
1.000000000000010880e+00
1.000000000000010880e+00
1.000000000000010880e+00
1.000000000000010880e+00
1.000000000000010880e+00
1.000000000000010658e+00
1.000000000000010880e+00
1.000000000000010880e+00
1.000000000000010880e+00
1.000000000000010880e+00
1.000000000000010880e+00
1.000000000000010880e+00
1.000000000000010880e+00
1.000000000000010880e+00
1.000000000000010880e+00
1.000000000000010880e+00
1.000000000000010880e+00
1.000000000000010658e+00
1.000000000000010658e+00
1.000000000000010658e+00
1.000000000000010658e+00
1.000000000000010658e+00
1.000000000000010658e+00
1.000000000000010658e+00
1.000000000000010658e+00
1.000000000000010880e+00
1.000000000000010658e+00
1.000000000000010658e+00
1.000000000000010658e+00
1.000000000000009548e+00
1.000000000000009326e+00
1.000000000000009326e+00
1.000000000000009326e+00
1.000000000000009326e+00
1.000000000000009326e+00
1.000000000000009104e+00
1.000000000000009104e+00
1.000000000000009104e+00
1.000000000000009104e+00
1.000000000000009104e+00
1.000000000000009104e+00
1.000000000000009104e+00
1.000000000000009326e+00
1.000000000000009326e+00
1.000000000000009326e+00
1.000000000000009326e+00
1.000000000000009326e+00
1.000000000000009326e+00
1.000000000000009326e+00
1.000000000000009326e+00
1.000000000000009326e+00
1.000000000000009326e+00
1.000000000000009326e+00
1.000000000000009326e+00
1.000000000000009326e+00
1.000000000000009104e+00
1.000000000000009104e+00
1.000000000000009326e+00
1.000000000000009326e+00
1.000000000000009326e+00
1.000000000000009104e+00
1.000000000000009104e+00
1.000000000000009104e+00
1.000000000000009104e+00
1.000000000000009104e+00
1.000000000000009104e+00
1.000000000000009104e+00
1.000000000000009104e+00
1.000000000000009104e+00
1.000000000000009104e+00
1.000000000000009104e+00
1.000000000000009104e+00
1.000000000000009104e+00
1.000000000000009104e+00
1.000000000000009104e+00
1.000000000000009104e+00
1.000000000000009104e+00
1.000000000000009104e+00
1.000000000000009104e+00
1.000000000000009104e+00
1.000000000000009104e+00
1.000000000000009104e+00
1.000000000000009104e+00
1.000000000000009104e+00
1.000000000000009104e+00
1.000000000000009326e+00
1.000000000000009326e+00
1.000000000000009326e+00
1.000000000000009326e+00
1.000000000000009326e+00
1.000000000000009326e+00
1.000000000000009326e+00
1.000000000000009326e+00
1.000000000000009326e+00
1.000000000000009326e+00
1.000000000000009326e+00
1.000000000000009326e+00
1.000000000000009104e+00
1.000000000000009104e+00
1.000000000000009326e+00
1.000000000000009104e+00
1.000000000000009104e+00
1.000000000000009104e+00
1.000000000000009104e+00
1.000000000000009104e+00
1.000000000000009104e+00
1.000000000000009104e+00
1.000000000000009104e+00
1.000000000000009104e+00
1.000000000000009104e+00
1.000000000000009104e+00
1.000000000000009104e+00
1.000000000000009104e+00
1.000000000000009104e+00
1.000000000000009104e+00
1.000000000000009104e+00
1.000000000000009104e+00
1.000000000000009104e+00
1.000000000000009104e+00
1.000000000000009104e+00
1.000000000000009104e+00
1.000000000000009104e+00
1.000000000000009104e+00
1.000000000000009104e+00
1.000000000000009104e+00
1.000000000000009104e+00
1.000000000000009104e+00
1.000000000000009104e+00
1.000000000000009104e+00
1.000000000000009104e+00
1.000000000000009104e+00
1.000000000000009104e+00
1.000000000000009104e+00
1.000000000000009104e+00
1.000000000000009104e+00
1.000000000000009104e+00
1.000000000000009104e+00
1.000000000000009104e+00
1.000000000000009104e+00
1.000000000000009104e+00
1.000000000000009104e+00
1.000000000000009104e+00
1.000000000000009104e+00
1.000000000000009104e+00
1.000000000000009104e+00
1.000000000000009104e+00
1.000000000000009104e+00
1.000000000000009104e+00
1.000000000000009104e+00
1.000000000000009104e+00
1.000000000000009104e+00
1.000000000000009104e+00
1.000000000000009104e+00
1.000000000000009104e+00
1.000000000000009104e+00
1.000000000000009104e+00
1.000000000000009104e+00
1.000000000000009104e+00
1.000000000000009104e+00
1.000000000000009104e+00
1.000000000000009104e+00
1.000000000000009104e+00
1.000000000000009104e+00
1.000000000000009104e+00
1.000000000000009104e+00
1.000000000000009104e+00
1.000000000000009104e+00
1.000000000000009104e+00
1.000000000000009104e+00
1.000000000000009104e+00
1.000000000000009104e+00
1.000000000000009104e+00
1.000000000000009104e+00
1.000000000000009104e+00
1.000000000000009104e+00
1.000000000000009104e+00
1.000000000000009104e+00
1.000000000000009104e+00
1.000000000000009104e+00
1.000000000000009104e+00
1.000000000000009104e+00
1.000000000000009104e+00
1.000000000000009104e+00
1.000000000000009104e+00
1.000000000000009104e+00
1.000000000000009104e+00
1.000000000000009104e+00
1.000000000000009104e+00
1.000000000000009104e+00
1.000000000000009104e+00
1.000000000000009104e+00
1.000000000000009104e+00
1.000000000000009104e+00
1.000000000000009104e+00
1.000000000000009104e+00
1.000000000000009104e+00
1.000000000000009104e+00
1.000000000000009104e+00
1.000000000000009104e+00
1.000000000000009104e+00
1.000000000000009104e+00
1.000000000000009104e+00
1.000000000000009104e+00
1.000000000000009104e+00
1.000000000000009104e+00
1.000000000000009104e+00
1.000000000000009104e+00
1.000000000000009104e+00
1.000000000000009104e+00
1.000000000000009104e+00
1.000000000000009104e+00
1.000000000000009326e+00
1.000000000000009326e+00
1.000000000000009326e+00
1.000000000000009326e+00
1.000000000000009326e+00
1.000000000000009326e+00
1.000000000000009326e+00
1.000000000000009326e+00
1.000000000000009326e+00
1.000000000000009104e+00
1.000000000000009104e+00
1.000000000000009104e+00
1.000000000000009104e+00
1.000000000000009104e+00
1.000000000000009326e+00
1.000000000000009326e+00
1.000000000000009104e+00
1.000000000000009104e+00
1.000000000000009104e+00
1.000000000000009104e+00
1.000000000000009104e+00
1.000000000000009104e+00
1.000000000000007772e+00
1.000000000000007772e+00
1.000000000000006883e+00
1.000000000000006883e+00
1.000000000000006883e+00
9.999999999999616973e-01
9.999999999999616973e-01
9.999999999999616973e-01
9.999999999996153077e-01
9.999999999996151967e-01
9.999999999996151967e-01
9.999999999996153077e-01
9.999999999996153077e-01
9.999999999996153077e-01
9.999999999996153077e-01
9.999999999986016741e-01
9.999999999986016741e-01
9.999999999986016741e-01
9.999999999978703702e-01
9.999999999577500187e-01
9.999999999577495746e-01
9.999999999577495746e-01
9.999999999577495746e-01
9.999999999577495746e-01
9.999999997632493809e-01
9.999999997632493809e-01
9.999999997632493809e-01
9.999999997632120774e-01
9.999999997632120774e-01
9.999999997632120774e-01
9.999999997632120774e-01
9.999999991551730139e-01
9.999999991551730139e-01
9.999999991551730139e-01
9.999999991551730139e-01
9.999999914005520685e-01
9.999999913667743101e-01
9.999999913667736440e-01
9.999999912250916445e-01
9.999999436431895594e-01
9.999999436431895594e-01
9.999999436431895594e-01
9.999999436431846744e-01
9.999999436431846744e-01
9.999998060861425841e-01
9.999998060861425841e-01
9.999998060861425841e-01
9.999998060861425841e-01
9.999998060861425841e-01
9.999998060853655391e-01
9.999998060853655391e-01
9.999998060853655391e-01
9.999997480027105201e-01
9.999993819498290692e-01
9.999993819498290692e-01
9.999993819498290692e-01
9.999993809518179511e-01
9.999946651548359267e-01
9.999946651548359267e-01
9.999827159508959395e-01
9.999827159508772878e-01
9.999827159508772878e-01
9.999827157400382749e-01
9.999827157400379418e-01
9.999827157400379418e-01
9.999827157400379418e-01
9.999763376146585392e-01
9.999763376146585392e-01
9.999763376146584282e-01
9.999718569824261882e-01
9.998108316439353604e-01
9.998108293194767349e-01
9.998108293194767349e-01
9.998108293194767349e-01
9.998108293194767349e-01
9.993733332744666464e-01
9.993733332744666464e-01
9.993733332744023645e-01
9.993733115533482980e-01
9.993733115533482980e-01
9.993733115533482980e-01
9.993733115532864586e-01
9.990966329812066560e-01
9.990966329812066560e-01
9.990966329812066560e-01
9.990966329812066560e-01
9.974863318371253174e-01
9.974766678652683405e-01
9.974766677730255715e-01
9.974657612332942236e-01
9.901876495888379814e-01
9.901876495888379814e-01
9.901876495888379814e-01
9.901876488556313749e-01
9.901876488556313749e-01
9.853552171968599227e-01
9.853552171968599227e-01
9.853552171968377182e-01
9.853552171968377182e-01
9.853552171968377182e-01
9.853552068685408338e-01
9.853552068685408338e-01
9.853552068685372811e-01
9.849294207772959497e-01
9.806244790198761496e-01
9.806244790198761496e-01
9.806244790198761496e-01
9.806110439577073734e-01
9.304695219562605368e-01
9.304695219562605368e-01
9.304695219562605368e-01
8.950255843095477060e-01
8.950255841431081771e-01
8.950255841431081771e-01
8.950252824739898250e-01
8.950252824737289226e-01
8.950252824737289226e-01
8.950252824737289226e-01
8.905396535081329112e-01
8.905396535081329112e-01
8.905396535081308018e-01
8.872653699206244360e-01
7.622918753469799524e-01
7.622907167311534504e-01
7.622907167311534504e-01
7.622907167311534504e-01
7.622907167311534504e-01
6.412690829377485358e-01
6.412690829377485358e-01
6.412690829298665074e-01
6.412654507421078343e-01
6.412654507421078343e-01
6.412654507421078343e-01
6.412654507421078343e-01
6.412654507220315603e-01
6.223437571009976521e-01
6.223437571009976521e-01
6.223437571009976521e-01
6.223437571009976521e-01
5.216163738890379209e-01
5.212348067101978399e-01
5.212348051090412993e-01
5.209938391076394115e-01
3.206621289340617631e-01
3.206621289340617631e-01
3.206621289340617631e-01
3.206621063346355438e-01
3.206621063346355438e-01
2.855195079021372040e-01
2.855195079021372040e-01
2.855195079017390780e-01
2.855195079017390780e-01
2.855195079017390780e-01
2.855194778320260807e-01
2.855194778320260807e-01
2.855194778320197524e-01
2.840519551803147857e-01
2.598082802900553712e-01
2.598082802900553712e-01
2.598082802900553712e-01
2.598082802900553712e-01
2.597624357879705914e-01
1.183318904041528036e-01
1.183318904041528036e-01
1.183318904041528036e-01
8.445896237769458248e-02
8.445896197651488191e-02
8.445896197651488191e-02
8.445882417271602383e-02
8.445882417263292363e-02
8.445882417263292363e-02
8.445882417263292363e-02
8.232249511883565907e-02
8.232249511883565907e-02
8.232249511883307780e-02
8.032977408882949200e-02
3.867788500229048243e-02
3.867756448161165789e-02
3.867756448161165789e-02
3.867756448161165789e-02
3.867756448161165789e-02
1.900309372152544224e-02
1.900309372152544224e-02
1.900309372086064069e-02
1.900271667441837467e-02
1.900271667441837467e-02
1.900271667441837467e-02
1.900271667441837467e-02
1.900271667023297265e-02
1.730057256754654119e-02
1.730057256754654119e-02
1.730057256754654119e-02
1.730057256754654119e-02
1.146795316923007735e-02
1.143608818743161587e-02
1.143608815384288165e-02
1.142982851708605578e-02
4.123338528575257178e-03
4.123338528575257178e-03
4.123338528575256311e-03
4.123337319038907628e-03
4.123337319038907628e-03
3.192306036746079059e-03
3.192306036746079059e-03
3.192306036746079059e-03
3.192306036730788773e-03
3.192306036730788773e-03
3.192306036730788773e-03
3.192305783732982474e-03
3.192305783732982474e-03
3.192305783732921759e-03
3.176933288395414161e-03
2.751766820443408632e-03
2.751766820443408632e-03
2.751766820443408632e-03
2.751766820443408632e-03
2.750574834408007086e-03
9.881535404608354518e-04
9.881535404608354518e-04
9.881535404608354518e-04
5.776179160606824924e-04
5.776179101371046749e-04
5.776179101371046749e-04
5.776172976705658182e-04
5.776172976701322457e-04
5.776172976701322457e-04
5.776172976701322457e-04
5.657054495018322459e-04
5.657054495018322459e-04
5.657054495017887694e-04
5.473029815865123205e-04
2.615784055203775266e-04
2.615733180592393439e-04
2.615733180592393439e-04
2.615733180592393439e-04
2.615733180592393439e-04
1.080726569471478633e-04
1.080726569471478633e-04
1.080726569446012486e-04
1.080714554178138147e-04
1.080714554178138147e-04
1.080714554178138147e-04
1.080714554178138147e-04
1.080714553810721410e-04
1.008867839291973365e-04
1.008867839291973365e-04
1.008867839291973365e-04
1.008867839291973365e-04
1.008867839291973365e-04
6.924857476422575464e-05
6.899480597195392791e-05
6.899480583916834037e-05
6.897406271935594779e-05
2.223853622018557335e-05
2.223853622018556658e-05
2.223853622018556658e-05
2.223852364761188442e-05
2.223852364761188442e-05
1.855576611362841255e-05
1.855576611362841255e-05
1.855576611362841255e-05
1.855576611349114916e-05
1.855576611349114916e-05
1.855576611349114916e-05
1.855576611349114916e-05
1.855576517844556640e-05
1.855576517844541732e-05
1.850790843665194344e-05
1.623741597930826092e-05
1.623741597930826092e-05
1.623741597930826092e-05
1.623741597930826092e-05
1.622830572744251906e-05
5.307828942739997189e-06
5.307828942739997189e-06
5.307828942739997189e-06
3.587589176418667509e-06
3.587589095762485194e-06
3.587589095762485194e-06
3.587586511573334634e-06
3.587586511572119142e-06
3.587586511572119142e-06
3.587586511572119142e-06
3.544934339817988065e-06
3.544934339817988065e-06
3.544934339817535749e-06
3.432509457109668385e-06
1.467465478326934659e-06
1.467430295975766725e-06
1.467430295975766725e-06
1.467430295975766725e-06
1.467430295975766725e-06
1.467430295975766725e-06
7.335803735564886934e-07
7.335803735479597069e-07
7.335743197135027234e-07
7.335743197135027234e-07
7.335743197135027234e-07
7.335743197135027234e-07
7.335743191163636597e-07
7.023409217383173607e-07
7.023409217383173607e-07
7.023409217383173607e-07
7.023409217383173607e-07
7.023409217383173607e-07
4.330864550662425033e-07
4.315433262490591919e-07
4.315433258714610625e-07
4.314545782987237967e-07
4.314545782987233732e-07
1.627892469294155389e-07
1.627892469294155389e-07
1.627890988973842923e-07
1.627890988973842923e-07
1.435969669822799365e-07
1.435969669822799365e-07
1.435969669822799365e-07
1.435969669822799365e-07
1.435969669793803574e-07
1.435969669793803574e-07
1.435969669793803574e-07
1.435969629090608588e-07
1.435969629090604088e-07
1.432834370542130702e-07
1.182597009915246037e-07
1.182597009915246037e-07
1.182597009915246037e-07
1.182597009915246037e-07
1.181845854011935680e-07
4.102088767493773054e-08
4.102088767493773054e-08
4.102088767493773054e-08
3.059184554482615051e-08
3.059184425617272387e-08
3.059184425617272387e-08
3.059183059797813484e-08
3.059183059797327764e-08
3.059183059797327764e-08
3.059183059797327764e-08
3.025242312425777230e-08
3.025242312425777230e-08
3.025242312424614545e-08
2.868518870317632793e-08
1.192780008583715928e-08
1.192743875983331295e-08
1.192743875983331295e-08
1.192743875983331295e-08
6.823396900264097341e-09
6.823396900264097341e-09
6.823396900264097341e-09
6.823396900223578726e-09
6.823396900223578726e-09
6.823358828677661482e-09
6.823358828677661482e-09
6.823358828677661482e-09
6.823358817325562141e-09
6.528077581784491662e-09
6.528077581784491662e-09
6.528077581784491662e-09
6.528077581784491662e-09
6.528077581784491662e-09
3.783355265066632245e-09
3.783355265066632245e-09
3.760394450973738251e-09
3.760394449399402614e-09
3.760394449399391033e-09
3.759904591433195244e-09
1.618487345809883359e-09
1.618487345809883359e-09
1.618485071158436899e-09
1.618485071158436899e-09
1.413145186638154256e-09
1.413145186638154256e-09
1.413145186638154256e-09
1.413145186638154256e-09
1.413145186576450304e-09
1.413145186576450304e-09
1.413145186576450304e-09
1.413145164931280414e-09
1.413145164931277519e-09
1.410936705765142060e-09
1.118378990819399394e-09
1.118378990819399394e-09
1.118378990819399394e-09
1.118378990819399394e-09
1.117066566996158718e-09
4.238295419026620180e-10
4.238295419026620180e-10
4.238295419026620180e-10
3.059770115732603333e-10
3.059769915334064238e-10
3.059769915334064238e-10
3.059769915334064238e-10
3.059769165078780552e-10
3.059769165078480699e-10
3.059769165078480699e-10
3.059769165078480699e-10
3.035013872514089244e-10
3.035013872514089244e-10
3.035013872511517746e-10
2.839610869166531603e-10
1.245762999250819492e-10
1.245685960497286313e-10
1.245685960497286313e-10
1.245685960497286313e-10
6.717896201334953458e-11
6.717896201334953458e-11
6.717896201334953458e-11
6.717896201310709311e-11
6.717896201310709311e-11
6.717875937720504344e-11
6.717875937720504344e-11
6.717875937720504344e-11
6.717875920614999935e-11
6.507234526947034809e-11
6.507234526947034809e-11
6.507234526947034809e-11
6.507234526947034809e-11
6.507234526947034809e-11
3.907619495946894787e-11
3.876924189667642464e-11
3.876924189667642464e-11
3.876924188634670947e-11
3.876924188634643805e-11
1.555836333699967030e-11
1.555790284258190425e-11
1.555790284258190425e-11
1.555786175870742083e-11
1.555786175870742083e-11
1.412387675659433467e-11
1.412387675659433467e-11
1.412387675659433467e-11
1.412387675659433467e-11
1.412387675563617518e-11
1.412387675563617518e-11
1.412387675563617518e-11
1.412387662216780776e-11
1.412387662216779322e-11
1.412387662216779322e-11
1.411175447785319562e-11
1.137410623386845349e-11
1.137410623386845349e-11
1.137410623386845349e-11
1.135706954248051619e-11
4.029534925863241439e-12
4.029534925863241439e-12
4.029534925863241439e-12
3.182432442265581778e-12
3.182432018516383228e-12
3.182432018516383228e-12
3.182432018516383228e-12
3.182431517521934937e-12
3.182431517521797612e-12
3.182431517521797612e-12
3.182431517521797612e-12
3.167675541683724783e-12
3.167675541683724783e-12
3.167675541679370371e-12
2.971352649197336903e-12
1.205921073732875210e-12
1.205830444976753859e-12
1.205830444976753859e-12
1.205830444976753859e-12
7.531301192174655032e-13
7.531301192174655032e-13
7.531301192174655032e-13
7.531301192174655032e-13
7.531301192161686916e-13
7.531285471409051567e-13
7.531285471409051567e-13
7.531285429386375105e-13
7.531285429386375105e-13
7.384144320836377249e-13
7.384144320836377249e-13
7.384144320836377249e-13
7.384144320836377249e-13
7.384144320836377249e-13
4.044961998823520569e-13
4.014692622641037637e-13
4.014692622641037637e-13
4.014692622169637080e-13
4.014692622169592146e-13
4.014692622169592146e-13
1.891102539729123655e-13
1.891060543238645904e-13
1.891060543238645904e-13
1.891052922883943480e-13
1.891052922883943480e-13
1.771041480344539436e-13
1.771041480344539436e-13
1.771041480344539436e-13
1.771041480344539436e-13
1.771041480050055767e-13
1.771041480050055767e-13
1.771041480050055767e-13
1.771041471119058789e-13
1.771041471119058031e-13
1.771041471119058031e-13
1.769864688078345533e-13
1.330625973022150323e-13
1.330625973022150323e-13
1.330625973022150323e-13
1.328481219267105121e-13
5.217582934375741525e-14
5.217582934375741525e-14
5.217582934375741525e-14
5.217582934375741525e-14
4.387280906250930583e-14
4.387279895190798581e-14
4.387279895190798581e-14
4.387279489983429999e-14
4.387279489983341646e-14
4.387279489983341646e-14
4.387279489983341646e-14
4.369956467368602240e-14
4.369956467368602240e-14
4.369956467352405348e-14
3.973868329508624545e-14
1.639951814045861201e-14
1.639797627470845333e-14
1.639797627470845333e-14
1.639797627470845333e-14
1.131798172666947328e-14
1.131798172666947328e-14
1.131798172666947328e-14
1.131798172666947328e-14
1.131798172665973085e-14
1.131798172665973085e-14
1.131796661738614667e-14
1.131796649824056667e-14
1.131796649824056667e-14
1.131796649824056667e-14
1.131796649824056667e-14
1.111255249226706223e-14
1.111255249226706223e-14
1.111255249226706223e-14
1.111255249226706223e-14
5.839398849963669402e-15
5.770714209429193935e-15
5.770714209429193935e-15
5.770714209105156697e-15
5.770714209105156697e-15
5.770714209104975259e-15
3.059271752236215751e-15
3.059224979374604811e-15
3.059224979374604811e-15
3.059206632984253391e-15
3.059206632984253391e-15
2.865316906951525079e-15
2.865316906951525079e-15
2.865316906951525079e-15
2.865316906951525079e-15
2.865316905983815601e-15
2.865316905983815601e-15
2.865316905983815601e-15
2.865316898206342457e-15
2.865316898206342457e-15
2.865316898206342062e-15
2.864005767059082509e-15
2.062993391208741394e-15
2.062993391208741394e-15
2.057362205971217901e-15
2.057362205971217901e-15
8.887859994241212076e-16
8.887859994241212076e-16
8.887859994241212076e-16
8.887859994241212076e-16
8.887856177042623105e-16
7.412728842925428216e-16
7.412728842925426243e-16
7.412728458073545597e-16
7.412728458073459809e-16
7.412728458073459809e-16
7.412728458073459809e-16
7.391659489123000241e-16
7.391659489123000241e-16
7.391659489064823721e-16
7.391659489064823721e-16
6.584715866043949128e-16
2.869315726610636274e-16
2.868799632416396878e-16
2.868799632416396878e-16
2.868799632416396878e-16
1.932221209492436981e-16
1.932221209492436981e-16
1.932221209492436981e-16
1.932221209492436981e-16
1.932221209492436981e-16
1.932221209491446714e-16
1.932219744381335998e-16
1.932219712435189181e-16
1.932219712435189181e-16
1.932219712435189181e-16
1.932219712435189181e-16
1.906613870565761798e-16
1.906613870565761798e-16
1.906613870565761798e-16
1.906613870565761798e-16
1.030185858098463472e-16
1.014698495274534369e-16
1.014698495274534369e-16
1.014698495274534369e-16
1.014698495239605457e-16
1.014698495239535076e-16
5.171768707738226166e-17
5.171724235433335424e-17
5.171666900210715813e-17
5.171666900210715813e-17
5.171666900210715813e-17
4.931583444849647331e-17
4.931583444849647331e-17
4.931583444849647331e-17
4.931583444849647331e-17
4.931583442212487174e-17
4.931583442212487174e-17
4.931583442212487174e-17
4.931583434180148281e-17
4.931583434180148281e-17
4.931583434180148281e-17
3.607289606466381328e-17
3.607289606466381328e-17
3.606598047755473791e-17
3.594097135046700974e-17
3.594097135046700974e-17
1.486501437124820794e-17
1.486501437124820794e-17
1.486501437124820794e-17
1.486501437124820794e-17
1.486500269492641591e-17
1.486500269492640975e-17
1.302072424414985961e-17
1.302072383016571607e-17
1.302072383016564981e-17
1.302072383016564981e-17
1.302072383016564981e-17
1.299907066499014295e-17
1.299907066482461621e-17
1.299907066482461621e-17
1.299907066482461621e-17
1.162355670153419736e-17
4.821147493677210148e-18
4.821147493677210148e-18
4.820088438000071592e-18
4.820088438000071592e-18
4.820088438000071592e-18
3.579481521822367728e-18
3.579481521822367728e-18
3.579481521822367728e-18
3.579481521822367728e-18
3.579481521821513385e-18
3.579479768857614752e-18
3.579479648971064163e-18
3.579479648971064163e-18
3.579479648971064163e-18
3.579479648971064163e-18
3.550094336665158266e-18
3.550094336665158266e-18
3.550094336665158266e-18
3.550094336665158266e-18
1.794949156532751849e-18
1.769115688289300437e-18
1.769115688289300437e-18
1.769115688289103607e-18
1.769115688289103607e-18
1.769115688262403284e-18
1.032288983503523005e-18
1.032282806310084175e-18
1.032266202454381416e-18
1.032266202454381416e-18
9.999394966906075019e-19
9.999394966906075019e-19
9.999394966906075019e-19
9.999394966906075019e-19
9.999394966906075019e-19
9.999394966906075019e-19
9.999394955050123467e-19
9.999394955050123467e-19
9.999394955050123467e-19
9.999394955050123467e-19
9.999394946745681103e-19
9.999394946745681103e-19
9.999394946745681103e-19
6.851305332404772843e-19
6.850435535537784887e-19
6.825674580581708075e-19
3.180786341238506395e-19
3.180786341238506395e-19
3.180786341238506395e-19
3.180786341238506395e-19
3.180786341238506395e-19
3.180782455199599195e-19
3.180782455199596306e-19
2.889427234664822584e-19
2.889427183398679246e-19
2.889427183398672506e-19
2.889427183398672506e-19
2.889427183398672506e-19
2.885708286249098449e-19
2.885708286249098449e-19
2.885708286159897077e-19
2.885708286159897077e-19
2.483051600738782413e-19
1.087761229315656405e-19
1.087761229315656405e-19
1.087465215640062660e-19
1.087465215640062660e-19
1.087465215640062660e-19
8.629643530331052812e-20
8.629643530331052812e-20
8.629643530331052812e-20
8.629643530331052812e-20
8.629643530330036884e-20
8.629640968134822519e-20
8.629640461635308113e-20
8.629640461635308113e-20
8.629640461635308113e-20
8.629640461635308113e-20
8.629640461635308113e-20
8.570016488956699431e-20
8.570016488956699431e-20
8.570016488956699431e-20
4.275266783310103276e-20
4.185408425363069556e-20
4.185408425363069556e-20
4.185408425361865247e-20
4.185408425331307360e-20
4.185408425331307360e-20
2.679829435800060274e-20
2.679818966985142046e-20
2.679757524473260724e-20
2.679757524473260724e-20
2.603578019745414620e-20
2.603578019745414620e-20
2.603578019745414620e-20
2.603578019745414620e-20
2.603578019745414620e-20
2.603578013902990277e-20
2.603578013902990277e-20
2.603578013902990277e-20
2.603578013902990277e-20
2.603578013902990277e-20
2.603578012751806880e-20
2.603578012751806880e-20
2.603578012751806880e-20
2.603578012751806880e-20
2.603578012751806880e-20
2.603578012751806880e-20
2.603578012751806880e-20
2.603578012751806880e-20
2.603578012751806880e-20
2.603578012751806880e-20
2.603578012751806880e-20
2.603578012751806880e-20
2.603578012751806880e-20
2.603578012751806880e-20
2.603578012751806880e-20
2.603578012751806880e-20
2.603578012751806880e-20
2.603578012751806880e-20
2.603578012751806880e-20
2.603578012751806880e-20
2.603578012751806880e-20
2.603578012751806880e-20
2.603578012751806880e-20
2.603578012751806880e-20
2.603578012751806880e-20
2.603578012751806880e-20
2.603578012751806880e-20
2.603578012751806880e-20
2.603578012751806880e-20
2.603578012751806880e-20
2.603578012751806880e-20
2.603578012751806880e-20
2.603578012751806880e-20
2.603578012751806880e-20
2.603578012751806880e-20
2.603578012751806880e-20
2.603578012751806880e-20
2.603578012751806880e-20
2.603578012751806880e-20
2.603578012751806880e-20
2.603578012751806880e-20
2.603578012751806880e-20
2.603578012751806880e-20
2.603578012751806880e-20
2.603578012751806880e-20
2.603578012751806880e-20
2.603578012751806880e-20
2.603578012751806880e-20
2.603578012751806880e-20
2.603578012751806880e-20
2.603578012751806880e-20
2.603578012751806880e-20
2.603578012751806880e-20
2.603578012751806880e-20
2.603578012751806880e-20
2.603578012751806880e-20
2.603578012751806880e-20
2.603578012751806880e-20
2.603578012751806880e-20
2.603578012751806880e-20
2.603578012751806880e-20
2.603578012751806880e-20
2.603578012751806880e-20
2.603578012751806880e-20
2.603578012751806880e-20
2.603578012751806880e-20
2.603578012751806880e-20
2.603578012751806880e-20
2.603578012751806880e-20
2.603578012751806880e-20
2.603578012751806880e-20
2.603578012751806880e-20
2.603578012751806880e-20
2.603578012751806880e-20
2.603578012751806880e-20
2.603578012751806880e-20
2.603578012751806880e-20
2.603578012751806880e-20
2.603578012751806880e-20
2.603578012751806880e-20
2.603578012751806880e-20
2.603578012751806880e-20
2.603578012751806880e-20
2.603578012751806880e-20
2.603578012751806880e-20
2.603578012751806880e-20
2.603578012751806880e-20
2.603578012751806880e-20
2.603578012751806880e-20
2.603578012751806880e-20
2.603578012751806880e-20
2.603578012751806880e-20
2.603578012751806880e-20
2.603578012751806880e-20
2.603578012751806880e-20
2.603578012751806880e-20
2.603578012751806880e-20
2.603578012751806880e-20
2.603578012751806880e-20
2.603578012751806880e-20
2.603578012751806880e-20
2.603578012751806880e-20
2.603578012751806880e-20
2.603578012751806880e-20
2.603578012751806880e-20
2.603578012751806880e-20
2.603578012751806880e-20
2.603578012751806880e-20
2.603578012751806880e-20
2.603578012751806880e-20
2.603578012751806880e-20
2.603578012751806880e-20
2.603578012751806880e-20
2.603578012751806880e-20
2.603578012751806880e-20
2.603578012751806880e-20
2.603578012751806880e-20
2.603578012751806880e-20
2.603578012751806880e-20
2.603578012751806880e-20
2.603578012751806880e-20
2.603578012751806880e-20
2.603578012751806880e-20
2.603578012751806880e-20
2.603578012751806880e-20
2.603578012751806880e-20
2.603578012751806880e-20
2.603578012751806880e-20
2.603578012751806880e-20
2.603578012751806880e-20
2.603578012751806880e-20
2.603578012751806880e-20
2.603578012751806880e-20
2.603578012751806880e-20
2.603578012751806880e-20
2.603578012751806880e-20
2.603578012751806880e-20
2.603578012751806880e-20
2.603578012751806880e-20
2.603578012751806880e-20
2.603578012751806880e-20
2.603578012751806880e-20
2.603578012751806880e-20
2.603578012751806880e-20
2.603578012751806880e-20
2.603578012751806880e-20
2.603578012751806880e-20
2.603578012751806880e-20
2.603578012751806880e-20
2.603578012751806880e-20
2.603578012751806880e-20
2.603578012751806880e-20
2.603578012751806880e-20
2.603578012751806880e-20
2.603578012751806880e-20
2.603578012751806880e-20
2.603578012751806880e-20
2.603578012751806880e-20
2.603578012751806880e-20
2.603578012751806880e-20
2.603578012751806880e-20
2.603578012751806880e-20
2.603578012751806880e-20
2.603578012751806880e-20
2.603578012751806880e-20
2.603578012751806880e-20
2.603578012751806880e-20
2.603578012751806880e-20
2.603578012751806880e-20
2.603578012751806880e-20
2.603578012751806880e-20
2.603578012751806880e-20
2.603578012751806880e-20
2.603578012751806880e-20
2.603578012751806880e-20
2.603578012751806880e-20
2.603578012751806880e-20
2.603578012751806880e-20
2.603578012751806880e-20
2.603578012751806880e-20
2.603578012751806880e-20
2.603578012751806880e-20
2.603578012751806880e-20
2.603578012751806880e-20
2.603578012751806880e-20
2.603578012751806880e-20
2.603578012751806880e-20
2.603578012751806880e-20
2.603578012751806880e-20
2.603578012751806880e-20
2.603578012751806880e-20
2.603578012751806880e-20
2.603578012751806880e-20
2.603578012751806880e-20
2.603578012751806880e-20
2.603578012751806880e-20
2.603578012751806880e-20
2.603578012751806880e-20
2.603578012751806880e-20
2.603578012751806880e-20
2.603578012751806880e-20
2.603578012751806880e-20
2.603578012751806880e-20
2.603578012751806880e-20
2.603578012751806880e-20
2.603578012751806880e-20
2.603578012751806880e-20
2.603578012751806880e-20
2.603578012751806880e-20
2.603578012751806880e-20
2.603578012751806880e-20
2.603578012751806880e-20
2.603578012751806880e-20
2.603578012751806880e-20
2.603578012751806880e-20
2.603578012751806880e-20
2.603578012751806880e-20
2.603578012751806880e-20
2.603578012751806880e-20
2.603578012751806880e-20
2.603578012751806880e-20
2.603578012751806880e-20
2.603578012751806880e-20
2.603578012751806880e-20
2.603578012751806880e-20
2.603578012751806880e-20
2.603578012751806880e-20
2.603578012751806880e-20
2.603578012751806880e-20
2.603578012751806880e-20
2.603578012751806880e-20
2.603578012751806880e-20
2.603578012751806880e-20
2.603578012751806880e-20
2.603578012751806880e-20
2.603578012751806880e-20
2.603578012751806880e-20
2.603578012751806880e-20
2.603578012751806880e-20
2.603578012751806880e-20
2.603578012751806880e-20
2.603578012751806880e-20
2.603578012751806880e-20
2.603578012751806880e-20
2.603578012751806880e-20
2.603578012751806880e-20
2.603578012751806880e-20
2.603578012751806880e-20
2.603578012751806880e-20
2.603578012751806880e-20
2.603578012751806880e-20
2.603578012751806880e-20
2.603578012751806880e-20
2.603578012751806880e-20
2.603578012751806880e-20
2.603578012751806880e-20
2.603578012751806880e-20
2.603578012751806880e-20
2.603578012751806880e-20
2.603578012751806880e-20
2.603578012751806880e-20
2.603578012751806880e-20
2.603578012751806880e-20
2.603578012751806880e-20
2.603578012751806880e-20
2.603578012751806880e-20
2.603578012751806880e-20
2.603578012751806880e-20
2.603578012751806880e-20
2.603578012751806880e-20
2.603578012751806880e-20
2.603578012751806880e-20
2.603578012751806880e-20
2.603578012751806880e-20
2.603578012751806880e-20
2.603578012751806880e-20
2.603578012751806880e-20
2.603578012751806880e-20
2.603578012751806880e-20
2.603578012751806880e-20
2.603578012751806880e-20
2.603578012751806880e-20
2.603578012751806880e-20
2.603578012751806880e-20
2.603578012751806880e-20
2.603578012751806880e-20
2.603578012751806880e-20
2.603578012751806880e-20
2.603578012751806880e-20
2.603578012751806880e-20
2.603578012751806880e-20
2.603578012751806880e-20
2.603578012751806880e-20
2.603578012751806880e-20
2.603578012751806880e-20
2.603578012751806880e-20
2.603578012751806880e-20
2.603578012751806880e-20
2.603578012751806880e-20
2.603578012751806880e-20
2.603578012751806880e-20
2.603578012751806880e-20
2.603578012751806880e-20
2.603578012751806880e-20
2.603578012751806880e-20
2.603578012751806880e-20
2.603578012751806880e-20
2.603578012751806880e-20
2.603578012751806880e-20
2.603578012751806880e-20
2.603578012751806880e-20
2.603578012751806880e-20
2.603578012751806880e-20
2.603578012751806880e-20
2.603578012751806880e-20
2.603578012751806880e-20
2.603578012751806880e-20
2.603578012751806880e-20
2.603578012751806880e-20
2.603578012751806880e-20
2.603578012751806880e-20
2.603578012751806880e-20
2.603578012751806880e-20
2.603578012751806880e-20
2.603578012751806880e-20
2.603578012751806880e-20
2.603578012751806880e-20
2.603578012751806880e-20
2.603578012751806880e-20
2.603578012751806880e-20
2.603578012751806880e-20
2.603578012751806880e-20
2.603578012751806880e-20
2.603578012751806880e-20
2.603578012751806880e-20
2.603578012751806880e-20
2.603578012751806880e-20
2.603578012751806880e-20
2.603578012751806880e-20
2.603578012751806880e-20
2.603578012751806880e-20
2.603578012751806880e-20
2.603578012751806880e-20
2.603578012751806880e-20
2.603578012751806880e-20
2.603578012751806880e-20
2.603578012751806880e-20
2.603578012751806880e-20
2.603578012751806880e-20
2.603578012751806880e-20
2.603578012751806880e-20
2.603578012751806880e-20
2.603578012751806880e-20
2.603578012751806880e-20
2.603578012751806880e-20
2.603578012751806880e-20
2.603578012751806880e-20
2.603578012751806880e-20
2.603578012751806880e-20
2.603578012751806880e-20
2.603578012751806880e-20
2.603578012751806880e-20
2.603578012751806880e-20
2.603578012751805977e-20
2.603578012751801764e-20
2.603578012751788523e-20
2.603578012751764148e-20
2.603578012751752713e-20
2.603578012751752111e-20
2.603578012751752111e-20
2.603578012751752111e-20
2.603578012751752111e-20
2.603578012751752111e-20
2.603578012751752111e-20
2.603578012751752111e-20
2.603578012751752111e-20
2.603578012751752111e-20
2.603578012751752111e-20
2.603578012751752111e-20
2.603578012751752111e-20
2.603578012751752111e-20
2.603578012751752111e-20
2.603578012751752111e-20
2.603578012751752111e-20
2.603578012751752111e-20
2.603578012751752111e-20
2.603578012751752111e-20
2.603578012751752111e-20
2.603578012751752111e-20
2.603578012751752111e-20
2.603578012751748801e-20
2.603578012751725329e-20
2.603578012751567041e-20
2.603578012750722340e-20
2.603578012747011615e-20
2.603578012734750363e-20
2.603578012712501057e-20
2.603578012701862401e-20
2.603578012701532585e-20
2.603578012701532585e-20
2.603578012701532585e-20
2.603578012701532585e-20
2.603578012701532585e-20
2.603578012701532585e-20
2.603578012701532585e-20
2.603578012701532585e-20
2.603578012701532585e-20
2.603578012701532585e-20
2.603578012701532585e-20
2.603578012701532585e-20
2.603578012701532585e-20
2.603578012701532585e-20
2.603578012701532585e-20
2.603578012701532585e-20
2.603578012701532585e-20
2.603578012701532585e-20
2.603578012701531080e-20
2.603578012701512122e-20
2.603578012701294251e-20
2.603578012699346655e-20
2.603578012684631948e-20
2.603578012587267161e-20
2.603578012066354871e-20
2.603578009777859888e-20
2.603578002216120869e-20
2.603577988494806800e-20
2.603577981933890217e-20
2.603577981730342894e-20
2.603577981730299260e-20
2.603577981730299260e-20
2.603577981730299260e-20
2.603577981730299260e-20
2.603577981730299260e-20
2.603577981730299260e-20
2.603577981730299260e-20
2.603577981730299260e-20
2.603577981730299260e-20
2.603577981730299260e-20
2.603577981730299260e-20
2.603577981730299260e-20
2.603577981730299260e-20
2.603577981730299260e-20
2.603577981730299260e-20
2.603577981730297153e-20
2.603577981730254422e-20
2.603577981729612545e-20
2.603577981721616024e-20
2.603577981630988381e-20
2.603577980818483677e-20
2.603577974680749273e-20
2.603577934068920022e-20
2.603577716790122317e-20
2.603576762231318242e-20
2.603573608144299841e-20
2.603567884848473900e-20
2.603565148234168502e-20
2.603565063333015685e-20
2.603565063314871017e-20
2.603565063314871017e-20
2.603565063314871017e-20
2.603565063314871017e-20
2.603565063314871017e-20
2.603565063314871017e-20
2.603565063314871017e-20
2.603565063314871017e-20
2.603565063314871017e-20
2.603565063314871017e-20
2.603565063314871017e-20
2.603565063314871017e-20
2.603565063314870114e-20
2.603565063314839420e-20
2.603565063314221918e-20
2.603565063302061175e-20
2.603565063119997601e-20
2.603565060851203978e-20
2.603565035138868316e-20
2.603564804618756061e-20
2.603563063251172968e-20
2.603551541122445190e-20
2.603489897896272832e-20
2.603219118610200798e-20
2.602324799087833204e-20
2.600703560834307657e-20
2.599929071124564152e-20
2.599905050585398525e-20
2.599905045451876495e-20
2.599905045451876495e-20
2.599905045451876495e-20
2.599905045451876495e-20
2.599905045451876495e-20
2.599905045451876495e-20
2.599905045451876495e-20
2.599905045451876495e-20
2.599905045451876495e-20
2.599905045451876495e-20
2.599905045451876194e-20
2.599905045451869272e-20
2.599905045451636957e-20
2.599905045445789352e-20
2.599905045326213779e-20
2.599905042973165536e-20
2.599905007744387517e-20
2.599904568739649842e-20
2.599899593490629981e-20
2.599854989483288871e-20
2.599518096388337491e-20
2.597291158514944265e-20
2.585441256135372111e-20
2.534637534164871067e-20
2.380102088060693073e-20
2.143013249761939060e-20
2.045581367593882429e-20
2.042700115133966808e-20
2.042699500232208951e-20
2.042699500232207748e-20
2.042699500232207748e-20
2.042699500232207748e-20
2.042699500232207748e-20
2.042699500232207748e-20
2.042699500232207748e-20
2.042699500232207748e-20
2.042699500232207447e-20
2.042699500232190896e-20
2.042699500231641705e-20
2.042699500212490438e-20
2.042699499730883368e-20
2.042699489883219881e-20
2.042699296097986334e-20
2.042696394836979924e-20
2.042660241348426275e-20
2.042250601742088863e-20
2.038585364893270389e-20
2.011317222952961946e-20
1.847778350833314674e-20
1.287636028739768186e-20
5.522104962475557975e-21
1.912617960649445849e-21
8.749066541962903661e-22
6.946856331495782782e-22
6.902743399975112726e-22
6.902734032221920094e-22
6.902734032221904107e-22
6.902734032221904107e-22
6.902734032221904107e-22
6.902734032221904107e-22
6.902734032221904107e-22
6.902734032221904107e-22
6.902734032221904107e-22
6.902734032221900346e-22
6.902734032221726373e-22
6.902734032215942940e-22
6.902734032014321209e-22
6.902734026944039796e-22
6.902733923269417808e-22
6.902731883129998649e-22
6.902701339223860090e-22
6.902320737789855339e-22
6.898010296885324573e-22
6.859604834815025306e-22
6.582746104351827615e-22
5.195304755189944170e-22
2.441810045278962028e-22
7.336274123090367197e-23
2.215392359664461321e-23
9.774030531416183760e-24
7.713097534561189421e-24
7.662968689771839042e-24
7.662958046086701100e-24
7.662958046086684937e-24
7.662958046086684937e-24
7.662958046086684937e-24
7.662958046086684937e-24
7.662958046086684937e-24
7.662958046086684937e-24
7.662958046086681998e-24
7.662958046086543878e-24
7.662958046081981490e-24
7.662958045922893024e-24
7.662958041922227305e-24
7.662957960118583608e-24
7.662956350362509684e-24
7.662932249899027821e-24
7.662631933726413025e-24
7.659230082079664442e-24
7.628865681555782298e-24
7.407042765738532030e-24
6.211910178234486401e-24
3.333913082682838635e-24
1.098342296724424651e-24
3.415589910132262779e-25
1.517849994600607189e-25
1.199247830450184216e-25
1.191488749584893437e-25
1.191487102077471667e-25
1.191487102077468911e-25
1.191487102077468911e-25
1.191487102077468911e-25
1.191487102077468911e-25
1.191487102077468911e-25
1.191487102077468911e-25
1.191487102077468682e-25
1.191487102077453988e-25
1.191487102076961061e-25
1.191487102059779099e-25
1.191487101627691253e-25
1.191487092792579055e-25
1.191486918932635902e-25
1.191484315985784782e-25
1.191451880213633040e-25
1.191084407606729620e-25
1.187799984367542346e-25
1.163562461011794770e-25
1.025149542127943720e-25
6.264542388253506830e-26
2.312837342052783746e-26
7.498666001889533911e-27
3.368291499537576779e-27
2.666106273814169172e-27
2.648973797315816908e-27
2.648970159368114723e-27
2.648970159368108625e-27
2.648970159368108625e-27
2.648970159368108625e-27
2.648970159368108625e-27
2.648970159368108625e-27
2.648970159368108625e-27
2.648970159368108266e-27
2.648970159368084949e-27
2.648970159367322284e-27
2.648970159340727298e-27
2.648970158671928840e-27
2.648970144996661700e-27
2.648969875890715214e-27
2.648965846963983298e-27
2.648915641360683110e-27
2.648346792090882572e-27
2.643257751329981824e-27
2.605437561234929569e-27
2.380104603590689275e-27
1.627188299424605812e-27
6.809035971986508320e-28
2.330610419422061511e-28
1.062519165548016578e-28
8.431584596749848758e-29
8.377923577073517571e-29
8.377912181866473470e-29
8.377912181866455534e-29
8.377912181866455534e-29
8.377912181866455534e-29
8.377912181866455534e-29
8.377912181866455534e-29
8.377912181866453292e-29
8.377912181866402845e-29
8.377912181864720166e-29
8.377912181806068538e-29
8.377912180331109979e-29
8.377912150171889110e-29
8.377911556689795477e-29
8.377902671352707591e-29
8.377791947950870880e-29
8.376537319425950846e-29
8.365305897288210885e-29
8.281426110795138850e-29
7.766165870642293577e-29
5.826610008252851385e-29
2.778296081588136300e-29
1.018181990878492002e-29
4.736672417097123814e-30
3.772097514436226174e-30
3.748415925098391919e-30
3.748410895748811826e-30
3.748410895748804118e-30
3.748410895748804118e-30
3.748410895748804118e-30
3.748410895748804118e-30
3.748410895748804118e-30
3.748410895748803418e-30
3.748410895748787303e-30
3.748410895748262517e-30
3.748410895729958055e-30
3.748410895269650427e-30
3.748410885857510496e-30
3.748410700642631292e-30
3.748407927690908037e-30
3.748373372786485318e-30
3.747981805102729997e-30
3.744474914154012123e-30
3.718194100505865197e-30
3.553184170588137497e-30
2.871413134833460305e-30
1.558045191546397927e-30
6.204037342801096143e-31
2.965572093334289888e-31
2.373229037883274178e-31
2.358613257308619484e-31
2.358610152926151733e-31
2.358610152926146478e-31
2.358610152926146478e-31
2.358610152926146478e-31
2.358610152926146478e-31
2.358610152926146478e-31
2.358610152926139909e-31
2.358610152925909571e-31
2.358610152917887575e-31
2.358610152716149204e-31
2.358610148591096117e-31
2.358610067417081987e-31
2.358608852116895226e-31
2.358593707710177693e-31
2.358422089094695395e-31
2.356884582767294057e-31
2.345334578449221363e-31
2.271674132524842051e-31
1.944871664455791431e-31
1.191702343261727853e-31
5.227687813903066909e-32
2.589802702788680029e-32
2.086402733441179202e-32
2.073896284836712822e-32
2.073893628035661069e-32
2.073893628035656690e-32
2.073893628035656690e-32
2.073893628035656690e-32
2.073893628035656690e-32
2.073893628035656690e-32
2.073893628035652311e-32
2.073893628035511907e-32
2.073893628030617489e-32
2.073893627907536135e-32
2.073893625390834199e-32
2.073893575866420575e-32
2.073892834409439125e-32
2.073883594758151521e-32
2.073778887150171365e-32
2.072840618706188552e-32
2.065780195507780540e-32
2.020248472025488867e-32
1.807146186532948272e-32
1.234884029183043379e-32
6.034594357330333334e-33
3.130249167577894007e-33
2.544653764908856988e-33
2.529970095379769672e-33
2.529966975359233583e-33
2.529966975359228451e-33
2.529966975359228451e-33
2.529966975359228451e-33
2.529966975359228451e-33
2.529966975359228451e-33
2.529966975359228451e-33
2.529966975359224346e-33
2.529966975359106317e-33
2.529966975354992739e-33
2.529966975251551870e-33
2.529966973136438605e-33
2.529966931514608395e-33
2.529966308371438906e-33
2.529958543073714556e-33
2.529870541955305354e-33
2.529081854359725862e-33
2.523139890526640681e-33
2.484516229556614810e-33
2.296440743938902654e-33
1.723324270709782633e-33
9.444785716761102981e-34
5.189202732583070944e-34
4.269386208629862550e-34
4.246036324042937380e-34
4.246031361101043592e-34
4.246031361101035894e-34
4.246031361101035894e-34
4.246031361101035894e-34
4.246031361101035894e-34
4.246031361101035894e-34
4.246031361101031618e-34
4.246031361100896483e-34
4.246031361096196693e-34
4.246031360977998913e-34
4.246031358561145650e-34
4.246031311001596640e-34
4.246030598961521098e-34
4.246021725865740697e-34
4.245921169285221981e-34
4.245019856880388182e-34
4.238223608382543632e-34
4.193797177254839965e-34
3.971091010582050170e-34
3.219896697250177224e-34
1.981415046392792018e-34
1.166948410015785311e-34
9.752632428434172595e-35
9.703184103209026590e-35
9.703173588912295754e-35
9.703173588912278648e-35
9.703173588912278648e-35
9.703173588912278648e-35
9.703173588912278648e-35
9.703173588912278648e-35
9.703173588912272233e-35
9.703173588912066965e-35
9.703173588904886850e-35
9.703173588724349078e-35
9.703173585032820541e-35
9.703173512389821185e-35
9.703172424811626334e-35
9.703158871933014837e-35
9.703005279228659863e-35
9.701628483777642750e-35
9.691240661871043330e-35
9.623063691898359309e-35
9.274011175047951393e-35
7.999292054730266514e-35
5.500932779485664102e-35
3.511088416813426547e-35
2.993351331964485829e-35
2.979719839599123049e-35
2.979716939602989349e-35
2.979716939602984538e-35
2.979716939602984538e-35
2.979716939602984538e-35
2.979716939602984538e-35
2.979716939602984538e-35
2.979716939602982934e-35
2.979716939602941773e-35
2.979716939601509706e-35
2.979716939565482441e-35
2.979716938828818774e-35
2.979716924332524503e-35
2.979716707300545827e-35
2.979714002750535217e-35
2.979683352313253680e-35
2.979408588524614241e-35
2.977334635128094411e-35
2.963684236382262443e-35
2.892728070560840481e-35
2.617421022743692855e-35
1.991234411879778624e-35
1.388476684697445470e-35
1.212918589712275346e-35
1.208179290598338278e-35
1.208178281693536088e-35
1.208178281693534217e-35
1.208178281693534217e-35
1.208178281693534217e-35
1.208178281693534217e-35
1.208178281693534217e-35
1.208178281693523793e-35
1.208178281693161901e-35
1.208178281684062473e-35
1.208178281498002769e-35
1.208178277836665783e-35
1.208178223020774780e-35
1.208177539930781145e-35
1.208169798496789351e-35
1.208100398248784785e-35
1.207576400252469133e-35
1.204120660040163983e-35
1.185962894140161809e-35
1.112275959786584331e-35
9.228200785661683409e-36
7.049383996242649948e-36
6.334279201704889898e-36
6.314406745915110325e-36
6.314402512183753139e-36
6.314402512183745120e-36
6.314402512183745120e-36
6.314402512183745120e-36
6.314402512183745120e-36
6.314402512183745120e-36
6.314402512183713047e-36
6.314402512182606523e-36
6.314402512154793733e-36
6.314402511586078849e-36
6.314402500394753292e-36
6.314402332843264374e-36
6.314400244894447015e-36
6.314376582178119575e-36
6.314164445522941362e-36
6.312562407260125680e-36
6.301982577632606840e-36
6.245976114132685803e-36
6.011276076422205781e-36
5.347345384961561116e-36
4.454580864659568858e-36
4.125260298591748409e-36
4.115820366240751193e-36
4.115818353395339260e-36
4.115818353395335919e-36
4.115818353395335919e-36
4.115818353395335919e-36
4.115818353395335919e-36
4.115818353395335919e-36
4.115818353395325228e-36
4.115818353394941686e-36
4.115818353385278305e-36
4.115818353187697515e-36
4.115818349299640055e-36
4.115818291089389187e-36
4.115817565700164856e-36
4.115809344851075532e-36
4.115735643513580905e-36
4.115178982493279771e-36
4.111499488826418119e-36
4.091924936836507374e-36
4.008091976430300725e-36
3.753965951912749739e-36
3.366635561046432927e-36
3.208349828386678590e-36
3.203676838620992173e-36
3.203675841384005875e-36
3.203675841384004539e-36
3.203675841384004539e-36
3.203675841384004539e-36
3.203675841384004539e-36
3.203675841384000530e-36
3.203675841383860210e-36
3.203675841380351538e-36
3.203675841308597160e-36
3.203675839896584918e-36
3.203675818756576288e-36
3.203675555319534457e-36
3.203672569779359175e-36
3.203645803609836129e-36
3.203443624095502478e-36
3.202106496332617935e-36
3.194971600045830393e-36
3.163999275486294356e-36
3.065796931618421913e-36
2.902338422465302674e-36
2.830186482852961799e-36
2.828005357373466291e-36
2.828004891591733150e-36
2.828004891591732482e-36
2.828004891591732482e-36
2.828004891591732482e-36
2.828004891591732482e-36
2.828004891591731479e-36
2.828004891591683370e-36
2.828004891590478287e-36
2.828004891565837067e-36
2.828004891080934738e-36
2.828004883821201970e-36
2.828004793353753060e-36
2.828003768082711694e-36
2.827994576200304022e-36
2.827925141854651004e-36
2.827465798312550712e-36
2.825010780445453658e-36
2.814275597371843379e-36
2.779376960206128047e-36
2.718212485571607386e-36
2.689907821552749688e-36
2.689039116825028988e-36
2.689038931229045006e-36
2.689038931229044338e-36
2.689038931229044338e-36
2.689038931229044338e-36
2.689038931229044338e-36
2.689038931229044338e-36
2.689038931229030306e-36
2.689038931228676498e-36
2.689038931221435979e-36
2.689038931078958242e-36
2.689038928945847111e-36
2.689038902364004671e-36
2.689038601110886947e-36
2.689035900273709815e-36
2.689015498090938173e-36
2.688880509825593780e-36
2.688158534374653715e-36
2.684991306254520617e-36
2.674578889361007145e-36
2.655889604333005549e-36
2.647045223274463054e-36
2.646771775504672125e-36
2.646771717070592915e-36
2.646771717070592915e-36
2.646771717070592915e-36
2.646771717070592915e-36
2.646771717070592915e-36
2.646771717070589240e-36
2.646771717070506718e-36
2.646771717068821206e-36
2.646771717035647853e-36
2.646771716538991039e-36
2.646771710349890303e-36
2.646771640208547064e-36
2.646771011366895744e-36
2.646766261052223121e-36
2.646734829855109101e-36
2.646566681348430723e-36
2.645828216615853691e-36
2.643391079255152946e-36
2.638980166234063927e-36
2.636876263613856608e-36
2.636811045387821732e-36
2.636811031449999241e-36
2.636811031449999241e-36
2.636811031449999241e-36
2.636811031449999241e-36
2.636811031449999241e-36
2.636811031449998573e-36
2.636811031449984207e-36
2.636811031449685860e-36
2.636811031443817805e-36
2.636811031355970042e-36
2.636811030261248381e-36
2.636811017854716940e-36
2.636810906625806072e-36
2.636810066393279796e-36
2.636804506801356540e-36
2.636774762625347359e-36
2.636644097089255537e-36
2.636212438790227551e-36
2.635429524905896207e-36
2.635055334938338559e-36
2.635043727696769813e-36
2.635043725216129444e-36
2.635043725216129444e-36
2.635043725216129444e-36
2.635043725216129444e-36
2.635043725216129444e-36
2.635043725216129444e-36
2.635043725216127105e-36
2.635043725216088016e-36
2.635043725215311578e-36
2.635043725203685720e-36
2.635043725058812184e-36
2.635043723416954873e-36
2.635043708697130206e-36
2.635043597502305441e-36
2.635042861754601398e-36
2.635038925411120532e-36
2.635021632224757608e-36
2.634964492989599604e-36
2.634860816109185873e-36
2.634811245361248680e-36
2.634809707498731789e-36
2.634809707170066256e-36
2.634809707170066256e-36
2.634809707170066256e-36
2.634809707170066256e-36
2.634809707170066256e-36
2.634809707170062247e-36
2.634809707169985739e-36
2.634809707168837118e-36
2.634809707154527804e-36
2.634809706992354799e-36
2.634809705538421579e-36
2.634809694555285015e-36
2.634809621882656859e-36
2.634809233074265496e-36
2.634807524944669602e-36
2.634801880889185267e-36
2.634791639410623963e-36
2.634786742423358645e-36
2.634786590498581501e-36
2.634786590466113090e-36
2.634786590466113090e-36
2.634786590466113090e-36
2.634786590466113090e-36
2.634786590466113090e-36
2.634786590466112422e-36
2.634786590466107076e-36
2.634786590466022216e-36
2.634786590464965805e-36
2.634786590452991820e-36
2.634786590345639223e-36
2.634786589534691005e-36
2.634786584168850577e-36
2.634786555460873590e-36
2.634786429339671231e-36
2.634786012604953922e-36
2.634785256410491266e-36
2.634784894832391144e-36
2.634784883614724489e-36
2.634784883612326685e-36
2.634784883612326685e-36
2.634784883612326685e-36
2.634784883612326685e-36
2.634784883612326685e-36
2.634784883612326685e-36
2.634784883612326685e-36
2.634784883612322007e-36
2.634784883612263540e-36
2.634784883611600695e-36
2.634784883605662146e-36
2.634784883560798454e-36
2.634784883263945503e-36
2.634784881675744611e-36
2.634784874698386761e-36
2.634784851643516614e-36
2.634784809808816366e-36
2.634784789805340791e-36
2.634784789184748880e-36
2.634784789184616578e-36
2.634784789184616578e-36
2.634784789184616578e-36
2.634784789184616578e-36
2.634784789184616578e-36
2.634784789184616578e-36
2.634784789184616578e-36
2.634784789184615910e-36
2.634784789184613571e-36
2.634784789184586176e-36
2.634784789184339279e-36
2.634784789182475360e-36
2.634784789170140885e-36
2.634784789104150324e-36
2.634784788814237875e-36
2.634784787856296284e-36
2.634784786118043041e-36
2.634784785286888722e-36
2.634784785261102556e-36
2.634784785261097210e-36
2.634784785261097210e-36
2.634784785261097210e-36
2.634784785261097210e-36
2.634784785261097210e-36
2.634784785261097210e-36
2.634784785261097210e-36
2.634784785261097210e-36
2.634784785261096208e-36
2.634784785261088524e-36
2.634784785261030725e-36
2.634784785260644511e-36
2.634784785258580468e-36
2.634784785249511778e-36
2.634784785219547746e-36
2.634784785165175360e-36
2.634784785139176709e-36
2.634784785138370537e-36
2.634784785138369869e-36
2.634784785138369869e-36
2.634784785138369869e-36
2.634784785138369869e-36
2.634784785138369869e-36
2.634784785138369869e-36
2.634784785138369869e-36
2.634784785138369869e-36
2.634784785138369869e-36
2.634784785138369869e-36
2.634784785138368198e-36
2.634784785138359512e-36
2.634784785138310400e-36
2.634784785138096244e-36
2.634784785137388964e-36
2.634784785136106037e-36
2.634784785135492303e-36
2.634784785135472926e-36
2.634784785135472926e-36
2.634784785135472926e-36
2.634784785135472926e-36
2.634784785135472926e-36
2.634784785135472926e-36
2.634784785135472926e-36
2.634784785135472926e-36
2.634784785135472926e-36
2.634784785135472926e-36
2.634784785135472926e-36
2.634784785135472926e-36
2.634784785135472926e-36
2.634784785135471589e-36
2.634784785135468248e-36
2.634784785135455219e-36
2.634784785135432500e-36
2.634784785135421475e-36
2.634784785135420807e-36
2.634784785135420807e-36
2.634784785135420807e-36
2.634784785135420807e-36
2.634784785135420807e-36
2.634784785135420807e-36
2.634784785135420807e-36
2.634784785135420807e-36
2.634784785135420807e-36
2.634784785135420807e-36
2.634784785135420807e-36
2.634784785135420807e-36
2.634784785135420807e-36
2.634784785135420807e-36
2.634784785135420807e-36
2.634784785135420139e-36
2.634784785135420139e-36
2.634784785135420139e-36
2.634784785135420139e-36
2.634784785135420139e-36
2.634784785135420139e-36
2.634784785135420139e-36
2.634784785135420139e-36
2.634784785135420139e-36
2.634784785135420139e-36
2.634784785135420139e-36
2.634784785135420139e-36
2.634784785135420139e-36
2.634784785135420139e-36
2.634784785135420139e-36
2.634784785135420139e-36
2.634784785135420139e-36
2.634784785135420139e-36
2.634784785135420139e-36
2.634784785135420139e-36
2.634784785135420139e-36
2.634784785135420139e-36
2.634784785135420139e-36
2.634784785135420139e-36
2.634784785135420139e-36
2.634784785135420139e-36
2.634784785135420139e-36
2.634784785135420139e-36
2.634784785135420139e-36
2.634784785135420139e-36
2.634784785135420139e-36
2.634784785135420139e-36
2.634784785135420139e-36
2.634784785135420139e-36
2.634784785135420139e-36
2.634784785135420139e-36
2.634784785135420139e-36
2.634784785135420139e-36
2.634784785135420139e-36
2.634784785135420139e-36
2.634784785135420139e-36
2.634784785135420139e-36
2.634784785135420139e-36
2.634784785135420139e-36
2.634784785135420139e-36
2.634784785135420139e-36
2.634784785135420139e-36
2.634784785135420139e-36
2.634784785135420139e-36
2.634784785135420139e-36
2.634784785135420139e-36
2.634784785135420139e-36
2.634784785135420139e-36
2.634784785135420139e-36
2.634784785135420139e-36
2.634784785135420139e-36
2.634784785135420139e-36
2.634784785135420139e-36
2.634784785135420139e-36
2.634784785135420139e-36
2.634784785135420139e-36
2.634784785135420139e-36
2.634784785135420139e-36
2.634784785135420139e-36
2.634784785135420139e-36
2.634784785135420139e-36
2.634784785135420139e-36
2.634784785135420139e-36
2.634784785135420139e-36
2.634784785135420139e-36
2.634784785135420139e-36
2.634784785135420139e-36
2.634784785135420139e-36
2.634784785135420139e-36
2.634784785135420139e-36
2.634784785135420139e-36
2.634784785135420139e-36
2.634784785135420139e-36
2.634784785135420139e-36
2.634784785135420139e-36
2.634784785135420139e-36
2.634784785135420139e-36
2.634784785135420139e-36
2.634784785135420139e-36
2.634784785135420139e-36
2.634784785135420139e-36
2.634784785135420139e-36
2.634784785135420139e-36
2.634784785135420139e-36
2.634784785135420139e-36
2.634784785135420139e-36
2.634784785135420139e-36
2.634784785135420139e-36
2.634784785135420139e-36
2.634784785135420139e-36
2.634784785135420139e-36
2.634784785135420139e-36
2.634784785135420139e-36
2.634784785135420139e-36
2.634784785135420139e-36
2.634784785135420139e-36
2.634784785135420139e-36
2.634784785135420139e-36
2.634784785135420139e-36
2.634784785135420139e-36
2.634784785135420139e-36
2.634784785135420139e-36
2.634784785135420139e-36
2.634784785135420139e-36
2.634784785135420139e-36
2.634784785135420139e-36
2.634784785135420139e-36
2.634784785135420139e-36
2.634784785135420139e-36
2.634784785135420139e-36
2.634784785135420139e-36
2.634784785135420139e-36
2.634784785135420139e-36
2.634784785135420139e-36
2.634784785135420139e-36
2.634784785135420139e-36
2.634784785135420139e-36
2.634784785135420139e-36
2.634784785135420139e-36
2.634784785135420139e-36
2.634784785135420139e-36
2.634784785135420139e-36
2.634784785135420139e-36
2.634784785135420139e-36
2.634784785135420139e-36
2.634784785135420139e-36
2.634784785135420139e-36
2.634784785135420139e-36
2.634784785135420139e-36
2.634784785135420139e-36
2.634784785135420139e-36
2.634784785135420139e-36
2.634784785135420139e-36
2.634784785135420139e-36
2.634784785135420139e-36
2.634784785135420139e-36
2.634784785135420139e-36
2.634784785135420139e-36
2.634784785135420139e-36
2.634784785135420139e-36
2.634784785135420139e-36
2.634784785135420139e-36
2.634784785135420139e-36
2.634784785135420139e-36
2.634784785135420139e-36
2.634784785135420139e-36
2.634784785135420139e-36
2.634784785135420139e-36
2.634784785135420139e-36
2.634784785135420139e-36
2.634784785135420139e-36
2.634784785135420139e-36
2.634784785135420139e-36
2.634784785135420139e-36
2.634784785135420139e-36
2.634784785135420139e-36
2.634784785135420139e-36
2.634784785135420139e-36
2.634784785135420139e-36
2.634784785135420139e-36
2.634784785135420139e-36
2.634784785135420139e-36
2.634784785135420139e-36
2.634784785135420139e-36
2.634784785135420139e-36
2.634784785135420139e-36
2.634784785135420139e-36
2.634784785135420139e-36
2.634784785135420139e-36
2.634784785135420139e-36
2.634784785135420139e-36
2.634784785135420139e-36
2.634784785135420139e-36
2.634784785135420139e-36
2.634784785135420139e-36
2.634784785135420139e-36
2.634784785135420139e-36
2.634784785135420139e-36
2.634784785135420139e-36
2.634784785135420139e-36
2.634784785135420139e-36
2.634784785135420139e-36
2.634784785135420139e-36
2.634784785135420139e-36
2.634784785135420139e-36
2.634784785135420139e-36
2.634784785135420139e-36
2.634784785135420139e-36
2.634784785135420139e-36
2.634784785135420139e-36
2.634784785135420139e-36
2.634784785135420139e-36
2.634784785135420139e-36
2.634784785135420139e-36
2.634784785135420139e-36
2.634784785135420139e-36
2.634784785135420139e-36
2.634784785135420139e-36
2.634784785135420139e-36
2.634784785135420139e-36
2.634784785135420139e-36
2.634784785135420139e-36
2.634784785135420139e-36
2.634784785135420139e-36
2.634784785135420139e-36
2.634784785135420139e-36
2.634784785135420139e-36
2.634784785135420139e-36
2.634784785135420139e-36
2.634784785135420139e-36
2.634784785135420139e-36
2.634784785135420139e-36
2.634784785135420139e-36
2.634784785135420139e-36
2.634784785135420139e-36
2.634784785135420139e-36
2.634784785135420139e-36
2.634784785135420139e-36
2.634784785135420139e-36
2.634784785135420139e-36
2.634784785135420139e-36
2.634784785135420139e-36
2.634784785135420139e-36
2.634784785135420139e-36
2.634784785135420139e-36
2.634784785135420139e-36
2.634784785135420139e-36
2.634784785135420139e-36
2.634784785135420139e-36
2.634784785135420139e-36
2.634784785135420139e-36
2.634784785135420139e-36
2.634784785135420139e-36
2.634784785135420139e-36
2.634784785135420139e-36
2.634784785135420139e-36
2.634784785135420139e-36
2.634784785135420139e-36
2.634784785135420139e-36
2.634784785135420139e-36
2.634784785135420139e-36
2.634784785135420139e-36
2.634784785135420139e-36
2.634784785135420139e-36
2.634784785135420139e-36
2.634784785135420139e-36
2.634784785135420139e-36
2.634784785135420139e-36
2.634784785135420139e-36
2.634784785135420139e-36
2.634784785135420139e-36
2.634784785135420139e-36
2.634784785135420139e-36
2.634784785135420139e-36
2.634784785135420139e-36
2.634784785135420139e-36
2.634784785135420139e-36
2.634784785135420139e-36
2.634784785135420139e-36
2.634784785135420139e-36
2.634784785135420139e-36
2.634784785135420139e-36
2.634784785135420139e-36
2.634784785135420139e-36
2.634784785135420139e-36
2.634784785135420139e-36
2.634784785135420139e-36
2.634784785135420139e-36
2.634784785135420139e-36
2.634784785135420139e-36
2.634784785135420139e-36
2.634784785135420139e-36
2.634784785135420139e-36
2.634784785135420139e-36
2.634784785135420139e-36
2.634784785135420139e-36
2.634784785135420139e-36
2.634784785135420139e-36
2.634784785135420139e-36
2.634784785135420139e-36
2.634784785135420139e-36
2.634784785135420139e-36
2.634784785135420139e-36
2.634784785135420139e-36
2.634784785135420139e-36
2.634784785135420139e-36
2.634784785135420139e-36
2.634784785135420139e-36
2.634784785135420139e-36
2.634784785135420139e-36
2.634784785135420139e-36
2.634784785135420139e-36
2.634784785135420139e-36
2.634784785135420139e-36
2.634784785135420139e-36
2.634784785135420139e-36
2.634784785135420139e-36
2.634784785135420139e-36
2.634784785135420139e-36
2.634784785135420139e-36
2.634784785135420139e-36
2.634784785135420139e-36
2.634784785135420139e-36
2.634784785135420139e-36
2.634784785135420139e-36
2.634784785135420139e-36
2.634784785135420139e-36
2.634784785135420139e-36
2.634784785135420139e-36
