1.000000000000340838e+00
1.000000000000340616e+00
1.000000000000140110e+00
1.000000000000140332e+00
1.000000000000140332e+00
1.000000000000072609e+00
1.000000000000072609e+00
1.000000000000072609e+00
1.000000000000072609e+00
1.000000000000072609e+00
1.000000000000072609e+00
1.000000000000035083e+00
1.000000000000035083e+00
1.000000000000035083e+00
1.000000000000035083e+00
1.000000000000035083e+00
1.000000000000035083e+00
1.000000000000035083e+00
1.000000000000035083e+00
1.000000000000035083e+00
1.000000000000035083e+00
1.000000000000034417e+00
1.000000000000034417e+00
1.000000000000034417e+00
1.000000000000034417e+00
1.000000000000034417e+00
1.000000000000034417e+00
1.000000000000034417e+00
1.000000000000034417e+00
1.000000000000034417e+00
1.000000000000034417e+00
1.000000000000034417e+00
1.000000000000034417e+00
1.000000000000034417e+00
1.000000000000034417e+00
1.000000000000034417e+00
1.000000000000034417e+00
1.000000000000034417e+00
1.000000000000034417e+00
1.000000000000034417e+00
1.000000000000034417e+00
1.000000000000034417e+00
1.000000000000034417e+00
1.000000000000034417e+00
1.000000000000034417e+00
1.000000000000034417e+00
1.000000000000034417e+00
1.000000000000034417e+00
1.000000000000034417e+00
1.000000000000034417e+00
1.000000000000034417e+00
1.000000000000034417e+00
1.000000000000034417e+00
1.000000000000034417e+00
1.000000000000034417e+00
1.000000000000034417e+00
1.000000000000034417e+00
1.000000000000034417e+00
1.000000000000020428e+00
1.000000000000020428e+00
1.000000000000020428e+00
1.000000000000020428e+00
1.000000000000020428e+00
1.000000000000020428e+00
1.000000000000020428e+00
1.000000000000020428e+00
1.000000000000020428e+00
1.000000000000020428e+00
1.000000000000019762e+00
1.000000000000019762e+00
1.000000000000019762e+00
1.000000000000019762e+00
1.000000000000019762e+00
1.000000000000019762e+00
1.000000000000019762e+00
1.000000000000019762e+00
1.000000000000019762e+00
1.000000000000019762e+00
1.000000000000019762e+00
1.000000000000019762e+00
1.000000000000019762e+00
1.000000000000019762e+00
1.000000000000019762e+00
1.000000000000019762e+00
1.000000000000019762e+00
1.000000000000019762e+00
1.000000000000019762e+00
1.000000000000019762e+00
1.000000000000019762e+00
1.000000000000019762e+00
1.000000000000019762e+00
1.000000000000019762e+00
1.000000000000019762e+00
1.000000000000019762e+00
1.000000000000019762e+00
1.000000000000019762e+00
1.000000000000019762e+00
1.000000000000019762e+00
1.000000000000019762e+00
1.000000000000019762e+00
1.000000000000019762e+00
1.000000000000019762e+00
1.000000000000019762e+00
1.000000000000019762e+00
1.000000000000019762e+00
1.000000000000019762e+00
1.000000000000019762e+00
1.000000000000019762e+00
1.000000000000019762e+00
1.000000000000019762e+00
1.000000000000019762e+00
1.000000000000019762e+00
1.000000000000019762e+00
1.000000000000019762e+00
1.000000000000019762e+00
1.000000000000019762e+00
1.000000000000019762e+00
1.000000000000019762e+00
1.000000000000019762e+00
1.000000000000019762e+00
1.000000000000019762e+00
1.000000000000019762e+00
1.000000000000019762e+00
1.000000000000019762e+00
1.000000000000019762e+00
1.000000000000019762e+00
1.000000000000019762e+00
1.000000000000019762e+00
1.000000000000019762e+00
1.000000000000019762e+00
1.000000000000019762e+00
1.000000000000019762e+00
1.000000000000019762e+00
1.000000000000019762e+00
1.000000000000019762e+00
1.000000000000019762e+00
1.000000000000019762e+00
1.000000000000019762e+00
1.000000000000019762e+00
1.000000000000019762e+00
1.000000000000019762e+00
1.000000000000019762e+00
1.000000000000019762e+00
1.000000000000019762e+00
1.000000000000019762e+00
1.000000000000019762e+00
1.000000000000019762e+00
1.000000000000019762e+00
1.000000000000019762e+00
1.000000000000019762e+00
1.000000000000019762e+00
1.000000000000019762e+00
1.000000000000019762e+00
1.000000000000019762e+00
1.000000000000019762e+00
1.000000000000019762e+00
1.000000000000019762e+00
1.000000000000019762e+00
1.000000000000019762e+00
1.000000000000019762e+00
1.000000000000019540e+00
1.000000000000019540e+00
1.000000000000019540e+00
1.000000000000019540e+00
1.000000000000019540e+00
1.000000000000019540e+00
1.000000000000019540e+00
1.000000000000019540e+00
1.000000000000019540e+00
1.000000000000019540e+00
1.000000000000019540e+00
1.000000000000019540e+00
1.000000000000019540e+00
1.000000000000019540e+00
1.000000000000019540e+00
1.000000000000019540e+00
1.000000000000019540e+00
1.000000000000019540e+00
1.000000000000019540e+00
1.000000000000019540e+00
1.000000000000019540e+00
1.000000000000019540e+00
1.000000000000019540e+00
1.000000000000019540e+00
1.000000000000019540e+00
1.000000000000019762e+00
1.000000000000019762e+00
1.000000000000019762e+00
1.000000000000019762e+00
1.000000000000019540e+00
1.000000000000019540e+00
1.000000000000019540e+00
1.000000000000019540e+00
1.000000000000019540e+00
1.000000000000019540e+00
1.000000000000019540e+00
1.000000000000019540e+00
1.000000000000019540e+00
1.000000000000019540e+00
1.000000000000019540e+00
1.000000000000019540e+00
1.000000000000019540e+00
1.000000000000019540e+00
1.000000000000019540e+00
1.000000000000019540e+00
1.000000000000019540e+00
1.000000000000019540e+00
1.000000000000019540e+00
1.000000000000019540e+00
1.000000000000019540e+00
1.000000000000019540e+00
1.000000000000019540e+00
1.000000000000019540e+00
1.000000000000019540e+00
1.000000000000019540e+00
1.000000000000019540e+00
1.000000000000018430e+00
1.000000000000018430e+00
1.000000000000018430e+00
1.000000000000018430e+00
1.000000000000018430e+00
1.000000000000018430e+00
1.000000000000018430e+00
1.000000000000018430e+00
1.000000000000018430e+00
1.000000000000018430e+00
1.000000000000018430e+00
1.000000000000018430e+00
1.000000000000018430e+00
1.000000000000018208e+00
1.000000000000018208e+00
1.000000000000018430e+00
1.000000000000017986e+00
1.000000000000017986e+00
1.000000000000017986e+00
1.000000000000017986e+00
1.000000000000017986e+00
1.000000000000017986e+00
1.000000000000017986e+00
1.000000000000017986e+00
1.000000000000017986e+00
1.000000000000017986e+00
1.000000000000017986e+00
1.000000000000018208e+00
1.000000000000018208e+00
1.000000000000018208e+00
1.000000000000018208e+00
1.000000000000018208e+00
1.000000000000018208e+00
1.000000000000018208e+00
1.000000000000018208e+00
1.000000000000018208e+00
1.000000000000017986e+00
1.000000000000017986e+00
1.000000000000017986e+00
1.000000000000017986e+00
1.000000000000017986e+00
1.000000000000017986e+00
1.000000000000017986e+00
1.000000000000017986e+00
1.000000000000017986e+00
1.000000000000018208e+00
1.000000000000017986e+00
1.000000000000017986e+00
1.000000000000017986e+00
1.000000000000017986e+00
1.000000000000017986e+00
1.000000000000017986e+00
1.000000000000017986e+00
1.000000000000017986e+00
1.000000000000017986e+00
1.000000000000017986e+00
1.000000000000017986e+00
1.000000000000017986e+00
1.000000000000017986e+00
1.000000000000017986e+00
1.000000000000017986e+00
1.000000000000017986e+00
1.000000000000017986e+00
1.000000000000017986e+00
1.000000000000017986e+00
1.000000000000017986e+00
1.000000000000017986e+00
1.000000000000017986e+00
1.000000000000017986e+00
1.000000000000017764e+00
1.000000000000017986e+00
1.000000000000017764e+00
1.000000000000017764e+00
1.000000000000017764e+00
1.000000000000017764e+00
1.000000000000017764e+00
1.000000000000017986e+00
1.000000000000017986e+00
1.000000000000017986e+00
1.000000000000017986e+00
1.000000000000017986e+00
1.000000000000017986e+00
1.000000000000017986e+00
1.000000000000017986e+00
1.000000000000017986e+00
1.000000000000017986e+00
1.000000000000017986e+00
1.000000000000017986e+00
1.000000000000017986e+00
1.000000000000017764e+00
1.000000000000009992e+00
1.000000000000009992e+00
1.000000000000009992e+00
1.000000000000009992e+00
1.000000000000009992e+00
1.000000000000009992e+00
1.000000000000009992e+00
1.000000000000009992e+00
1.000000000000009992e+00
1.000000000000009992e+00
1.000000000000009992e+00
1.000000000000009992e+00
1.000000000000009992e+00
1.000000000000009992e+00
1.000000000000009992e+00
1.000000000000009992e+00
1.000000000000009992e+00
1.000000000000009992e+00
1.000000000000009992e+00
1.000000000000009992e+00
1.000000000000009992e+00
1.000000000000009992e+00
1.000000000000009992e+00
1.000000000000009992e+00
1.000000000000009992e+00
1.000000000000009770e+00
1.000000000000009770e+00
1.000000000000009770e+00
1.000000000000009770e+00
1.000000000000009770e+00
1.000000000000007327e+00
1.000000000000007327e+00
1.000000000000007327e+00
1.000000000000007327e+00
1.000000000000007327e+00
1.000000000000007327e+00
1.000000000000007327e+00
1.000000000000007327e+00
1.000000000000007327e+00
1.000000000000007327e+00
1.000000000000007327e+00
1.000000000000007327e+00
1.000000000000007327e+00
1.000000000000007327e+00
1.000000000000007327e+00
1.000000000000007327e+00
1.000000000000007327e+00
1.000000000000007327e+00
1.000000000000007327e+00
1.000000000000007327e+00
1.000000000000007327e+00
1.000000000000007327e+00
1.000000000000007327e+00
1.000000000000007327e+00
1.000000000000007327e+00
1.000000000000007327e+00
1.000000000000007327e+00
1.000000000000007105e+00
1.000000000000007105e+00
1.000000000000007105e+00
1.000000000000007105e+00
1.000000000000007105e+00
1.000000000000007105e+00
1.000000000000007105e+00
1.000000000000007105e+00
1.000000000000007105e+00
1.000000000000007105e+00
1.000000000000007105e+00
1.000000000000007105e+00
1.000000000000007105e+00
1.000000000000007105e+00
1.000000000000007327e+00
1.000000000000007327e+00
1.000000000000007327e+00
1.000000000000007327e+00
1.000000000000007327e+00
1.000000000000007327e+00
1.000000000000007327e+00
1.000000000000007327e+00
1.000000000000007327e+00
1.000000000000007327e+00
1.000000000000007327e+00
1.000000000000007327e+00
1.000000000000007327e+00
1.000000000000007327e+00
1.000000000000007327e+00
1.000000000000007327e+00
1.000000000000007327e+00
1.000000000000007327e+00
1.000000000000007327e+00
1.000000000000007327e+00
1.000000000000007327e+00
1.000000000000007327e+00
1.000000000000007327e+00
1.000000000000007327e+00
1.000000000000007327e+00
1.000000000000007327e+00
1.000000000000007327e+00
1.000000000000007327e+00
1.000000000000007327e+00
1.000000000000007327e+00
1.000000000000007327e+00
1.000000000000007327e+00
1.000000000000007327e+00
1.000000000000007327e+00
1.000000000000007327e+00
1.000000000000007327e+00
1.000000000000007327e+00
1.000000000000007327e+00
1.000000000000007327e+00
1.000000000000007327e+00
1.000000000000007327e+00
1.000000000000007327e+00
1.000000000000007327e+00
1.000000000000007327e+00
1.000000000000007327e+00
1.000000000000007327e+00
1.000000000000007327e+00
1.000000000000007327e+00
1.000000000000007327e+00
1.000000000000007327e+00
1.000000000000007327e+00
1.000000000000007327e+00
1.000000000000007327e+00
1.000000000000007327e+00
1.000000000000007327e+00
1.000000000000007327e+00
1.000000000000007327e+00
1.000000000000007327e+00
1.000000000000007327e+00
1.000000000000007327e+00
1.000000000000007327e+00
1.000000000000007327e+00
1.000000000000007327e+00
1.000000000000007327e+00
1.000000000000007327e+00
1.000000000000007327e+00
1.000000000000007327e+00
1.000000000000007327e+00
1.000000000000007327e+00
1.000000000000007327e+00
1.000000000000007327e+00
1.000000000000007327e+00
1.000000000000007327e+00
1.000000000000007327e+00
1.000000000000007327e+00
1.000000000000007327e+00
1.000000000000007327e+00
1.000000000000007327e+00
1.000000000000007327e+00
1.000000000000007327e+00
1.000000000000007327e+00
1.000000000000007327e+00
1.000000000000007327e+00
1.000000000000007327e+00
1.000000000000007327e+00
1.000000000000007327e+00
1.000000000000007327e+00
1.000000000000007327e+00
1.000000000000007327e+00
1.000000000000007327e+00
1.000000000000007327e+00
1.000000000000007327e+00
1.000000000000007327e+00
1.000000000000007327e+00
1.000000000000007327e+00
1.000000000000007327e+00
1.000000000000007327e+00
1.000000000000007327e+00
1.000000000000007327e+00
1.000000000000007327e+00
1.000000000000007327e+00
1.000000000000007327e+00
1.000000000000007327e+00
1.000000000000007327e+00
1.000000000000007327e+00
1.000000000000007327e+00
1.000000000000007327e+00
1.000000000000007327e+00
1.000000000000007327e+00
1.000000000000007327e+00
1.000000000000007327e+00
1.000000000000007327e+00
1.000000000000007327e+00
1.000000000000007327e+00
1.000000000000007327e+00
1.000000000000007327e+00
1.000000000000007327e+00
1.000000000000007327e+00
1.000000000000007327e+00
1.000000000000007327e+00
1.000000000000007327e+00
1.000000000000007327e+00
1.000000000000007327e+00
1.000000000000007327e+00
1.000000000000007327e+00
1.000000000000007327e+00
1.000000000000007327e+00
1.000000000000007327e+00
1.000000000000007327e+00
1.000000000000007327e+00
1.000000000000007327e+00
1.000000000000007327e+00
1.000000000000007327e+00
1.000000000000007327e+00
1.000000000000007327e+00
1.000000000000007327e+00
1.000000000000007327e+00
1.000000000000007327e+00
1.000000000000007327e+00
1.000000000000007105e+00
1.000000000000007105e+00
1.000000000000007105e+00
1.000000000000007105e+00
1.000000000000007105e+00
1.000000000000007105e+00
1.000000000000007105e+00
1.000000000000007105e+00
1.000000000000007105e+00
1.000000000000007105e+00
1.000000000000007105e+00
1.000000000000007105e+00
1.000000000000007105e+00
1.000000000000007105e+00
1.000000000000007105e+00
1.000000000000007105e+00
1.000000000000007105e+00
1.000000000000007105e+00
1.000000000000007105e+00
1.000000000000007105e+00
1.000000000000007105e+00
1.000000000000007105e+00
1.000000000000007105e+00
1.000000000000007105e+00
1.000000000000007105e+00
1.000000000000007105e+00
1.000000000000007105e+00
9.999999999999893419e-01
9.999999999999893419e-01
9.999999999999893419e-01
9.999999999999740208e-01
9.999999999990774047e-01
9.999999999990774047e-01
9.999999999990774047e-01
9.999999999990774047e-01
9.999999999932805972e-01
9.999999999932805972e-01
9.999999999932805972e-01
9.999999999932804862e-01
9.999999999932792649e-01
9.999999999932792649e-01
9.999999999932792649e-01
9.999999999932792649e-01
9.999999999664808126e-01
9.999999999664808126e-01
9.999999999664808126e-01
9.999999999664808126e-01
9.999999995132372588e-01
9.999999995112653917e-01
9.999999995112653917e-01
9.999999995112653917e-01
9.999999961832511941e-01
9.999999961822388928e-01
9.999999961822388928e-01
9.999999961822384487e-01
9.999999961822384487e-01
9.999999830237301657e-01
9.999999830237301657e-01
9.999999830237301657e-01
9.999999830237301657e-01
9.999999830237301657e-01
9.999999830237301657e-01
9.999999830236303566e-01
9.999999830236303566e-01
9.999999749618577738e-01
9.999999263249046422e-01
9.999999263249046422e-01
9.999999263249046422e-01
9.999999261856932220e-01
9.999992378028532691e-01
9.999992378028532691e-01
9.999970092574750336e-01
9.999970092574719249e-01
9.999970092574719249e-01
9.999970092094190299e-01
9.999970092094189189e-01
9.999970092094189189e-01
9.999970092094189189e-01
9.999954273983913122e-01
9.999954273983913122e-01
9.999954273983913122e-01
9.999942415173536103e-01
9.999500163370343975e-01
9.999500156652413319e-01
9.999500156652413319e-01
9.999500156652413319e-01
9.998086201016510577e-01
9.998086201016510577e-01
9.998086201016510577e-01
9.998086201016265218e-01
9.998086119485561918e-01
9.998086119485561918e-01
9.998086119485561918e-01
9.998086119485340983e-01
9.996963076027371997e-01
9.996963076027371997e-01
9.996963076027371997e-01
9.996963076027371997e-01
9.989542958196677702e-01
9.989498509752847699e-01
9.989498509287494388e-01
9.989498509287494388e-01
9.952902141640662670e-01
9.952897869348662496e-01
9.952897869348662496e-01
9.952897865644387831e-01
9.952897865644387831e-01
9.923803185429690421e-01
9.923803185429690421e-01
9.923803185429690421e-01
9.923803185429554974e-01
9.923803185429554974e-01
9.923803185429554974e-01
9.923803114968859918e-01
9.923803114968834382e-01
9.920821189397318607e-01
9.891314912178964525e-01
9.891314912178964525e-01
9.891314912178964525e-01
9.891221237289274937e-01
9.534621823160740473e-01
9.534621823160740473e-01
9.534621823160740473e-01
9.250349853775661213e-01
9.250349852527746108e-01
9.250349852527746108e-01
9.250347222444151862e-01
9.250347222441844819e-01
9.250347222441844819e-01
9.250347222441844819e-01
9.210350325750071843e-01
9.210350325750071843e-01
9.210350325750052969e-01
9.180823280135046449e-01
8.040382295773232935e-01
8.040371602667506501e-01
8.040371602667506501e-01
8.040371602667506501e-01
6.874003838768791841e-01
6.874003838768791841e-01
6.874003838768791841e-01
6.874003838687620105e-01
6.874003838687620105e-01
6.873966826717695655e-01
6.873966826717695655e-01
6.873966826717695655e-01
6.873966826519805062e-01
6.678106754071935214e-01
6.678106754071935214e-01
6.678106754071935214e-01
6.678106754071935214e-01
5.618732696570444274e-01
5.614732008130555174e-01
5.614731990881561829e-01
5.614731990881560719e-01
5.612139740850788927e-01
3.474046947487734460e-01
3.474046947487734460e-01
3.474046710133228966e-01
3.474046710133228966e-01
3.088336635465177005e-01
3.088336635465177005e-01
3.088336635465177005e-01
3.088336635460875446e-01
3.088336635460875446e-01
3.088336635460875446e-01
3.088336302824867818e-01
3.088336302824797874e-01
3.072173897662169861e-01
2.806838833048079240e-01
2.806838833048079240e-01
2.806838833048079240e-01
2.806838833048079240e-01
2.806338139343666493e-01
1.256078470542803527e-01
1.256078470542803527e-01
1.256078470542803527e-01
8.866730911601450327e-02
8.866730868568120649e-02
8.866730868568120649e-02
8.866715942787417593e-02
8.866715942778412296e-02
8.866715942778412296e-02
8.866715942778412296e-02
8.637830768460003084e-02
8.637830768460003084e-02
8.637830768459729691e-02
8.426262611899072719e-02
4.004867047415065773e-02
4.004833292065708428e-02
4.004833292065708428e-02
4.004833292065708428e-02
1.934617453840531409e-02
1.934617453840531409e-02
1.934617453840531409e-02
1.934617453770756668e-02
1.934617453770756668e-02
1.934578018045236131e-02
1.934578018045236131e-02
1.934578018045236131e-02
1.934578017613529377e-02
1.759097883696980613e-02
1.759097883696980613e-02
1.759097883696980613e-02
1.759097883696980613e-02
1.163554241040084571e-02
1.160302964366792706e-02
1.160302960939339247e-02
1.160302960939339073e-02
4.155530482762634717e-03
4.154727474690457500e-03
4.154727474690456633e-03
4.154726247438404914e-03
4.154726247438404914e-03
3.213425217972477963e-03
3.213425217972477963e-03
3.213425217972477963e-03
3.213425217972477963e-03
3.213425217957061909e-03
3.213425217957061909e-03
3.213425217957061909e-03
3.213424962981047649e-03
3.213424962980986933e-03
3.197941037697029244e-03
3.197941037697029244e-03
2.769734961653305422e-03
2.769734961653305422e-03
2.769734961653305422e-03
2.768534712693291114e-03
9.938845547232230855e-04
9.938845547232230855e-04
9.938845547232230855e-04
5.808335025012864583e-04
5.808334965420202832e-04
5.808334965420202832e-04
5.808328805492487352e-04
5.808328805488127775e-04
5.808328805488127775e-04
5.808328805488127775e-04
5.688539471999960869e-04
5.688539471999960869e-04
5.688539471999523936e-04
5.503486839053285109e-04
2.630290912105821290e-04
2.630239754453540801e-04
2.630239754453540801e-04
2.630239754453540801e-04
1.086703495023591569e-04
1.086703495023591569e-04
1.086703495023591569e-04
1.086703494997984205e-04
1.086703494997984205e-04
1.086691413112379924e-04
1.086691413112379924e-04
1.086691413112379924e-04
1.086691412742929631e-04
1.014447156005501296e-04
1.014447156005501296e-04
1.014447156005501296e-04
1.014447156005501296e-04
1.014447156005501296e-04
6.963153022199949644e-05
6.937635796928888975e-05
6.937635783576893143e-05
6.937635783576890432e-05
2.236368037066975193e-05
2.236151256044223838e-05
2.236151256044223838e-05
2.236149991834125605e-05
2.236149991834125605e-05
1.865837703518997146e-05
1.865837703518997146e-05
1.865837703518997146e-05
1.865837703518997146e-05
1.865837703505195252e-05
1.865837703505195252e-05
1.865837703505195252e-05
1.865837609483568762e-05
1.865837609483553855e-05
1.861025471154666413e-05
1.861025471154666413e-05
1.632720672983630473e-05
1.632720672983630473e-05
1.632720672983630473e-05
1.631804609948356340e-05
5.337180523762355152e-06
5.337180523762355152e-06
5.337180523762355152e-06
3.607428062231784545e-06
3.607427981129584327e-06
3.607427981129584327e-06
3.607425382650215029e-06
3.607425382648992760e-06
3.607425382648992760e-06
3.607425382648992760e-06
3.564537350119021354e-06
3.564537350119021354e-06
3.564537350118566498e-06
3.451490772924101821e-06
1.475580365126611874e-06
1.475544988221772315e-06
1.475544988221772315e-06
1.475544988221772315e-06
7.376369743947235088e-07
7.376369743947235088e-07
7.376369743947235088e-07
7.376369743947235088e-07
7.376369743861474061e-07
7.376308870747997422e-07
7.376308870747997422e-07
7.376308864743586265e-07
7.376308864743586265e-07
7.062247726080413101e-07
7.062247726080413101e-07
7.062247726080413101e-07
7.062247726080413101e-07
7.062247726080413101e-07
4.354813649356709256e-07
4.339297028235972921e-07
4.339297024439110677e-07
4.339297024439105913e-07
1.637021517244263683e-07
1.636894495784418619e-07
1.636894495784418619e-07
1.636893007278133847e-07
1.636893007278133847e-07
1.443910389035392211e-07
1.443910389035392211e-07
1.443910389035392211e-07
1.443910389035392211e-07
1.443910389006236014e-07
1.443910389006236014e-07
1.443910389006236014e-07
1.443910348077957904e-07
1.443910348077953139e-07
1.443910348077953139e-07
1.440757751971232316e-07
1.189136612383693548e-07
1.189136612383693548e-07
1.189136612383693548e-07
1.188381302689228263e-07
4.124772766865304511e-08
4.124772766865304511e-08
4.124772766865304511e-08
3.076101433771329781e-08
3.076101304193378960e-08
3.076101304193378960e-08
3.076099930821121820e-08
3.076099930820633452e-08
3.076099930820633452e-08
3.076099930820633452e-08
3.041971495679342729e-08
3.041971495679342729e-08
3.041971495678173427e-08
2.884381394007306121e-08
1.199375921665728414e-08
1.199339589256921560e-08
1.199339589256921560e-08
1.199339589256921560e-08
6.861129367738678199e-09
6.861129367738678199e-09
6.861129367738678199e-09
6.861129367738678199e-09
6.861129367697935417e-09
6.861091085621487788e-09
6.861091085621487788e-09
6.861091074206612884e-09
6.861091074206612884e-09
6.564176973132617266e-09
6.564176973132617266e-09
6.564176973132617266e-09
6.564176973132617266e-09
6.564176973132617266e-09
3.804276711022441605e-09
3.781188926714621661e-09
3.781188926714621661e-09
3.781188925131579948e-09
3.781188925131568368e-09
1.627528626893911324e-09
1.627437363231767090e-09
1.627437363231767090e-09
1.627435076001804022e-09
1.627435076001804022e-09
1.420959689527414642e-09
1.420959689527414642e-09
1.420959689527414642e-09
1.420959689527414642e-09
1.420959689465369478e-09
1.420959689465369478e-09
1.420959689465369478e-09
1.420959667700504899e-09
1.420959667700501797e-09
1.420959667700501797e-09
1.418738996052097818e-09
1.124563476276153945e-09
1.124563476276153945e-09
1.124563476276153945e-09
1.123243794925621978e-09
4.261732622868579867e-10
4.261732622868579867e-10
4.261732622868579867e-10
4.261732622868579867e-10
3.076690233096303443e-10
3.076690031589587380e-10
3.076690031589587380e-10
3.076689277185492478e-10
3.076689277185191591e-10
3.076689277185191591e-10
3.076689277185191591e-10
3.051797091181188386e-10
3.051797091181188386e-10
3.051797091178602930e-10
2.855313535496427447e-10
1.252651901147827351e-10
1.252574436380344883e-10
1.252574436380344883e-10
1.252574436380344883e-10
6.755045264128687032e-11
6.755045264128687032e-11
6.755045264128687032e-11
6.755045264128687032e-11
6.755045264104309761e-11
6.755045264104309761e-11
6.755024888459174508e-11
6.755024871259079411e-11
6.755024871259079411e-11
6.755024871259079411e-11
6.543218659004192416e-11
6.543218659004192416e-11
6.543218659004192416e-11
6.543218659004192416e-11
3.929228106392543462e-11
3.898363059196452146e-11
3.898363059196452146e-11
3.898363058157768560e-11
3.898363058157741418e-11
1.564439899448111244e-11
1.564393595359112644e-11
1.564393595359112644e-11
1.564389464252834062e-11
1.564389464252834062e-11
1.420197989614826657e-11
1.420197989614826657e-11
1.420197989614826657e-11
1.420197989614826657e-11
1.420197989518480634e-11
1.420197989518480634e-11
1.420197989518480634e-11
1.420197976097837733e-11
1.420197976097836279e-11
1.420197976097836279e-11
1.418979058283549036e-11
1.143700351212955864e-11
1.143700351212955864e-11
1.143700351212955864e-11
1.141987261012877346e-11
4.051817712245188272e-12
4.051817712245188272e-12
4.051817712245188272e-12
4.051817712245188272e-12
4.051817029127845620e-12
3.200030439710977337e-12
3.200030439710977337e-12
3.200029935946096802e-12
3.200029935945958669e-12
3.200029935945958669e-12
3.200029935945958669e-12
3.185192361545395034e-12
3.185192361545395034e-12
3.185192361541016793e-12
2.987783829858542066e-12
1.212589655138388396e-12
1.212498525217430250e-12
1.212498525217430250e-12
1.212498525217430250e-12
7.572948275208033876e-13
7.572948275208033876e-13
7.572948275208033876e-13
7.572948275208033876e-13
7.572948275208033876e-13
7.572948275194994068e-13
7.572932467508710614e-13
7.572932425253655167e-13
7.572932425253655167e-13
7.572932425253655167e-13
7.424977646156027060e-13
7.424977646156027060e-13
7.424977646156027060e-13
7.424977646156027060e-13
4.067330094844817213e-13
4.036893333081665635e-13
4.036893333081665635e-13
4.036893332607658428e-13
4.036893332607658428e-13
4.036893332607612990e-13
1.901560082521140195e-13
1.901517853795716736e-13
1.901510191301477132e-13
1.901510191301477132e-13
1.901510191301477132e-13
1.780835101619984774e-13
1.780835101619984774e-13
1.780835101619984774e-13
1.780835101619984774e-13
1.780835101323872643e-13
1.780835101323872643e-13
1.780835101323872643e-13
1.780835092343488429e-13
1.780835092343488429e-13
1.780835092343487671e-13
1.338652886946915667e-13
1.337984155754558391e-13
1.337984155754558391e-13
1.335827541799603203e-13
1.335827541799603203e-13
5.246435466515509221e-14
5.246435466515509221e-14
5.246435466515509221e-14
5.246435466515509221e-14
5.246434028644993425e-14
4.411540963155460540e-14
4.411540963155460540e-14
4.411540555707348965e-14
4.411540555707260612e-14
4.411540555707260612e-14
4.411540555707260612e-14
4.394121739106486460e-14
4.394121739090199954e-14
4.394121739090199954e-14
3.995843287096925823e-14
1.649020527091260819e-14
1.649020527091260819e-14
1.648865487885215072e-14
1.648865487885215072e-14
1.138056864395152705e-14
1.138056864395152705e-14
1.138056864395152705e-14
1.138056864395152705e-14
1.138056864395152705e-14
1.138056864394173097e-14
1.138055345111589510e-14
1.138055333131145690e-14
1.138055333131145690e-14
1.138055333131145690e-14
1.138055333131145690e-14
1.117400341350217472e-14
1.117400341350217472e-14
1.117400341350217472e-14
1.117400341350217472e-14
5.871689940515478570e-15
5.802625483153276825e-15
5.802625483153276825e-15
5.802625483153276825e-15
5.802625483153094598e-15
5.802625482827265856e-15
3.076189113716784183e-15
3.076142082207536867e-15
3.076123634364113537e-15
3.076123634364113537e-15
3.076123634364113537e-15
2.881161724214277329e-15
2.881161724214277329e-15
2.881161724214277329e-15
2.881161724214277329e-15
2.881161724214277329e-15
2.881161723241216613e-15
2.881161723241216613e-15
2.881161715420735166e-15
2.881161715420735166e-15
2.881161715420734377e-15
2.881161715420734377e-15
2.075085431551263411e-15
2.074401467299265740e-15
2.068739142364473620e-15
8.937008665065030034e-16
8.937008665065030034e-16
8.937008665065030034e-16
8.937008665065030034e-16
8.937008665065030034e-16
8.937004826757844581e-16
8.937004826757842608e-16
7.453720236809130916e-16
7.453719849829070195e-16
7.453719849828983420e-16
7.453719849828983420e-16
7.453719849828983420e-16
7.432534372312884070e-16
7.432534372254385103e-16
7.432534372254385103e-16
7.432534372254385103e-16
6.621128459489194076e-16
2.885182656808474760e-16
2.885182656808474760e-16
2.884663708682728646e-16
2.884663708682728646e-16
2.884663708682728646e-16
1.942906132999971174e-16
1.942906132999971174e-16
1.942906132999971174e-16
1.942906132999971174e-16
1.942906132998975730e-16
1.942904659787002700e-16
1.942904627664198125e-16
1.942904627664198125e-16
1.942904627664198125e-16
1.942904627664198125e-16
1.942904627664198125e-16
1.917157188931856440e-16
1.917157188931856440e-16
1.917157188931856440e-16
1.035882647388555868e-16
1.020309641530436697e-16
1.020309641530436697e-16
1.020309641530365946e-16
1.020309641530365946e-16
1.020309641495243887e-16
5.200367893364264415e-17
5.200323175133506877e-17
5.200265522854814385e-17
5.200265522854814385e-17
4.958854438264051743e-17
4.958854438264051743e-17
4.958854438264051743e-17
4.958854438264051743e-17
4.958854438264051743e-17
4.958854435612308753e-17
4.958854435612308753e-17
4.958854435612308753e-17
4.958854435612308753e-17
4.958854427535552060e-17
4.958854427535552060e-17
4.958854427535552060e-17
3.627237433001595227e-17
3.626542050063994302e-17
3.613972008988649840e-17
1.494721590216759520e-17
1.494721590216759520e-17
1.494721590216759520e-17
1.494721590216759520e-17
1.494721590216759520e-17
1.494720416127731005e-17
1.494720416127730389e-17
1.309272709862529663e-17
1.309272668235187720e-17
1.309272668235181095e-17
1.309272668235181095e-17
1.309272668235181095e-17
1.307095377808408288e-17
1.307095377808408288e-17
1.307095377791764093e-17
1.307095377791764093e-17
1.168783340734367538e-17
4.847807791129391249e-18
4.847807791129391249e-18
4.846742879016745155e-18
4.846742879016745155e-18
4.846742879016745155e-18
3.599275573388208610e-18
3.599275573388208610e-18
3.599275573388208610e-18
3.599275573388208610e-18
3.599275573387349645e-18
3.599273810729795704e-18
3.599273690180289185e-18
3.599273690180289185e-18
3.599273690180289185e-18
3.599273690180289185e-18
3.599273690180289185e-18
3.569725881048093181e-18
3.569725881048093181e-18
3.569725881048093181e-18
1.804874984043207222e-18
1.778898660193596706e-18
1.778898660193596706e-18
1.778898660193399106e-18
1.778898660166550872e-18
1.778898660166550872e-18
1.037997402794346800e-18
1.037991191441858741e-18
1.037974495769066169e-18
1.037974495769066169e-18
1.005469027668640934e-18
1.005469027668640934e-18
1.005469027668640934e-18
1.005469027668640934e-18
1.005469027668640934e-18
1.005469026476489528e-18
1.005469026476489528e-18
1.005469026476489528e-18
1.005469026476489528e-18
1.005469026476489528e-18
1.005469025641453104e-18
1.005469025641453104e-18
1.005469025641453104e-18
6.889192129756892207e-19
6.888317523030171569e-19
6.863419643322219030e-19
3.198375662059009595e-19
3.198375662059009595e-19
3.198375662059009595e-19
3.198375662059009595e-19
3.198375662059009595e-19
3.198371754530829816e-19
3.198371754530826927e-19
2.905405378798273235e-19
2.905405327248634454e-19
2.905405327248627713e-19
2.905405327248627713e-19
2.905405327248627713e-19
2.905405327248627713e-19
2.901665865097810616e-19
2.901665865008116207e-19
2.901665865008116207e-19
2.496782542252525272e-19
1.093776402667755444e-19
1.093776402667755444e-19
1.093776402667755444e-19
1.093776402667755444e-19
1.093776402667755444e-19
1.093776402667755444e-19
1.093776402667755444e-19
1.093776402667755444e-19
1.093776402667755444e-19
1.093776402667755444e-19
1.093776402667755444e-19
1.093776402667755444e-19
1.093776402667755444e-19
1.093776402667755444e-19
1.093776402667755444e-19
1.093776402667755444e-19
1.093776402667755444e-19
1.093776402667755444e-19
1.093776402667755444e-19
1.093776402667755444e-19
1.093776402667755444e-19
1.093776402667755444e-19
1.093776402667755444e-19
1.093776402667755444e-19
1.093776402667755444e-19
1.093776402667755444e-19
1.093776402667755444e-19
1.093776402667755444e-19
1.093776402667755444e-19
1.093776402667755444e-19
1.093776402667755444e-19
1.093776402667755444e-19
1.093776402667755444e-19
1.093776402667755444e-19
1.093776402667755444e-19
1.093776402667755444e-19
1.093776402667755444e-19
1.093776402667755444e-19
1.093776402667755444e-19
1.093776402667755444e-19
1.093776402667755444e-19
1.093776402667755444e-19
1.093776402667755444e-19
1.093776402667755444e-19
1.093776402667755444e-19
1.093776402667755444e-19
1.093776402667755444e-19
1.093776402667755444e-19
1.093776402667755444e-19
1.093776402667755444e-19
1.093776402667755444e-19
1.093776402667755444e-19
1.093776402667755444e-19
1.093776402667755444e-19
1.093776402667755444e-19
1.093776402667755444e-19
1.093776402667755444e-19
1.093776402667755444e-19
1.093776402667755444e-19
1.093776402667755444e-19
1.093776402667755444e-19
1.093776402667755444e-19
1.093776402667755444e-19
1.093776402667755444e-19
1.093776402667755444e-19
1.093776402667755444e-19
1.093776402667755444e-19
1.093776402667755444e-19
1.093776402667755444e-19
1.093776402667755444e-19
1.093776402667755444e-19
1.093776402667755444e-19
1.093776402667755444e-19
1.093776402667755444e-19
1.093776402667755444e-19
1.093776402667755444e-19
1.093776402667755444e-19
1.093776402667755444e-19
1.093776402667755444e-19
1.093776402667755444e-19
1.093776402667755444e-19
1.093776402667755444e-19
1.093776402667755444e-19
1.093776402667755444e-19
1.093776402667755444e-19
1.093776402667755444e-19
1.093776402667755444e-19
1.093776402667755444e-19
1.093776402667755444e-19
1.093776402667755444e-19
1.093776402667755444e-19
1.093776402667755444e-19
1.093776402667755444e-19
1.093776402667755444e-19
1.093776402667755444e-19
1.093776402667755444e-19
1.093776402667755444e-19
1.093776402667755444e-19
1.093776402667755444e-19
1.093776402667755444e-19
1.093776402667755444e-19
1.093776402667755444e-19
1.093776402667755444e-19
1.093776402667755444e-19
1.093776402667755444e-19
1.093776402667755444e-19
1.093776402667755444e-19
1.093776402667755444e-19
1.093776402667755444e-19
1.093776402667755444e-19
1.093776402667755444e-19
1.093776402667755444e-19
1.093776402667755444e-19
1.093776402667755444e-19
1.093776402667755444e-19
1.093776402667755444e-19
1.093776402667755444e-19
1.093776402667755444e-19
1.093776402667755444e-19
1.093776402667755444e-19
1.093776402667755444e-19
1.093776402667755444e-19
1.093776402667755444e-19
1.093776402667755444e-19
1.093776402667755444e-19
1.093776402667755444e-19
1.093776402667755444e-19
1.093776402667755444e-19
1.093776402667755444e-19
1.093776402667755444e-19
1.093776402667755444e-19
1.093776402667755444e-19
1.093776402667755444e-19
1.093776402667755444e-19
1.093776402667755444e-19
1.093776402667755444e-19
1.093776402667755444e-19
1.093776402667755444e-19
1.093776402667755444e-19
1.093776402667755444e-19
1.093776402667755444e-19
1.093776402667755444e-19
1.093776402667755444e-19
1.093776402667755444e-19
1.093776402667755444e-19
1.093776402667755444e-19
1.093776402667755444e-19
1.093776402667755444e-19
1.093776402667755444e-19
1.093776402667755444e-19
1.093776402667755444e-19
1.093776402667755444e-19
1.093776402667755444e-19
1.093776402667755444e-19
1.093776402667755444e-19
1.093776402667755444e-19
1.093776402667755444e-19
1.093776402667755444e-19
1.093776402667755444e-19
1.093776402667755444e-19
1.093776402667755444e-19
1.093776402667755444e-19
1.093776402667755444e-19
1.093776402667755444e-19
1.093776402667755444e-19
1.093776402667755444e-19
1.093776402667755444e-19
1.093776402667755444e-19
1.093776402667755444e-19
1.093776402667755444e-19
1.093776402667755444e-19
1.093776402667755444e-19
1.093776402667755444e-19
1.093776402667755444e-19
1.093776402667755444e-19
1.093776402667755444e-19
1.093776402667755444e-19
1.093776402667755444e-19
1.093776402667755444e-19
1.093776402667755444e-19
1.093776402667755444e-19
1.093776402667755444e-19
1.093776402667755444e-19
1.093776402667755444e-19
1.093776402667755444e-19
1.093776402667755444e-19
1.093776402667755444e-19
1.093776402667755444e-19
1.093776402667755444e-19
1.093776402667755444e-19
1.093776402667755444e-19
1.093776402667755444e-19
1.093776402667755444e-19
1.093776402667755444e-19
1.093776402667755444e-19
1.093776402667755444e-19
1.093776402667755444e-19
1.093776402667755444e-19
1.093776402667755444e-19
1.093776402667755444e-19
1.093776402667755444e-19
1.093776402667755444e-19
1.093776402667755444e-19
1.093776402667755444e-19
1.093776402667755444e-19
1.093776402667755444e-19
1.093776402667755444e-19
1.093776402667755444e-19
1.093776402667755444e-19
1.093776402667755444e-19
1.093776402667755444e-19
1.093776402667755444e-19
1.093776402667755444e-19
1.093776402667755444e-19
1.093776402667755444e-19
1.093776402667755444e-19
1.093776402667755444e-19
1.093776402667755444e-19
1.093776402667755444e-19
1.093776402667755444e-19
1.093776402667755444e-19
1.093776402667755444e-19
1.093776402667755444e-19
1.093776402667755444e-19
1.093776402667755444e-19
1.093776402667755444e-19
1.093776402667755444e-19
1.093776402667755444e-19
1.093776402667755444e-19
1.093776402667755444e-19
1.093776402667755444e-19
1.093776402667755444e-19
1.093776402667755444e-19
1.093776402667755444e-19
1.093776402667755444e-19
1.093776402667755444e-19
1.093776402667755444e-19
1.093776402667755444e-19
1.093776402667755444e-19
1.093776402667755444e-19
1.093776402667755444e-19
1.093776402667755444e-19
1.093776402667755444e-19
1.093776402667755444e-19
1.093776402667755444e-19
1.093776402667755444e-19
1.093776402667755444e-19
1.093776402667755444e-19
1.093776402667755444e-19
1.093776402667755444e-19
1.093776402667755444e-19
1.093776402667755444e-19
1.093776402667755444e-19
1.093776402667755444e-19
1.093776402667755444e-19
1.093776402667755444e-19
1.093776402667755444e-19
1.093776402667755444e-19
1.093776402667755444e-19
1.093776402667755444e-19
1.093776402667755444e-19
1.093776402667755444e-19
1.093776402667755444e-19
1.093776402667755444e-19
1.093776402667755444e-19
1.093776402667755444e-19
1.093776402667755444e-19
1.093776402667755444e-19
1.093776402667755444e-19
1.093776402667755444e-19
1.093776402667755444e-19
1.093776402667755444e-19
1.093776402667755444e-19
1.093776402667755444e-19
1.093776402667755444e-19
1.093776402667755444e-19
1.093776402667755444e-19
1.093776402667755444e-19
1.093776402667755444e-19
1.093776402667755444e-19
1.093776402667755444e-19
1.093776402667755444e-19
1.093776402667755444e-19
1.093776402667755444e-19
1.093776402667755444e-19
1.093776402667755444e-19
1.093776402667755444e-19
1.093776402667755444e-19
1.093776402667755444e-19
1.093776402667755444e-19
1.093776402667755444e-19
1.093776402667755444e-19
1.093776402667755444e-19
1.093776402667755444e-19
1.093776402667755444e-19
1.093776402667755444e-19
1.093776402667755444e-19
1.093776402667755444e-19
1.093776402667755444e-19
1.093776402667755444e-19
1.093776402667755444e-19
1.093776402667755444e-19
1.093776402667755444e-19
1.093776402667755444e-19
1.093776402667755444e-19
1.093776402667755444e-19
1.093776402667755444e-19
1.093776402667755444e-19
1.093776402667755444e-19
1.093776402667755444e-19
1.093776402667755444e-19
1.093776402667755444e-19
1.093776402667755444e-19
1.093776402667755444e-19
1.093776402667755444e-19
1.093776402667755444e-19
1.093776402667755444e-19
1.093776402667755444e-19
1.093776402667755444e-19
1.093776402667755444e-19
1.093776402667755444e-19
1.093776402667755444e-19
1.093776402667755444e-19
1.093776402667755444e-19
1.093776402667755444e-19
1.093776402667755444e-19
1.093776402667755444e-19
1.093776402667755444e-19
1.093776402667755444e-19
1.093776402667755444e-19
1.093776402667755444e-19
1.093776402667755444e-19
1.093776402667755444e-19
1.093776402667755444e-19
1.093776402667755444e-19
1.093776402667755444e-19
1.093776402667755444e-19
1.093776402667755444e-19
1.093776402667755444e-19
1.093776402667755444e-19
1.093776402667755444e-19
1.093776402667755444e-19
1.093776402667755444e-19
1.093776402667755444e-19
1.093776402667755444e-19
1.093776402667755444e-19
1.093776402667755444e-19
1.093776402667755444e-19
1.093776402667755444e-19
1.093776402667755444e-19
1.093776402667755444e-19
1.093776402667755444e-19
1.093776402667755444e-19
1.093776402667755444e-19
1.093776402667755444e-19
1.093776402667755444e-19
1.093776402667755444e-19
1.093776402667755444e-19
1.093776402667755444e-19
1.093776402667755444e-19
1.093776402667755444e-19
1.093776402667755444e-19
1.093776402667755444e-19
1.093776402667755444e-19
1.093776402667755444e-19
1.093776402667755203e-19
1.093776402667753518e-19
1.093776402667746537e-19
1.093776402667722944e-19
1.093776402667680333e-19
1.093776402667659870e-19
1.093776402667659388e-19
1.093776402667659388e-19
1.093776402667659388e-19
1.093776402667659388e-19
1.093776402667659388e-19
1.093776402667659388e-19
1.093776402667659388e-19
1.093776402667659388e-19
1.093776402667659388e-19
1.093776402667659388e-19
1.093776402667659388e-19
1.093776402667659388e-19
1.093776402667659388e-19
1.093776402667659388e-19
1.093776402667659388e-19
1.093776402667659388e-19
1.093776402667659388e-19
1.093776402667659388e-19
1.093776402667659388e-19
1.093776402667659388e-19
1.093776402667659388e-19
1.093776402667659388e-19
1.093776402667658666e-19
1.093776402667653129e-19
1.093776402667611240e-19
1.093776402667334147e-19
1.093776402665851662e-19
1.093776402659338649e-19
1.093776402637817585e-19
1.093776402598766467e-19
1.093776402580093854e-19
1.093776402579514630e-19
1.093776402579514390e-19
1.093776402579514390e-19
1.093776402579514390e-19
1.093776402579514390e-19
1.093776402579514390e-19
1.093776402579514390e-19
1.093776402579514390e-19
1.093776402579514390e-19
1.093776402579514390e-19
1.093776402579514390e-19
1.093776402579514390e-19
1.093776402579514390e-19
1.093776402579514390e-19
1.093776402579514390e-19
1.093776402579514390e-19
1.093776402579514390e-19
1.093776402579514390e-19
1.093776402579514149e-19
1.093776402579511741e-19
1.093776402579478038e-19
1.093776402579096463e-19
1.093776402575677456e-19
1.093776402549850494e-19
1.093776402378958638e-19
1.093776401464665767e-19
1.093776397447951090e-19
1.093776384175759972e-19
1.093776360092425388e-19
1.093776348576855954e-19
1.093776348219594745e-19
1.093776348219518430e-19
1.093776348219518430e-19
1.093776348219518430e-19
1.093776348219518430e-19
1.093776348219518430e-19
1.093776348219518430e-19
1.093776348219518430e-19
1.093776348219518430e-19
1.093776348219518430e-19
1.093776348219518430e-19
1.093776348219518430e-19
1.093776348219518430e-19
1.093776348219518430e-19
1.093776348219518430e-19
1.093776348219518430e-19
1.093776348219518189e-19
1.093776348219514338e-19
1.093776348219438986e-19
1.093776348218312798e-19
1.093776348204277102e-19
1.093776348045210215e-19
1.093776346619119758e-19
1.093776335846310484e-19
1.093776264565369441e-19
1.093775883202782189e-19
1.093774207786228203e-19
1.093768671843256452e-19
1.093758626623895002e-19
1.093753823516039852e-19
1.093753674504179383e-19
1.093753674472333168e-19
1.093753674472333168e-19
1.093753674472333168e-19
1.093753674472333168e-19
1.093753674472333168e-19
1.093753674472333168e-19
1.093753674472333168e-19
1.093753674472333168e-19
1.093753674472333168e-19
1.093753674472333168e-19
1.093753674472333168e-19
1.093753674472333168e-19
1.093753674472333168e-19
1.093753674472331001e-19
1.093753674472278038e-19
1.093753674471193499e-19
1.093753674449849862e-19
1.093753674130306065e-19
1.093753670148297368e-19
1.093753625020023911e-19
1.093753220429342565e-19
1.093750164125948833e-19
1.093729941772341266e-19
1.093621762126713830e-19
1.093146755731736451e-19
1.091580150360082037e-19
1.088748870089900304e-19
1.087400262883015094e-19
1.087358476866892314e-19
1.087358467936902366e-19
1.087358467936902366e-19
1.087358467936902366e-19
1.087358467936902366e-19
1.087358467936902366e-19
1.087358467936902366e-19
1.087358467936902366e-19
1.087358467936902366e-19
1.087358467936902366e-19
1.087358467936902366e-19
1.087358467936902366e-19
1.087358467936901885e-19
1.087358467936890570e-19
1.087358467936485884e-19
1.087358467926312881e-19
1.087358467718305707e-19
1.087358463625074073e-19
1.087358402343051893e-19
1.087357638675268053e-19
1.087348984070731405e-19
1.087271398649952675e-19
1.086685669189049761e-19
1.082825892164904012e-19
1.062632639927171361e-19
9.821656231151097089e-20
7.855998822001139862e-20
5.763082237344591343e-20
5.111901165884015582e-20
5.094044099399474301e-20
5.094040296395837280e-20
5.094040296395831262e-20
5.094040296395831262e-20
5.094040296395831262e-20
5.094040296395831262e-20
5.094040296395831262e-20
5.094040296395831262e-20
5.094040296395831262e-20
5.094040296395831262e-20
5.094040296395828854e-20
5.094040296395727141e-20
5.094040296392329680e-20
5.094040296273883183e-20
5.094040293295273033e-20
5.094040232390123686e-20
5.094039033880778222e-20
5.094021090405015423e-20
5.093797497668134721e-20
5.091264882720821555e-20
5.068671100460105791e-20
4.904264557115674730e-20
4.037695741107479551e-20
2.075559414169534754e-20
6.620778165803844002e-21
2.037019175020457131e-21
9.028216361018003668e-22
7.129978561870146215e-22
7.083770938446982341e-22
7.083761127159219741e-22
7.083761127159202813e-22
7.083761127159202813e-22
7.083761127159202813e-22
7.083761127159202813e-22
7.083761127159202813e-22
7.083761127159202813e-22
7.083761127159202813e-22
7.083761127159202813e-22
7.083761127159198111e-22
7.083761127159015675e-22
7.083761127152958587e-22
7.083761126941789961e-22
7.083761121631447211e-22
7.083761013048150773e-22
7.083758876314420551e-22
7.083726886251610716e-22
7.083328265040622856e-22
7.078813807167271692e-22
7.038595703090065643e-22
6.748942206475305906e-22
5.304548310626292017e-22
2.472954656681457241e-22
7.392687689300064284e-23
2.229085929988059765e-23
9.830886846106546918e-24
7.757498016335366601e-24
7.707069314773129994e-24
7.707058607436123470e-24
7.707058607436107307e-24
7.707058607436107307e-24
7.707058607436107307e-24
7.707058607436107307e-24
7.707058607436107307e-24
7.707058607436107307e-24
7.707058607436107307e-24
7.707058607436102899e-24
7.707058607435966248e-24
7.707058607431375942e-24
7.707058607271335325e-24
7.707058603246745358e-24
7.707058520953894707e-24
7.707056901571081880e-24
7.707032656980897409e-24
7.706730544846521414e-24
7.703308349692323007e-24
7.672762396314390527e-24
7.449614815776512140e-24
6.247395008505794538e-24
3.352675730774813244e-24
1.104451422263477331e-24
3.434511935471175758e-25
1.526250269116030108e-25
1.205883734725428152e-25
1.198081692691670142e-25
1.198080036062220272e-25
1.198080036062217747e-25
1.198080036062217747e-25
1.198080036062217747e-25
1.198080036062217747e-25
1.198080036062217747e-25
1.198080036062217747e-25
1.198080036062217747e-25
1.198080036062217288e-25
1.198080036062202364e-25
1.198080036061706682e-25
1.198080036044429670e-25
1.198080035609949739e-25
1.198080026725918609e-25
1.198079851903336041e-25
1.198077234544316917e-25
1.198044619179642804e-25
1.197675111926605556e-25
1.194372503315306925e-25
1.170000782289881645e-25
1.030821568603603166e-25
6.299195994306141627e-26
2.325628593043616679e-26
7.540134268579736017e-27
3.386918031968008808e-27
2.680849691874564375e-27
2.663622472409494963e-27
2.663618814343865238e-27
2.663618814343858780e-27
2.663618814343858780e-27
2.663618814343858780e-27
2.663618814343858780e-27
2.663618814343858780e-27
2.663618814343858780e-27
2.663618814343858422e-27
2.663618814343835104e-27
2.663618814343068134e-27
2.663618814316326068e-27
2.663618813643829079e-27
2.663618799892937561e-27
2.663618529298829145e-27
2.663614478092047143e-27
2.663563994850697065e-27
2.662991999832391378e-27
2.657874816569187820e-27
2.619845480076173433e-27
2.393266428469074581e-27
1.636186509732998097e-27
6.846689161659207990e-28
2.343498397655214334e-28
1.068394756997707840e-28
8.478210146854922623e-29
8.424252388689348664e-29
8.424240930468284740e-29
8.424240930468267925e-29
8.424240930468267925e-29
8.424240930468267925e-29
8.424240930468267925e-29
8.424240930468267925e-29
8.424240930468267925e-29
8.424240930468265683e-29
8.424240930468214115e-29
8.424240930466522467e-29
8.424240930407546860e-29
8.424240928924431623e-29
8.424240898598433815e-29
8.424240301834461063e-29
8.424231367362610404e-29
8.424120031674703051e-29
8.422858465216545917e-29
8.411564934769173492e-29
8.327221303923964894e-29
7.809111741489067059e-29
5.858830388202743996e-29
2.793659687653893463e-29
1.023812400701289569e-29
4.762865579392325955e-30
3.792956706962616503e-30
3.769144161614425953e-30
3.769139104453217785e-30
3.769139104453209378e-30
3.769139104453209378e-30
3.769139104453209378e-30
3.769139104453209378e-30
3.769139104453209378e-30
3.769139104453208677e-30
3.769139104453193263e-30
3.769139104452665674e-30
3.769139104434258918e-30
3.769139103971406532e-30
3.769139094507218172e-30
3.769138908268125716e-30
3.769136119982352098e-30
3.769101373993945574e-30
3.768707640993458059e-30
3.765181357408512115e-30
3.738755214388500699e-30
3.572832801708136432e-30
2.887291663658996073e-30
1.566660972052772082e-30
6.238344835306889970e-31
2.981971308324585744e-31
2.386352675406263767e-31
2.371656071529873220e-31
2.371652949980587560e-31
2.371652949980582744e-31
2.371652949980582744e-31
2.371652949980582744e-31
2.371652949980582744e-31
2.371652949980582744e-31
2.371652949980582744e-31
2.371652949980575737e-31
2.371652949980344523e-31
2.371652949972277861e-31
2.371652949769423705e-31
2.371652945621559669e-31
2.371652863998664099e-31
2.371651641978030758e-31
2.371636413824780485e-31
2.371463846181425312e-31
2.369917837650724651e-31
2.358303963361474919e-31
2.284236185073545573e-31
1.955626543289571882e-31
1.198292297003570378e-31
5.256596224676080448e-32
2.604123963546384575e-32
2.097940260048216317e-32
2.085364652464404151e-32
2.085361980971599579e-32
2.085361980971595200e-32
2.085361980971595200e-32
2.085361980971595200e-32
2.085361980971595200e-32
2.085361980971595200e-32
2.085361980971595200e-32
2.085361980971590547e-32
2.085361980971449596e-32
2.085361980966528083e-32
2.085361980842766333e-32
2.085361978312147204e-32
2.085361928513870048e-32
2.085361182956731440e-32
2.085351892211414453e-32
2.085246605584439597e-32
2.084303148642107751e-32
2.077203682252655075e-32
2.031420174461046010e-32
1.817139461980412718e-32
1.241712771838667479e-32
6.067964852795537938e-33
3.147559024622903336e-33
2.558725358108436598e-33
2.543960489861024049e-33
2.543957352587193570e-33
2.543957352587188439e-33
2.543957352587188439e-33
2.543957352587188439e-33
2.543957352587188439e-33
2.543957352587188439e-33
2.543957352587188439e-33
2.543957352587184675e-33
2.543957352587066304e-33
2.543957352582929805e-33
2.543957352478916579e-33
2.543957350352106782e-33
2.543957308500113984e-33
2.543956681911046200e-33
2.543948873672269376e-33
2.543860385919506962e-33
2.543067336987560348e-33
2.537092514893355322e-33
2.498255270270987415e-33
2.309139752503929913e-33
1.732854022231460934e-33
9.497014111953837870e-34
5.217898326022632582e-34
4.292995340358324938e-34
4.269516334048951931e-34
4.269511343662655943e-34
4.269511343662648246e-34
4.269511343662648246e-34
4.269511343662648246e-34
4.269511343662648246e-34
4.269511343662648246e-34
4.269511343662648246e-34
4.269511343662643969e-34
4.269511343662507979e-34
4.269511343657782531e-34
4.269511343538931313e-34
4.269511341108713372e-34
4.269511293286166024e-34
4.269510577308604301e-34
4.269501655145797105e-34
4.269400542500908195e-34
4.268494245959655088e-34
4.261660415121349352e-34
4.216988311802499891e-34
3.993050609970136421e-34
3.237702293081193869e-34
1.992372005204443308e-34
1.173401477830696890e-34
9.806563174553220414e-35
9.756841406737745810e-35
9.756830834298367145e-35
9.756830834298350040e-35
9.756830834298350040e-35
9.756830834298350040e-35
9.756830834298350040e-35
9.756830834298350040e-35
9.756830834298350040e-35
9.756830834298345763e-35
9.756830834298138357e-35
9.756830834290917616e-35
9.756830834109383437e-35
9.756830830397439254e-35
9.756830757352734053e-35
9.756829663760380271e-35
9.756816035936171929e-35
9.756661593884810480e-35
9.755277184940056322e-35
9.744831919774921491e-35
9.676277940324463278e-35
9.325295209984866007e-35
8.043527064313724395e-35
5.531352198173419907e-35
3.530504263703806383e-35
3.009904162383744300e-35
2.996197289698311084e-35
2.996194373665588589e-35
2.996194373665583778e-35
2.996194373665583778e-35
2.996194373665583778e-35
2.996194373665583778e-35
2.996194373665583778e-35
2.996194373665582709e-35
2.996194373665541014e-35
2.996194373664100928e-35
2.996194373627874275e-35
2.996194372887137314e-35
2.996194358310680415e-35
2.996194140078544321e-35
2.996191420572735058e-35
2.996160600642656213e-35
2.995884317447207283e-35
2.993798895367240908e-35
2.980073011751596754e-35
2.908724467873011497e-35
2.631895009095585933e-35
2.002245670462380422e-35
1.396154774087576017e-35
1.219625866440361446e-35
1.214860359639508186e-35
1.214859345155597787e-35
1.214859345155595916e-35
1.214859345155595916e-35
1.214859345155595916e-35
1.214859345155595916e-35
1.214859345155595916e-35
1.214859345155595916e-35
1.214859345155585492e-35
1.214859345155221729e-35
1.214859345146071786e-35
1.214859344958983602e-35
1.214859341277399621e-35
1.214859286158384225e-35
1.214858599290994677e-35
1.214850815047913718e-35
1.214781031025868573e-35
1.214254135391083146e-35
1.210779285400016856e-35
1.192521109495841361e-35
1.118426696302260811e-35
9.279231495304327895e-36
7.088366141974751763e-36
6.369306914066750004e-36
6.349324566268239763e-36
6.349320309124917700e-36
6.349320309124909682e-36
6.349320309124909682e-36
6.349320309124909682e-36
6.349320309124909682e-36
6.349320309124909682e-36
6.349320309124877609e-36
6.349320309123765738e-36
6.349320309095797929e-36
6.349320308523938537e-36
6.349320297270726450e-36
6.349320128792699590e-36
6.349318029297805959e-36
6.349294235729839437e-36
6.349080925987478769e-36
6.347470028668458344e-36
6.336831694005526076e-36
6.280515522292337624e-36
6.044517624927989931e-36
5.376915486006923189e-36
4.479214097936993337e-36
4.148072433414914338e-36
4.138580299507184642e-36
4.138578275531009327e-36
4.138578275531004650e-36
4.138578275531004650e-36
4.138578275531004650e-36
4.138578275531004650e-36
4.138578275531004650e-36
4.138578275530994627e-36
4.138578275530608413e-36
4.138578275520892245e-36
4.138578275322218294e-36
4.138578271412660446e-36
4.138578212880514492e-36
4.138577483479986174e-36
4.138569217170705868e-36
4.138495108274723950e-36
4.137935368993822014e-36
4.134235528221678373e-36
4.114552731591000217e-36
4.030256186184820333e-36
3.774724878918117804e-36
3.385252603065642499e-36
3.226091571585289341e-36
3.221392740814467684e-36
3.221391738062894253e-36
3.221391738062892916e-36
3.221391738062892916e-36
3.221391738062892916e-36
3.221391738062892916e-36
3.221391738062892916e-36
3.221391738062888907e-36
3.221391738062748587e-36
3.221391738059219869e-36
3.221391737987068586e-36
3.221391736567248530e-36
3.221391715310338517e-36
3.221391450416525659e-36
3.221388448366714836e-36
3.221361534183872829e-36
3.221158236644006570e-36
3.219813714744365329e-36
3.212639363440376750e-36
3.181495766090156216e-36
3.082750376463684876e-36
2.918387963731422651e-36
2.845837033593622812e-36
2.843643846783471093e-36
2.843643378426027342e-36
2.843643378426026674e-36
2.843643378426026674e-36
2.843643378426026674e-36
2.843643378426026674e-36
2.843643378426025671e-36
2.843643378425977228e-36
2.843643378424765463e-36
2.843643378399987932e-36
2.843643377912404486e-36
2.843643370612526123e-36
2.843643279644804818e-36
2.843642248704152290e-36
2.843633005991870441e-36
2.843563187683621311e-36
2.843101304033490296e-36
2.840632710247657909e-36
2.829838163054961447e-36
2.794746541117729632e-36
2.733243835161848220e-36
2.704782650156437409e-36
2.703909141608366933e-36
2.703908954986062350e-36
2.703908954986061682e-36
2.703908954986061682e-36
2.703908954986061682e-36
2.703908954986061682e-36
2.703908954986061682e-36
2.703908954986047650e-36
2.703908954985691838e-36
2.703908954978411227e-36
2.703908954835145693e-36
2.703908952690238649e-36
2.703908925961402168e-36
2.703908623042394969e-36
2.703905907269951630e-36
2.703885392265852277e-36
2.703749657533549337e-36
2.703023689655433046e-36
2.699838947189618888e-36
2.689368951030601319e-36
2.670576316769108474e-36
2.661683027472411261e-36
2.661408067573217466e-36
2.661408008816005680e-36
2.661408008816005680e-36
2.661408008816005680e-36
2.661408008816005680e-36
2.661408008816005680e-36
2.661408008816005680e-36
2.661408008816002005e-36
2.661408008815919150e-36
2.661408008814224283e-36
2.661408008780867177e-36
2.661408008281464097e-36
2.661408002058138275e-36
2.661407931528923087e-36
2.661407299209861886e-36
2.661402522626587831e-36
2.661370917619179456e-36
2.661201839273866416e-36
2.660459290930602516e-36
2.658008676527962352e-36
2.653573371750899946e-36
2.651457834832065880e-36
2.651392255958009234e-36
2.651392241943112562e-36
2.651392241943112562e-36
2.651392241943112562e-36
2.651392241943112562e-36
2.651392241943112562e-36
2.651392241943112562e-36
2.651392241943111894e-36
2.651392241943097193e-36
2.651392241942797175e-36
2.651392241936896713e-36
2.651392241848563176e-36
2.651392240747787703e-36
2.651392228272650066e-36
2.651392116428658194e-36
2.651391271549758992e-36
2.651385681214040262e-36
2.651355772556736629e-36
2.651224384457797326e-36
2.650790339146411216e-36
2.650003095853559893e-36
2.649626836665790113e-36
2.649615165237736095e-36
2.649615162743378095e-36
2.649615162743378095e-36
2.649615162743378095e-36
2.649615162743378095e-36
2.649615162743378095e-36
2.649615162743378095e-36
2.649615162743375757e-36
2.649615162743336333e-36
2.649615162742555552e-36
2.649615162730865547e-36
2.649615162585190850e-36
2.649615160934254491e-36
2.649615146133031110e-36
2.649615034323313770e-36
2.649614294507023716e-36
2.649610336396093015e-36
2.649592947580734192e-36
2.649535492373287957e-36
2.649431242173664405e-36
2.649381397306156001e-36
2.649379850939466090e-36
2.649379850608983411e-36
2.649379850608983411e-36
2.649379850608983411e-36
2.649379850608983411e-36
2.649379850608983411e-36
2.649379850608983411e-36
2.649379850608979068e-36
2.649379850608902226e-36
2.649379850607747258e-36
2.649379850593358763e-36
2.649379850430288711e-36
2.649379848968315481e-36
2.649379837924443680e-36
2.649379764849945638e-36
2.649379373891496145e-36
2.649377656316173364e-36
2.649371981049820906e-36
2.649361682937260028e-36
2.649356758870313761e-36
2.649356606105413167e-36
2.649356606072765012e-36
2.649356606072765012e-36
2.649356606072765012e-36
2.649356606072765012e-36
2.649356606072765012e-36
2.649356606072765012e-36
2.649356606072764344e-36
2.649356606072758999e-36
2.649356606072673804e-36
2.649356606071611380e-36
2.649356606059571244e-36
2.649356605951624959e-36
2.649356605136192510e-36
2.649356599740679383e-36
2.649356570873951197e-36
2.649356444055315610e-36
2.649356025016111167e-36
2.649355264639994864e-36
2.649354901062416501e-36
2.649354889782717650e-36
2.649354889780306816e-36
2.649354889780306816e-36
2.649354889780306816e-36
2.649354889780306816e-36
2.649354889780306816e-36
2.649354889780306816e-36
2.649354889780306816e-36
2.649354889780302138e-36
2.649354889780243338e-36
2.649354889779576817e-36
2.649354889773605192e-36
2.649354889728493267e-36
2.649354889429999239e-36
2.649354887833015642e-36
2.649354880817074095e-36
2.649354857634713405e-36
2.649354815568672676e-36
2.649354795454580724e-36
2.649354794830556984e-36
2.649354794830424014e-36
2.649354794830424014e-36
2.649354794830424014e-36
2.649354794830424014e-36
2.649354794830424014e-36
2.649354794830424014e-36
2.649354794830424014e-36
2.649354794830423346e-36
2.649354794830421007e-36
2.649354794830393611e-36
2.649354794830145044e-36
2.649354794828271102e-36
2.649354794815868471e-36
2.649354794749512744e-36
2.649354794457997304e-36
2.649354793494758294e-36
2.649354791746892786e-36
2.649354790911142314e-36
2.649354790885213490e-36
2.649354790885208144e-36
2.649354790885208144e-36
2.649354790885208144e-36
2.649354790885208144e-36
2.649354790885208144e-36
2.649354790885208144e-36
2.649354790885208144e-36
2.649354790885208144e-36
2.649354790885208144e-36
2.649354790885207142e-36
2.649354790885199458e-36
2.649354790885140991e-36
2.649354790884752772e-36
2.649354790882677370e-36
2.649354790873558565e-36
2.649354790843428822e-36
2.649354790788755750e-36
2.649354790762613438e-36
2.649354790761802922e-36
2.649354790761802254e-36
2.649354790761802254e-36
2.649354790761802254e-36
2.649354790761802254e-36
2.649354790761802254e-36
2.649354790761802254e-36
2.649354790761802254e-36
2.649354790761802254e-36
2.649354790761802254e-36
2.649354790761802254e-36
2.649354790761802254e-36
2.649354790761800584e-36
2.649354790761791563e-36
2.649354790761742117e-36
2.649354790761526959e-36
2.649354790760815670e-36
2.649354790759525727e-36
2.649354790758908652e-36
2.649354790758888941e-36
2.649354790758888941e-36
2.649354790758888941e-36
2.649354790758888941e-36
2.649354790758888941e-36
2.649354790758888941e-36
2.649354790758888941e-36
2.649354790758888941e-36
2.649354790758888941e-36
2.649354790758888941e-36
2.649354790758888941e-36
2.649354790758888941e-36
2.649354790758888941e-36
2.649354790758887938e-36
2.649354790758884263e-36
2.649354790758871568e-36
2.649354790758848515e-36
2.649354790758837156e-36
2.649354790758836822e-36
2.649354790758836822e-36
2.649354790758836822e-36
2.649354790758836822e-36
2.649354790758836822e-36
2.649354790758836822e-36
2.649354790758836822e-36
2.649354790758836822e-36
2.649354790758836822e-36
2.649354790758836822e-36
2.649354790758836822e-36
2.649354790758836822e-36
2.649354790758836822e-36
2.649354790758836822e-36
2.649354790758836822e-36
2.649354790758836822e-36
2.649354790758836154e-36
2.649354790758836154e-36
2.649354790758836154e-36
2.649354790758836154e-36
2.649354790758836154e-36
2.649354790758836154e-36
2.649354790758836154e-36
2.649354790758836154e-36
2.649354790758836154e-36
2.649354790758836154e-36
2.649354790758836154e-36
2.649354790758836154e-36
2.649354790758836154e-36
2.649354790758836154e-36
2.649354790758836154e-36
2.649354790758836154e-36
2.649354790758836154e-36
2.649354790758836154e-36
2.649354790758836154e-36
2.649354790758836154e-36
2.649354790758836154e-36
2.649354790758836154e-36
2.649354790758836154e-36
2.649354790758836154e-36
2.649354790758836154e-36
2.649354790758836154e-36
2.649354790758836154e-36
2.649354790758836154e-36
2.649354790758836154e-36
2.649354790758836154e-36
2.649354790758836154e-36
2.649354790758836154e-36
2.649354790758836154e-36
2.649354790758836154e-36
2.649354790758836154e-36
2.649354790758836154e-36
2.649354790758836154e-36
2.649354790758836154e-36
2.649354790758836154e-36
2.649354790758836154e-36
2.649354790758836154e-36
2.649354790758836154e-36
2.649354790758836154e-36
2.649354790758836154e-36
2.649354790758836154e-36
2.649354790758836154e-36
2.649354790758836154e-36
2.649354790758836154e-36
2.649354790758836154e-36
2.649354790758836154e-36
2.649354790758836154e-36
2.649354790758836154e-36
2.649354790758836154e-36
2.649354790758836154e-36
2.649354790758836154e-36
2.649354790758836154e-36
2.649354790758836154e-36
2.649354790758836154e-36
2.649354790758836154e-36
2.649354790758836154e-36
2.649354790758836154e-36
2.649354790758836154e-36
2.649354790758836154e-36
2.649354790758836154e-36
2.649354790758836154e-36
2.649354790758836154e-36
2.649354790758836154e-36
2.649354790758836154e-36
2.649354790758836154e-36
2.649354790758836154e-36
2.649354790758836154e-36
2.649354790758836154e-36
2.649354790758836154e-36
2.649354790758836154e-36
2.649354790758836154e-36
2.649354790758836154e-36
2.649354790758836154e-36
2.649354790758836154e-36
2.649354790758836154e-36
2.649354790758836154e-36
2.649354790758836154e-36
2.649354790758836154e-36
2.649354790758836154e-36
2.649354790758836154e-36
2.649354790758836154e-36
2.649354790758836154e-36
2.649354790758836154e-36
2.649354790758836154e-36
2.649354790758836154e-36
2.649354790758836154e-36
2.649354790758836154e-36
2.649354790758836154e-36
2.649354790758836154e-36
2.649354790758836154e-36
2.649354790758836154e-36
2.649354790758836154e-36
2.649354790758836154e-36
2.649354790758836154e-36
2.649354790758836154e-36
2.649354790758836154e-36
2.649354790758836154e-36
2.649354790758836154e-36
2.649354790758836154e-36
2.649354790758836154e-36
2.649354790758836154e-36
2.649354790758836154e-36
2.649354790758836154e-36
2.649354790758836154e-36
2.649354790758836154e-36
2.649354790758836154e-36
2.649354790758836154e-36
2.649354790758836154e-36
2.649354790758836154e-36
2.649354790758836154e-36
2.649354790758836154e-36
2.649354790758836154e-36
2.649354790758836154e-36
2.649354790758836154e-36
2.649354790758836154e-36
2.649354790758836154e-36
2.649354790758836154e-36
2.649354790758836154e-36
2.649354790758836154e-36
2.649354790758836154e-36
2.649354790758836154e-36
2.649354790758836154e-36
2.649354790758836154e-36
2.649354790758836154e-36
2.649354790758836154e-36
2.649354790758836154e-36
2.649354790758836154e-36
2.649354790758836154e-36
2.649354790758836154e-36
2.649354790758836154e-36
2.649354790758836154e-36
2.649354790758836154e-36
2.649354790758836154e-36
2.649354790758836154e-36
2.649354790758836154e-36
2.649354790758836154e-36
2.649354790758836154e-36
2.649354790758836154e-36
2.649354790758836154e-36
2.649354790758836154e-36
2.649354790758836154e-36
2.649354790758836154e-36
2.649354790758836154e-36
2.649354790758836154e-36
2.649354790758836154e-36
2.649354790758836154e-36
2.649354790758836154e-36
2.649354790758836154e-36
2.649354790758836154e-36
2.649354790758836154e-36
2.649354790758836154e-36
2.649354790758836154e-36
2.649354790758836154e-36
2.649354790758836154e-36
2.649354790758836154e-36
2.649354790758836154e-36
2.649354790758836154e-36
2.649354790758836154e-36
2.649354790758836154e-36
2.649354790758836154e-36
2.649354790758836154e-36
2.649354790758836154e-36
2.649354790758836154e-36
2.649354790758836154e-36
2.649354790758836154e-36
2.649354790758836154e-36
2.649354790758836154e-36
2.649354790758836154e-36
2.649354790758836154e-36
2.649354790758836154e-36
2.649354790758836154e-36
2.649354790758836154e-36
2.649354790758836154e-36
2.649354790758836154e-36
2.649354790758836154e-36
2.649354790758836154e-36
2.649354790758836154e-36
2.649354790758836154e-36
2.649354790758836154e-36
2.649354790758836154e-36
2.649354790758836154e-36
2.649354790758836154e-36
2.649354790758836154e-36
2.649354790758836154e-36
2.649354790758836154e-36
2.649354790758836154e-36
2.649354790758836154e-36
2.649354790758836154e-36
2.649354790758836154e-36
2.649354790758836154e-36
2.649354790758836154e-36
2.649354790758836154e-36
2.649354790758836154e-36
2.649354790758836154e-36
2.649354790758836154e-36
2.649354790758836154e-36
2.649354790758836154e-36
2.649354790758836154e-36
2.649354790758836154e-36
2.649354790758836154e-36
2.649354790758836154e-36
2.649354790758836154e-36
2.649354790758836154e-36
2.649354790758836154e-36
2.649354790758836154e-36
2.649354790758836154e-36
2.649354790758836154e-36
2.649354790758836154e-36
2.649354790758836154e-36
2.649354790758836154e-36
2.649354790758836154e-36
2.649354790758836154e-36
2.649354790758836154e-36
2.649354790758836154e-36
2.649354790758836154e-36
2.649354790758836154e-36
2.649354790758836154e-36
2.649354790758836154e-36
2.649354790758836154e-36
2.649354790758836154e-36
2.649354790758836154e-36
2.649354790758836154e-36
2.649354790758836154e-36
2.649354790758836154e-36
2.649354790758836154e-36
2.649354790758836154e-36
2.649354790758836154e-36
2.649354790758836154e-36
2.649354790758836154e-36
2.649354790758836154e-36
2.649354790758836154e-36
2.649354790758836154e-36
2.649354790758836154e-36
2.649354790758836154e-36
2.649354790758836154e-36
2.649354790758836154e-36
2.649354790758836154e-36
2.649354790758836154e-36
2.649354790758836154e-36
2.649354790758836154e-36
2.649354790758836154e-36
2.649354790758836154e-36
2.649354790758836154e-36
2.649354790758836154e-36
2.649354790758836154e-36
2.649354790758836154e-36
2.649354790758836154e-36
2.649354790758836154e-36
2.649354790758836154e-36
2.649354790758836154e-36
2.649354790758836154e-36
2.649354790758836154e-36
2.649354790758836154e-36
2.649354790758836154e-36
2.649354790758836154e-36
2.649354790758836154e-36
2.649354790758836154e-36
2.649354790758836154e-36
2.649354790758836154e-36
2.649354790758836154e-36
2.649354790758836154e-36
2.649354790758836154e-36
2.649354790758836154e-36
2.649354790758836154e-36
2.649354790758836154e-36
2.649354790758836154e-36
2.649354790758836154e-36
2.649354790758836154e-36
2.649354790758836154e-36
2.649354790758836154e-36
2.649354790758836154e-36
2.649354790758836154e-36
2.649354790758836154e-36
2.649354790758836154e-36
2.649354790758836154e-36
2.649354790758836154e-36
2.649354790758836154e-36
2.649354790758836154e-36
2.649354790758836154e-36
2.649354790758836154e-36
2.649354790758836154e-36
2.649354790758836154e-36
2.649354790758836154e-36
2.649354790758836154e-36
2.649354790758836154e-36
2.649354790758836154e-36
2.649354790758836154e-36
2.649354790758836154e-36
2.649354790758836154e-36
2.649354790758836154e-36
2.649354790758836154e-36
2.649354790758836154e-36
2.649354790758836154e-36
2.649354790758836154e-36
2.649354790758836154e-36
2.649354790758836154e-36
2.649354790758836154e-36
2.649354790758836154e-36
2.649354790758836154e-36
2.649354790758836154e-36
2.649354790758836154e-36
2.649354790758836154e-36
2.649354790758836154e-36
2.649354790758836154e-36
2.649354790758836154e-36
2.649354790758836154e-36
2.649354790758836154e-36
2.649354790758836154e-36
2.649354790758836154e-36
2.649354790758836154e-36
2.649354790758836154e-36
2.649354790758836154e-36
2.649354790758836154e-36
2.649354790758836154e-36
2.649354790758836154e-36
2.649354790758836154e-36
2.649354790758836154e-36
2.649354790758836154e-36
2.649354790758836154e-36
2.649354790758836154e-36
2.649354790758836154e-36
2.649354790758836154e-36
2.649354790758836154e-36
