1.000000000000211386e+00
1.000000000000211386e+00
1.000000000000042188e+00
1.000000000000039968e+00
1.000000000000039968e+00
1.000000000000039968e+00
1.000000000000039968e+00
1.000000000000039968e+00
1.000000000000040190e+00
1.000000000000029532e+00
1.000000000000029532e+00
1.000000000000029532e+00
1.000000000000029532e+00
1.000000000000029532e+00
1.000000000000029532e+00
1.000000000000029754e+00
1.000000000000029754e+00
1.000000000000029754e+00
1.000000000000029754e+00
1.000000000000029754e+00
1.000000000000029754e+00
1.000000000000029754e+00
1.000000000000029754e+00
1.000000000000029754e+00
1.000000000000029754e+00
1.000000000000029754e+00
1.000000000000029754e+00
1.000000000000029754e+00
1.000000000000029754e+00
1.000000000000029754e+00
1.000000000000029754e+00
1.000000000000029754e+00
1.000000000000029754e+00
1.000000000000029754e+00
1.000000000000029754e+00
1.000000000000029754e+00
1.000000000000029754e+00
1.000000000000029754e+00
1.000000000000029754e+00
1.000000000000029754e+00
1.000000000000029754e+00
1.000000000000029754e+00
1.000000000000029754e+00
1.000000000000029754e+00
1.000000000000029754e+00
1.000000000000029754e+00
1.000000000000029754e+00
1.000000000000029754e+00
1.000000000000029754e+00
1.000000000000029532e+00
1.000000000000029754e+00
1.000000000000029754e+00
1.000000000000029754e+00
1.000000000000029754e+00
1.000000000000029754e+00
1.000000000000029754e+00
1.000000000000029754e+00
1.000000000000029754e+00
1.000000000000029754e+00
1.000000000000029754e+00
1.000000000000029754e+00
1.000000000000029754e+00
1.000000000000029754e+00
1.000000000000029754e+00
1.000000000000029754e+00
1.000000000000029754e+00
1.000000000000029754e+00
1.000000000000029754e+00
1.000000000000029754e+00
1.000000000000029754e+00
1.000000000000029754e+00
1.000000000000029754e+00
1.000000000000029754e+00
1.000000000000029754e+00
1.000000000000029754e+00
1.000000000000029754e+00
1.000000000000029754e+00
1.000000000000029754e+00
1.000000000000029754e+00
1.000000000000029754e+00
1.000000000000029754e+00
1.000000000000029754e+00
1.000000000000029754e+00
1.000000000000029754e+00
1.000000000000029754e+00
1.000000000000029754e+00
1.000000000000029754e+00
1.000000000000029754e+00
1.000000000000029754e+00
1.000000000000029754e+00
1.000000000000029754e+00
1.000000000000029754e+00
1.000000000000029754e+00
1.000000000000029754e+00
1.000000000000029754e+00
1.000000000000029754e+00
1.000000000000029754e+00
1.000000000000029754e+00
1.000000000000029532e+00
1.000000000000029754e+00
1.000000000000029754e+00
1.000000000000029754e+00
1.000000000000029532e+00
1.000000000000029532e+00
1.000000000000029532e+00
1.000000000000029532e+00
1.000000000000029532e+00
1.000000000000029532e+00
1.000000000000029532e+00
1.000000000000029532e+00
1.000000000000029532e+00
1.000000000000029532e+00
1.000000000000029754e+00
1.000000000000029532e+00
1.000000000000029532e+00
1.000000000000029532e+00
1.000000000000029532e+00
1.000000000000029532e+00
1.000000000000029532e+00
1.000000000000029532e+00
1.000000000000029532e+00
1.000000000000029532e+00
1.000000000000029532e+00
1.000000000000029310e+00
1.000000000000029310e+00
1.000000000000029310e+00
1.000000000000029310e+00
1.000000000000029310e+00
1.000000000000029310e+00
1.000000000000029310e+00
1.000000000000029310e+00
1.000000000000029310e+00
1.000000000000029310e+00
1.000000000000029310e+00
1.000000000000029310e+00
1.000000000000029310e+00
1.000000000000029310e+00
1.000000000000029310e+00
1.000000000000029310e+00
1.000000000000029088e+00
1.000000000000029088e+00
1.000000000000029088e+00
1.000000000000029088e+00
1.000000000000027978e+00
1.000000000000023981e+00
1.000000000000023981e+00
1.000000000000023981e+00
1.000000000000023981e+00
1.000000000000023981e+00
1.000000000000023981e+00
1.000000000000023981e+00
1.000000000000023981e+00
1.000000000000023981e+00
1.000000000000023981e+00
1.000000000000023981e+00
1.000000000000023981e+00
1.000000000000023981e+00
1.000000000000023981e+00
1.000000000000023981e+00
1.000000000000023981e+00
1.000000000000023759e+00
1.000000000000023759e+00
1.000000000000023759e+00
1.000000000000023759e+00
1.000000000000023759e+00
1.000000000000023759e+00
1.000000000000023981e+00
1.000000000000023981e+00
1.000000000000023981e+00
1.000000000000023981e+00
1.000000000000023981e+00
1.000000000000023981e+00
1.000000000000023759e+00
1.000000000000023759e+00
1.000000000000023759e+00
1.000000000000023759e+00
1.000000000000023759e+00
1.000000000000023759e+00
1.000000000000023759e+00
1.000000000000023759e+00
1.000000000000023759e+00
1.000000000000023759e+00
1.000000000000023759e+00
1.000000000000023759e+00
1.000000000000023759e+00
1.000000000000023759e+00
1.000000000000015099e+00
1.000000000000015099e+00
1.000000000000015099e+00
1.000000000000015099e+00
1.000000000000015099e+00
1.000000000000015099e+00
1.000000000000015099e+00
1.000000000000015099e+00
1.000000000000015099e+00
1.000000000000015099e+00
1.000000000000015099e+00
1.000000000000015099e+00
1.000000000000015099e+00
1.000000000000015099e+00
1.000000000000015099e+00
1.000000000000015099e+00
1.000000000000015099e+00
1.000000000000015099e+00
1.000000000000015099e+00
1.000000000000015099e+00
1.000000000000015099e+00
1.000000000000015099e+00
1.000000000000015099e+00
1.000000000000015099e+00
1.000000000000015099e+00
1.000000000000015099e+00
1.000000000000015099e+00
1.000000000000015099e+00
1.000000000000015099e+00
1.000000000000015099e+00
1.000000000000015099e+00
1.000000000000015099e+00
1.000000000000015099e+00
1.000000000000015099e+00
1.000000000000015099e+00
1.000000000000015099e+00
1.000000000000015099e+00
1.000000000000015099e+00
1.000000000000015099e+00
1.000000000000015099e+00
1.000000000000015099e+00
1.000000000000015099e+00
1.000000000000015099e+00
1.000000000000015099e+00
1.000000000000015099e+00
1.000000000000015099e+00
1.000000000000015099e+00
1.000000000000015099e+00
1.000000000000015099e+00
1.000000000000015099e+00
1.000000000000015099e+00
1.000000000000015099e+00
1.000000000000013989e+00
1.000000000000013989e+00
1.000000000000013989e+00
1.000000000000013989e+00
1.000000000000013767e+00
1.000000000000013767e+00
1.000000000000013767e+00
1.000000000000013767e+00
1.000000000000013989e+00
1.000000000000013989e+00
1.000000000000013767e+00
1.000000000000013989e+00
1.000000000000013989e+00
1.000000000000013989e+00
1.000000000000013989e+00
1.000000000000013989e+00
1.000000000000013989e+00
1.000000000000013989e+00
1.000000000000013989e+00
1.000000000000013989e+00
1.000000000000013989e+00
1.000000000000013989e+00
1.000000000000013989e+00
1.000000000000013989e+00
1.000000000000013989e+00
1.000000000000013989e+00
1.000000000000013989e+00
1.000000000000013989e+00
1.000000000000013989e+00
1.000000000000013767e+00
1.000000000000013767e+00
1.000000000000013767e+00
1.000000000000013767e+00
1.000000000000013767e+00
1.000000000000013767e+00
1.000000000000013767e+00
1.000000000000013767e+00
1.000000000000013767e+00
1.000000000000013767e+00
1.000000000000013767e+00
1.000000000000013767e+00
1.000000000000013767e+00
1.000000000000013767e+00
1.000000000000013767e+00
1.000000000000013989e+00
1.000000000000013989e+00
1.000000000000013989e+00
1.000000000000013989e+00
1.000000000000013989e+00
1.000000000000013989e+00
1.000000000000013989e+00
1.000000000000013989e+00
1.000000000000013989e+00
1.000000000000013989e+00
1.000000000000013989e+00
1.000000000000013989e+00
1.000000000000013989e+00
1.000000000000013989e+00
1.000000000000013989e+00
1.000000000000013989e+00
1.000000000000013989e+00
1.000000000000013989e+00
1.000000000000013989e+00
1.000000000000013989e+00
1.000000000000013989e+00
1.000000000000013989e+00
1.000000000000013989e+00
1.000000000000013989e+00
1.000000000000013989e+00
1.000000000000013989e+00
1.000000000000013989e+00
1.000000000000013989e+00
1.000000000000013767e+00
1.000000000000013989e+00
1.000000000000013989e+00
1.000000000000013767e+00
1.000000000000013767e+00
1.000000000000013767e+00
1.000000000000013767e+00
1.000000000000013767e+00
1.000000000000013767e+00
1.000000000000013767e+00
1.000000000000013767e+00
1.000000000000013767e+00
1.000000000000013767e+00
1.000000000000013767e+00
1.000000000000013767e+00
1.000000000000013767e+00
1.000000000000013767e+00
1.000000000000013767e+00
1.000000000000013767e+00
1.000000000000013767e+00
1.000000000000013767e+00
1.000000000000013767e+00
1.000000000000013767e+00
1.000000000000013767e+00
1.000000000000013767e+00
1.000000000000013767e+00
1.000000000000013767e+00
1.000000000000013767e+00
1.000000000000013767e+00
1.000000000000013767e+00
1.000000000000013767e+00
1.000000000000013767e+00
1.000000000000013767e+00
1.000000000000013767e+00
1.000000000000013767e+00
1.000000000000013767e+00
1.000000000000013767e+00
1.000000000000013767e+00
1.000000000000013767e+00
1.000000000000013767e+00
1.000000000000013767e+00
1.000000000000013767e+00
1.000000000000013767e+00
1.000000000000013767e+00
1.000000000000013767e+00
1.000000000000013767e+00
1.000000000000013767e+00
1.000000000000013767e+00
1.000000000000013767e+00
1.000000000000013767e+00
1.000000000000013767e+00
1.000000000000013767e+00
1.000000000000013767e+00
1.000000000000013767e+00
1.000000000000013767e+00
1.000000000000013767e+00
1.000000000000013767e+00
1.000000000000013767e+00
1.000000000000013767e+00
1.000000000000013767e+00
1.000000000000013767e+00
1.000000000000013767e+00
1.000000000000013767e+00
1.000000000000013767e+00
1.000000000000013767e+00
1.000000000000013767e+00
1.000000000000013767e+00
1.000000000000013767e+00
1.000000000000013767e+00
1.000000000000013323e+00
1.000000000000013323e+00
1.000000000000013323e+00
1.000000000000013323e+00
1.000000000000013323e+00
1.000000000000013323e+00
1.000000000000013323e+00
1.000000000000013323e+00
1.000000000000013323e+00
1.000000000000013323e+00
1.000000000000013323e+00
1.000000000000013323e+00
1.000000000000013323e+00
1.000000000000013323e+00
1.000000000000013323e+00
1.000000000000013323e+00
1.000000000000013323e+00
1.000000000000013323e+00
1.000000000000013323e+00
1.000000000000013323e+00
1.000000000000013323e+00
1.000000000000013323e+00
1.000000000000013323e+00
1.000000000000013323e+00
1.000000000000013323e+00
1.000000000000013323e+00
1.000000000000013323e+00
1.000000000000013323e+00
1.000000000000013323e+00
1.000000000000013323e+00
1.000000000000013323e+00
1.000000000000013323e+00
1.000000000000013323e+00
1.000000000000006883e+00
1.000000000000006661e+00
1.000000000000006661e+00
1.000000000000006883e+00
1.000000000000006883e+00
1.000000000000006883e+00
1.000000000000006883e+00
1.000000000000006883e+00
1.000000000000006883e+00
1.000000000000006883e+00
1.000000000000006661e+00
1.000000000000006661e+00
1.000000000000006661e+00
1.000000000000006661e+00
1.000000000000006883e+00
1.000000000000006883e+00
1.000000000000006883e+00
1.000000000000006883e+00
1.000000000000006883e+00
1.000000000000006883e+00
1.000000000000006883e+00
1.000000000000006883e+00
1.000000000000006883e+00
1.000000000000006883e+00
1.000000000000006883e+00
1.000000000000006883e+00
1.000000000000006883e+00
1.000000000000006883e+00
1.000000000000006883e+00
1.000000000000006883e+00
1.000000000000006883e+00
1.000000000000006883e+00
1.000000000000006883e+00
1.000000000000006883e+00
1.000000000000006883e+00
1.000000000000006883e+00
1.000000000000006883e+00
1.000000000000006883e+00
1.000000000000006883e+00
1.000000000000006883e+00
1.000000000000006883e+00
1.000000000000006883e+00
1.000000000000006883e+00
1.000000000000006883e+00
1.000000000000006883e+00
1.000000000000006883e+00
1.000000000000006883e+00
1.000000000000006883e+00
1.000000000000006883e+00
1.000000000000006883e+00
1.000000000000006883e+00
1.000000000000006883e+00
1.000000000000006883e+00
1.000000000000006883e+00
1.000000000000006883e+00
1.000000000000006661e+00
1.000000000000006661e+00
1.000000000000006661e+00
1.000000000000006661e+00
1.000000000000006661e+00
1.000000000000006661e+00
1.000000000000006661e+00
1.000000000000006661e+00
1.000000000000006661e+00
1.000000000000006661e+00
1.000000000000006661e+00
1.000000000000006661e+00
1.000000000000006661e+00
1.000000000000006661e+00
1.000000000000006661e+00
1.000000000000006661e+00
1.000000000000006661e+00
1.000000000000006661e+00
1.000000000000006661e+00
1.000000000000006661e+00
1.000000000000006661e+00
1.000000000000006661e+00
9.999999999999946709e-01
9.999999999999946709e-01
9.999999999999938938e-01
9.999999999999938938e-01
9.999999999999938938e-01
9.999999999999938938e-01
9.999999999999925615e-01
9.999999999998789857e-01
9.999999999998789857e-01
9.999999999998789857e-01
9.999999999998789857e-01
9.999999999998792077e-01
9.999999999993626210e-01
9.999999999993625099e-01
9.999999999993625099e-01
9.999999999993625099e-01
9.999999999993625099e-01
9.999999999993625099e-01
9.999999999993625099e-01
9.999999999993623989e-01
9.999999999983409937e-01
9.999999999983409937e-01
9.999999999983409937e-01
9.999999999983409937e-01
9.999999999983411048e-01
9.999999999844153553e-01
9.999999999843726117e-01
9.999999999840357701e-01
9.999999999840357701e-01
9.999999998844389948e-01
9.999999998844389948e-01
9.999999998844391058e-01
9.999999998844391058e-01
9.999999998844391058e-01
9.999999996816641978e-01
9.999999996816619774e-01
9.999999996816618664e-01
9.999999996816619774e-01
9.999999996816619774e-01
9.999999996816619774e-01
9.999999995486148485e-01
9.999999995486148485e-01
9.999999989392278632e-01
9.999999989392278632e-01
9.999999890050246254e-01
9.999999890048592022e-01
9.999999890048592022e-01
9.999999685721258080e-01
9.999999685721258080e-01
9.999999685721258080e-01
9.999999685721258080e-01
9.999999685713605313e-01
9.999999685713605313e-01
9.999999685713605313e-01
9.999999685713605313e-01
9.999999497110647617e-01
9.999999497110647617e-01
9.999999397484832242e-01
9.999994753765943933e-01
9.999994753765943933e-01
9.999994753765943933e-01
9.999994753731297203e-01
9.999983745411761271e-01
9.999983745411759051e-01
9.999983744273986952e-01
9.999983744273986952e-01
9.999983744273986952e-01
9.999983744273986952e-01
9.999983744273986952e-01
9.999983744273985842e-01
9.999970818368538739e-01
9.999970818368538739e-01
9.999970818368538739e-01
9.999970818368538739e-01
9.999970818359714686e-01
9.999885682158603517e-01
9.999885310471440247e-01
9.999884424784020176e-01
9.999884424784020176e-01
9.999547133330145554e-01
9.999547133330145554e-01
9.999547133330145554e-01
9.999547133298269941e-01
9.999547133298269941e-01
9.999120301510706632e-01
9.999120300332663414e-01
9.999120300332661193e-01
9.999120300332658973e-01
9.999120300332658973e-01
9.999120300332658973e-01
9.999046096165707942e-01
9.999046096165707942e-01
9.999046096165707942e-01
9.998523218253108080e-01
9.998523218253108080e-01
9.993152634668113210e-01
9.993152428833268486e-01
9.993152428833268486e-01
9.986002457428976298e-01
9.986002457413186706e-01
9.986002457413186706e-01
9.986002457413186706e-01
9.986002383223216983e-01
9.986002383223120393e-01
9.986002383223120393e-01
9.986002383223120393e-01
9.984122826701210540e-01
9.984122826701210540e-01
9.982973537501574901e-01
9.945231107623313527e-01
9.945231107623313527e-01
9.945231107623313527e-01
9.945230625212443387e-01
9.877286732134535896e-01
9.877286732128754965e-01
9.877284564544871470e-01
9.877284564544871470e-01
9.877284564544871470e-01
9.877284564544871470e-01
9.877284564544871470e-01
9.853686498286816642e-01
9.853686498281142292e-01
9.853686498281142292e-01
9.853686498281142292e-01
9.853686498281142292e-01
9.853686490662301178e-01
9.750733076226928420e-01
9.750110549063266685e-01
9.749582972910570966e-01
9.749582972910570966e-01
9.372530419113216382e-01
9.372530419113216382e-01
9.372530419113216382e-01
9.372530381237484942e-01
9.372530381237484942e-01
9.218428482448292050e-01
9.218428242826282037e-01
9.218428242825574825e-01
9.218428242825500440e-01
9.218428242825500440e-01
9.218428242825500440e-01
9.209047623993857901e-01
9.209047623993857901e-01
9.209047623993857901e-01
9.209047623993857901e-01
9.107837106507278291e-01
9.107837106507278291e-01
8.032619348808639481e-01
8.032583054482367313e-01
8.032583054482367313e-01
7.478218261303465342e-01
7.478218258134959884e-01
7.478218258134959884e-01
7.478218258134959884e-01
7.478214525017889969e-01
7.478214525014809100e-01
7.478214525014809100e-01
7.478214525014809100e-01
7.424933624095243490e-01
7.424933624095216844e-01
7.386541806330254589e-01
5.968488413934144310e-01
5.968488413934144310e-01
5.968488413934144310e-01
5.968475512164067576e-01
4.778886163289456923e-01
4.778886163227538675e-01
4.778856115043262909e-01
4.778856115043262909e-01
4.778856115043262909e-01
4.778856115043262909e-01
4.778856115043262909e-01
4.778856115043262909e-01
4.625484496581111493e-01
4.625484496421656821e-01
4.625484496421656821e-01
4.625484496421656821e-01
4.625484496421656821e-01
4.625484473093188220e-01
3.833669195392449547e-01
3.830633456947437065e-01
3.828873358879715805e-01
3.828873358879714695e-01
2.320737360898195156e-01
2.320737360898195156e-01
2.320737360898195156e-01
2.320737179396631378e-01
2.320737179396631378e-01
2.077188341001490746e-01
2.077188138874881129e-01
2.077188138871938761e-01
2.077188138871896572e-01
2.077188138871896572e-01
2.077188138871896572e-01
2.067140622821486695e-01
2.067140622821486695e-01
2.067140622821486695e-01
2.067140622821486695e-01
1.896482575253035374e-01
1.896482575253035374e-01
9.088979793398081763e-02
9.088615510498743166e-02
9.088615510498743166e-02
9.088615510498743166e-02
6.712152276276049656e-02
6.712152245945453288e-02
6.712152245945453288e-02
6.712152245945453288e-02
6.712142509374534327e-02
6.712142509368709820e-02
6.712142509368709820e-02
6.712142509368709820e-02
6.555022009879346578e-02
6.555022009879148126e-02
6.402980981024308793e-02
3.231033116560291102e-02
3.231033116560291102e-02
3.231033116560291102e-02
3.231007912775326479e-02
1.696091559871602469e-02
1.696091559820341738e-02
1.696061884506096587e-02
1.696061884506096587e-02
1.696061884506096587e-02
1.696061884506096587e-02
1.696061884506096587e-02
1.696061884506096587e-02
1.553573093601765508e-02
1.553573093309767485e-02
1.553573093309767485e-02
1.553573093309767485e-02
1.553573093309767485e-02
1.553573086526792262e-02
1.042675277104220151e-02
1.039870138287287554e-02
1.039318311785032700e-02
1.039318311785032527e-02
3.924562467540947293e-03
3.924562467540947293e-03
3.924562467540947293e-03
3.924561365640517017e-03
3.924561365640517017e-03
3.924561365640517017e-03
3.065222431323953375e-03
3.065222192298039296e-03
3.065222192283557825e-03
3.065222192283500145e-03
3.065222192283500145e-03
3.065222192283500145e-03
3.050600792138553202e-03
3.050600792138553202e-03
3.050600792138553202e-03
3.050600792138553202e-03
2.645241409760245264e-03
2.645241409760245264e-03
9.607781860354671103e-04
9.606313211431064501e-04
9.606313211431064501e-04
9.606313211431064501e-04
5.644291871292244148e-04
5.644291813897023844e-04
5.644291813897023844e-04
5.644291813897023844e-04
5.644285866467355951e-04
5.644285866463144910e-04
5.644285866463144910e-04
5.644285866463144910e-04
5.528198107037819590e-04
5.528198107037395666e-04
5.348536157380375531e-04
2.558835088159646114e-04
2.558835088159646114e-04
2.558835088159646114e-04
2.558785370033653511e-04
1.058465031278749499e-04
1.058465031253853371e-04
1.058453280850890583e-04
1.058453280850890583e-04
1.058453280850890583e-04
1.058453280850890583e-04
1.058453280850890583e-04
1.058453280850890583e-04
1.058453280491196348e-04
9.881165701755757367e-05
9.881165701755757367e-05
9.881165701755757367e-05
9.881165701755757367e-05
9.881165701755757367e-05
9.881165673950312517e-05
6.782637622610824819e-05
6.757783968821935391e-05
6.755752385728760361e-05
6.755752385728760361e-05
2.178421454464366793e-05
2.178421454464366455e-05
2.178420222986696033e-05
2.178420222986696033e-05
2.178420222986696033e-05
2.178420222986696033e-05
1.817680960936973898e-05
1.817680869342855744e-05
1.817680869329409604e-05
1.817680869329395035e-05
1.817680869329395035e-05
1.817680869329395035e-05
1.812992949077747617e-05
1.812992949077747617e-05
1.812992949077747617e-05
1.812992949077747617e-05
1.590581202129081915e-05
5.200405874260889674e-06
5.200405874260889674e-06
5.199451558036712712e-06
5.199451558036712712e-06
5.199451558036712712e-06
3.514338721470524818e-06
3.514338642461255344e-06
3.514338642461255344e-06
3.514338642461255344e-06
3.514336111037189176e-06
3.514336111035997401e-06
3.514336111035997401e-06
3.514336111035997401e-06
3.472554808244728968e-06
3.472554808244285546e-06
3.362425391583696839e-06
1.437503231016814420e-06
1.437503231016814420e-06
1.437503231016814420e-06
1.437468767008946886e-06
7.186023795270364364e-07
7.186023795186815152e-07
7.185964492895411918e-07
7.185964492895411918e-07
7.185964492895411918e-07
7.185964492895411918e-07
7.185964492895411918e-07
7.185964492895411918e-07
7.185964487045943203e-07
6.880007643477658260e-07
6.880007643477658260e-07
6.880007643477658260e-07
6.880007643477658260e-07
6.880007643477658260e-07
4.242438436378654764e-07
4.242438432653269396e-07
4.227322215289880475e-07
4.226452859739270972e-07
4.226452859739270972e-07
1.594654717056302135e-07
1.594654717056301870e-07
1.594653266960663943e-07
1.594653266960663943e-07
1.594653266960663943e-07
1.594653266960663943e-07
1.406650531743673467e-07
1.406650491871542475e-07
1.406650491843138548e-07
1.406650491843134048e-07
1.406650491843134048e-07
1.406650491843134048e-07
1.406650491843134048e-07
1.406650491843134048e-07
1.403579247932462831e-07
1.403579247932462831e-07
1.158451148234635600e-07
4.019219813599562343e-08
4.019219813599562343e-08
4.018333720642099101e-08
4.018333720642099101e-08
4.018333720642099101e-08
2.996723169512795484e-08
2.996723043278581338e-08
2.996723043278581338e-08
2.996721705345957717e-08
2.996721705345957717e-08
2.996721705345481923e-08
2.996721705345481923e-08
2.963473948556873739e-08
2.963473948556873739e-08
2.963473948555734546e-08
2.809950432140354912e-08
1.168426233918088193e-08
1.168426233918088193e-08
1.168426233918088193e-08
1.168390839060792450e-08
6.684079113775975175e-09
6.684079113736283740e-09
6.684041819522181859e-09
6.684041819522181859e-09
6.684041819522181859e-09
6.684041819522181859e-09
6.684041819522181859e-09
6.684041819522181859e-09
6.684041808401865971e-09
6.394789524236240828e-09
6.394789524236240828e-09
6.394789524236240828e-09
6.394789524236240828e-09
6.394789524236240828e-09
6.394789524236240828e-09
3.706108009963112462e-09
3.706108008402029913e-09
3.683616000384913723e-09
3.683136144171296809e-09
3.683136144171296809e-09
1.585441624188658612e-09
1.585441624188656337e-09
1.585439395980266050e-09
1.585439395980266050e-09
1.585439395980266050e-09
1.585439395980266050e-09
1.384292071061489966e-09
1.384292049858263652e-09
1.384292049797819704e-09
1.384292049797819704e-09
1.384292049797816809e-09
1.384292049797816809e-09
1.384292049797816809e-09
1.384292049797816809e-09
1.382128682196348136e-09
1.095544310713109606e-09
1.095544310713109606e-09
4.153608717257619553e-10
4.153608717257619553e-10
4.151759351303711548e-10
4.151759351303711548e-10
4.151759351303711548e-10
2.997296774973270884e-10
2.997296578666400335e-10
2.997296578666400335e-10
2.997295843729572566e-10
2.997295843729572566e-10
2.997295843729279434e-10
2.997295843729279434e-10
2.997295843729279434e-10
2.973045996270067000e-10
2.973045996270067000e-10
2.973045996267548752e-10
2.781632664679469912e-10
1.220327435985005135e-10
1.220327435985005135e-10
1.220327435985005135e-10
1.220251970182418954e-10
6.580732492070036966e-11
6.580732492046287835e-11
6.580712642191144459e-11
6.580712642191144459e-11
6.580712642191144459e-11
6.580712642191144459e-11
6.580712642191144459e-11
6.580712642191144459e-11
6.580712625434895092e-11
6.374372035770791606e-11
6.374372035770791606e-11
6.374372035770791606e-11
6.374372035770791606e-11
6.374372035770791606e-11
6.374372035770791606e-11
3.827835056235922408e-11
3.827835055207955334e-11
3.797766475220412480e-11
3.797486388228080803e-11
3.797486388228080803e-11
1.524024689817368945e-11
1.524024689817364422e-11
1.524020665313567230e-11
1.524020665313567230e-11
1.524020665313567230e-11
1.524020665313567230e-11
1.383550026683106025e-11
1.383550026589246390e-11
1.383550013514920747e-11
1.383550013514920747e-11
1.383550013514919455e-11
1.383550013514919455e-11
1.383550013514919455e-11
1.382362549663531156e-11
1.382362549663531156e-11
1.114187361909530825e-11
1.114187361909530825e-11
3.949360117984243116e-12
3.947261258560358671e-12
3.947261258560358671e-12
3.947261258560358671e-12
3.947261258560358671e-12
3.117454624034420574e-12
3.117454208937188323e-12
3.117454208937188323e-12
3.117453718171873186e-12
3.117453718171873186e-12
3.117453718171738689e-12
3.117453718171738689e-12
3.117453718171738689e-12
3.102999024806498552e-12
3.102999024806498552e-12
3.102999024802233402e-12
2.910684586059199700e-12
1.181298989289078419e-12
1.181298989289078419e-12
1.181298989289078419e-12
1.181210210959933380e-12
7.377529657731374830e-13
7.377529657718671266e-13
7.377529657718671266e-13
7.377514257946992094e-13
7.377514257946992094e-13
7.377514257946992094e-13
7.377514257946992094e-13
7.377514257946992094e-13
7.377514216782320638e-13
7.233377385111453305e-13
7.233377385111453305e-13
7.233377385111453305e-13
7.233377385111453305e-13
7.233377385111453305e-13
7.233377385111453305e-13
3.962373346816064918e-13
3.962373346347299282e-13
3.932721999952245336e-13
3.932536596609121793e-13
3.932536596609121793e-13
1.852449515205266495e-13
1.852449515205256903e-13
1.852442050440352964e-13
1.852442050440352964e-13
1.852442050440352964e-13
1.852442050440352964e-13
1.734880960529152399e-13
1.734880960529152399e-13
1.734880960240681491e-13
1.734880951492034066e-13
1.734880951492034066e-13
1.734880951492033561e-13
1.734880951492033561e-13
1.734880951492033561e-13
1.733728195605362622e-13
1.733728195605362622e-13
1.303457706553893374e-13
1.303457706553893374e-13
5.114289690243993041e-14
5.111052108767854830e-14
5.111052108767854830e-14
5.111052108767854830e-14
5.111052108767854830e-14
4.297702903755306264e-14
4.297701913338654409e-14
4.297701913338654409e-14
4.297701913338654409e-14
4.297701516404671567e-14
4.297701516404585739e-14
4.297701516404585739e-14
4.297701516404585739e-14
4.280732189346654870e-14
4.280732189346654870e-14
4.280732189330788669e-14
3.892731243749920584e-14
1.606467838246181721e-14
1.606316799799971757e-14
1.606316799799971757e-14
1.606316799799971757e-14
1.108689504290766760e-14
1.108689504289812396e-14
1.108689504289812396e-14
1.108689504289812396e-14
1.108688024212052592e-14
1.108688024212052592e-14
1.108688024212052592e-14
1.108688024212052592e-14
1.108688024212052592e-14
1.108688012540761941e-14
1.088566019242212664e-14
1.088566019242212664e-14
1.088566019242212664e-14
1.088566019242212664e-14
1.088566019242212664e-14
1.088566019242212664e-14
5.720171999453662995e-15
5.720171999128641258e-15
5.652889738123999120e-15
5.652726713944080147e-15
2.996762769023217539e-15
2.996762769023217539e-15
2.996762769023167840e-15
2.996744797223146290e-15
2.996744797223146290e-15
2.996744797223146290e-15
2.806813845368220988e-15
2.806813845368220988e-15
2.806813845368220988e-15
2.806813844420270109e-15
2.806813844420270109e-15
2.806813836801594665e-15
2.806813836801594665e-15
2.806813836801594270e-15
2.806813836801594270e-15
2.805529475882111512e-15
2.805529475882111512e-15
2.020871897031596180e-15
2.020871897031596180e-15
8.716669424844372341e-16
8.716669424844372341e-16
8.716669424844372341e-16
8.706390705686988520e-16
8.706390705686988520e-16
7.261380879240245213e-16
7.261378278195262347e-16
7.261378278195260375e-16
7.261378278195260375e-16
7.261377901201154180e-16
7.261377901201069378e-16
7.261377901201069378e-16
7.261377901201069378e-16
7.240739111259785777e-16
7.240739111259785777e-16
7.240739111202796493e-16
6.450271387359885225e-16
2.810731018493850290e-16
2.810731018493850290e-16
2.810225461734529944e-16
2.810225461734529944e-16
2.810225461734529944e-16
1.892769777039274149e-16
1.892769777039274149e-16
1.892769777039274149e-16
1.892769777038304344e-16
1.892768341842310927e-16
1.892768341842310927e-16
1.892768341842310927e-16
1.892768341842310927e-16
1.892768341842310927e-16
1.892768310548429805e-16
1.867685280009276309e-16
1.867685280009276309e-16
1.867685280009276309e-16
1.867685280009276309e-16
1.867685280009276309e-16
1.867685280009276309e-16
1.009151875242198784e-16
9.939807281006791704e-17
9.939807280664633148e-17
9.939639584612704849e-17
5.066129737071611988e-17
5.066129737071611988e-17
5.066129737071432646e-17
5.066073572499797754e-17
5.066073572499797754e-17
5.066073572499797754e-17
4.830892059098463791e-17
4.830892059098463791e-17
4.830892059098463791e-17
4.830892056515148321e-17
4.830892056515148321e-17
4.830892048646811145e-17
4.830892048646811145e-17
4.830892048646811145e-17
4.830892048646811145e-17
4.829626000597843048e-17
4.829626000597843048e-17
3.532959761120523882e-17
3.532959761120523882e-17
3.532959761120523882e-17
3.532959761120523882e-17
1.458241052195829054e-17
1.456150558690117954e-17
1.456150558690117954e-17
1.275488032127096105e-17
1.275487154546000850e-17
1.275487154546000542e-17
1.275487154546000542e-17
1.275487113992844793e-17
1.275487113992838167e-17
1.275487113992838167e-17
1.275487113992838167e-17
1.273366008168096439e-17
1.273366008168096439e-17
1.273366008151881804e-17
1.138623089234460275e-17
4.722710951443256579e-18
4.722710951443256579e-18
4.721673519203075301e-18
4.721673519203075301e-18
4.721673519203075301e-18
3.506396891148731401e-18
3.506396891148731401e-18
3.506396891148731401e-18
3.506396891147894007e-18
3.506395173975413519e-18
3.506395173975413519e-18
3.506395173975413519e-18
3.506395173975413519e-18
3.506395173975413519e-18
3.506395056536665964e-18
3.477609723497034737e-18
3.477609723497034737e-18
3.477609723497034737e-18
3.477609723497034737e-18
3.477609723497034737e-18
3.477609723497034737e-18
1.758300497953740132e-18
1.732994488638091784e-18
1.732994488611936692e-18
1.732976716453486176e-18
1.011206008681786562e-18
1.011206008681720695e-18
1.011206008681720695e-18
1.011206008681720695e-18
1.011189743837870486e-18
1.011189743837870486e-18
9.795230737069773674e-19
9.795230737069773674e-19
9.795230737069773674e-19
9.795230725455892256e-19
9.795230725455892256e-19
9.795230725455892256e-19
9.795230717321006838e-19
9.795230717321006838e-19
9.795230717321006838e-19
9.793415894412801812e-19
9.793415894412801812e-19
6.710565683433216766e-19
6.710565683433216766e-19
6.710565683433216766e-19
6.710565683433216766e-19
6.686310289195097582e-19
3.115842132535675321e-19
3.115842132535675321e-19
3.115842132535675321e-19
2.830435037906483012e-19
2.830431896648298652e-19
2.830431896648296244e-19
2.830431896648296244e-19
2.830431846428887165e-19
2.830431846428880424e-19
2.830431846428880424e-19
2.830431846428880424e-19
2.826788880450631721e-19
2.826788880450631721e-19
2.826788880363252279e-19
2.432353501565139642e-19
1.065551692202258954e-19
1.065551692202258954e-19
1.065261722432751475e-19
1.065261722432751475e-19
1.065261722432751475e-19
1.065261722432751475e-19
1.065261722432751475e-19
8.453446417309423374e-20
8.453446417308427909e-20
8.453443907427238994e-20
8.453443907427238994e-20
8.453443907427238994e-20
8.453443907427238994e-20
8.453443907427238994e-20
8.453443411269259406e-20
8.395036820492456109e-20
8.395036820492456109e-20
8.395036820492456109e-20
8.395036820492456109e-20
8.395036820492456109e-20
4.187975846903647619e-20
4.187975846903647619e-20
4.099952186206330428e-20
4.099952186176396662e-20
4.099952186175217030e-20
4.099927171267877852e-20
2.625103338959047369e-20
2.625103338959047369e-20
2.625103338959047369e-20
2.625043150959379819e-20
2.625043150959379819e-20
2.550419053330018078e-20
2.550419053330018078e-20
2.550419053330018078e-20
2.550419053330018078e-20
2.550419047606882224e-20
2.550419047606882224e-20
2.550419047606882224e-20
2.550419046479203297e-20
2.550419046479203297e-20
2.550419046479203297e-20
2.550109625700043187e-20
1.689838790505292292e-20
1.689838790505292292e-20
1.689838790505292292e-20
1.689838790505292292e-20
1.680363462192180843e-20
8.581540976419220146e-21
8.581540976419220146e-21
8.581540976419220146e-21
7.823999760644102593e-21
7.823986580986880842e-21
7.823986580986880842e-21
7.823986580986862787e-21
7.823986502524263194e-21
7.823986502524254167e-21
7.823986502524254167e-21
7.823986502524254167e-21
7.816983729717834744e-21
7.816983729717834744e-21
7.816983729232136277e-21
7.816983729232136277e-21
6.564266168512557013e-21
6.564266168512557013e-21
3.050727845271164553e-21
3.049260936798171099e-21
3.049260936798171099e-21
3.049260936798171099e-21
2.420776933003991359e-21
2.420776933003991359e-21
2.420776933003991359e-21
2.420776933003991359e-21
2.420776933003831115e-21
2.420776512145951749e-21
2.420776512145951749e-21
2.420776512145951749e-21
2.420776288731394245e-21
2.420776288731394245e-21
2.408708209617870479e-21
2.408708209617870479e-21
2.408708209617870479e-21
2.408708209617870479e-21
2.408708209617870479e-21
1.229603972403918994e-21
1.197480523881972768e-21
1.197480523881972768e-21
1.197480523876947859e-21
1.197480523876216796e-21
1.197480523876216796e-21
7.617138959975816996e-22
7.617121305004197630e-22
7.617121305004197630e-22
7.616808499742255359e-22
7.616808499742255359e-22
7.457588990929135169e-22
7.457588990929135169e-22
7.457588990929135169e-22
7.457588990929135169e-22
7.457588964059775576e-22
7.457588964059775576e-22
7.457588964059775576e-22
7.457588962162428952e-22
7.457588962162428952e-22
7.457588962162428952e-22
7.457588962162428952e-22
7.457047977726161024e-22
4.987065773334377573e-22
4.987065773334377573e-22
4.987065773334377573e-22
4.951995184994709374e-22
2.495466337578517793e-22
2.495466337578517793e-22
2.495466337578517793e-22
2.495466337578517793e-22
2.330460497267519324e-22
2.330453279341625648e-22
2.330453279341613423e-22
2.330453265643056303e-22
2.330453265643054893e-22
2.330453265643054893e-22
2.330453265643054893e-22
2.329182437131347045e-22
2.329182437131347045e-22
2.329182436894567688e-22
2.329182436894567688e-22
1.958640958036278511e-22
1.958640958036278511e-22
8.910689039697441528e-23
8.905363791007039000e-23
8.905363791007039000e-23
8.905363791007039000e-23
7.479266274987722428e-23
7.479266274987722428e-23
7.479266274987722428e-23
7.479266274987722428e-23
7.479266274987493207e-23
7.479266274987493207e-23
7.479265484433633969e-23
7.479264167987725668e-23
7.479264167987725668e-23
7.479264167987725668e-23
7.479264167987725668e-23
7.455665640527544530e-23
7.455665640527544530e-23
7.455665640527544530e-23
7.455665640527544530e-23
7.455665640527544530e-23
3.664040180743441363e-23
3.569119577758241813e-23
3.569119577758241813e-23
3.569119577751558540e-23
3.569119577751558540e-23
3.569119577747992090e-23
2.497994989219252792e-23
2.497991252811420954e-23
2.497991252811420954e-23
2.497848087086541889e-23
2.497848087086541889e-23
2.462592841652066485e-23
2.462592841652066485e-23
2.462592841652066485e-23
2.462592841652066485e-23
2.462592823566641561e-23
2.462592823566641561e-23
2.462592823566641561e-23
2.462592823566641561e-23
2.462592823256898211e-23
2.462592823256898211e-23
2.462592823256898211e-23
1.568300226105182892e-23
1.568253144388769352e-23
1.568253144388769352e-23
1.556718750392001583e-23
1.556718750392001583e-23
8.754441150479509180e-24
8.754441150479509180e-24
8.754441150479509180e-24
8.754441150479509180e-24
8.754397803687985813e-24
8.331258793355989914e-24
8.331258793355901752e-24
8.331258767144994673e-24
8.331258767144991734e-24
8.331258767144991734e-24
8.331258767144991734e-24
8.328062190274620939e-24
8.328062188406055119e-24
8.328062188406055119e-24
8.328062188406055119e-24
6.738842941114174092e-24
3.308873416591167701e-24
3.308873416591167701e-24
3.308873416591167701e-24
3.308873416591167701e-24
3.308873416591167701e-24
3.308873416591167701e-24
3.308873416591167701e-24
3.308873416591167701e-24
3.308873416591167701e-24
3.308873416591167701e-24
3.308873416591167701e-24
3.308873416591167701e-24
3.308873416591167701e-24
3.308873416591167701e-24
3.308873416591167701e-24
3.308873416591167701e-24
3.308873416591167701e-24
3.308873416591167701e-24
3.308873416591167701e-24
3.308873416591167701e-24
3.308873416591167701e-24
3.308873416591167701e-24
3.308873416591167701e-24
3.308873416591167701e-24
3.308873416591167701e-24
3.308873416591167701e-24
3.308873416591167701e-24
3.308873416591167701e-24
3.308873416591167701e-24
3.308873416591167701e-24
3.308873416591167701e-24
3.308873416591167701e-24
3.308873416591167701e-24
3.308873416591167701e-24
3.308873416591167701e-24
3.308873416591167701e-24
3.308873416591167701e-24
3.308873416591167701e-24
3.308873416591167701e-24
3.308873416591167701e-24
3.308873416591167701e-24
3.308873416591167701e-24
3.308873416591167701e-24
3.308873416591167701e-24
3.308873416591167701e-24
3.308873416591167701e-24
3.308873416591167701e-24
3.308873416591167701e-24
3.308873416591167701e-24
3.308873416591167701e-24
3.308873416591167701e-24
3.308873416591167701e-24
3.308873416591167701e-24
3.308873416591167701e-24
3.308873416591167701e-24
3.308873416591167701e-24
3.308873416591167701e-24
3.308873416591167701e-24
3.308873416591167701e-24
3.308873416591167701e-24
3.308873416591167701e-24
3.308873416591167701e-24
3.308873416591167701e-24
3.308873416591167701e-24
3.308873416591167701e-24
3.308873416591167701e-24
3.308873416591167701e-24
3.308873416591167701e-24
3.308873416591167701e-24
3.308873416591167701e-24
3.308873416591167701e-24
3.308873416591167701e-24
3.308873416591167701e-24
3.308873416591167701e-24
3.308873416591167701e-24
3.308873416591167701e-24
3.308873416591167701e-24
3.308873416591167701e-24
3.308873416591167701e-24
3.308873416591167701e-24
3.308873416591167701e-24
3.308873416591167701e-24
3.308873416591167701e-24
3.308873416591167701e-24
3.308873416591167701e-24
3.308873416591167701e-24
3.308873416591167701e-24
3.308873416591167701e-24
3.308873416591167701e-24
3.308873416591167701e-24
3.308873416591167701e-24
3.308873416591167701e-24
3.308873416591167701e-24
3.308873416591167701e-24
3.308873416591167701e-24
3.308873416591167701e-24
3.308873416591167701e-24
3.308873416591167701e-24
3.308873416591167701e-24
3.308873416591167701e-24
3.308873416591167701e-24
3.308873416591167701e-24
3.308873416591167701e-24
3.308873416591167701e-24
3.308873416591167701e-24
3.308873416591167701e-24
3.308873416591167701e-24
3.308873416591167701e-24
3.308873416591167701e-24
3.308873416591167701e-24
3.308873416591167701e-24
3.308873416591167701e-24
3.308873416591167701e-24
3.308873416591167701e-24
3.308873416591167701e-24
3.308873416591167701e-24
3.308873416591167701e-24
3.308873416591167701e-24
3.308873416591167701e-24
3.308873416591167701e-24
3.308873416591167701e-24
3.308873416591167701e-24
3.308873416591167701e-24
3.308873416591167701e-24
3.308873416591167701e-24
3.308873416591167701e-24
3.308873416591167701e-24
3.308873416591167701e-24
3.308873416591167701e-24
3.308873416591167701e-24
3.308873416591167701e-24
3.308873416591167701e-24
3.308873416591167701e-24
3.308873416591167701e-24
3.308873416591167701e-24
3.308873416591167701e-24
3.308873416591167701e-24
3.308873416591167701e-24
3.308873416591167701e-24
3.308873416591167701e-24
3.308873416591167701e-24
3.308873416591167701e-24
3.308873416591167701e-24
3.308873416591167701e-24
3.308873416591167701e-24
3.308873416591167701e-24
3.308873416591167701e-24
3.308873416591167701e-24
3.308873416591167701e-24
3.308873416591167701e-24
3.308873416591167701e-24
3.308873416591167701e-24
3.308873416591167701e-24
3.308873416591167701e-24
3.308873416591167701e-24
3.308873416591167701e-24
3.308873416591167701e-24
3.308873416591167701e-24
3.308873416591167701e-24
3.308873416591167701e-24
3.308873416591167701e-24
3.308873416591167701e-24
3.308873416591167701e-24
3.308873416591167701e-24
3.308873416591167701e-24
3.308873416591167701e-24
3.308873416591167701e-24
3.308873416591167701e-24
3.308873416591167701e-24
3.308873416591167701e-24
3.308873416591167701e-24
3.308873416591167701e-24
3.308873416591167701e-24
3.308873416591167701e-24
3.308873416591167701e-24
3.308873416591167701e-24
3.308873416591167701e-24
3.308873416591167701e-24
3.308873416591167701e-24
3.308873416591167701e-24
3.308873416591167701e-24
3.308873416591167701e-24
3.308873416591167701e-24
3.308873416591167701e-24
3.308873416591167701e-24
3.308873416591167701e-24
3.308873416591167701e-24
3.308873416591167701e-24
3.308873416591167701e-24
3.308873416591167701e-24
3.308873416591167701e-24
3.308873416591167701e-24
3.308873416591167701e-24
3.308873416591167701e-24
3.308873416591167701e-24
3.308873416591167701e-24
3.308873416591167701e-24
3.308873416591167701e-24
3.308873416591167701e-24
3.308873416591167701e-24
3.308873416591167701e-24
3.308873416591167701e-24
3.308873416591167701e-24
3.308873416591167701e-24
3.308873416591167701e-24
3.308873416591167701e-24
3.308873416591167701e-24
3.308873416591167701e-24
3.308873416591167701e-24
3.308873416591167701e-24
3.308873416591167701e-24
3.308873416591167701e-24
3.308873416591167701e-24
3.308873416591167701e-24
3.308873416591167701e-24
3.308873416591167701e-24
3.308873416591167701e-24
3.308873416591167701e-24
3.308873416591167701e-24
3.308873416591167701e-24
3.308873416591167701e-24
3.308873416591167701e-24
3.308873416591167701e-24
3.308873416591167701e-24
3.308873416591167701e-24
3.308873416591167701e-24
3.308873416591167701e-24
3.308873416591167701e-24
3.308873416591167701e-24
3.308873416591167701e-24
3.308873416591167701e-24
3.308873416591167701e-24
3.308873416591167701e-24
3.308873416591167701e-24
3.308873416591167701e-24
3.308873416591167701e-24
3.308873416591167701e-24
3.308873416591167701e-24
3.308873416591167701e-24
3.308873416591167701e-24
3.308873416591167701e-24
3.308873416591167701e-24
3.308873416591167701e-24
3.308873416591167701e-24
3.308873416591167701e-24
3.308873416591167701e-24
3.308873416591167701e-24
3.308873416591167701e-24
3.308873416591167701e-24
3.308873416591167701e-24
3.308873416591167701e-24
3.308873416591167701e-24
3.308873416591167701e-24
3.308873416591167701e-24
3.308873416591167701e-24
3.308873416591167701e-24
3.308873416591167701e-24
3.308873416591167701e-24
3.308873416591167701e-24
3.308873416591167701e-24
3.308873416591167701e-24
3.308873416591167701e-24
3.308873416591167701e-24
3.308873416591167701e-24
3.308873416591167701e-24
3.308873416591167701e-24
3.308873416591167701e-24
3.308873416591167701e-24
3.308873416591167701e-24
3.308873416591167701e-24
3.308873416591167701e-24
3.308873416591167701e-24
3.308873416591167701e-24
3.308873416591167701e-24
3.308873416591167701e-24
3.308873416591167701e-24
3.308873416591167701e-24
3.308873416591167701e-24
3.308873416591167701e-24
3.308873416591167701e-24
3.308873416591167701e-24
3.308873416591167701e-24
3.308873416591167701e-24
3.308873416591167701e-24
3.308873416591167701e-24
3.308873416591167701e-24
3.308873416591167701e-24
3.308873416591167701e-24
3.308873416591167701e-24
3.308873416591167701e-24
3.308873416591167701e-24
3.308873416591167701e-24
3.308873416591167701e-24
3.308873416591167701e-24
3.308873416591167701e-24
3.308873416591167701e-24
3.308873416591167701e-24
3.308873416591167701e-24
3.308873416591167701e-24
3.308873416591167701e-24
3.308873416591167701e-24
3.308873416591167701e-24
3.308873416591167701e-24
3.308873416591167701e-24
3.308873416591167701e-24
3.308873416591167701e-24
3.308873416591167701e-24
3.308873416591167701e-24
3.308873416591167701e-24
3.308873416591167701e-24
3.308873416591167701e-24
3.308873416591167701e-24
3.308873416591167701e-24
3.308873416591167701e-24
3.308873416591167701e-24
3.308873416591167701e-24
3.308873416591167701e-24
3.308873416591167701e-24
3.308873416591167701e-24
3.308873416591167701e-24
3.308873416591167701e-24
3.308873416591167701e-24
3.308873416591167701e-24
3.308873416591167701e-24
3.308873416591167701e-24
3.308873416591167701e-24
3.308873416591167701e-24
3.308873416591167701e-24
3.308873416591167701e-24
3.308873416591167701e-24
3.308873416591167701e-24
3.308873416591167701e-24
3.308873416591167701e-24
3.308873416591167701e-24
3.308873416591167701e-24
3.308873416591167701e-24
3.308873416591167701e-24
3.308873416591167701e-24
3.308873416591167701e-24
3.308873416591167701e-24
3.308873416591167701e-24
3.308873416591167701e-24
3.308873416591167701e-24
3.308873416591167701e-24
3.308873416591167701e-24
3.308873416591167701e-24
3.308873416591167701e-24
3.308873416591167701e-24
3.308873416591167701e-24
3.308873416591167701e-24
3.308873416591167701e-24
3.308873416591167701e-24
3.308873416591167701e-24
3.308873416591167701e-24
3.308873416591167701e-24
3.308873416591167701e-24
3.308873416591167701e-24
3.308873416591167701e-24
3.308873416591167701e-24
3.308873416591167701e-24
3.308873416591167701e-24
3.308873416591167701e-24
3.308873416591167701e-24
3.308873416591167701e-24
3.308873416591167701e-24
3.308873416591167701e-24
3.308873416591167701e-24
3.308873416591167701e-24
3.308873416591167701e-24
3.308873416591167701e-24
3.308873416591167701e-24
3.308873416591167701e-24
3.308873416591167701e-24
3.308873416591167701e-24
3.308873416591167701e-24
3.308873416591167701e-24
3.308873416591167701e-24
3.308873416591167701e-24
3.308873416591164762e-24
3.308873416591161089e-24
3.308873416591159619e-24
3.308873416591159619e-24
3.308873416591159619e-24
3.308873416591159619e-24
3.308873416591159619e-24
3.308873416591159619e-24
3.308873416591159619e-24
3.308873416591159619e-24
3.308873416591159619e-24
3.308873416591159619e-24
3.308873416591159619e-24
3.308873416591159619e-24
3.308873416591159619e-24
3.308873416591159619e-24
3.308873416591159619e-24
3.308873416591159619e-24
3.308873416591159619e-24
3.308873416591159619e-24
3.308873416591159619e-24
3.308873416591159619e-24
3.308873416591159619e-24
3.308873416591156681e-24
3.308873416591140517e-24
3.308873416591054559e-24
3.308873416590677667e-24
3.308873416589430173e-24
3.308873416587168081e-24
3.308873416586085892e-24
3.308873416586052096e-24
3.308873416586052096e-24
3.308873416586052096e-24
3.308873416586052096e-24
3.308873416586052096e-24
3.308873416586052096e-24
3.308873416586052096e-24
3.308873416586052096e-24
3.308873416586052096e-24
3.308873416586052096e-24
3.308873416586052096e-24
3.308873416586052096e-24
3.308873416586052096e-24
3.308873416586052096e-24
3.308873416586052096e-24
3.308873416586052096e-24
3.308873416586052096e-24
3.308873416586050627e-24
3.308873416586036668e-24
3.308873416585902221e-24
3.308873416584890561e-24
3.308873416578193917e-24
3.308873416542368522e-24
3.308873416384976441e-24
3.308873415864917169e-24
3.308873414921233243e-24
3.308873414470005777e-24
3.308873414456007109e-24
3.308873414456003435e-24
3.308873414456003435e-24
3.308873414456003435e-24
3.308873414456003435e-24
3.308873414456003435e-24
3.308873414456003435e-24
3.308873414456003435e-24
3.308873414456003435e-24
3.308873414456003435e-24
3.308873414456003435e-24
3.308873414456003435e-24
3.308873414456003435e-24
3.308873414456003435e-24
3.308873414456001966e-24
3.308873414455971844e-24
3.308873414455597890e-24
3.308873414451358029e-24
3.308873414413348419e-24
3.308873414126222903e-24
3.308873412226378648e-24
3.308873402061958342e-24
3.308873357407155516e-24
3.308873209856954181e-24
3.308872942116645377e-24
3.308872814095261565e-24
3.308872810123501987e-24
3.308872810122652693e-24
3.308872810122652693e-24
3.308872810122652693e-24
3.308872810122652693e-24
3.308872810122652693e-24
3.308872810122652693e-24
3.308872810122652693e-24
3.308872810122652693e-24
3.308872810122652693e-24
3.308872810122652693e-24
3.308872810122652693e-24
3.308872810122651958e-24
3.308872810122632121e-24
3.308872810122243474e-24
3.308872810116418164e-24
3.308872810043828450e-24
3.308872809221169014e-24
3.308872801845739094e-24
3.308872746131099304e-24
3.308872377481510185e-24
3.308870405157381042e-24
3.308861740279924476e-24
3.308833109762373993e-24
3.308781158916128388e-24
3.308756318929549055e-24
3.308755548295028310e-24
3.308755548130332001e-24
3.308755548130332001e-24
3.308755548130332001e-24
3.308755548130332001e-24
3.308755548130332001e-24
3.308755548130332001e-24
3.308755548130332001e-24
3.308755548130332001e-24
3.308755548130332001e-24
3.308755548130326123e-24
3.308755548130197553e-24
3.308755548127560038e-24
3.308755548075656085e-24
3.308755547298574238e-24
3.308755537614933326e-24
3.308755427869824910e-24
3.308754443966640976e-24
3.308747011495641567e-24
3.308697833562450606e-24
3.308434749750430603e-24
3.307279453283794001e-24
3.303467806761451999e-24
3.296573691837068306e-24
3.293287394299172903e-24
3.293185544363865566e-24
3.293185522597594831e-24
3.293185522597594831e-24
3.293185522597594831e-24
3.293185522597594831e-24
3.293185522597594831e-24
3.293185522597594831e-24
3.293185522597594831e-24
3.293185522597594096e-24
3.293185522597580872e-24
3.293185522597112143e-24
3.293185522585331119e-24
3.293185522344440000e-24
3.293185517604103277e-24
3.293185446633920577e-24
3.293184562236409480e-24
3.293174539354973951e-24
3.293084683421794333e-24
3.292406062312922997e-24
3.287922837037737564e-24
3.264142874230516332e-24
3.163621233316923547e-24
2.871434195059288804e-24
2.459281038806335395e-24
2.301335110364909358e-24
2.296758793098612583e-24
2.296757817012434124e-24
2.296757817012432654e-24
2.296757817012432654e-24
2.296757817012432654e-24
2.296757817012432654e-24
2.296757817012432287e-24
2.296757817012419797e-24
2.296757817012001395e-24
2.296757816997412041e-24
2.296757816630527764e-24
2.296757809128663509e-24
2.296757661504752801e-24
2.296755451348191706e-24
2.296727909750797747e-24
2.296415825810525068e-24
2.293621667599688256e-24
2.272732041876915157e-24
2.143554255976222295e-24
1.643714470133084259e-24
8.119397865554904939e-25
3.038632379637826105e-25
1.422927383813867469e-25
1.134489025398988970e-25
1.127398990326577459e-25
1.127397484545471190e-25
1.127397484545468894e-25
1.127397484545468894e-25
1.127397484545468894e-25
1.127397484545468894e-25
1.127397484545468435e-25
1.127397484545455118e-25
1.127397484545004436e-25
1.127397484529300336e-25
1.127397484134383137e-25
1.127397476059308163e-25
1.127397317155604375e-25
1.127394938126135646e-25
1.127365292597618773e-25
1.127029427486640061e-25
1.124027194526864311e-25
1.101854656619793332e-25
9.746425525402849306e-26
6.024911616090545284e-26
2.250209238571804882e-26
7.329292189968405734e-27
3.296232387435449807e-27
2.609611146288820439e-27
2.592854848059718512e-27
2.592851289972502788e-27
2.592851289972496690e-27
2.592851289972496690e-27
2.592851289972496690e-27
2.592851289972496331e-27
2.592851289972473372e-27
2.592851289971727567e-27
2.592851289945716598e-27
2.592851289291599264e-27
2.592851275916532675e-27
2.592851012718018915e-27
2.592847072234562883e-27
2.592797968747323714e-27
2.592241606784933260e-27
2.587264271675397208e-27
2.550273774253530562e-27
2.329866976070409549e-27
1.593197542212988093e-27
6.668667309622171075e-28
2.282867321542990071e-28
1.040792277800444134e-28
8.259225247781738453e-29
8.206662475900320135e-29
8.206651313910345854e-29
8.206651313910329038e-29
8.206651313910329038e-29
8.206651313910329038e-29
8.206651313910327917e-29
8.206651313910278591e-29
8.206651313908630664e-29
8.206651313851178548e-29
8.206651312406406200e-29
8.206651282864431520e-29
8.206650701528686478e-29
8.206641998041063212e-29
8.206533540731178816e-29
8.205304589732480540e-29
8.194303032148735965e-29
8.112139923176665445e-29
7.607424065983817342e-29
5.707545836351290887e-29
2.721547399484620867e-29
9.973900928405843999e-30
4.639954152451447452e-30
3.695075990414201064e-30
3.671877975317925027e-30
3.671873048666819592e-30
3.671873048666811885e-30
3.671873048666811885e-30
3.671873048666811885e-30
3.671873048666795770e-30
3.671873048666281493e-30
3.671873048648351179e-30
3.671873048197442760e-30
3.671873038977496519e-30
3.671872857544674225e-30
3.671870141216159691e-30
3.671836291917085047e-30
3.671452719979645744e-30
3.668017439150964025e-30
3.642273275045514799e-30
3.480632809409860216e-30
2.812783211789971771e-30
1.526232853288210353e-30
6.077364312057284527e-31
2.905021800597657250e-31
2.324773094959318447e-31
2.310455736403894684e-31
2.310452695406071352e-31
2.310452695406066535e-31
2.310452695406066535e-31
2.310452695406066535e-31
2.310452695406059966e-31
2.310452695405834883e-31
2.310452695397976664e-31
2.310452695200357234e-31
2.310452691159528754e-31
2.310452611642908703e-31
2.310451421156471987e-31
2.310436585965147921e-31
2.310268471423391270e-31
2.308762357585066269e-31
2.297448178883566733e-31
2.225291716637176177e-31
1.905161829655644615e-31
1.167370530818938251e-31
5.120950591073943837e-32
2.536924976639977942e-32
2.043803262690454815e-32
2.031552166631255480e-32
2.031549564075891569e-32
2.031549564075887464e-32
2.031549564075887464e-32
2.031549564075887464e-32
2.031549564075882811e-32
2.031549564075745418e-32
2.031549564070950897e-32
2.031549563950382849e-32
2.031549561485065871e-32
2.031549512971825387e-32
2.031548786653668441e-32
2.031539735654534866e-32
2.031437165931977067e-32
2.030518054743776965e-32
2.023601788938554205e-32
1.978999717168485127e-32
1.770248483693272805e-32
1.209670584589155047e-32
5.911382061085951712e-33
3.066336806778091007e-33
2.492697891917847365e-33
2.478314028557688270e-33
2.478310972240669934e-33
2.478310972240664803e-33
2.478310972240664803e-33
2.478310972240664803e-33
2.478310972240664803e-33
2.478310972240549168e-33
2.478310972236519751e-33
2.478310972135190408e-33
2.478310970063262863e-33
2.478310929291253118e-33
2.478310318871208615e-33
2.478302712122691861e-33
2.478216507781178712e-33
2.477443923340603878e-33
2.471623280503514512e-33
2.433788224302306665e-33
2.249552799948946902e-33
1.688138023715530195e-33
9.251945306508515255e-34
5.083251363457616531e-34
4.182215339259414042e-34
4.159342204643552019e-34
4.159337343033310017e-34
4.159337343033303175e-34
4.159337343033303175e-34
4.159337343033303175e-34
4.159337343033303175e-34
4.159337343033170606e-34
4.159337343028567463e-34
4.159337342912781586e-34
4.159337340545275685e-34
4.159337293956780154e-34
4.159336596454896501e-34
4.159327904526956242e-34
4.159229401076364551e-34
4.158346491360475302e-34
4.151689006343984336e-34
4.108169658918264983e-34
3.890010630714978892e-34
3.154153946360920586e-34
1.940959190872532403e-34
1.143122056064080088e-34
9.553506511518658885e-35
9.505067805305219109e-35
9.505057505685807211e-35
9.505057505685791174e-35
9.505057505685791174e-35
9.505057505685791174e-35
9.505057505685791174e-35
9.505057505685589113e-35
9.505057505678556535e-35
9.505057505501706108e-35
9.505057501885548468e-35
9.505057430725748570e-35
9.505056365353355476e-35
9.505043089192789468e-35
9.504892632491799839e-35
9.503543947979955641e-35
9.493368221072314262e-35
9.426583265181610323e-35
9.084657583374951504e-35
7.835965242573126551e-35
5.388616613467691227e-35
3.439400213153531090e-35
2.932234107212149621e-35
2.918880938000523857e-35
2.918878097215520046e-35
2.918878097215515769e-35
2.918878097215515769e-35
2.918878097215515769e-35
2.918878097215515769e-35
2.918878097214112568e-35
2.918878097178820848e-35
2.918878096457198431e-35
2.918878082256885055e-35
2.918877869656190437e-35
2.918875220326757610e-35
2.918845195699632289e-35
2.918576041944153123e-35
2.916544433819489838e-35
2.903172744251410227e-35
2.833665337180596711e-35
2.563979414603128545e-35
1.950578068012452361e-35
1.360127242159080822e-35
1.188153632373866925e-35
1.183511098649945700e-35
1.183510110344616882e-35
1.183510110344615011e-35
1.183510110344615011e-35
1.183510110344615011e-35
1.183510110344615011e-35
1.183510110344260736e-35
1.183510110335346932e-35
1.183510110153086429e-35
1.183510106566505202e-35
1.183510052869826403e-35
1.183509383726930822e-35
1.183501800354893374e-35
1.183433817097440331e-35
1.182920517913177181e-35
1.179535335823791921e-35
1.161748308983907334e-35
1.089565889279063734e-35
9.039782535091447695e-36
6.905452082429865627e-36
6.204948053252397901e-36
6.185481346474976079e-36
6.185477199186498551e-36
6.185477199186491869e-36
6.185477199186491869e-36
6.185477199186491869e-36
6.185477199186491869e-36
6.185477199159247042e-36
6.185477198602143984e-36
6.185477187639319764e-36
6.185477023508838710e-36
6.185474978191047455e-36
6.185451798611977301e-36
6.185243993290542225e-36
6.183674664897596001e-36
6.173310850616527238e-36
6.118447907952213795e-36
5.888539895420038080e-36
5.238165113967450725e-36
4.363628754603066076e-36
4.041032143331547911e-36
4.031784952293873066e-36
4.031782980546051963e-36
4.031782980546048622e-36
4.031782980546048622e-36
4.031782980546048622e-36
4.031782980546048622e-36
4.031782980536583026e-36
4.031782980343036106e-36
4.031782976534363099e-36
4.031782919512629223e-36
4.031782208934155010e-36
4.031774155935552783e-36
4.031701959406785542e-36
4.031156664100998030e-36
4.027552297078621958e-36
4.008377411603037510e-36
3.926256123938480823e-36
3.677318757760098807e-36
3.297896746471916017e-36
3.142842837818712041e-36
3.138265259561399074e-36
3.138264282685657285e-36
3.138264282685655948e-36
3.138264282685655948e-36
3.138264282685655948e-36
3.138264282685655948e-36
3.138264282682218105e-36
3.138264282611928402e-36
3.138264281228746605e-36
3.138264260520367425e-36
3.138264002462093517e-36
3.138261077879657632e-36
3.138234858212638114e-36
3.138036806730547282e-36
3.136726979985456276e-36
3.129737761573208728e-36
3.099397819353934590e-36
3.003200537389470251e-36
2.843079468225877787e-36
2.772400702263725751e-36
2.770264110259025362e-36
2.770263653987464477e-36
2.770263653987463809e-36
2.770263653987463809e-36
2.770263653987463809e-36
2.770263653987463809e-36
2.770263653963325737e-36
2.770263653488324331e-36
2.770263646376818082e-36
2.770263557756502831e-36
2.770262553419095241e-36
2.770253549213401506e-36
2.770185532554493811e-36
2.769735567731888143e-36
2.767330675580770351e-36
2.756814679807158661e-36
2.722628591090923771e-36
2.662712951800808364e-36
2.634986202740747456e-36
2.634135234929337930e-36
2.634135053122789396e-36
2.634135053122789396e-36
2.634135053122789396e-36
2.634135053122789396e-36
2.634135053122789396e-36
2.634135053115696881e-36
2.634135052976128115e-36
2.634135050886570353e-36
2.634135024847466865e-36
2.634134729745232682e-36
2.634132084052825707e-36
2.634112098434851026e-36
2.633979866313785624e-36
2.633272631910918469e-36
2.630170071172362005e-36
2.619970251449262114e-36
2.601662557857199993e-36
2.592998758349160529e-36
2.592730893742500720e-36
2.592730836501508597e-36
2.592730836501508597e-36
2.592730836501508597e-36
2.592730836501508597e-36
2.592730836501508597e-36
2.592730836499856828e-36
2.592730836467360687e-36
2.592730835980845011e-36
2.592730829918111254e-36
2.592730761208890138e-36
2.592730145206712037e-36
2.592725491882341867e-36
2.592694702436671157e-36
2.592529987128748677e-36
2.591806600116762706e-36
2.589419223393970079e-36
2.585098370887823584e-36
2.583037425032453490e-36
2.582973538409873699e-36
2.582973524756628820e-36
2.582973524756628820e-36
2.582973524756628820e-36
2.582973524756628820e-36
2.582973524756628820e-36
2.582973524756336486e-36
2.582973524750589040e-36
2.582973524664534702e-36
2.582973523592164036e-36
2.582973511438945206e-36
2.582973402481068815e-36
2.582972579404122501e-36
2.582967133326047642e-36
2.582937996456461439e-36
2.582809998804639746e-36
2.582387153957272504e-36
2.581620225341124447e-36
2.581253675456471664e-36
2.581242305207594671e-36
2.581242302777602859e-36
2.581242302777602859e-36
2.581242302777602859e-36
2.581242302777602859e-36
2.581242302777602859e-36
2.581242302776842457e-36
2.581242302765454475e-36
2.581242302623538353e-36
2.581242301015204528e-36
2.581242286595924234e-36
2.581242177671437022e-36
2.581241456945977966e-36
2.581237600973413945e-36
2.581220660873420845e-36
2.581164688287642802e-36
2.581063128246349738e-36
2.581014569617005957e-36
2.581013063154041013e-36
2.581013062832086458e-36
2.581013062832086458e-36
2.581013062832086458e-36
2.581013062832086458e-36
2.581013062832011286e-36
2.581013062830886387e-36
2.581013062816868404e-36
2.581013062658006954e-36
2.581013061233759797e-36
2.581013050474872537e-36
2.581012979286049755e-36
2.581012598416214930e-36
2.581010925162625351e-36
2.581005396345537387e-36
2.580995363973985954e-36
2.580990566971733668e-36
2.580990418148905439e-36
2.580990418117099205e-36
2.580990418117099205e-36
2.580990418117099205e-36
2.580990418117099205e-36
2.580990418117093859e-36
2.580990418117011004e-36
2.580990418115975976e-36
2.580990418104246214e-36
2.580990417999085952e-36
2.580990417204695177e-36
2.580990411948412712e-36
2.580990383826585387e-36
2.580990260280482577e-36
2.580989852054512391e-36
2.580989111299769878e-36
2.580988757104247802e-36
2.580988746115619375e-36
2.580988746113271018e-36
2.580988746113271018e-36
2.580988746113271018e-36
2.580988746113271018e-36
2.580988746113266340e-36
2.580988746113209210e-36
2.580988746112560396e-36
2.580988746106742122e-36
2.580988746062794520e-36
2.580988745772003399e-36
2.580988744216229825e-36
2.580988737381332673e-36
2.580988714797189512e-36
2.580988673816655085e-36
2.580988654221604018e-36
2.580988653613683684e-36
2.580988653613553387e-36
2.580988653613553387e-36
2.580988653613553387e-36
2.580988653613553387e-36
2.580988653613553387e-36
2.580988653613551048e-36
2.580988653613524321e-36
2.580988653613282436e-36
2.580988653611455935e-36
2.580988653599373368e-36
2.580988653534730549e-36
2.580988653250736937e-36
2.580988652312354639e-36
2.580988650609592704e-36
2.580988649795408102e-36
2.580988649770148805e-36
2.580988649770143125e-36
2.580988649770143125e-36
2.580988649770143125e-36
2.580988649770143125e-36
2.580988649770143125e-36
2.580988649770143125e-36
2.580988649770142457e-36
2.580988649770135107e-36
2.580988649770077977e-36
2.580988649769700115e-36
2.580988649767677834e-36
2.580988649758794900e-36
2.580988649729441930e-36
2.580988649676179743e-36
2.580988649650712639e-36
2.580988649649922169e-36
2.580988649649922169e-36
2.580988649649922169e-36
2.580988649649922169e-36
2.580988649649922169e-36
2.580988649649922169e-36
2.580988649649922169e-36
2.580988649649922169e-36
2.580988649649921834e-36
2.580988649649920498e-36
2.580988649649911478e-36
2.580988649649863702e-36
2.580988649649653890e-36
2.580988649648961310e-36
2.580988649647703774e-36
2.580988649647102736e-36
2.580988649647084361e-36
2.580988649647084361e-36
2.580988649647084361e-36
2.580988649647084361e-36
2.580988649647084361e-36
2.580988649647084361e-36
2.580988649647084361e-36
2.580988649647084361e-36
2.580988649647084361e-36
2.580988649647083692e-36
2.580988649647083024e-36
2.580988649647079015e-36
2.580988649647066988e-36
2.580988649647044603e-36
2.580988649647033912e-36
2.580988649647033244e-36
2.580988649647033244e-36
2.580988649647033244e-36
2.580988649647033244e-36
2.580988649647033244e-36
2.580988649647033244e-36
2.580988649647033244e-36
2.580988649647033244e-36
2.580988649647033244e-36
2.580988649647033244e-36
2.580988649647033244e-36
2.580988649647033244e-36
2.580988649647033244e-36
2.580988649647032576e-36
2.580988649647032576e-36
2.580988649647032576e-36
2.580988649647032576e-36
2.580988649647032576e-36
2.580988649647032576e-36
2.580988649647032576e-36
2.580988649647032576e-36
2.580988649647032576e-36
2.580988649647032576e-36
2.580988649647032576e-36
2.580988649647032576e-36
2.580988649647032576e-36
2.580988649647032576e-36
2.580988649647032576e-36
2.580988649647032576e-36
2.580988649647032576e-36
2.580988649647032576e-36
2.580988649647032576e-36
2.580988649647032576e-36
2.580988649647032576e-36
2.580988649647032576e-36
2.580988649647032576e-36
2.580988649647032576e-36
2.580988649647032576e-36
2.580988649647032576e-36
2.580988649647032576e-36
2.580988649647032576e-36
2.580988649647032576e-36
2.580988649647032576e-36
2.580988649647032576e-36
2.580988649647032576e-36
2.580988649647032576e-36
2.580988649647032576e-36
2.580988649647032576e-36
2.580988649647032576e-36
2.580988649647032576e-36
2.580988649647032576e-36
2.580988649647032576e-36
2.580988649647032576e-36
2.580988649647032576e-36
2.580988649647032576e-36
2.580988649647032576e-36
2.580988649647032576e-36
2.580988649647032576e-36
2.580988649647032576e-36
2.580988649647032576e-36
2.580988649647032576e-36
2.580988649647032576e-36
2.580988649647032576e-36
2.580988649647032576e-36
2.580988649647032576e-36
2.580988649647032576e-36
2.580988649647032576e-36
2.580988649647032576e-36
2.580988649647032576e-36
2.580988649647032576e-36
2.580988649647032576e-36
2.580988649647032576e-36
2.580988649647032576e-36
2.580988649647032576e-36
2.580988649647032576e-36
2.580988649647032576e-36
2.580988649647032576e-36
2.580988649647032576e-36
2.580988649647032576e-36
2.580988649647032576e-36
2.580988649647032576e-36
2.580988649647032576e-36
2.580988649647032576e-36
2.580988649647032576e-36
2.580988649647032576e-36
2.580988649647032576e-36
2.580988649647032576e-36
2.580988649647032576e-36
2.580988649647032576e-36
2.580988649647032576e-36
2.580988649647032576e-36
2.580988649647032576e-36
2.580988649647032576e-36
2.580988649647032576e-36
2.580988649647032576e-36
2.580988649647032576e-36
2.580988649647032576e-36
2.580988649647032576e-36
2.580988649647032576e-36
2.580988649647032576e-36
2.580988649647032576e-36
2.580988649647032576e-36
2.580988649647032576e-36
2.580988649647032576e-36
2.580988649647032576e-36
2.580988649647032576e-36
2.580988649647032576e-36
2.580988649647032576e-36
2.580988649647032576e-36
2.580988649647032576e-36
2.580988649647032576e-36
2.580988649647032576e-36
2.580988649647032576e-36
2.580988649647032576e-36
2.580988649647032576e-36
2.580988649647032576e-36
2.580988649647032576e-36
2.580988649647032576e-36
2.580988649647032576e-36
2.580988649647032576e-36
2.580988649647032576e-36
2.580988649647032576e-36
2.580988649647032576e-36
2.580988649647032576e-36
2.580988649647032576e-36
2.580988649647032576e-36
2.580988649647032576e-36
2.580988649647032576e-36
2.580988649647032576e-36
2.580988649647032576e-36
2.580988649647032576e-36
2.580988649647032576e-36
2.580988649647032576e-36
2.580988649647032576e-36
2.580988649647032576e-36
2.580988649647032576e-36
2.580988649647032576e-36
2.580988649647032576e-36
2.580988649647032576e-36
2.580988649647032576e-36
2.580988649647032576e-36
2.580988649647032576e-36
2.580988649647032576e-36
2.580988649647032576e-36
2.580988649647032576e-36
2.580988649647032576e-36
2.580988649647032576e-36
2.580988649647032576e-36
2.580988649647032576e-36
2.580988649647032576e-36
2.580988649647032576e-36
2.580988649647032576e-36
2.580988649647032576e-36
2.580988649647032576e-36
2.580988649647032576e-36
2.580988649647032576e-36
2.580988649647032576e-36
2.580988649647032576e-36
2.580988649647032576e-36
2.580988649647032576e-36
2.580988649647032576e-36
2.580988649647032576e-36
2.580988649647032576e-36
2.580988649647032576e-36
2.580988649647032576e-36
2.580988649647032576e-36
2.580988649647032576e-36
2.580988649647032576e-36
2.580988649647032576e-36
2.580988649647032576e-36
2.580988649647032576e-36
2.580988649647032576e-36
2.580988649647032576e-36
2.580988649647032576e-36
2.580988649647032576e-36
2.580988649647032576e-36
2.580988649647032576e-36
2.580988649647032576e-36
2.580988649647032576e-36
2.580988649647032576e-36
2.580988649647032576e-36
2.580988649647032576e-36
2.580988649647032576e-36
2.580988649647032576e-36
2.580988649647032576e-36
2.580988649647032576e-36
2.580988649647032576e-36
2.580988649647032576e-36
2.580988649647032576e-36
2.580988649647032576e-36
2.580988649647032576e-36
2.580988649647032576e-36
2.580988649647032576e-36
2.580988649647032576e-36
2.580988649647032576e-36
2.580988649647032576e-36
2.580988649647032576e-36
2.580988649647032576e-36
2.580988649647032576e-36
2.580988649647032576e-36
2.580988649647032576e-36
2.580988649647032576e-36
2.580988649647032576e-36
2.580988649647032576e-36
2.580988649647032576e-36
2.580988649647032576e-36
2.580988649647032576e-36
2.580988649647032576e-36
2.580988649647032576e-36
2.580988649647032576e-36
2.580988649647032576e-36
2.580988649647032576e-36
2.580988649647032576e-36
2.580988649647032576e-36
2.580988649647032576e-36
2.580988649647032576e-36
2.580988649647032576e-36
2.580988649647032576e-36
2.580988649647032576e-36
2.580988649647032576e-36
2.580988649647032576e-36
2.580988649647032576e-36
2.580988649647032576e-36
2.580988649647032576e-36
2.580988649647032576e-36
2.580988649647032576e-36
2.580988649647032576e-36
2.580988649647032576e-36
2.580988649647032576e-36
2.580988649647032576e-36
2.580988649647032576e-36
2.580988649647032576e-36
2.580988649647032576e-36
2.580988649647032576e-36
2.580988649647032576e-36
2.580988649647032576e-36
2.580988649647032576e-36
2.580988649647032576e-36
2.580988649647032576e-36
2.580988649647032576e-36
2.580988649647032576e-36
2.580988649647032576e-36
2.580988649647032576e-36
2.580988649647032576e-36
2.580988649647032576e-36
2.580988649647032576e-36
2.580988649647032576e-36
2.580988649647032576e-36
2.580988649647032576e-36
2.580988649647032576e-36
2.580988649647032576e-36
2.580988649647032576e-36
2.580988649647032576e-36
2.580988649647032576e-36
2.580988649647032576e-36
2.580988649647032576e-36
2.580988649647032576e-36
2.580988649647032576e-36
2.580988649647032576e-36
2.580988649647032576e-36
2.580988649647032576e-36
2.580988649647032576e-36
2.580988649647032576e-36
2.580988649647032576e-36
2.580988649647032576e-36
2.580988649647032576e-36
2.580988649647032576e-36
2.580988649647032576e-36
2.580988649647032576e-36
2.580988649647032576e-36
2.580988649647032576e-36
2.580988649647032576e-36
2.580988649647032576e-36
2.580988649647032576e-36
