1.000000000000206279e+00
1.000000000000083933e+00
1.000000000000083045e+00
1.000000000000083045e+00
1.000000000000044409e+00
1.000000000000044631e+00
1.000000000000031086e+00
1.000000000000031086e+00
1.000000000000031086e+00
1.000000000000031086e+00
1.000000000000031086e+00
1.000000000000028200e+00
1.000000000000028200e+00
1.000000000000027534e+00
1.000000000000027534e+00
1.000000000000027534e+00
1.000000000000027534e+00
1.000000000000027534e+00
1.000000000000027534e+00
1.000000000000027534e+00
1.000000000000027534e+00
1.000000000000027534e+00
1.000000000000027534e+00
1.000000000000027534e+00
1.000000000000027534e+00
1.000000000000027534e+00
1.000000000000027534e+00
1.000000000000027534e+00
1.000000000000027534e+00
1.000000000000027534e+00
1.000000000000027534e+00
1.000000000000027534e+00
1.000000000000027534e+00
1.000000000000027534e+00
1.000000000000027534e+00
1.000000000000022871e+00
1.000000000000022649e+00
1.000000000000022649e+00
1.000000000000022649e+00
1.000000000000022649e+00
1.000000000000022649e+00
1.000000000000022649e+00
1.000000000000022649e+00
1.000000000000022649e+00
1.000000000000022649e+00
1.000000000000022649e+00
1.000000000000022649e+00
1.000000000000022649e+00
1.000000000000022871e+00
1.000000000000022871e+00
1.000000000000022871e+00
1.000000000000022871e+00
1.000000000000022871e+00
1.000000000000022871e+00
1.000000000000022871e+00
1.000000000000022871e+00
1.000000000000022871e+00
1.000000000000022871e+00
1.000000000000022871e+00
1.000000000000022871e+00
1.000000000000022871e+00
1.000000000000022871e+00
1.000000000000022871e+00
1.000000000000022871e+00
1.000000000000022871e+00
1.000000000000022871e+00
1.000000000000022871e+00
1.000000000000022871e+00
1.000000000000022871e+00
1.000000000000022871e+00
1.000000000000022871e+00
1.000000000000022871e+00
1.000000000000022871e+00
1.000000000000022871e+00
1.000000000000022871e+00
1.000000000000022871e+00
1.000000000000022871e+00
1.000000000000022871e+00
1.000000000000022649e+00
1.000000000000022649e+00
1.000000000000022649e+00
1.000000000000022871e+00
1.000000000000022871e+00
1.000000000000022871e+00
1.000000000000022871e+00
1.000000000000022649e+00
1.000000000000022649e+00
1.000000000000022649e+00
1.000000000000022649e+00
1.000000000000022649e+00
1.000000000000022649e+00
1.000000000000022649e+00
1.000000000000022649e+00
1.000000000000022649e+00
1.000000000000022649e+00
1.000000000000022649e+00
1.000000000000022649e+00
1.000000000000022649e+00
1.000000000000022649e+00
1.000000000000022649e+00
1.000000000000022649e+00
1.000000000000022649e+00
1.000000000000022649e+00
1.000000000000022649e+00
1.000000000000022649e+00
1.000000000000022649e+00
1.000000000000022649e+00
1.000000000000022649e+00
1.000000000000022649e+00
1.000000000000022649e+00
1.000000000000022649e+00
1.000000000000022649e+00
1.000000000000022649e+00
1.000000000000022649e+00
1.000000000000022649e+00
1.000000000000022649e+00
1.000000000000022649e+00
1.000000000000022649e+00
1.000000000000022649e+00
1.000000000000022649e+00
1.000000000000022649e+00
1.000000000000022649e+00
1.000000000000022649e+00
1.000000000000022649e+00
1.000000000000022649e+00
1.000000000000022649e+00
1.000000000000022649e+00
1.000000000000022649e+00
1.000000000000022649e+00
1.000000000000022649e+00
1.000000000000022649e+00
1.000000000000022649e+00
1.000000000000022649e+00
1.000000000000022649e+00
1.000000000000022649e+00
1.000000000000022649e+00
1.000000000000022649e+00
1.000000000000022649e+00
1.000000000000022649e+00
1.000000000000022649e+00
1.000000000000022649e+00
1.000000000000022649e+00
1.000000000000022649e+00
1.000000000000022649e+00
1.000000000000022649e+00
1.000000000000022649e+00
1.000000000000022649e+00
1.000000000000022649e+00
1.000000000000022649e+00
1.000000000000022649e+00
1.000000000000022649e+00
1.000000000000022649e+00
1.000000000000022649e+00
1.000000000000022649e+00
1.000000000000022649e+00
1.000000000000022649e+00
1.000000000000022871e+00
1.000000000000022871e+00
1.000000000000022871e+00
1.000000000000022871e+00
1.000000000000022871e+00
1.000000000000022871e+00
1.000000000000022871e+00
1.000000000000022871e+00
1.000000000000022871e+00
1.000000000000022871e+00
1.000000000000022871e+00
1.000000000000022871e+00
1.000000000000022871e+00
1.000000000000022871e+00
1.000000000000022871e+00
1.000000000000022871e+00
1.000000000000022871e+00
1.000000000000022871e+00
1.000000000000022871e+00
1.000000000000022871e+00
1.000000000000022871e+00
1.000000000000022871e+00
1.000000000000022649e+00
1.000000000000022649e+00
1.000000000000022649e+00
1.000000000000022649e+00
1.000000000000022649e+00
1.000000000000022649e+00
1.000000000000022649e+00
1.000000000000022649e+00
1.000000000000022871e+00
1.000000000000022649e+00
1.000000000000022649e+00
1.000000000000022649e+00
1.000000000000022649e+00
1.000000000000022649e+00
1.000000000000022649e+00
1.000000000000022649e+00
1.000000000000022649e+00
1.000000000000022649e+00
1.000000000000022649e+00
1.000000000000022649e+00
1.000000000000022649e+00
1.000000000000022649e+00
1.000000000000022649e+00
1.000000000000022649e+00
1.000000000000022649e+00
1.000000000000022649e+00
1.000000000000022649e+00
1.000000000000022649e+00
1.000000000000022649e+00
1.000000000000022649e+00
1.000000000000022649e+00
1.000000000000022649e+00
1.000000000000022649e+00
1.000000000000022649e+00
1.000000000000022649e+00
1.000000000000022649e+00
1.000000000000022649e+00
1.000000000000022649e+00
1.000000000000022649e+00
1.000000000000022649e+00
1.000000000000022649e+00
1.000000000000022649e+00
1.000000000000022649e+00
1.000000000000022649e+00
1.000000000000022649e+00
1.000000000000022649e+00
1.000000000000022649e+00
1.000000000000022649e+00
1.000000000000022649e+00
1.000000000000022649e+00
1.000000000000022649e+00
1.000000000000022649e+00
1.000000000000022649e+00
1.000000000000022649e+00
1.000000000000022649e+00
1.000000000000022649e+00
1.000000000000022649e+00
1.000000000000022649e+00
1.000000000000022649e+00
1.000000000000022649e+00
1.000000000000022649e+00
1.000000000000022649e+00
1.000000000000022649e+00
1.000000000000022649e+00
1.000000000000022649e+00
1.000000000000022649e+00
1.000000000000022649e+00
1.000000000000022649e+00
1.000000000000022649e+00
1.000000000000022649e+00
1.000000000000022649e+00
1.000000000000022649e+00
1.000000000000022649e+00
1.000000000000022649e+00
1.000000000000022649e+00
1.000000000000022649e+00
1.000000000000022649e+00
1.000000000000022649e+00
1.000000000000022649e+00
1.000000000000022649e+00
1.000000000000022649e+00
1.000000000000022649e+00
1.000000000000022649e+00
1.000000000000022649e+00
1.000000000000013545e+00
1.000000000000013545e+00
1.000000000000013545e+00
1.000000000000013545e+00
1.000000000000013545e+00
1.000000000000013545e+00
1.000000000000013545e+00
1.000000000000013545e+00
1.000000000000013545e+00
1.000000000000013545e+00
1.000000000000013545e+00
1.000000000000013545e+00
1.000000000000013545e+00
1.000000000000013545e+00
1.000000000000013545e+00
1.000000000000013545e+00
1.000000000000013545e+00
1.000000000000013545e+00
1.000000000000013545e+00
1.000000000000013545e+00
1.000000000000013545e+00
1.000000000000013545e+00
1.000000000000013545e+00
1.000000000000013545e+00
1.000000000000013545e+00
1.000000000000013545e+00
1.000000000000013767e+00
1.000000000000013545e+00
1.000000000000013545e+00
1.000000000000013545e+00
1.000000000000013545e+00
1.000000000000013545e+00
1.000000000000013545e+00
1.000000000000013545e+00
1.000000000000013545e+00
1.000000000000013545e+00
1.000000000000013545e+00
1.000000000000013545e+00
1.000000000000013545e+00
1.000000000000013545e+00
1.000000000000013545e+00
1.000000000000013545e+00
1.000000000000013545e+00
1.000000000000013545e+00
1.000000000000013545e+00
1.000000000000013545e+00
1.000000000000013545e+00
1.000000000000013545e+00
1.000000000000013545e+00
1.000000000000013545e+00
1.000000000000013545e+00
1.000000000000013545e+00
1.000000000000013545e+00
1.000000000000013545e+00
1.000000000000013545e+00
1.000000000000013545e+00
1.000000000000013545e+00
1.000000000000013545e+00
1.000000000000013545e+00
1.000000000000013545e+00
1.000000000000013545e+00
1.000000000000013545e+00
1.000000000000013545e+00
1.000000000000013545e+00
1.000000000000013545e+00
1.000000000000013545e+00
1.000000000000013545e+00
1.000000000000013545e+00
1.000000000000013545e+00
1.000000000000013545e+00
1.000000000000013545e+00
1.000000000000013545e+00
1.000000000000013545e+00
1.000000000000013545e+00
1.000000000000013545e+00
1.000000000000013545e+00
1.000000000000013545e+00
1.000000000000013545e+00
1.000000000000013545e+00
1.000000000000013545e+00
1.000000000000013545e+00
1.000000000000013545e+00
1.000000000000013323e+00
1.000000000000013323e+00
1.000000000000013323e+00
1.000000000000013323e+00
1.000000000000013323e+00
1.000000000000013323e+00
1.000000000000013323e+00
1.000000000000013323e+00
1.000000000000013323e+00
1.000000000000013323e+00
1.000000000000013323e+00
1.000000000000013323e+00
1.000000000000013323e+00
1.000000000000013323e+00
1.000000000000013323e+00
1.000000000000013323e+00
1.000000000000013323e+00
1.000000000000013323e+00
1.000000000000013323e+00
1.000000000000013323e+00
1.000000000000013323e+00
1.000000000000013323e+00
1.000000000000013323e+00
1.000000000000013323e+00
1.000000000000013545e+00
1.000000000000013545e+00
1.000000000000013545e+00
1.000000000000013545e+00
1.000000000000013545e+00
1.000000000000013545e+00
1.000000000000013545e+00
1.000000000000013323e+00
1.000000000000013545e+00
1.000000000000013545e+00
1.000000000000013545e+00
1.000000000000013323e+00
1.000000000000013545e+00
1.000000000000013545e+00
1.000000000000013323e+00
1.000000000000013323e+00
1.000000000000013323e+00
1.000000000000013323e+00
1.000000000000010214e+00
1.000000000000010214e+00
1.000000000000010214e+00
1.000000000000010214e+00
1.000000000000010214e+00
1.000000000000010214e+00
1.000000000000010214e+00
1.000000000000010214e+00
1.000000000000010214e+00
1.000000000000010214e+00
1.000000000000005329e+00
1.000000000000005329e+00
1.000000000000005329e+00
1.000000000000005329e+00
1.000000000000005329e+00
1.000000000000005329e+00
1.000000000000005329e+00
1.000000000000005329e+00
1.000000000000005329e+00
1.000000000000005329e+00
1.000000000000005329e+00
1.000000000000005329e+00
1.000000000000005329e+00
1.000000000000005329e+00
1.000000000000005329e+00
1.000000000000005329e+00
1.000000000000005329e+00
1.000000000000005329e+00
1.000000000000005329e+00
1.000000000000005329e+00
1.000000000000005329e+00
1.000000000000005329e+00
1.000000000000005329e+00
1.000000000000005329e+00
1.000000000000005329e+00
1.000000000000005329e+00
1.000000000000005329e+00
1.000000000000005329e+00
1.000000000000005329e+00
1.000000000000005329e+00
1.000000000000005329e+00
1.000000000000005329e+00
1.000000000000005329e+00
1.000000000000005329e+00
1.000000000000005329e+00
1.000000000000005329e+00
1.000000000000005329e+00
1.000000000000005329e+00
1.000000000000005329e+00
1.000000000000005329e+00
1.000000000000005329e+00
1.000000000000005329e+00
1.000000000000005329e+00
1.000000000000005329e+00
1.000000000000005329e+00
1.000000000000005329e+00
1.000000000000005329e+00
1.000000000000005329e+00
1.000000000000005329e+00
1.000000000000005329e+00
1.000000000000005329e+00
1.000000000000005329e+00
1.000000000000005329e+00
1.000000000000005329e+00
1.000000000000005329e+00
1.000000000000005329e+00
1.000000000000005329e+00
1.000000000000005329e+00
1.000000000000005329e+00
1.000000000000005329e+00
1.000000000000005329e+00
1.000000000000005329e+00
1.000000000000005329e+00
1.000000000000005329e+00
1.000000000000005329e+00
1.000000000000005329e+00
1.000000000000005329e+00
1.000000000000005329e+00
1.000000000000005329e+00
1.000000000000005329e+00
1.000000000000005329e+00
1.000000000000005329e+00
1.000000000000005329e+00
1.000000000000005329e+00
1.000000000000005329e+00
1.000000000000005329e+00
1.000000000000005329e+00
1.000000000000005329e+00
1.000000000000005329e+00
1.000000000000005329e+00
1.000000000000005329e+00
1.000000000000005329e+00
1.000000000000005329e+00
1.000000000000005329e+00
1.000000000000005329e+00
1.000000000000005329e+00
1.000000000000005329e+00
1.000000000000005329e+00
1.000000000000005329e+00
1.000000000000005329e+00
1.000000000000005329e+00
1.000000000000005329e+00
1.000000000000005329e+00
1.000000000000005329e+00
1.000000000000005329e+00
1.000000000000005329e+00
1.000000000000005329e+00
1.000000000000005329e+00
1.000000000000005329e+00
1.000000000000005329e+00
1.000000000000005107e+00
1.000000000000005107e+00
1.000000000000005107e+00
1.000000000000005329e+00
1.000000000000005107e+00
1.000000000000005107e+00
1.000000000000005107e+00
1.000000000000005107e+00
1.000000000000005107e+00
1.000000000000005107e+00
1.000000000000005107e+00
1.000000000000005107e+00
9.999999999999860112e-01
9.999999999999860112e-01
9.999999999999860112e-01
9.999999999999860112e-01
9.999999999999860112e-01
9.999999999996782574e-01
9.999999999996783684e-01
9.999999999996773692e-01
9.999999999996680433e-01
9.999999999996680433e-01
9.999999999970689002e-01
9.999999999970689002e-01
9.999999999970690112e-01
9.999999999970690112e-01
9.999999999970690112e-01
9.999999999898914194e-01
9.999999999898913083e-01
9.999999999898911973e-01
9.999999999898911973e-01
9.999999999898911973e-01
9.999999999898911973e-01
9.999999999831753472e-01
9.999999999831753472e-01
9.999999999536379747e-01
9.999999994257925406e-01
9.999999994257846581e-01
9.999999994257846581e-01
9.999999994257846581e-01
9.999999980319859150e-01
9.999999980319859150e-01
9.999999980319859150e-01
9.999999980319219661e-01
9.999999980319219661e-01
9.999999980319219661e-01
9.999999980319219661e-01
9.999999963173030748e-01
9.999999963173030748e-01
9.999999963173030748e-01
9.999999953432062716e-01
9.999999481345018815e-01
9.999999481345018815e-01
9.999999481345018815e-01
9.999999481341287355e-01
9.999998141979428157e-01
9.999998141979427047e-01
9.999998141815559238e-01
9.999998141815559238e-01
9.999998141815559238e-01
9.999998141815559238e-01
9.999998141815559238e-01
9.999998141815560349e-01
9.999996136086253262e-01
9.999996136086253262e-01
9.999996136086253262e-01
9.999996136086253262e-01
9.999980710032225772e-01
9.999980710031206588e-01
9.999980642722300361e-01
9.999980458279906781e-01
9.999980458279906781e-01
9.999912443742855483e-01
9.999912443742855483e-01
9.999912443736365120e-01
9.999912443736365120e-01
9.999912443736365120e-01
9.999806171726269843e-01
9.999806171726268733e-01
9.999806171376998121e-01
9.999806171376998121e-01
9.999806171376998121e-01
9.999806171376998121e-01
9.999806171376998121e-01
9.999783321483511900e-01
9.999783321483511900e-01
9.999626862516544090e-01
9.997929493081803010e-01
9.997929432003842543e-01
9.997929432003842543e-01
9.997929432003842543e-01
9.995268047059452377e-01
9.995268047054056693e-01
9.995268047054056693e-01
9.995268015367436698e-01
9.995268015367436698e-01
9.995268015367395620e-01
9.995268015367395620e-01
9.994434548206916347e-01
9.994434548206916347e-01
9.994434548206915236e-01
9.993909505591971332e-01
9.976282837011722915e-01
9.976282837011722915e-01
9.976282837011722915e-01
9.976282605157462680e-01
9.941140805588424278e-01
9.941140805584910423e-01
9.941139538882588500e-01
9.941139538882588500e-01
9.941139538882588500e-01
9.941139538882588500e-01
9.941139538882588500e-01
9.941139538878496218e-01
9.926914551010412868e-01
9.926914551010412868e-01
9.926914551010412868e-01
9.926914551010412868e-01
9.860603171847410753e-01
9.860603168655527329e-01
9.860203193921629472e-01
9.859838778336481591e-01
9.859838778336481591e-01
9.604172809042945680e-01
9.604172809042945680e-01
9.604172783413726933e-01
9.604172783413726933e-01
9.604172783413726933e-01
9.485809830403202358e-01
9.485809830402661680e-01
9.485809630971915318e-01
9.485809630971915318e-01
9.485809630971850925e-01
9.485809630971850925e-01
9.485809630971850925e-01
9.477923168618774818e-01
9.477923168618774818e-01
9.394389733795817099e-01
9.394389733795817099e-01
8.486319024466656424e-01
8.486289557018469321e-01
8.486289557018469321e-01
8.486289557018469321e-01
7.978979289442609257e-01
7.978979286695497830e-01
7.978979286695497830e-01
7.978975649181333507e-01
7.978975649181333507e-01
7.978975649178289276e-01
7.978975649178289276e-01
7.926699286704961267e-01
7.926699286704961267e-01
7.926699286704935732e-01
7.889024409814175964e-01
6.485216511927219818e-01
6.485216511927219818e-01
6.485216511927219818e-01
6.485203703329379676e-01
5.263368305066344899e-01
5.263368304998293778e-01
5.263335884933943998e-01
5.263335884933943998e-01
5.263335884933943998e-01
5.263335884933943998e-01
5.263335884933943998e-01
5.263335884933943998e-01
5.263335884737627701e-01
5.097732385475282069e-01
5.097732385475282069e-01
5.097732385475282069e-01
5.097732385475282069e-01
4.237984686590550720e-01
4.237984673665643465e-01
4.234700990288526867e-01
4.232748359108496894e-01
4.232748359108495229e-01
2.575582377205773432e-01
2.575582377205773432e-01
2.575582181849243590e-01
2.575582181849243590e-01
2.575582181849243590e-01
2.301810724974185651e-01
2.301810724970946298e-01
2.301810495555882963e-01
2.301810495555882963e-01
2.301810495555834668e-01
2.301810495555834668e-01
2.301810495555834668e-01
2.290475950117057125e-01
2.290475950117057125e-01
2.099738953367131233e-01
2.099738953367131233e-01
9.927080081159048164e-02
9.926678073505799949e-02
9.926678073505799949e-02
9.926678073505799949e-02
9.926678073505799949e-02
7.261847451386013730e-02
7.261847418213338012e-02
7.261847418213338012e-02
7.261836493752486799e-02
7.261836493752486799e-02
7.261836493745928156e-02
7.261836493745928156e-02
7.087734144530628833e-02
7.087734144530628833e-02
7.087734144530412339e-02
6.921241882147430302e-02
3.444338133415034142e-02
3.444338133415034142e-02
3.444338133415034142e-02
3.444310787698056514e-02
1.771781384501294396e-02
1.771781384445009905e-02
1.771749051351597520e-02
1.771749051351597520e-02
1.771749051351597520e-02
1.771749051351597520e-02
1.771749051351597520e-02
1.771749051351597520e-02
1.771749050975000156e-02
1.619577184006409237e-02
1.619577184006409237e-02
1.619577184006409237e-02
1.619577184006409237e-02
1.082159087426533273e-02
1.082159084318502079e-02
1.079214071485431505e-02
1.078634321051722723e-02
1.078634321051722550e-02
4.004084446131914166e-03
4.004084446131914166e-03
4.004083303834888100e-03
4.004083303834888100e-03
4.004083303834888100e-03
3.116043181858950406e-03
3.116043181858950406e-03
3.116043181844145842e-03
3.116042937010464735e-03
3.116042937010464735e-03
3.116042937010406189e-03
3.116042937010406189e-03
3.116042937010406189e-03
3.101111500280901486e-03
3.101111500280901486e-03
2.687679345908616096e-03
2.687679345908616096e-03
9.709444187211750893e-04
9.707949216515960548e-04
9.707949216515960548e-04
9.707949216515960548e-04
9.707949216515960548e-04
5.688692927816276683e-04
5.688692869724672240e-04
5.688692869724672240e-04
5.688686854182929123e-04
5.688686854182929123e-04
5.688686854178670376e-04
5.688686854178670376e-04
5.571501403466134171e-04
5.571501403466134171e-04
5.571501403465705911e-04
5.390328774647179088e-04
2.577257504426225840e-04
2.577257504426225840e-04
2.577257504426225840e-04
2.577207398029551354e-04
1.065259113236712040e-04
1.065259113211625228e-04
1.065259113211625228e-04
1.065247275606532701e-04
1.065247275606532701e-04
1.065247275606532701e-04
1.065247275606532701e-04
1.065247275606532701e-04
1.065247275244426929e-04
9.944377993110949934e-05
9.944377993110949934e-05
9.944377993110949934e-05
9.944377993110949934e-05
9.944377993110949934e-05
6.825866428054538850e-05
6.825866414869655163e-05
6.800852836999774149e-05
6.798808206507390712e-05
6.798808206507390712e-05
2.192120647469173692e-05
2.192120647469173692e-05
2.192119408174782367e-05
2.192119408174782367e-05
2.192119408174782367e-05
1.829101238701264792e-05
1.829101238701264792e-05
1.829101238687734287e-05
1.829101146517431118e-05
1.829101146517431118e-05
1.829101146517416211e-05
1.829101146517416211e-05
1.829101146517416211e-05
1.824383757035311898e-05
1.824383757035311898e-05
1.600574139301036899e-05
1.600574139301036899e-05
5.233060346627234535e-06
5.232100034031593664e-06
5.232100034031593664e-06
5.232100034031593664e-06
5.232100034031593664e-06
3.536403898208235097e-06
3.536403818702812262e-06
3.536403818702812262e-06
3.536401271383289384e-06
3.536401271382090409e-06
3.536401271382090409e-06
3.536401271382090409e-06
3.494357632476259095e-06
3.494357632476259095e-06
3.494357632475813555e-06
3.383536751756011947e-06
1.446528686854435930e-06
1.446528686854435930e-06
1.446494006461024685e-06
1.446494006461024685e-06
7.231141529104303934e-07
7.231141529020231679e-07
7.231141529020231679e-07
7.231141529020231679e-07
7.231081854395269333e-07
7.231081854395269333e-07
7.231081854395269333e-07
7.231081854395269333e-07
7.231081848509074328e-07
6.923204041306018177e-07
6.923204041306018177e-07
6.923204041306018177e-07
6.923204041306018177e-07
6.923204041306018177e-07
4.269074751554113833e-07
4.269074747805338179e-07
4.253863622675226620e-07
4.252988808841640563e-07
4.252988808841640563e-07
1.604666818299431950e-07
1.604666818299431686e-07
1.604665359099311895e-07
1.604665359099311895e-07
1.604665359099311895e-07
1.415482241433727505e-07
1.415482241433727505e-07
1.415482241405145172e-07
1.415482201282675710e-07
1.415482201282675710e-07
1.415482201282671210e-07
1.415482201282671210e-07
1.415482201282671210e-07
1.412391674448483188e-07
1.412391674448483188e-07
1.165724528509180674e-07
1.165724528509180674e-07
4.044454640417017169e-08
4.043562984090698306e-08
4.043562984090698306e-08
4.043562984090698306e-08
4.043562984090698306e-08
3.015538211662235859e-08
3.015538084635455631e-08
3.015538084635455631e-08
3.015536738302570030e-08
3.015536738302091589e-08
3.015536738302091589e-08
3.015536738302091589e-08
2.982080234188499275e-08
2.982080234188499275e-08
2.982080234187352472e-08
2.827592814445274878e-08
1.175762243150880065e-08
1.175726626065605862e-08
1.175726626065605862e-08
1.175726626065605862e-08
6.726045362622457391e-09
6.726045362582516976e-09
6.726045362582516976e-09
6.726045362582516976e-09
6.726007834215251677e-09
6.726007834215251677e-09
6.726007834215251677e-09
6.726007834215251677e-09
6.726007823025116782e-09
6.434939457222802082e-09
6.434939457222802082e-09
6.434939457222802082e-09
6.434939457222802082e-09
6.434939457222802082e-09
6.434939457222802082e-09
3.729376952228846493e-09
3.729376950657963508e-09
3.706743725699898517e-09
3.706260856690512909e-09
1.595395880653867395e-09
1.595395880653867395e-09
1.595395880653865327e-09
1.595393638455582546e-09
1.595393638455582546e-09
1.595393638455582546e-09
1.392983402289249777e-09
1.392983402289249777e-09
1.392983402228426152e-09
1.392983402228426152e-09
1.392983380892074838e-09
1.392983380892071943e-09
1.392983380892071943e-09
1.392983380892071943e-09
1.390806430503570907e-09
1.390806430503570907e-09
1.102422727976450868e-09
1.102422727976450868e-09
4.179687309996011209e-10
4.177826332726540766e-10
4.177826332726540766e-10
4.177826332726540766e-10
4.177826332726540766e-10
3.016115418526732176e-10
3.016115220987341834e-10
3.016115220987341834e-10
3.016115220987341834e-10
3.016114481436184730e-10
3.016114481435889530e-10
3.016114481435889530e-10
3.016114481435889530e-10
2.991712380372906622e-10
2.991712380372906622e-10
2.991712380370371831e-10
2.799097252787777887e-10
1.227989308919331588e-10
1.227913369301789378e-10
1.227913369301789378e-10
1.227913369301789378e-10
6.622049875161024004e-11
6.622049875161024004e-11
6.622049875137126239e-11
6.622049875137126239e-11
6.622029900653899511e-11
6.622029900653899511e-11
6.622029900653899511e-11
6.622029900653899511e-11
6.622029883792445695e-11
6.414393776767524474e-11
6.414393776767524474e-11
6.414393776767524474e-11
6.414393776767524474e-11
6.414393776767524474e-11
6.414393776767524474e-11
3.851868266462624669e-11
3.821610899718232016e-11
3.821610898699998531e-11
3.821329053170668522e-11
1.533593337688283876e-11
1.533593337688283876e-11
1.533593337688279353e-11
1.533589287916479667e-11
1.533589287916479667e-11
1.392236698956579518e-11
1.392236698956579518e-11
1.392236698956579518e-11
1.392236698862130517e-11
1.392236698862130517e-11
1.392236685705717215e-11
1.392236685705717215e-11
1.392236685705717215e-11
1.392236685705715923e-11
1.391041766316678379e-11
1.391041766316678379e-11
1.121182830289779597e-11
1.121182830289779597e-11
1.121182830289779597e-11
3.974156328004275153e-12
3.974156328004275153e-12
3.972044290810442806e-12
3.972044290810442806e-12
3.137027683283555770e-12
3.137027265580119746e-12
3.137027265580119746e-12
3.137027265580119746e-12
3.137026771733516035e-12
3.137026771733380325e-12
3.137026771733380325e-12
3.137026771733380325e-12
3.122481324017624671e-12
3.122481324017624671e-12
3.122481324013332459e-12
2.928959431639711471e-12
1.188715820613595528e-12
1.188626484886282281e-12
1.188626484886282281e-12
1.188626484886282281e-12
7.423849762598259183e-13
7.423849762598259183e-13
7.423849762598259183e-13
7.423849762585476859e-13
7.423834266125735300e-13
7.423834266125735300e-13
7.423834266125735300e-13
7.423834266125735300e-13
7.423834224702610292e-13
7.278792424367716058e-13
7.278792424367716058e-13
7.278792424367716058e-13
7.278792424367716058e-13
7.278792424367716058e-13
7.278792424367716058e-13
3.987251260895871742e-13
3.957413747370345416e-13
3.957413746905670750e-13
3.957227179500497132e-13
1.864080191025728646e-13
1.864080191025728646e-13
1.864080191025718801e-13
1.864072679393000160e-13
1.864072679393000160e-13
1.864072679393000160e-13
1.745773477638732537e-13
1.745773477638732537e-13
1.745773477638732537e-13
1.745773477348450152e-13
1.745773477348450152e-13
1.745773468544874279e-13
1.745773468544874279e-13
1.745773468544874279e-13
1.745773468544873521e-13
1.744613475035850345e-13
1.744613475035850345e-13
1.311641516102371838e-13
1.311641516102371838e-13
1.311641516102371838e-13
1.311641516102371838e-13
5.146399955571557193e-14
5.143142046815090348e-14
5.143142046815090348e-14
4.324686197408357995e-14
4.324685200773337136e-14
4.324685200773337136e-14
4.324685200773337136e-14
4.324684801347188710e-14
4.324684801347102251e-14
4.324684801347102251e-14
4.324684801347102251e-14
4.307608931713904282e-14
4.307608931713904282e-14
4.307608931697938369e-14
3.917171907196137327e-14
1.616554108608356611e-14
1.616402121861429254e-14
1.616402121861429254e-14
1.616402121861429254e-14
1.115650454159635916e-14
1.115650454159635916e-14
1.115650454159635916e-14
1.115650454158675557e-14
1.115648964788190298e-14
1.115648964788190298e-14
1.115648964788190298e-14
1.115648964788190298e-14
1.115648964788190298e-14
1.115648953043621095e-14
1.095400623033061138e-14
1.095400623033061138e-14
1.095400623033061138e-14
1.095400623033061138e-14
1.095400623033061138e-14
1.095400623033061138e-14
5.756086320258005529e-15
5.688381624971641292e-15
5.688381624652227567e-15
5.688217576918699448e-15
3.015578059799699084e-15
3.015578059799648992e-15
3.015578059799648992e-15
3.015578059799648992e-15
3.015559975162986987e-15
3.015559975162986987e-15
2.824436534491948760e-15
2.824436534491948760e-15
2.824436534491948760e-15
2.824436533538045926e-15
2.824436533538045926e-15
2.824436533538045926e-15
2.824436525871536717e-15
2.824436525871536717e-15
2.824436525871535928e-15
2.823144101042420136e-15
2.033560019280613533e-15
2.033560019280613533e-15
2.033560019280613533e-15
2.033560019280613533e-15
2.028009175924066679e-15
8.761054115962387319e-16
8.761054115962387319e-16
8.761054115962387319e-16
7.306971739515855523e-16
7.306969122140111842e-16
7.306969122140109870e-16
7.306969122140109870e-16
7.306968742779031460e-16
7.306968742778945671e-16
7.306968742778945671e-16
7.306968742778945671e-16
7.286200371397972241e-16
7.286200371397972241e-16
7.286200371340625011e-16
6.490769665366707138e-16
2.828378301740323527e-16
2.828378301740323527e-16
2.827869570823365697e-16
2.827869570823365697e-16
2.827869570823365697e-16
2.827869570823365697e-16
1.904653605180778312e-16
1.904653605180778312e-16
1.904653605179802343e-16
1.904652160972875631e-16
1.904652160972875631e-16
1.904652160972875631e-16
1.904652160972875631e-16
1.904652160972875631e-16
1.904652129482514649e-16
1.879411614167446268e-16
1.879411614167446268e-16
1.879411614167446268e-16
1.879411614167446268e-16
1.879411614167446268e-16
1.015487874263069708e-16
1.015487874263069708e-16
1.000221474488331669e-16
1.000221474453901095e-16
1.000204599560094302e-16
5.097937628273308041e-17
5.097937628273126850e-17
5.097937628273126850e-17
5.097937628273126850e-17
5.097881111070060227e-17
5.097881111070060227e-17
4.861223001454424860e-17
4.861223001454424860e-17
4.861223001454424860e-17
4.861223001454424860e-17
4.861222998854889670e-17
4.861222998854889670e-17
4.861222998854889670e-17
4.861222990937150696e-17
4.861222990937150696e-17
4.859948993956613912e-17
3.555141585419134920e-17
3.555141585419134920e-17
3.555141585419134920e-17
3.555141585419134920e-17
3.542819027141726668e-17
1.465293056207537660e-17
1.465293056207537660e-17
1.465293056207537660e-17
1.283496232994533063e-17
1.283495349903510934e-17
1.283495349903510934e-17
1.283495349903510472e-17
1.283495309095740159e-17
1.283495309095733688e-17
1.283495309095733688e-17
1.283495309095733688e-17
1.281360885826156898e-17
1.281360885826156898e-17
1.281360885809840420e-17
1.145771978272395590e-17
1.145771978272395590e-17
4.752362674536988336e-18
4.751318728738422889e-18
4.751318728738422889e-18
4.751318728738422889e-18
3.528411939442401544e-18
3.528411939442401544e-18
3.528411939442401544e-18
3.528411939441558757e-18
3.528411939441558757e-18
3.528410211487744781e-18
3.528410211487744781e-18
3.528410211487744781e-18
3.528410211487744781e-18
3.528410093311652636e-18
3.499444030446879478e-18
3.499444030446879478e-18
3.499444030446879478e-18
3.499444030446879478e-18
3.499444030446879478e-18
1.769340055533473131e-18
1.743875161461050535e-18
1.743875161461050535e-18
1.743875161434731162e-18
1.743875161434537028e-18
1.017560993720207911e-18
1.017554904658719828e-18
1.017554904658719828e-18
1.017554904658719828e-18
1.017538537695419316e-18
1.017538537695419316e-18
9.856730471531827855e-19
9.856730471531827855e-19
9.856730471531827855e-19
9.856730471531827855e-19
9.856730459845028803e-19
9.856730459845028803e-19
9.856730459845028803e-19
9.856730451659067723e-19
9.856730451659067723e-19
9.856730451659067723e-19
9.854904234315147268e-19
9.854904234315147268e-19
6.752698229230169994e-19
6.752698229230169994e-19
6.752698229230169994e-19
6.728290546562614183e-19
3.135405067694663529e-19
3.135405067694663529e-19
3.135405067694663529e-19
2.848206033599782523e-19
2.848202872619087530e-19
2.848202872619087530e-19
2.848202872619084641e-19
2.848202822084371459e-19
2.848202822084364719e-19
2.848202822084364719e-19
2.848202822084364719e-19
2.844536983603535141e-19
2.844536983603535141e-19
2.844536983515606328e-19
2.844536983515606328e-19
2.447625126959117128e-19
1.072241799652002960e-19
1.071950009296099292e-19
1.071950009296099292e-19
1.071950009296099292e-19
8.506521707101857488e-20
8.506521707101857488e-20
8.506521707101857488e-20
8.506521707101857488e-20
8.506521707100856004e-20
8.506519181461280968e-20
8.506519181461280968e-20
8.506519181461280968e-20
8.506518682188154232e-20
8.506518682188154232e-20
8.506518682188154232e-20
8.447745383375569485e-20
8.447745383375569485e-20
8.447745383375569485e-20
8.447745383375569485e-20
4.214270214992736453e-20
4.125693894342369291e-20
4.125693894342369291e-20
4.125693894312247144e-20
4.125693894311060290e-20
4.125693894311060290e-20
2.641595471103917718e-20
2.641585151650856319e-20
2.641585151650856319e-20
2.641524585758508512e-20
2.641524585758508512e-20
2.566431957850292808e-20
2.566431957850292808e-20
2.566431957850292808e-20
2.566431957850292808e-20
2.566431952091223917e-20
2.566431952091223917e-20
2.566431952091223917e-20
2.566431950956465091e-20
2.566431950956465091e-20
2.566431950956465091e-20
2.566431950956465091e-20
2.566120587466993290e-20
1.700448508610906118e-20
1.700448508610906118e-20
1.700448508610906118e-20
1.690913689083055918e-20
8.635420512847874055e-21
8.635420512847874055e-21
8.635420512847874055e-21
8.635420512847874055e-21
8.635404557908481226e-21
7.873109782888025287e-21
7.873109782888005727e-21
7.873109703932777329e-21
7.873109703932766797e-21
7.873109703932766797e-21
7.873109703932766797e-21
7.866062963946845193e-21
7.866062963946845193e-21
7.866062963458096835e-21
7.866062963458096835e-21
6.605480167155179250e-21
6.605480167155179250e-21
3.069881957862931501e-21
3.068405839348440034e-21
3.068405839348440034e-21
3.068405839348440034e-21
2.435975874465185613e-21
2.435975874465185613e-21
2.435975874465185613e-21
2.435975874465185613e-21
2.435975874465185613e-21
2.435975874465024241e-21
2.435975450964772377e-21
2.435975226147497653e-21
2.435975226147497653e-21
2.435975226147497653e-21
2.435975226147497653e-21
2.423831377133206015e-21
2.423831377133206015e-21
2.423831377133206015e-21
2.423831377133206015e-21
1.237324088430399732e-21
1.204998951596341601e-21
1.204998951596341601e-21
1.204998951596341601e-21
1.204998951591285095e-21
1.204998951590549517e-21
7.664963461100250160e-22
7.664945695281209984e-22
7.664630926059350169e-22
7.664630926059350169e-22
7.664630926059350169e-22
7.504411751411291446e-22
7.504411751411291446e-22
7.504411751411291446e-22
7.504411751411291446e-22
7.504411724373231487e-22
7.504411724373231487e-22
7.504411724373231487e-22
7.504411724373231487e-22
7.504411722463972873e-22
7.504411722463972873e-22
7.504411722463972873e-22
5.018620730296620354e-22
5.018620730296620354e-22
5.018377258386398779e-22
4.983086478003458562e-22
4.983086478003458562e-22
2.511134219350742584e-22
2.511134219350742584e-22
2.511134219350742584e-22
2.511134219350742584e-22
2.511125891163628444e-22
2.511125891163613868e-22
2.345085120255103295e-22
2.345085106470539485e-22
2.345085106470537605e-22
2.345085106470537605e-22
2.345085106470537605e-22
2.343806299012941706e-22
2.343806298774675584e-22
2.343806298774675584e-22
2.343806298774675584e-22
1.970938360931533708e-22
8.966635144952666772e-23
8.966635144952666772e-23
8.966635144952666772e-23
8.961276461482708231e-23
8.961276461482708231e-23
8.961276461482708231e-23
7.526225137134990376e-23
7.526225137134990376e-23
7.526225137134990376e-23
7.526225137134990376e-23
7.526225137134758804e-23
7.526224341617378196e-23
7.526223016906113022e-23
7.526223016906113022e-23
7.526223016906113022e-23
7.526223016906113022e-23
7.526223016906113022e-23
7.502476325179928310e-23
7.502476325179928310e-23
7.502476325179928310e-23
7.502476325179928310e-23
7.502476325179928310e-23
7.502476325179928310e-23
7.502476325179928310e-23
7.502476325179928310e-23
7.502476325179928310e-23
7.502476325179928310e-23
7.502476325179928310e-23
7.502476325179928310e-23
7.502476325179928310e-23
7.502476325179928310e-23
7.502476325179928310e-23
7.502476325179928310e-23
7.502476325179928310e-23
7.502476325179928310e-23
7.502476325179928310e-23
7.502476325179928310e-23
7.502476325179928310e-23
7.502476325179928310e-23
7.502476325179928310e-23
7.502476325179928310e-23
7.502476325179928310e-23
7.502476325179928310e-23
7.502476325179928310e-23
7.502476325179928310e-23
7.502476325179928310e-23
7.502476325179928310e-23
7.502476325179928310e-23
7.502476325179928310e-23
7.502476325179928310e-23
7.502476325179928310e-23
7.502476325179928310e-23
7.502476325179928310e-23
7.502476325179928310e-23
7.502476325179928310e-23
7.502476325179928310e-23
7.502476325179928310e-23
7.502476325179928310e-23
7.502476325179928310e-23
7.502476325179928310e-23
7.502476325179928310e-23
7.502476325179928310e-23
7.502476325179928310e-23
7.502476325179928310e-23
7.502476325179928310e-23
7.502476325179928310e-23
7.502476325179928310e-23
7.502476325179928310e-23
7.502476325179928310e-23
7.502476325179928310e-23
7.502476325179928310e-23
7.502476325179928310e-23
7.502476325179928310e-23
7.502476325179928310e-23
7.502476325179928310e-23
7.502476325179928310e-23
7.502476325179928310e-23
7.502476325179928310e-23
7.502476325179928310e-23
7.502476325179928310e-23
7.502476325179928310e-23
7.502476325179928310e-23
7.502476325179928310e-23
7.502476325179928310e-23
7.502476325179928310e-23
7.502476325179928310e-23
7.502476325179928310e-23
7.502476325179928310e-23
7.502476325179928310e-23
7.502476325179928310e-23
7.502476325179928310e-23
7.502476325179928310e-23
7.502476325179928310e-23
7.502476325179928310e-23
7.502476325179928310e-23
7.502476325179928310e-23
7.502476325179928310e-23
7.502476325179928310e-23
7.502476325179928310e-23
7.502476325179928310e-23
7.502476325179928310e-23
7.502476325179928310e-23
7.502476325179928310e-23
7.502476325179928310e-23
7.502476325179928310e-23
7.502476325179928310e-23
7.502476325179928310e-23
7.502476325179928310e-23
7.502476325179928310e-23
7.502476325179928310e-23
7.502476325179928310e-23
7.502476325179928310e-23
7.502476325179928310e-23
7.502476325179928310e-23
7.502476325179928310e-23
7.502476325179928310e-23
7.502476325179928310e-23
7.502476325179928310e-23
7.502476325179928310e-23
7.502476325179928310e-23
7.502476325179928310e-23
7.502476325179928310e-23
7.502476325179928310e-23
7.502476325179928310e-23
7.502476325179928310e-23
7.502476325179928310e-23
7.502476325179928310e-23
7.502476325179928310e-23
7.502476325179928310e-23
7.502476325179928310e-23
7.502476325179928310e-23
7.502476325179928310e-23
7.502476325179928310e-23
7.502476325179928310e-23
7.502476325179928310e-23
7.502476325179928310e-23
7.502476325179928310e-23
7.502476325179928310e-23
7.502476325179928310e-23
7.502476325179928310e-23
7.502476325179928310e-23
7.502476325179928310e-23
7.502476325179928310e-23
7.502476325179928310e-23
7.502476325179928310e-23
7.502476325179928310e-23
7.502476325179928310e-23
7.502476325179928310e-23
7.502476325179928310e-23
7.502476325179928310e-23
7.502476325179928310e-23
7.502476325179928310e-23
7.502476325179928310e-23
7.502476325179928310e-23
7.502476325179928310e-23
7.502476325179928310e-23
7.502476325179928310e-23
7.502476325179928310e-23
7.502476325179928310e-23
7.502476325179928310e-23
7.502476325179928310e-23
7.502476325179928310e-23
7.502476325179928310e-23
7.502476325179928310e-23
7.502476325179928310e-23
7.502476325179928310e-23
7.502476325179928310e-23
7.502476325179928310e-23
7.502476325179928310e-23
7.502476325179928310e-23
7.502476325179928310e-23
7.502476325179928310e-23
7.502476325179928310e-23
7.502476325179928310e-23
7.502476325179928310e-23
7.502476325179928310e-23
7.502476325179928310e-23
7.502476325179928310e-23
7.502476325179928310e-23
7.502476325179928310e-23
7.502476325179928310e-23
7.502476325179928310e-23
7.502476325179928310e-23
7.502476325179928310e-23
7.502476325179928310e-23
7.502476325179928310e-23
7.502476325179928310e-23
7.502476325179928310e-23
7.502476325179928310e-23
7.502476325179928310e-23
7.502476325179928310e-23
7.502476325179928310e-23
7.502476325179928310e-23
7.502476325179928310e-23
7.502476325179928310e-23
7.502476325179928310e-23
7.502476325179928310e-23
7.502476325179928310e-23
7.502476325179928310e-23
7.502476325179928310e-23
7.502476325179928310e-23
7.502476325179928310e-23
7.502476325179928310e-23
7.502476325179928310e-23
7.502476325179928310e-23
7.502476325179928310e-23
7.502476325179928310e-23
7.502476325179928310e-23
7.502476325179928310e-23
7.502476325179928310e-23
7.502476325179928310e-23
7.502476325179928310e-23
7.502476325179928310e-23
7.502476325179928310e-23
7.502476325179928310e-23
7.502476325179928310e-23
7.502476325179928310e-23
7.502476325179928310e-23
7.502476325179928310e-23
7.502476325179928310e-23
7.502476325179928310e-23
7.502476325179928310e-23
7.502476325179928310e-23
7.502476325179928310e-23
7.502476325179928310e-23
7.502476325179928310e-23
7.502476325179928310e-23
7.502476325179928310e-23
7.502476325179928310e-23
7.502476325179928310e-23
7.502476325179928310e-23
7.502476325179928310e-23
7.502476325179928310e-23
7.502476325179928310e-23
7.502476325179928310e-23
7.502476325179928310e-23
7.502476325179928310e-23
7.502476325179928310e-23
7.502476325179928310e-23
7.502476325179928310e-23
7.502476325179928310e-23
7.502476325179928310e-23
7.502476325179928310e-23
7.502476325179928310e-23
7.502476325179928310e-23
7.502476325179928310e-23
7.502476325179928310e-23
7.502476325179928310e-23
7.502476325179928310e-23
7.502476325179928310e-23
7.502476325179928310e-23
7.502476325179928310e-23
7.502476325179928310e-23
7.502476325179928310e-23
7.502476325179928310e-23
7.502476325179928310e-23
7.502476325179928310e-23
7.502476325179928310e-23
7.502476325179928310e-23
7.502476325179928310e-23
7.502476325179928310e-23
7.502476325179928310e-23
7.502476325179928310e-23
7.502476325179928310e-23
7.502476325179928310e-23
7.502476325179928310e-23
7.502476325179928310e-23
7.502476325179928310e-23
7.502476325179928310e-23
7.502476325179928310e-23
7.502476325179928310e-23
7.502476325179928310e-23
7.502476325179928310e-23
7.502476325179928310e-23
7.502476325179928310e-23
7.502476325179928310e-23
7.502476325179928310e-23
7.502476325179928310e-23
7.502476325179928310e-23
7.502476325179928310e-23
7.502476325179928310e-23
7.502476325179928310e-23
7.502476325179928310e-23
7.502476325179928310e-23
7.502476325179928310e-23
7.502476325179928310e-23
7.502476325179928310e-23
7.502476325179928310e-23
7.502476325179928310e-23
7.502476325179928310e-23
7.502476325179928310e-23
7.502476325179928310e-23
7.502476325179928310e-23
7.502476325179928310e-23
7.502476325179928310e-23
7.502476325179928310e-23
7.502476325179928310e-23
7.502476325179928310e-23
7.502476325179928310e-23
7.502476325179928310e-23
7.502476325179928310e-23
7.502476325179928310e-23
7.502476325179928310e-23
7.502476325179928310e-23
7.502476325179928310e-23
7.502476325179928310e-23
7.502476325179928310e-23
7.502476325179928310e-23
7.502476325179928310e-23
7.502476325179928310e-23
7.502476325179928310e-23
7.502476325179928310e-23
7.502476325179928310e-23
7.502476325179928310e-23
7.502476325179928310e-23
7.502476325179928310e-23
7.502476325179928310e-23
7.502476325179928310e-23
7.502476325179928310e-23
7.502476325179928310e-23
7.502476325179928310e-23
7.502476325179928310e-23
7.502476325179928310e-23
7.502476325179928310e-23
7.502476325179928310e-23
7.502476325179928310e-23
7.502476325179928310e-23
7.502476325179928310e-23
7.502476325179928310e-23
7.502476325179928310e-23
7.502476325179928310e-23
7.502476325179928310e-23
7.502476325179928310e-23
7.502476325179928310e-23
7.502476325179928310e-23
7.502476325179928310e-23
7.502476325179928310e-23
7.502476325179928310e-23
7.502476325179928310e-23
7.502476325179928310e-23
7.502476325179928310e-23
7.502476325179928310e-23
7.502476325179928310e-23
7.502476325179928310e-23
7.502476325179928310e-23
7.502476325179928310e-23
7.502476325179928310e-23
7.502476325179928310e-23
7.502476325179928310e-23
7.502476325179928310e-23
7.502476325179928310e-23
7.502476325179928310e-23
7.502476325179928310e-23
7.502476325179928310e-23
7.502476325179928310e-23
7.502476325179928310e-23
7.502476325179928310e-23
7.502476325179928310e-23
7.502476325179928310e-23
7.502476325179928310e-23
7.502476325179928310e-23
7.502476325179928310e-23
7.502476325179928310e-23
7.502476325179928310e-23
7.502476325179928310e-23
7.502476325179928310e-23
7.502476325179928310e-23
7.502476325179928310e-23
7.502476325179928310e-23
7.502476325179928310e-23
7.502476325179928310e-23
7.502476325179928310e-23
7.502476325179928310e-23
7.502476325179928310e-23
7.502476325179928310e-23
7.502476325179928310e-23
7.502476325179928310e-23
7.502476325179928310e-23
7.502476325179928310e-23
7.502476325179928310e-23
7.502476325179928310e-23
7.502476325179928310e-23
7.502476325179928310e-23
7.502476325179928310e-23
7.502476325179928310e-23
7.502476325179928310e-23
7.502476325179928310e-23
7.502476325179928310e-23
7.502476325179928310e-23
7.502476325179928310e-23
7.502476325179928310e-23
7.502476325179928310e-23
7.502476325179928310e-23
7.502476325179928310e-23
7.502476325179928310e-23
7.502476325179928310e-23
7.502476325179928310e-23
7.502476325179927134e-23
7.502476325179920081e-23
7.502476325179888343e-23
7.502476325179784899e-23
7.502476325179596820e-23
7.502476325179506307e-23
7.502476325179503956e-23
7.502476325179503956e-23
7.502476325179503956e-23
7.502476325179503956e-23
7.502476325179503956e-23
7.502476325179503956e-23
7.502476325179503956e-23
7.502476325179503956e-23
7.502476325179503956e-23
7.502476325179503956e-23
7.502476325179503956e-23
7.502476325179503956e-23
7.502476325179503956e-23
7.502476325179503956e-23
7.502476325179503956e-23
7.502476325179503956e-23
7.502476325179503956e-23
7.502476325179503956e-23
7.502476325179503956e-23
7.502476325179502781e-23
7.502476325179486324e-23
7.502476325179361721e-23
7.502476325178541226e-23
7.502476325174153106e-23
7.502476325154876174e-23
7.502476325091177311e-23
7.502476324975590951e-23
7.502476324920322733e-23
7.502476324918608862e-23
7.502476324918608862e-23
7.502476324918608862e-23
7.502476324918608862e-23
7.502476324918608862e-23
7.502476324918608862e-23
7.502476324918608862e-23
7.502476324918608862e-23
7.502476324918608862e-23
7.502476324918608862e-23
7.502476324918608862e-23
7.502476324918608862e-23
7.502476324918608862e-23
7.502476324918608862e-23
7.502476324918608862e-23
7.502476324918608862e-23
7.502476324918602985e-23
7.502476324918535982e-23
7.502476324917771911e-23
7.502476324910928182e-23
7.502476324859225239e-23
7.502476324517118767e-23
7.502476322686800007e-23
7.502476314645767423e-23
7.502476288076259042e-23
7.502476239863994185e-23
7.502476216811053561e-23
7.502476216095855762e-23
7.502476216095701772e-23
7.502476216095701772e-23
7.502476216095701772e-23
7.502476216095701772e-23
7.502476216095701772e-23
7.502476216095701772e-23
7.502476216095701772e-23
7.502476216095701772e-23
7.502476216095701772e-23
7.502476216095701772e-23
7.502476216095701772e-23
7.502476216095701772e-23
7.502476216095701772e-23
7.502476216095697070e-23
7.502476216095593626e-23
7.502476216094060782e-23
7.502476216074948419e-23
7.502476215858350655e-23
7.502476213916471603e-23
7.502476199247351821e-23
7.502476102185510213e-23
7.502475582891470975e-23
7.502473301505808166e-23
7.502465763268443678e-23
7.502452084639009783e-23
7.502445544149950246e-23
7.502445341236751349e-23
7.502445341193385012e-23
7.502445341193385012e-23
7.502445341193385012e-23
7.502445341193385012e-23
7.502445341193385012e-23
7.502445341193385012e-23
7.502445341193385012e-23
7.502445341193385012e-23
7.502445341193385012e-23
7.502445341193385012e-23
7.502445341193383836e-23
7.502445341193334465e-23
7.502445341192323540e-23
7.502445341172445931e-23
7.502445340874848377e-23
7.502445337166328269e-23
7.502445295137491661e-23
7.502444918334213959e-23
7.502442071930827371e-23
7.502423238056317825e-23
7.502322475867948640e-23
7.501879834838663111e-23
7.500417613716122238e-23
7.497765764523452025e-23
7.496498431820500075e-23
7.496459120700773710e-23
7.496459112299409790e-23
7.496459112299409790e-23
7.496459112299409790e-23
7.496459112299409790e-23
7.496459112299409790e-23
7.496459112299409790e-23
7.496459112299409790e-23
7.496459112299409790e-23
7.496459112299409790e-23
7.496459112299401561e-23
7.496459112299140602e-23
7.496459112292560184e-23
7.496459112158011925e-23
7.496459109510335503e-23
7.496459069870510136e-23
7.496458575897281018e-23
7.496452977682196183e-23
7.496402788087805687e-23
7.496023673255202053e-23
7.493516132564647699e-23
7.480128895223256996e-23
7.421877726279210515e-23
7.235691615059788558e-23
6.920659400524734113e-23
6.779521781324599194e-23
6.775235110395185708e-23
6.775234194845126447e-23
6.775234194845125272e-23
6.775234194845125272e-23
6.775234194845125272e-23
6.775234194845125272e-23
6.775234194845125272e-23
6.775234194845125272e-23
6.775234194845108815e-23
6.775234194844543402e-23
6.775234194824837415e-23
6.775234194329296016e-23
6.775234184196725142e-23
6.775233984804986411e-23
6.775230999602904999e-23
6.775193799608709176e-23
6.774772239037517636e-23
6.770995142352880365e-23
6.742598130645796785e-23
6.560542395608049130e-23
5.732444319966766471e-23
3.687566321236804079e-23
1.692562059985648499e-23
8.540967869631540571e-24
6.905309997897584034e-24
6.864525383613869197e-24
6.864516718787906631e-24
6.864516718787894876e-24
6.864516718787894876e-24
6.864516718787894876e-24
6.864516718787894876e-24
6.864516718787894876e-24
6.864516718787890468e-24
6.864516718787778796e-24
6.864516718784064234e-24
6.864516718654554144e-24
6.864516715397685414e-24
6.864516648802853584e-24
6.864515338330202488e-24
6.864495718582550236e-24
6.864251235720904251e-24
6.861481717592997663e-24
6.836751486588882160e-24
6.655544143390217297e-24
5.662480274259805067e-24
3.148820939171362123e-24
1.067314660142479296e-24
3.351860572100766346e-25
1.493225169112550407e-25
1.180283493563311775e-25
1.172659012122912970e-25
1.172657393178931285e-25
1.172657393178928760e-25
1.172657393178928760e-25
1.172657393178928760e-25
1.172657393178928760e-25
1.172657393178928530e-25
1.172657393178913836e-25
1.172657393178429404e-25
1.172657393161545448e-25
1.172657392736949083e-25
1.172657384055014130e-25
1.172657213209344076e-25
1.172654655390721401e-25
1.172622781967786604e-25
1.172261680160544380e-25
1.169034182898610930e-25
1.145215889483382055e-25
1.009168118002009194e-25
6.170100541046220955e-26
2.279148809225341103e-26
7.390954136981804580e-27
3.320088529638672579e-27
2.627976314589659164e-27
2.611089448335312239e-27
2.611085862540224223e-27
2.611085862540218124e-27
2.611085862540218124e-27
2.611085862540218124e-27
2.611085862540218124e-27
2.611085862540217766e-27
2.611085862540194807e-27
2.611085862539443262e-27
2.611085862513229609e-27
2.611085861854018633e-27
2.611085848374796602e-27
2.611085583126678508e-27
2.611081611957527540e-27
2.611032126087855314e-27
2.610471431679135023e-27
2.605455345585057301e-27
2.568177311243956651e-27
2.346073755728140712e-27
1.603938504293164433e-27
6.711829456148945502e-28
2.297351857418696737e-28
1.047358414444896856e-28
8.311279361900707989e-29
8.258384057256059920e-29
8.258372824652654967e-29
8.258372824652637030e-29
8.258372824652637030e-29
8.258372824652637030e-29
8.258372824652637030e-29
8.258372824652635909e-29
8.258372824652584341e-29
8.258372824650927446e-29
8.258372824593112113e-29
8.258372823139201058e-29
8.258372793410335762e-29
8.258372208396921015e-29
8.258363449848942633e-29
8.258254306412085179e-29
8.257017580779187171e-29
8.245946425135517572e-29
8.163263558103669807e-29
7.655355764719226854e-29
5.743475556918666560e-29
2.738656265680796875e-29
1.003655136098015242e-29
4.669092540567679534e-30
3.718279635705791529e-30
3.694935921309480370e-30
3.694930963715690476e-30
3.694930963715682769e-30
3.694930963715682769e-30
3.694930963715682769e-30
3.694930963715682068e-30
3.694930963715667355e-30
3.694930963715149575e-30
3.694930963697105755e-30
3.694930963243365313e-30
3.694930953965512514e-30
3.694930771393170424e-30
3.694928038004284292e-30
3.694893976108835836e-30
3.694507995081595532e-30
3.691051138382151945e-30
3.665145283854482822e-30
3.502489617709108088e-30
2.830445679112499069e-30
1.535816042161509230e-30
6.115522351970890640e-31
2.923261337418188149e-31
2.339369429682517248e-31
2.324962177109818968e-31
2.324959117018565312e-31
2.324959117018560495e-31
2.324959117018560495e-31
2.324959117018560495e-31
2.324959117018560495e-31
2.324959117018553489e-31
2.324959117018327092e-31
2.324959117010419389e-31
2.324959116811558935e-31
2.324959112745359508e-31
2.324959032729480899e-31
2.324957834768369286e-31
2.324942906431731741e-31
2.324773736353756535e-31
2.323258166119356083e-31
2.311872949395368823e-31
2.239263440529991218e-31
1.917123567262106308e-31
1.174699951383179106e-31
5.153102753336746116e-32
2.552853176782791817e-32
2.056635372543851453e-32
2.044307357359823970e-32
2.044304738464184968e-32
2.044304738464180589e-32
2.044304738464180589e-32
2.044304738464180589e-32
2.044304738464176210e-32
2.044304738464038269e-32
2.044304738459213369e-32
2.044304738337888291e-32
2.044304735857092986e-32
2.044304687039259206e-32
2.044303956160877468e-32
2.044294848334589220e-32
2.044191634622856206e-32
2.043266752748716264e-32
2.036307062820050232e-32
1.991424954701073161e-32
1.781363066270225302e-32
1.217265552323065155e-32
5.948496911802035849e-33
3.085588923569992978e-33
2.508348393702846873e-33
2.493874220680314738e-33
2.493871145174087657e-33
2.493871145174082525e-33
2.493871145174082525e-33
2.493871145174082525e-33
2.493871145174082525e-33
2.493871145174078762e-33
2.493871145173962443e-33
2.493871145169907709e-33
2.493871145067942377e-33
2.493871142983005951e-33
2.493871101955007783e-33
2.493870487702416428e-33
2.493862833194624065e-33
2.493776087615699479e-33
2.492998652472765907e-33
2.487141464496465789e-33
2.449068859379819817e-33
2.263676705548963591e-33
1.698737064319378144e-33
9.310034004901441365e-34
5.115166754202731621e-34
4.208473540287112299e-34
4.185456795806687750e-34
4.185451903672637146e-34
4.185451903672629448e-34
4.185451903672629448e-34
4.185451903672629448e-34
4.185451903672629448e-34
4.185451903672625172e-34
4.185451903672492603e-34
4.185451903667859526e-34
4.185451903551348366e-34
4.185451901168977618e-34
4.185451854287974716e-34
4.185451152406797304e-34
4.185442405906249692e-34
4.185343283997916893e-34
4.184454830899065004e-34
4.177755546604187449e-34
4.133962961264546358e-34
3.914434213126952896e-34
3.173957424011687560e-34
1.953145578219286698e-34
1.150299192076974571e-34
9.613488571360749280e-35
9.564745740857025917e-35
9.564735376571054366e-35
9.564735376571038329e-35
9.564735376571038329e-35
9.564735376571038329e-35
9.564735376571038329e-35
9.564735376570835199e-35
9.564735376563757718e-35
9.564735376385796491e-35
9.564735372746935318e-35
9.564735301140358209e-35
9.564734229078980135e-35
9.564720869563527610e-35
9.564569468214323270e-35
9.563212315934612480e-35
9.552972700332045552e-35
9.485768432512959516e-35
9.141695957089948041e-35
7.885163653142085113e-35
5.422449251061257600e-35
3.460994620251457935e-35
2.950644252318421873e-35
2.937207244717991326e-35
2.937204386097009592e-35
2.937204386097004781e-35
2.937204386097004781e-35
2.937204386097004781e-35
2.937204386097004781e-35
2.937204386096964155e-35
2.937204386095552401e-35
2.937204386060039376e-35
2.937204385333886089e-35
2.937204371044415162e-35
2.937204157108899618e-35
2.937201491145549294e-35
2.937171278007642605e-35
2.936900434359911070e-35
2.934856070705143777e-35
2.921400426467487647e-35
2.851456614455935432e-35
2.580077458394414008e-35
1.962824847752352993e-35
1.368666853580729070e-35
1.195613500843805282e-35
1.190941818792577637e-35
1.190940824282135683e-35
1.190940824282133812e-35
1.190940824282133812e-35
1.190940824282133812e-35
1.190940824282133812e-35
1.190940824282123656e-35
1.190940824281766976e-35
1.190940824272797578e-35
1.190940824089392464e-35
1.190940820480292793e-35
1.190940766446477333e-35
1.190940093102342285e-35
1.190932462117810603e-35
1.190864052024849737e-35
1.190347530071831763e-35
1.186941093985943566e-35
1.169042390611012097e-35
1.096406770795987838e-35
9.096539158866581715e-36
6.948808230022984231e-36
6.243906059243093559e-36
6.224317129995320398e-36
6.224312956667931152e-36
6.224312956667925807e-36
6.224312956667925807e-36
6.224312956667925807e-36
6.224312956667925807e-36
6.224312956666833982e-36
6.224312956639416762e-36
6.224312956078817728e-36
6.224312945047161799e-36
6.224312779886182946e-36
6.224310721726783601e-36
6.224287396613830774e-36
6.224078286578659489e-36
6.222499105096788916e-36
6.212070221207483386e-36
6.156862819438740486e-36
5.925511320570406060e-36
5.271053135933933888e-36
4.391025966261604945e-36
4.066403919707241249e-36
4.057098669823501801e-36
4.057096685695985818e-36
4.057096685695981809e-36
4.057096685695981809e-36
4.057096685695981809e-36
4.057096685695981809e-36
4.057096685695603613e-36
4.057096685686078548e-36
4.057096685491316188e-36
4.057096681658730623e-36
4.057096624278984593e-36
4.057095909239114820e-36
4.057087805679450390e-36
4.057015155861988820e-36
4.056466436898563604e-36
4.052839439718634778e-36
4.033544163984046137e-36
3.950907274643313039e-36
3.700406945597284809e-36
3.318602718557805646e-36
3.162575297950900204e-36
3.157968979191711687e-36
3.157967996182617688e-36
3.157967996182615684e-36
3.157967996182615684e-36
3.157967996182615684e-36
3.157967996182615684e-36
3.157967996182478036e-36
3.157967996179018811e-36
3.157967996108288102e-36
3.157967994716421156e-36
3.157967973878024000e-36
3.157967714199521461e-36
3.157964771254982206e-36
3.157938386966770051e-36
3.157739092010800740e-36
3.156421041467904772e-36
3.149387940977931047e-36
3.118857508259700948e-36
3.022056247945274974e-36
2.860929852465057821e-36
2.789807327141199703e-36
2.787657320461082499e-36
2.787656861324802952e-36
2.787656861324802284e-36
2.787656861324802284e-36
2.787656861324802284e-36
2.787656861324802284e-36
2.787656861323614240e-36
2.787656861299324488e-36
2.787656860821340945e-36
2.787656853665184825e-36
2.787656764488463440e-36
2.787655753845284591e-36
2.787646693106337807e-36
2.787578249402210554e-36
2.787125459458088288e-36
2.784705468098725300e-36
2.774123447239531208e-36
2.739722719845054765e-36
2.679430897899768112e-36
2.651530065374951997e-36
2.650673754729275076e-36
2.650673571781246867e-36
2.650673571781246867e-36
2.650673571781246867e-36
2.650673571781246867e-36
2.650673571781246867e-36
2.650673571780897737e-36
2.650673571773760787e-36
2.650673571633315688e-36
2.650673569530638661e-36
2.650673543328047501e-36
2.650673246373002039e-36
2.650670584069513736e-36
2.650650472971064547e-36
2.650517410625520386e-36
2.649805735824141823e-36
2.646683695538171417e-36
2.636419835853035599e-36
2.617997196699734231e-36
2.609279001191897425e-36
2.609009454786959914e-36
2.609009397186577824e-36
2.609009397186577824e-36
2.609009397186577824e-36
2.609009397186577824e-36
2.609009397186577824e-36
2.609009397186496639e-36
2.609009397184835182e-36
2.609009397152134908e-36
2.609009396662564262e-36
2.609009390561765324e-36
2.609009321421150629e-36
2.609008701551379091e-36
2.609004019010932347e-36
2.608973036252537868e-36
2.608807286773193368e-36
2.608079357947916543e-36
2.605676991988172272e-36
2.601329010842699813e-36
2.599255125259185672e-36
2.599190837521978906e-36
2.599190823783011780e-36
2.599190823783011780e-36
2.599190823783011780e-36
2.599190823783011780e-36
2.599190823783011780e-36
2.599190823782717442e-36
2.599190823776933245e-36
2.599190823690339009e-36
2.599190822611235983e-36
2.599190810381712393e-36
2.599190700739739202e-36
2.599189872495073149e-36
2.599184392223587017e-36
2.599155072417039521e-36
2.599026271127017297e-36
2.598600771431946155e-36
2.597829027624864446e-36
2.597460176342604448e-36
2.597448734705181328e-36
2.597448732259933041e-36
2.597448732259933041e-36
2.597448732259933041e-36
2.597448732259933041e-36
2.597448732259933041e-36
2.597448732259893618e-36
2.597448732259128539e-36
2.597448732247669060e-36
2.597448732104862574e-36
2.597448730486430041e-36
2.597448715976617861e-36
2.597448606368243995e-36
2.597447881117682362e-36
2.597444000935245666e-36
2.597426954476180473e-36
2.597370630464361060e-36
2.597268432774426430e-36
2.597219569267853337e-36
2.597218053346502289e-36
2.597218053022526122e-36
2.597218053022526122e-36
2.597218053022526122e-36
2.597218053022526122e-36
2.597218053022522113e-36
2.597218053022446607e-36
2.597218053021314691e-36
2.597218053007209175e-36
2.597218052847350116e-36
2.597218051414160557e-36
2.597218040587723845e-36
2.597217968951938631e-36
2.597217585690798258e-36
2.597215901931621668e-36
2.597210338401641877e-36
2.597200243041458466e-36
2.597195415921042116e-36
2.597195266163823362e-36
2.597195266131818007e-36
2.597195266131818007e-36
2.597195266131818007e-36
2.597195266131818007e-36
2.597195266131812328e-36
2.597195266131728804e-36
2.597195266130687094e-36
2.597195266118884165e-36
2.597195266013063730e-36
2.597195265213685242e-36
2.597195259924401149e-36
2.597195231626009317e-36
2.597195107304217401e-36
2.597194696515184795e-36
2.597193951109585125e-36
2.597193594690232604e-36
2.597193583632612436e-36
2.597193583630249378e-36
2.597193583630249378e-36
2.597193583630249378e-36
2.597193583630249378e-36
2.597193583630248710e-36
2.597193583630244033e-36
2.597193583630186234e-36
2.597193583629533411e-36
2.597193583623679054e-36
2.597193583579455155e-36
2.597193583286838536e-36
2.597193581721297010e-36
2.597193574843486616e-36
2.597193552117548276e-36
2.597193510879715810e-36
2.597193491161636381e-36
2.597193490549899006e-36
2.597193490549768040e-36
2.597193490549768040e-36
2.597193490549768040e-36
2.597193490549768040e-36
2.597193490549768040e-36
2.597193490549768040e-36
2.597193490549765701e-36
2.597193490549738640e-36
2.597193490549495418e-36
2.597193490547657558e-36
2.597193490535499152e-36
2.597193490470450406e-36
2.597193490184673726e-36
2.597193489240399652e-36
2.597193487526946993e-36
2.597193486707650394e-36
2.597193486682232736e-36
2.597193486682226722e-36
2.597193486682226722e-36
2.597193486682226722e-36
2.597193486682226722e-36
2.597193486682226722e-36
2.597193486682226722e-36
2.597193486682226722e-36
2.597193486682226388e-36
2.597193486682218704e-36
2.597193486682161239e-36
2.597193486681781039e-36
2.597193486679746062e-36
2.597193486670807335e-36
2.597193486641270278e-36
2.597193486587673327e-36
2.597193486562046525e-36
2.597193486561251044e-36
2.597193486561251044e-36
2.597193486561251044e-36
2.597193486561251044e-36
2.597193486561251044e-36
2.597193486561251044e-36
2.597193486561251044e-36
2.597193486561251044e-36
2.597193486561250709e-36
2.597193486561249373e-36
2.597193486561240018e-36
2.597193486561192243e-36
2.597193486560981094e-36
2.597193486560284171e-36
2.597193486559018617e-36
2.597193486558413904e-36
2.597193486558395194e-36
2.597193486558395194e-36
2.597193486558395194e-36
2.597193486558395194e-36
2.597193486558395194e-36
2.597193486558395194e-36
2.597193486558395194e-36
2.597193486558395194e-36
2.597193486558395194e-36
2.597193486558395194e-36
2.597193486558394860e-36
2.597193486558394192e-36
2.597193486558390183e-36
2.597193486558378156e-36
2.597193486558355437e-36
2.597193486558344746e-36
2.597193486558344078e-36
2.597193486558344078e-36
2.597193486558344078e-36
2.597193486558344078e-36
2.597193486558344078e-36
2.597193486558344078e-36
2.597193486558344078e-36
2.597193486558344078e-36
2.597193486558344078e-36
2.597193486558344078e-36
2.597193486558344078e-36
2.597193486558344078e-36
2.597193486558344078e-36
2.597193486558344078e-36
2.597193486558343410e-36
2.597193486558343410e-36
2.597193486558343410e-36
2.597193486558343410e-36
2.597193486558343410e-36
2.597193486558343410e-36
2.597193486558343410e-36
2.597193486558343410e-36
2.597193486558343410e-36
2.597193486558343410e-36
2.597193486558343410e-36
2.597193486558343410e-36
2.597193486558343410e-36
2.597193486558343410e-36
2.597193486558343410e-36
2.597193486558343410e-36
2.597193486558343410e-36
2.597193486558343410e-36
2.597193486558343410e-36
2.597193486558343410e-36
2.597193486558343410e-36
2.597193486558343410e-36
2.597193486558343410e-36
2.597193486558343410e-36
2.597193486558343410e-36
2.597193486558343410e-36
2.597193486558343410e-36
2.597193486558343410e-36
2.597193486558343410e-36
2.597193486558343410e-36
2.597193486558343410e-36
2.597193486558343410e-36
2.597193486558343410e-36
2.597193486558343410e-36
2.597193486558343410e-36
2.597193486558343410e-36
2.597193486558343410e-36
2.597193486558343410e-36
2.597193486558343410e-36
2.597193486558343410e-36
2.597193486558343410e-36
2.597193486558343410e-36
2.597193486558343410e-36
2.597193486558343410e-36
2.597193486558343410e-36
2.597193486558343410e-36
2.597193486558343410e-36
2.597193486558343410e-36
2.597193486558343410e-36
2.597193486558343410e-36
2.597193486558343410e-36
2.597193486558343410e-36
2.597193486558343410e-36
2.597193486558343410e-36
2.597193486558343410e-36
2.597193486558343410e-36
2.597193486558343410e-36
2.597193486558343410e-36
2.597193486558343410e-36
2.597193486558343410e-36
2.597193486558343410e-36
2.597193486558343410e-36
2.597193486558343410e-36
2.597193486558343410e-36
2.597193486558343410e-36
2.597193486558343410e-36
2.597193486558343410e-36
2.597193486558343410e-36
2.597193486558343410e-36
2.597193486558343410e-36
2.597193486558343410e-36
2.597193486558343410e-36
2.597193486558343410e-36
2.597193486558343410e-36
2.597193486558343410e-36
2.597193486558343410e-36
2.597193486558343410e-36
2.597193486558343410e-36
2.597193486558343410e-36
2.597193486558343410e-36
2.597193486558343410e-36
2.597193486558343410e-36
2.597193486558343410e-36
2.597193486558343410e-36
2.597193486558343410e-36
2.597193486558343410e-36
2.597193486558343410e-36
2.597193486558343410e-36
2.597193486558343410e-36
2.597193486558343410e-36
2.597193486558343410e-36
2.597193486558343410e-36
2.597193486558343410e-36
2.597193486558343410e-36
2.597193486558343410e-36
2.597193486558343410e-36
2.597193486558343410e-36
2.597193486558343410e-36
2.597193486558343410e-36
2.597193486558343410e-36
2.597193486558343410e-36
2.597193486558343410e-36
2.597193486558343410e-36
2.597193486558343410e-36
2.597193486558343410e-36
2.597193486558343410e-36
2.597193486558343410e-36
2.597193486558343410e-36
2.597193486558343410e-36
2.597193486558343410e-36
2.597193486558343410e-36
2.597193486558343410e-36
2.597193486558343410e-36
2.597193486558343410e-36
2.597193486558343410e-36
2.597193486558343410e-36
2.597193486558343410e-36
2.597193486558343410e-36
2.597193486558343410e-36
2.597193486558343410e-36
2.597193486558343410e-36
2.597193486558343410e-36
2.597193486558343410e-36
2.597193486558343410e-36
2.597193486558343410e-36
2.597193486558343410e-36
2.597193486558343410e-36
2.597193486558343410e-36
2.597193486558343410e-36
2.597193486558343410e-36
2.597193486558343410e-36
2.597193486558343410e-36
2.597193486558343410e-36
2.597193486558343410e-36
2.597193486558343410e-36
2.597193486558343410e-36
2.597193486558343410e-36
2.597193486558343410e-36
2.597193486558343410e-36
2.597193486558343410e-36
2.597193486558343410e-36
2.597193486558343410e-36
2.597193486558343410e-36
2.597193486558343410e-36
2.597193486558343410e-36
2.597193486558343410e-36
2.597193486558343410e-36
2.597193486558343410e-36
2.597193486558343410e-36
2.597193486558343410e-36
2.597193486558343410e-36
2.597193486558343410e-36
2.597193486558343410e-36
2.597193486558343410e-36
2.597193486558343410e-36
2.597193486558343410e-36
2.597193486558343410e-36
2.597193486558343410e-36
2.597193486558343410e-36
2.597193486558343410e-36
2.597193486558343410e-36
2.597193486558343410e-36
2.597193486558343410e-36
2.597193486558343410e-36
2.597193486558343410e-36
2.597193486558343410e-36
2.597193486558343410e-36
2.597193486558343410e-36
2.597193486558343410e-36
2.597193486558343410e-36
2.597193486558343410e-36
2.597193486558343410e-36
2.597193486558343410e-36
2.597193486558343410e-36
2.597193486558343410e-36
2.597193486558343410e-36
2.597193486558343410e-36
2.597193486558343410e-36
2.597193486558343410e-36
2.597193486558343410e-36
2.597193486558343410e-36
2.597193486558343410e-36
2.597193486558343410e-36
2.597193486558343410e-36
2.597193486558343410e-36
2.597193486558343410e-36
2.597193486558343410e-36
2.597193486558343410e-36
2.597193486558343410e-36
2.597193486558343410e-36
2.597193486558343410e-36
2.597193486558343410e-36
2.597193486558343410e-36
2.597193486558343410e-36
2.597193486558343410e-36
2.597193486558343410e-36
2.597193486558343410e-36
2.597193486558343410e-36
2.597193486558343410e-36
2.597193486558343410e-36
2.597193486558343410e-36
2.597193486558343410e-36
2.597193486558343410e-36
2.597193486558343410e-36
2.597193486558343410e-36
2.597193486558343410e-36
2.597193486558343410e-36
2.597193486558343410e-36
2.597193486558343410e-36
2.597193486558343410e-36
2.597193486558343410e-36
2.597193486558343410e-36
2.597193486558343410e-36
2.597193486558343410e-36
2.597193486558343410e-36
2.597193486558343410e-36
2.597193486558343410e-36
2.597193486558343410e-36
2.597193486558343410e-36
2.597193486558343410e-36
2.597193486558343410e-36
2.597193486558343410e-36
2.597193486558343410e-36
2.597193486558343410e-36
2.597193486558343410e-36
2.597193486558343410e-36
2.597193486558343410e-36
2.597193486558343410e-36
2.597193486558343410e-36
2.597193486558343410e-36
2.597193486558343410e-36
2.597193486558343410e-36
2.597193486558343410e-36
2.597193486558343410e-36
2.597193486558343410e-36
2.597193486558343410e-36
2.597193486558343410e-36
2.597193486558343410e-36
2.597193486558343410e-36
2.597193486558343410e-36
2.597193486558343410e-36
2.597193486558343410e-36
2.597193486558343410e-36
2.597193486558343410e-36
2.597193486558343410e-36
2.597193486558343410e-36
2.597193486558343410e-36
2.597193486558343410e-36
2.597193486558343410e-36
2.597193486558343410e-36
2.597193486558343410e-36
2.597193486558343410e-36
2.597193486558343410e-36
2.597193486558343410e-36
2.597193486558343410e-36
2.597193486558343410e-36
2.597193486558343410e-36
2.597193486558343410e-36
2.597193486558343410e-36
2.597193486558343410e-36
2.597193486558343410e-36
2.597193486558343410e-36
2.597193486558343410e-36
2.597193486558343410e-36
2.597193486558343410e-36
2.597193486558343410e-36
2.597193486558343410e-36
2.597193486558343410e-36
2.597193486558343410e-36
2.597193486558343410e-36
2.597193486558343410e-36
2.597193486558343410e-36
2.597193486558343410e-36
2.597193486558343410e-36
2.597193486558343410e-36
2.597193486558343410e-36
2.597193486558343410e-36
2.597193486558343410e-36
