1.000000000000094813e+00
1.000000000000084599e+00
1.000000000000033973e+00
1.000000000000033973e+00
1.000000000000033973e+00
1.000000000000033973e+00
1.000000000000033973e+00
1.000000000000033973e+00
1.000000000000033973e+00
1.000000000000033973e+00
1.000000000000033973e+00
1.000000000000033973e+00
1.000000000000033973e+00
1.000000000000033973e+00
1.000000000000033973e+00
1.000000000000033973e+00
1.000000000000033973e+00
1.000000000000033973e+00
1.000000000000033973e+00
1.000000000000033973e+00
1.000000000000033973e+00
1.000000000000033973e+00
1.000000000000033973e+00
1.000000000000033973e+00
1.000000000000033973e+00
1.000000000000033973e+00
1.000000000000033973e+00
1.000000000000033973e+00
1.000000000000033973e+00
1.000000000000033973e+00
1.000000000000033973e+00
1.000000000000033973e+00
1.000000000000033973e+00
1.000000000000033973e+00
1.000000000000033973e+00
1.000000000000033973e+00
1.000000000000033973e+00
1.000000000000033973e+00
1.000000000000033973e+00
1.000000000000033973e+00
1.000000000000033973e+00
1.000000000000033973e+00
1.000000000000033973e+00
1.000000000000033973e+00
1.000000000000033973e+00
1.000000000000033973e+00
1.000000000000033973e+00
1.000000000000033973e+00
1.000000000000033973e+00
1.000000000000030864e+00
1.000000000000030864e+00
1.000000000000031086e+00
1.000000000000021982e+00
1.000000000000021982e+00
1.000000000000021982e+00
1.000000000000021982e+00
1.000000000000021982e+00
1.000000000000021982e+00
1.000000000000021982e+00
1.000000000000021982e+00
1.000000000000021982e+00
1.000000000000021982e+00
1.000000000000021982e+00
1.000000000000021982e+00
1.000000000000021982e+00
1.000000000000021982e+00
1.000000000000021982e+00
1.000000000000021982e+00
1.000000000000021760e+00
1.000000000000021760e+00
1.000000000000021760e+00
1.000000000000021760e+00
1.000000000000021760e+00
1.000000000000021760e+00
1.000000000000021760e+00
1.000000000000021760e+00
1.000000000000021760e+00
1.000000000000021760e+00
1.000000000000019984e+00
1.000000000000019984e+00
1.000000000000019984e+00
1.000000000000019984e+00
1.000000000000019984e+00
1.000000000000019984e+00
1.000000000000019984e+00
1.000000000000019984e+00
1.000000000000019984e+00
1.000000000000019984e+00
1.000000000000019984e+00
1.000000000000019984e+00
1.000000000000019984e+00
1.000000000000019984e+00
1.000000000000019984e+00
1.000000000000019984e+00
1.000000000000019984e+00
1.000000000000019984e+00
1.000000000000019984e+00
1.000000000000019984e+00
1.000000000000019984e+00
1.000000000000019984e+00
1.000000000000019984e+00
1.000000000000019984e+00
1.000000000000019984e+00
1.000000000000019984e+00
1.000000000000019984e+00
1.000000000000019984e+00
1.000000000000019984e+00
1.000000000000019984e+00
1.000000000000019984e+00
1.000000000000019984e+00
1.000000000000019984e+00
1.000000000000019984e+00
1.000000000000019984e+00
1.000000000000019984e+00
1.000000000000019984e+00
1.000000000000019984e+00
1.000000000000019984e+00
1.000000000000019984e+00
1.000000000000019984e+00
1.000000000000019984e+00
1.000000000000019984e+00
1.000000000000019984e+00
1.000000000000019984e+00
1.000000000000019984e+00
1.000000000000019984e+00
1.000000000000019984e+00
1.000000000000019984e+00
1.000000000000019984e+00
1.000000000000019984e+00
1.000000000000019984e+00
1.000000000000019984e+00
1.000000000000019984e+00
1.000000000000019984e+00
1.000000000000019984e+00
1.000000000000019984e+00
1.000000000000019984e+00
1.000000000000019984e+00
1.000000000000019762e+00
1.000000000000019762e+00
1.000000000000019762e+00
1.000000000000019762e+00
1.000000000000019762e+00
1.000000000000019762e+00
1.000000000000019762e+00
1.000000000000019762e+00
1.000000000000019762e+00
1.000000000000019762e+00
1.000000000000019762e+00
1.000000000000019762e+00
1.000000000000019762e+00
1.000000000000019762e+00
1.000000000000019762e+00
1.000000000000019762e+00
1.000000000000019762e+00
1.000000000000019762e+00
1.000000000000019762e+00
1.000000000000019762e+00
1.000000000000019762e+00
1.000000000000019762e+00
1.000000000000019762e+00
1.000000000000019762e+00
1.000000000000019762e+00
1.000000000000019762e+00
1.000000000000019762e+00
1.000000000000019762e+00
1.000000000000019762e+00
1.000000000000019762e+00
1.000000000000019762e+00
1.000000000000019762e+00
1.000000000000019762e+00
1.000000000000019762e+00
1.000000000000019762e+00
1.000000000000019762e+00
1.000000000000019762e+00
1.000000000000019540e+00
1.000000000000019762e+00
1.000000000000019762e+00
1.000000000000019762e+00
1.000000000000019762e+00
1.000000000000019762e+00
1.000000000000019762e+00
1.000000000000019762e+00
1.000000000000019540e+00
1.000000000000019540e+00
1.000000000000019540e+00
1.000000000000019540e+00
1.000000000000019540e+00
1.000000000000019540e+00
1.000000000000019540e+00
1.000000000000019540e+00
1.000000000000019540e+00
1.000000000000019540e+00
1.000000000000019540e+00
1.000000000000019540e+00
1.000000000000019540e+00
1.000000000000019540e+00
1.000000000000019540e+00
1.000000000000019540e+00
1.000000000000019762e+00
1.000000000000019762e+00
1.000000000000019762e+00
1.000000000000019762e+00
1.000000000000019762e+00
1.000000000000019762e+00
1.000000000000019762e+00
1.000000000000019540e+00
1.000000000000019540e+00
1.000000000000019540e+00
1.000000000000019540e+00
1.000000000000019540e+00
1.000000000000019762e+00
1.000000000000019762e+00
1.000000000000019762e+00
1.000000000000019540e+00
1.000000000000019540e+00
1.000000000000019540e+00
1.000000000000019540e+00
1.000000000000019540e+00
1.000000000000019540e+00
1.000000000000019540e+00
1.000000000000019540e+00
1.000000000000019540e+00
1.000000000000019540e+00
1.000000000000019540e+00
1.000000000000019540e+00
1.000000000000019762e+00
1.000000000000019762e+00
1.000000000000019762e+00
1.000000000000019762e+00
1.000000000000019540e+00
1.000000000000019540e+00
1.000000000000019540e+00
1.000000000000019540e+00
1.000000000000019540e+00
1.000000000000019540e+00
1.000000000000019540e+00
1.000000000000019762e+00
1.000000000000019540e+00
1.000000000000019540e+00
1.000000000000019762e+00
1.000000000000019762e+00
1.000000000000019762e+00
1.000000000000019762e+00
1.000000000000019762e+00
1.000000000000019762e+00
1.000000000000019762e+00
1.000000000000019762e+00
1.000000000000019762e+00
1.000000000000019762e+00
1.000000000000019762e+00
1.000000000000019762e+00
1.000000000000019762e+00
1.000000000000019762e+00
1.000000000000019762e+00
1.000000000000019762e+00
1.000000000000019762e+00
1.000000000000019540e+00
1.000000000000019762e+00
1.000000000000019762e+00
1.000000000000019762e+00
1.000000000000019762e+00
1.000000000000015543e+00
1.000000000000015543e+00
1.000000000000015321e+00
1.000000000000015321e+00
1.000000000000015321e+00
1.000000000000015321e+00
1.000000000000015321e+00
1.000000000000015321e+00
1.000000000000015321e+00
1.000000000000015321e+00
1.000000000000015321e+00
1.000000000000015321e+00
1.000000000000015321e+00
1.000000000000015321e+00
1.000000000000015321e+00
1.000000000000015321e+00
1.000000000000015321e+00
1.000000000000015321e+00
1.000000000000015321e+00
1.000000000000015321e+00
1.000000000000015321e+00
1.000000000000015321e+00
1.000000000000015321e+00
1.000000000000015321e+00
1.000000000000015543e+00
1.000000000000015543e+00
1.000000000000015543e+00
1.000000000000015543e+00
1.000000000000015543e+00
1.000000000000015321e+00
1.000000000000015321e+00
1.000000000000015321e+00
1.000000000000015321e+00
1.000000000000015321e+00
1.000000000000015321e+00
1.000000000000015321e+00
1.000000000000015321e+00
1.000000000000015321e+00
1.000000000000015321e+00
1.000000000000015321e+00
1.000000000000015321e+00
1.000000000000015543e+00
1.000000000000015543e+00
1.000000000000015543e+00
1.000000000000015543e+00
1.000000000000015543e+00
1.000000000000015321e+00
1.000000000000015321e+00
1.000000000000015321e+00
1.000000000000015321e+00
1.000000000000015321e+00
1.000000000000015321e+00
1.000000000000015321e+00
1.000000000000015321e+00
1.000000000000015321e+00
1.000000000000015321e+00
1.000000000000015321e+00
1.000000000000015321e+00
1.000000000000014655e+00
1.000000000000014877e+00
1.000000000000014877e+00
1.000000000000014877e+00
1.000000000000014655e+00
1.000000000000014655e+00
1.000000000000014655e+00
1.000000000000014655e+00
1.000000000000014877e+00
1.000000000000014877e+00
1.000000000000014877e+00
1.000000000000014877e+00
1.000000000000014877e+00
1.000000000000014877e+00
1.000000000000014655e+00
1.000000000000014655e+00
1.000000000000014655e+00
1.000000000000014655e+00
1.000000000000014655e+00
1.000000000000014655e+00
1.000000000000014655e+00
1.000000000000009548e+00
1.000000000000009548e+00
1.000000000000009548e+00
1.000000000000009548e+00
1.000000000000009548e+00
1.000000000000009548e+00
1.000000000000009548e+00
1.000000000000009548e+00
1.000000000000009548e+00
1.000000000000009548e+00
1.000000000000009548e+00
1.000000000000009548e+00
1.000000000000009548e+00
1.000000000000009548e+00
1.000000000000009548e+00
1.000000000000009548e+00
1.000000000000007550e+00
1.000000000000007327e+00
1.000000000000007327e+00
1.000000000000007327e+00
1.000000000000007327e+00
1.000000000000007327e+00
1.000000000000007550e+00
1.000000000000007550e+00
1.000000000000007327e+00
1.000000000000007327e+00
1.000000000000007327e+00
1.000000000000007327e+00
1.000000000000007327e+00
1.000000000000007327e+00
1.000000000000007327e+00
1.000000000000007327e+00
1.000000000000007327e+00
1.000000000000007327e+00
1.000000000000007327e+00
1.000000000000007327e+00
1.000000000000007327e+00
1.000000000000007327e+00
1.000000000000007327e+00
1.000000000000007327e+00
1.000000000000007327e+00
1.000000000000007327e+00
1.000000000000007327e+00
1.000000000000007327e+00
1.000000000000007327e+00
1.000000000000007327e+00
1.000000000000007327e+00
1.000000000000007327e+00
1.000000000000007327e+00
1.000000000000007327e+00
1.000000000000007327e+00
1.000000000000007327e+00
1.000000000000007327e+00
1.000000000000007327e+00
1.000000000000007327e+00
1.000000000000007327e+00
1.000000000000007327e+00
1.000000000000007327e+00
1.000000000000007327e+00
1.000000000000007327e+00
1.000000000000007327e+00
1.000000000000007327e+00
1.000000000000007327e+00
1.000000000000007327e+00
1.000000000000007327e+00
1.000000000000007327e+00
1.000000000000007327e+00
1.000000000000007327e+00
1.000000000000007327e+00
1.000000000000007327e+00
1.000000000000007327e+00
1.000000000000007327e+00
1.000000000000007327e+00
1.000000000000007105e+00
1.000000000000007105e+00
1.000000000000007105e+00
1.000000000000007105e+00
1.000000000000007105e+00
1.000000000000007105e+00
1.000000000000007105e+00
1.000000000000007105e+00
1.000000000000007327e+00
1.000000000000007327e+00
1.000000000000007327e+00
1.000000000000007327e+00
1.000000000000007327e+00
1.000000000000007327e+00
1.000000000000007327e+00
1.000000000000007327e+00
1.000000000000007327e+00
1.000000000000007327e+00
1.000000000000007327e+00
1.000000000000007327e+00
1.000000000000007327e+00
1.000000000000007327e+00
1.000000000000007327e+00
1.000000000000007327e+00
1.000000000000007327e+00
1.000000000000007327e+00
1.000000000000007327e+00
1.000000000000007327e+00
1.000000000000007327e+00
1.000000000000007327e+00
1.000000000000007327e+00
1.000000000000007327e+00
1.000000000000007327e+00
1.000000000000007327e+00
1.000000000000007327e+00
1.000000000000007327e+00
1.000000000000007327e+00
1.000000000000007327e+00
1.000000000000007327e+00
1.000000000000007327e+00
1.000000000000007327e+00
1.000000000000007327e+00
1.000000000000007327e+00
1.000000000000007327e+00
1.000000000000007327e+00
1.000000000000007327e+00
1.000000000000007327e+00
1.000000000000007327e+00
1.000000000000007327e+00
1.000000000000007327e+00
1.000000000000007327e+00
1.000000000000007105e+00
1.000000000000007105e+00
1.000000000000007327e+00
1.000000000000007327e+00
1.000000000000007327e+00
1.000000000000007327e+00
1.000000000000007327e+00
1.000000000000007327e+00
1.000000000000007105e+00
1.000000000000007105e+00
1.000000000000007105e+00
1.000000000000007105e+00
1.000000000000007105e+00
1.000000000000007105e+00
1.000000000000007105e+00
1.000000000000007105e+00
1.000000000000007105e+00
1.000000000000007105e+00
1.000000000000007105e+00
1.000000000000007105e+00
1.000000000000007105e+00
1.000000000000007105e+00
1.000000000000007105e+00
1.000000000000007105e+00
1.000000000000007105e+00
1.000000000000007327e+00
1.000000000000007105e+00
1.000000000000007105e+00
1.000000000000007105e+00
1.000000000000007105e+00
1.000000000000007105e+00
9.999999999999930056e-01
9.999999999999930056e-01
9.999999999999930056e-01
9.999999999999930056e-01
9.999999999999557021e-01
9.999999999999555911e-01
9.999999999999557021e-01
9.999999999999557021e-01
9.999999999999557021e-01
9.999999999999557021e-01
9.999999999999557021e-01
9.999999999999557021e-01
9.999999999999557021e-01
9.999999999999555911e-01
9.999999999998407940e-01
9.999999999998407940e-01
9.999999999998407940e-01
9.999999999998407940e-01
9.999999999980583310e-01
9.999999999980584420e-01
9.999999999980528909e-01
9.999999999980045962e-01
9.999999999980045962e-01
9.999999999840862852e-01
9.999999999840862852e-01
9.999999999840862852e-01
9.999999999840862852e-01
9.999999999840862852e-01
9.999999999506317128e-01
9.999999999506317128e-01
9.999999999506312687e-01
9.999999999506312687e-01
9.999999999506312687e-01
9.999999999506312687e-01
9.999999999240695159e-01
9.999999999240695159e-01
9.999999998050410621e-01
9.999999977663839301e-01
9.999999977663839301e-01
9.999999977663518447e-01
9.999999977663518447e-01
9.999999929632482631e-01
9.999999929632482631e-01
9.999999929632482631e-01
9.999999929630473128e-01
9.999999929630473128e-01
9.999999929630473128e-01
9.999999929630473128e-01
9.999999877879083288e-01
9.999999877879083288e-01
9.999999877879083288e-01
9.999999849459545453e-01
9.999998496723865316e-01
9.999998496723865316e-01
9.999998496723865316e-01
9.999998496713452534e-01
9.999994961922589187e-01
9.999994961922588077e-01
9.999994961521629921e-01
9.999994961521629921e-01
9.999994961521629921e-01
9.999994961521629921e-01
9.999994961521629921e-01
9.999994961521629921e-01
9.999990226273296479e-01
9.999990226273296479e-01
9.999990226273296479e-01
9.999990226273296479e-01
9.999956339112020531e-01
9.999956339109895564e-01
9.999956191212669987e-01
9.999955811115035509e-01
9.999955811115035509e-01
9.999813580831204973e-01
9.999813580831204973e-01
9.999813580817695780e-01
9.999813580817695780e-01
9.999813580817695780e-01
9.999611715073988272e-01
9.999611714461736911e-01
9.999611714461735801e-01
9.999611714461735801e-01
9.999611714461735801e-01
9.999611714461735801e-01
9.999611714461735801e-01
9.999611714461735801e-01
9.999572369885502132e-01
9.999299444144054139e-01
9.996412340146179076e-01
9.996412340146179076e-01
9.996412233170101080e-01
9.996412233170101080e-01
9.992211285679956090e-01
9.992211285671099841e-01
9.992211285671099841e-01
9.992211238679772345e-01
9.992211238679772345e-01
9.992211238679710172e-01
9.992211238679710172e-01
9.990997166420512166e-01
9.990997166420512166e-01
9.990997166420512166e-01
9.990243118281019186e-01
9.965183444411069846e-01
9.965183444411069846e-01
9.965183444411069846e-01
9.965183119152748459e-01
9.917509171617236996e-01
9.917509171612794994e-01
9.917507544573858080e-01
9.917507544573858080e-01
9.917507544573858080e-01
9.917507544573858080e-01
9.917507544573858080e-01
9.917507544568461286e-01
9.899511073722189192e-01
9.899511073722189192e-01
9.899511073722189192e-01
9.899511073722189192e-01
9.818173249844992512e-01
9.818173246038776059e-01
9.817682112983764364e-01
9.817249170072960274e-01
9.817249170072960274e-01
9.510974091612182102e-01
9.510974091612182102e-01
9.510974060890705628e-01
9.510974060890705628e-01
9.510974060890705628e-01
9.377010799921360329e-01
9.377010582323387355e-01
9.377010582322774512e-01
9.377010582322705678e-01
9.377010582322705678e-01
9.377010582322705678e-01
9.377010582322705678e-01
9.377010582322705678e-01
9.368448099861230727e-01
9.277008634947031540e-01
9.277008634947031540e-01
8.293397405031178726e-01
8.293397405031178726e-01
8.293364909119103068e-01
8.293364909119103068e-01
7.763611141373387703e-01
7.763611138434490799e-01
7.763611138434490799e-01
7.763607445872063861e-01
7.763607445872063861e-01
7.763607445868992984e-01
7.763607445868992984e-01
7.710728506691817419e-01
7.710728506691817419e-01
7.710728506691790773e-01
7.672635638565221683e-01
6.258841891905839727e-01
6.258841891905839727e-01
6.258841891905839727e-01
6.258829011582023316e-01
5.048755984518752404e-01
5.048755984453322521e-01
5.048724569990102884e-01
5.048724569990102884e-01
5.048724569990102884e-01
5.048724569990102884e-01
5.048724569990102884e-01
5.048724569990102884e-01
5.048724569796235739e-01
4.888399894446239791e-01
4.888399894446239791e-01
4.888399894446239791e-01
4.888399894446239791e-01
4.058386922871277114e-01
4.058386910534269032e-01
4.055211550665356324e-01
4.053344256215926089e-01
4.053344256215924979e-01
2.462012508348020712e-01
2.462012508348020712e-01
2.462012319060610244e-01
2.462012319060610244e-01
2.462012319060610244e-01
2.201784892980110098e-01
2.201784675827915261e-01
2.201784675824808302e-01
2.201784675824762783e-01
2.201784675824762783e-01
2.201784675824762783e-01
2.201784675824762783e-01
2.201784675824762783e-01
2.191027897797204471e-01
2.009290248165042092e-01
2.009290248165042092e-01
9.558112957093552187e-02
9.558112957093552187e-02
9.557727803192657412e-02
9.557727803192657412e-02
9.557727803192657412e-02
7.021752361016128652e-02
7.021752329106602242e-02
7.021752329106602242e-02
7.021741932655514717e-02
7.021741932655514717e-02
7.021741932649280815e-02
7.021741932649280815e-02
6.855151578713178373e-02
6.855151578713178373e-02
6.855151578712968818e-02
6.695025146991906428e-02
3.352377692309717327e-02
3.352377692309717327e-02
3.352377692309717327e-02
3.352351285366051564e-02
1.739953892668362131e-02
1.739953892614256106e-02
1.739922711196262989e-02
1.739922711196262989e-02
1.739922711196262989e-02
1.739922711196262989e-02
1.739922711196262989e-02
1.739922711196262989e-02
1.739922710828924884e-02
1.591892737677817402e-02
1.591892737677817402e-02
1.591892737677817402e-02
1.591892737677817402e-02
1.065675655891919205e-02
1.065675652851882232e-02
1.062789689845586479e-02
1.062221647571008794e-02
1.062221647571008620e-02
3.971656088728069654e-03
3.971656088728069654e-03
3.971654963346974050e-03
3.971654963346974050e-03
3.971654963346974050e-03
3.971654963346974050e-03
3.095406107254799859e-03
3.095405864767126255e-03
3.095405864752454397e-03
3.095405864752454397e-03
3.095405864752396284e-03
3.095405864752396284e-03
3.095405864752396284e-03
3.095405864752396284e-03
3.080599633380808142e-03
2.670439041693085762e-03
2.670439041693085762e-03
9.667562037324201876e-04
9.667562037324201876e-04
9.666077779317023156e-04
9.666077779317023156e-04
9.666077779317023156e-04
5.669939664401750772e-04
5.669939606596266198e-04
5.669939606596266198e-04
5.669933618662445539e-04
5.669933618662445539e-04
5.669933618658206309e-04
5.669933618658206309e-04
5.553200446923241577e-04
5.553200446923241577e-04
5.553200446922814401e-04
5.372659561891380544e-04
2.569360399447822717e-04
2.569360399447822717e-04
2.569360399447822717e-04
2.569310457179790007e-04
1.062274504119441898e-04
1.062274504094435452e-04
1.062262703526812777e-04
1.062262703526812777e-04
1.062262703526812777e-04
1.062262703526812777e-04
1.062262703526812777e-04
1.062262703526812777e-04
1.062262703165755835e-04
9.916583771276554641e-05
9.916583771276554641e-05
9.916583771276554641e-05
9.916583771276554641e-05
9.916583771276554641e-05
6.806837200797219661e-05
6.806837187649396716e-05
6.781893804409204875e-05
6.779854902505044257e-05
6.779854902505044257e-05
2.186063415298655936e-05
2.186063415298655598e-05
2.186062179449938059e-05
2.186062179449938059e-05
2.186062179449938059e-05
2.186062179449938059e-05
1.824049918401451952e-05
1.824049918387959056e-05
1.824049826472374280e-05
1.824049826472374280e-05
1.824049826472359711e-05
1.824049826472359711e-05
1.824049826472359711e-05
1.819345468521923098e-05
1.819345468521923098e-05
1.596154052992106314e-05
1.596154052992106314e-05
5.218613130505456198e-06
5.218613130505456198e-06
5.217655470089143940e-06
5.217655470089143940e-06
5.217655470089143940e-06
3.526641215287335539e-06
3.526641136001417057e-06
3.526641136001417057e-06
3.526638595714422916e-06
3.526638595714422916e-06
3.526638595713227329e-06
3.526638595713227329e-06
3.484711024980286936e-06
3.484711024980286936e-06
3.484711024979842243e-06
3.374196079851175458e-06
1.442535378177464375e-06
1.442535378177464375e-06
1.442535378177464375e-06
1.442500793523464427e-06
7.211179162780013471e-07
7.211179162696173091e-07
7.211119652809911738e-07
7.211119652809911738e-07
7.211119652809911738e-07
7.211119652809911738e-07
7.211119652809911738e-07
7.211119652809911738e-07
7.211119646939966002e-07
6.904091770726380833e-07
6.904091770726380833e-07
6.904091770726380833e-07
6.904091770726380833e-07
6.904091770726380833e-07
4.257289498601767681e-07
4.257289494863340652e-07
4.242120361727201678e-07
4.241247962913976995e-07
4.241247962913976995e-07
1.600236958170414788e-07
1.600236958170414523e-07
1.600235502998578024e-07
1.600235502998578024e-07
1.600235502998578024e-07
1.600235502998578024e-07
1.411574646242760277e-07
1.411574646214257088e-07
1.411574606202549889e-07
1.411574606202549889e-07
1.411574606202545389e-07
1.411574606202545389e-07
1.411574606202545389e-07
1.408492611109302273e-07
1.408492611109302273e-07
1.162506417092305810e-07
1.162506417092305810e-07
4.033289476320169995e-08
4.032400281509701087e-08
4.032400281509701087e-08
4.032400281509701087e-08
4.032400281509701087e-08
3.007213485100360866e-08
3.007213358424251617e-08
3.007213358424251617e-08
3.007212015808066517e-08
3.007212015808066517e-08
3.007212015807589399e-08
3.007212015807589399e-08
2.973847872071784362e-08
2.973847872071784362e-08
2.973847872070641198e-08
2.819786931927339278e-08
1.172516421513417772e-08
1.172516421513417772e-08
1.172516421513417772e-08
1.172480902753044462e-08
6.707477370921986007e-09
6.707477370882155607e-09
6.707439946116097237e-09
6.707439946116097237e-09
6.707439946116097237e-09
6.707439946116097237e-09
6.707439946116097237e-09
6.707439946116097237e-09
6.707439934956853402e-09
6.417175095552163873e-09
6.417175095552163873e-09
6.417175095552163873e-09
6.417175095552163873e-09
6.417175095552163873e-09
6.417175095552163873e-09
3.719081594918036860e-09
3.719081593351489956e-09
3.696510849912731152e-09
3.696029313916620514e-09
3.696029313916620514e-09
1.590991613975030123e-09
1.590991613975027849e-09
1.590989377966581431e-09
1.590989377966581431e-09
1.590989377966581431e-09
1.389137917631008349e-09
1.389137917631008349e-09
1.389137917570352642e-09
1.389137896292902792e-09
1.389137896292902792e-09
1.389137896292899690e-09
1.389137896292899690e-09
1.389137896292899690e-09
1.386966955616579808e-09
1.386966955616579808e-09
1.099379368177358255e-09
1.099379368177358255e-09
4.168148821166623938e-10
4.166292981330612899e-10
4.166292981330612899e-10
4.166292981330612899e-10
4.166292981330612899e-10
3.007789098521505370e-10
3.007788901527444187e-10
3.007788901527444187e-10
3.007788164017900149e-10
3.007788164017900149e-10
3.007788164017605466e-10
3.007788164017605466e-10
3.007788164017605466e-10
2.983453427651942002e-10
2.983453427651942002e-10
2.983453427649414448e-10
2.791370035417613092e-10
1.224599308693791616e-10
1.224599308693791616e-10
1.224523578715958023e-10
1.224523578715958023e-10
6.603768974499039848e-11
6.603768974475207999e-11
6.603768974475207999e-11
6.603768974475207999e-11
6.603749055133751175e-11
6.603749055133751175e-11
6.603749055133751175e-11
6.603749055133751175e-11
6.603749038318844362e-11
6.396686133718840604e-11
6.396686133718840604e-11
6.396686133718840604e-11
6.396686133718840604e-11
6.396686133718840604e-11
6.396686133718840604e-11
3.841234758339048252e-11
3.841234757307482943e-11
3.811060919384690156e-11
3.810779851921098901e-11
3.810779851921098901e-11
1.529359683760771319e-11
1.529359683760766795e-11
1.529355645168809719e-11
1.529355645168809719e-11
1.529355645168809719e-11
1.388393275655426268e-11
1.388393275655426268e-11
1.388393275561237862e-11
1.388393262441144412e-11
1.388393262441144412e-11
1.388393262441143120e-11
1.388393262441143120e-11
1.388393262441143120e-11
1.387201641759161822e-11
1.387201641759161822e-11
1.118087681154565540e-11
1.118087681154565540e-11
3.963185230169456624e-12
3.961079023487756485e-12
3.961079023487756485e-12
3.961079023487756485e-12
3.961079023487756485e-12
3.128367571606187545e-12
3.128367155055867549e-12
3.128367155055867549e-12
3.128367155055867549e-12
3.128366662572581887e-12
3.128366662572446582e-12
3.128366662572446582e-12
3.128366662572446582e-12
3.113861369172920730e-12
3.113861369172920730e-12
3.113861369168640636e-12
2.920873715370248442e-12
1.185434239193697491e-12
1.185345150087534551e-12
1.185345150087534551e-12
1.185345150087534551e-12
7.403355404718442627e-13
7.403355404718442627e-13
7.403355404705694635e-13
7.403355404705694635e-13
7.403339951025644191e-13
7.403339951025644191e-13
7.403339951025644191e-13
7.403339951025644191e-13
7.403339909716871450e-13
7.258698513304289670e-13
7.258698513304289670e-13
7.258698513304289670e-13
7.258698513304289670e-13
7.258698513304289670e-13
7.258698513304289670e-13
3.976244013051331249e-13
3.976244012580924782e-13
3.946488868816649767e-13
3.946302816451420849e-13
1.858934191608548982e-13
1.858934191608548982e-13
1.858934191608539389e-13
1.858926700712513205e-13
1.858926700712513205e-13
1.858926700712513205e-13
1.740954076981128059e-13
1.740954076981128059e-13
1.740954076981128059e-13
1.740954076691647409e-13
1.740954076691647409e-13
1.740954067912374510e-13
1.740954067912374510e-13
1.740954067912374510e-13
1.740954067912374005e-13
1.739797276693654536e-13
1.739797276693654536e-13
1.308020584712238313e-13
1.308020584712238313e-13
1.308020584712238313e-13
5.132192749626532359e-14
5.132192749626532359e-14
5.128943834687306596e-14
5.128943834687306596e-14
4.312747423122524958e-14
4.312746429238825638e-14
4.312746429238825638e-14
4.312746429238825638e-14
4.312746030915336887e-14
4.312746030915251059e-14
4.312746030915251059e-14
4.312746030915251059e-14
4.295717301107691198e-14
4.295717301107691198e-14
4.295717301091769460e-14
3.906358121153847144e-14
1.612091432302483458e-14
1.611939865131771112e-14
1.611939865131771112e-14
1.611939865131771112e-14
1.112570577760261450e-14
1.112570577760261450e-14
1.112570577760261450e-14
1.112570577759303615e-14
1.112569092500390267e-14
1.112569092500390267e-14
1.112569092500390267e-14
1.112569092500390267e-14
1.112569092500390267e-14
1.112569080788243247e-14
1.092376648530867363e-14
1.092376648530867363e-14
1.092376648530867363e-14
1.092376648530867363e-14
1.092376648530867363e-14
1.092376648530867363e-14
5.740196007710355283e-15
5.672678218719203103e-15
5.672678218400671325e-15
5.672514623539044893e-15
3.007253223232636341e-15
3.007253223232636341e-15
3.007253223232586248e-15
3.007235188520562774e-15
3.007235188520562774e-15
3.007235188520562774e-15
2.816639365233710759e-15
2.816639365233710759e-15
2.816639365233710759e-15
2.816639364282441537e-15
2.816639364282441537e-15
2.816639356637096283e-15
2.816639356637096283e-15
2.816639356637096283e-15
2.816639356637095494e-15
2.815350499689581057e-15
2.815350499689581057e-15
2.027946152063742614e-15
2.027946152063742614e-15
2.027946152063742614e-15
2.027946152063742614e-15
8.747182958449761842e-16
8.736868257654536105e-16
8.736868257654536105e-16
7.286800036338104908e-16
7.286797426187915925e-16
7.286797426187913952e-16
7.286797426187913952e-16
7.286797047874103614e-16
7.286797047874018812e-16
7.286797047874018812e-16
7.286797047874018812e-16
7.266086009877915522e-16
7.266086009877915522e-16
7.266086009820727051e-16
6.472851178235182707e-16
2.820570250797885328e-16
2.820570250797885328e-16
2.820062924288857160e-16
2.820062924288857160e-16
2.820062924288857160e-16
1.899395598368959735e-16
1.899395598368959735e-16
1.899395598368959735e-16
1.899395598367986478e-16
1.899394158147952674e-16
1.899394158147952674e-16
1.899394158147952674e-16
1.899394158147952674e-16
1.899394158147952674e-16
1.899394126744524164e-16
1.874223290661994334e-16
1.874223290661994334e-16
1.874223290661994334e-16
1.874223290661994334e-16
1.874223290661994334e-16
1.874223290661994334e-16
1.012684507737171915e-16
9.974602525465143154e-17
9.974602525121786514e-17
9.974434242033815276e-17
5.083864207939670340e-17
5.083864207939489765e-17
5.083864207939489765e-17
5.083864207939489765e-17
5.083807846758409649e-17
5.083807846758409649e-17
4.847803058013848288e-17
4.847803058013848288e-17
4.847803058013848288e-17
4.847803055421489884e-17
4.847803055421489884e-17
4.847803055421489884e-17
4.847803047525608520e-17
4.847803047525608520e-17
4.847803047525608520e-17
4.846532567554560202e-17
3.545327224097859824e-17
3.545327224097859824e-17
3.545327224097859824e-17
3.545327224097859824e-17
3.533038683604675459e-17
1.461247952756761779e-17
1.461247952756761779e-17
1.461247952756761779e-17
1.279952999769514059e-17
1.279952119116362403e-17
1.279952119116361787e-17
1.279952119116361787e-17
1.279952078421245896e-17
1.279952078421239579e-17
1.279952078421239579e-17
1.279952078421239579e-17
1.277823547463031256e-17
1.277823547463031256e-17
1.277823547446759767e-17
1.142608948076164632e-17
4.739243252061962473e-18
4.739243252061962473e-18
4.738202188191168819e-18
4.738202188191168819e-18
4.738202188191168819e-18
4.738202188191168819e-18
4.738202188191168819e-18
3.518671368263460205e-18
3.518671368262620499e-18
3.518669645079012980e-18
3.518669645079012980e-18
3.518669645079012980e-18
3.518669645079012980e-18
3.518669645079012980e-18
3.518669527229160271e-18
3.489783428382746641e-18
3.489783428382746641e-18
3.489783428382746641e-18
3.489783428382746641e-18
3.489783428382746641e-18
1.764455596732611238e-18
1.764455596732611238e-18
1.739061001315088932e-18
1.739061001288842359e-18
1.739043166917254419e-18
1.739043166917061056e-18
1.014745831866931344e-18
1.014745831866931344e-18
1.014745831866931344e-18
1.014729510086442292e-18
1.014729510086442292e-18
9.829519877531636538e-19
9.829519877531636538e-19
9.829519877531636538e-19
9.829519877531636538e-19
9.829519865877100666e-19
9.829519865877100666e-19
9.829519865877100666e-19
9.829519857713738448e-19
9.829519857713738448e-19
9.829519857713738448e-19
9.827698681844659125e-19
6.734056659345300562e-19
6.734056659345300562e-19
6.734056659345300562e-19
6.734056659345300562e-19
6.709716356783700157e-19
3.126749435426986909e-19
3.126749435426986909e-19
3.126749435426986909e-19
2.840343246011847818e-19
2.840340093757389255e-19
2.840340093757389255e-19
2.840340093757386848e-19
2.840340043362179846e-19
2.840340043362173587e-19
2.840340043362173587e-19
2.840340043362173587e-19
2.836684324833680927e-19
2.836684324833680927e-19
2.836684324745995263e-19
2.440868187242980100e-19
2.440868187242980100e-19
1.069281757641659733e-19
1.068990772805287128e-19
1.068990772805287128e-19
1.068990772805287128e-19
8.483038513643916761e-20
8.483038513643916761e-20
8.483038513643916761e-20
8.483038513642918889e-20
8.483038513642918889e-20
8.483035994975650808e-20
8.483035994975650808e-20
8.483035994975650808e-20
8.483035994975650808e-20
8.483035497080821855e-20
8.424424448456234877e-20
8.424424448456234877e-20
8.424424448456234877e-20
8.424424448456234877e-20
8.424424448456234877e-20
4.202636256231414758e-20
4.114304460305164370e-20
4.114304460305164370e-20
4.114304460275125881e-20
4.114304460273942036e-20
2.634303054811867183e-20
2.634292763846796498e-20
2.634292763846796498e-20
2.634292763846796498e-20
2.634232365153289149e-20
2.634232365153289149e-20
2.559347038744928845e-20
2.559347038744928845e-20
2.559347038744928845e-20
2.559347038744928845e-20
2.559347033001758806e-20
2.559347033001758806e-20
2.559347033001758806e-20
2.559347031870132325e-20
2.559347031870132325e-20
2.559347031870132325e-20
2.559347031870132325e-20
2.559036527933990444e-20
1.695754232540389722e-20
1.695754232540389722e-20
1.695754232540389722e-20
1.686245734935796441e-20
8.611581479988583152e-21
8.611581479988583152e-21
8.611581479988583152e-21
7.851388418856207287e-21
7.851388418856207287e-21
7.851375193062337652e-21
7.851375193062318092e-21
7.851375114325055311e-21
7.851375114325044778e-21
7.851375114325044778e-21
7.851375114325044778e-21
7.844347827643778205e-21
7.844347827643778205e-21
7.844347827156381007e-21
7.844347827156381007e-21
6.587245009003711838e-21
6.587245009003711838e-21
3.061407209382674330e-21
3.059935165856507798e-21
3.059935165856507798e-21
3.059935165856507798e-21
2.429251093798231550e-21
2.429251093798231550e-21
2.429251093798231550e-21
2.429251093798231550e-21
2.429251093798070930e-21
2.429251093798070930e-21
2.429250671466938288e-21
2.429250447270296744e-21
2.429250447270296744e-21
2.429250447270296744e-21
2.429250447270296744e-21
2.417140122693553675e-21
2.417140122693553675e-21
2.417140122693553675e-21
2.417140122693553675e-21
1.233908318514180876e-21
1.201672418793477183e-21
1.201672418793477183e-21
1.201672418788434782e-21
1.201672418788434782e-21
1.201672418787701085e-21
7.643803482203731022e-22
7.643785765429197475e-22
7.643785765429197475e-22
7.643471865162568562e-22
7.643471865162568562e-22
7.483694993256274678e-22
7.483694993256274678e-22
7.483694993256274678e-22
7.483694993256274678e-22
7.483694966292856729e-22
7.483694966292856729e-22
7.483694966292856729e-22
7.483694966292856729e-22
7.483694964388868092e-22
7.483694964388868092e-22
7.483694964388868092e-22
5.004766273027300153e-22
5.004523473248200238e-22
5.004523473248200238e-22
4.969330116965444038e-22
4.969330116965444038e-22
2.504201955764953447e-22
2.504201955764953447e-22
2.504201955764953447e-22
2.504201955764953447e-22
2.504193650568720647e-22
2.338611253561951034e-22
2.338611253561938809e-22
2.338611239815428573e-22
2.338611239815427163e-22
2.338611239815427163e-22
2.338611239815427163e-22
2.337335962647173465e-22
2.337335962409564680e-22
2.337335962409564680e-22
2.337335962409564680e-22
1.965497367724546603e-22
1.965497367724546603e-22
8.941881757489975704e-23
8.936537867258068106e-23
8.936537867258068106e-23
8.936537867258068106e-23
7.505448160717496902e-23
7.505448160717496902e-23
7.505448160717496902e-23
7.505448160717496902e-23
7.505448160717496902e-23
7.505448160717266505e-23
7.505447367395998516e-23
7.505446046341745639e-23
7.505446046341745639e-23
7.505446046341745639e-23
7.505446046341745639e-23
7.481764909982958446e-23
7.481764909982958446e-23
7.481764909982958446e-23
7.481764909982958446e-23
7.481764909982958446e-23
3.676866503245468242e-23
3.581613621626323871e-23
3.581613621626323871e-23
3.581613621626323871e-23
3.581613621622745666e-23
3.581613621616038883e-23
2.506739459192197500e-23
2.506735709704713195e-23
2.506592042814544129e-23
2.506592042814544129e-23
2.506592042814544129e-23
2.471213383027189673e-23
2.471213383027189673e-23
2.471213383027189673e-23
2.471213383027189673e-23
2.471213383027189673e-23
2.471213364878454680e-23
2.471213364878454680e-23
2.471213364878454680e-23
2.471213364878454680e-23
2.471213364878454680e-23
2.471213364878454680e-23
2.471213364878454680e-23
2.471213364878454680e-23
2.471213364878454680e-23
2.471213364878454680e-23
2.471213364878454680e-23
2.471213364878454680e-23
2.471213364878454680e-23
2.471213364878454680e-23
2.471213364878454680e-23
2.471213364878454680e-23
2.471213364878454680e-23
2.471213364878454680e-23
2.471213364878454680e-23
2.471213364878454680e-23
2.471213364878454680e-23
2.471213364878454680e-23
2.471213364878454680e-23
2.471213364878454680e-23
2.471213364878454680e-23
2.471213364878454680e-23
2.471213364878454680e-23
2.471213364878454680e-23
2.471213364878454680e-23
2.471213364878454680e-23
2.471213364878454680e-23
2.471213364878454680e-23
2.471213364878454680e-23
2.471213364878454680e-23
2.471213364878454680e-23
2.471213364878454680e-23
2.471213364878454680e-23
2.471213364878454680e-23
2.471213364878454680e-23
2.471213364878454680e-23
2.471213364878454680e-23
2.471213364878454680e-23
2.471213364878454680e-23
2.471213364878454680e-23
2.471213364878454680e-23
2.471213364878454680e-23
2.471213364878454680e-23
2.471213364878454680e-23
2.471213364878454680e-23
2.471213364878454680e-23
2.471213364878454680e-23
2.471213364878454680e-23
2.471213364878454680e-23
2.471213364878454680e-23
2.471213364878454680e-23
2.471213364878454680e-23
2.471213364878454680e-23
2.471213364878454680e-23
2.471213364878454680e-23
2.471213364878454680e-23
2.471213364878454680e-23
2.471213364878454680e-23
2.471213364878454680e-23
2.471213364878454680e-23
2.471213364878454680e-23
2.471213364878454680e-23
2.471213364878454680e-23
2.471213364878454680e-23
2.471213364878454680e-23
2.471213364878454680e-23
2.471213364878454680e-23
2.471213364878454680e-23
2.471213364878454680e-23
2.471213364878454680e-23
2.471213364878454680e-23
2.471213364878454680e-23
2.471213364878454680e-23
2.471213364878454680e-23
2.471213364878454680e-23
2.471213364878454680e-23
2.471213364878454680e-23
2.471213364878454680e-23
2.471213364878454680e-23
2.471213364878454680e-23
2.471213364878454680e-23
2.471213364878454680e-23
2.471213364878454680e-23
2.471213364878454680e-23
2.471213364878454680e-23
2.471213364878454680e-23
2.471213364878454680e-23
2.471213364878454680e-23
2.471213364878454680e-23
2.471213364878454680e-23
2.471213364878454680e-23
2.471213364878454680e-23
2.471213364878454680e-23
2.471213364878454680e-23
2.471213364878454680e-23
2.471213364878454680e-23
2.471213364878454680e-23
2.471213364878454680e-23
2.471213364878454680e-23
2.471213364878454680e-23
2.471213364878454680e-23
2.471213364878454680e-23
2.471213364878454680e-23
2.471213364878454680e-23
2.471213364878454680e-23
2.471213364878454680e-23
2.471213364878454680e-23
2.471213364878454680e-23
2.471213364878454680e-23
2.471213364878454680e-23
2.471213364878454680e-23
2.471213364878454680e-23
2.471213364878454680e-23
2.471213364878454680e-23
2.471213364878454680e-23
2.471213364878454680e-23
2.471213364878454680e-23
2.471213364878454680e-23
2.471213364878454680e-23
2.471213364878454680e-23
2.471213364878454680e-23
2.471213364878454680e-23
2.471213364878454680e-23
2.471213364878454680e-23
2.471213364878454680e-23
2.471213364878454680e-23
2.471213364878454680e-23
2.471213364878454680e-23
2.471213364878454680e-23
2.471213364878454680e-23
2.471213364878454680e-23
2.471213364878454680e-23
2.471213364878454680e-23
2.471213364878454680e-23
2.471213364878454680e-23
2.471213364878454680e-23
2.471213364878454680e-23
2.471213364878454680e-23
2.471213364878454680e-23
2.471213364878454680e-23
2.471213364878454680e-23
2.471213364878454680e-23
2.471213364878454680e-23
2.471213364878454680e-23
2.471213364878454680e-23
2.471213364878454680e-23
2.471213364878454680e-23
2.471213364878454680e-23
2.471213364878454680e-23
2.471213364878454680e-23
2.471213364878454680e-23
2.471213364878454680e-23
2.471213364878454680e-23
2.471213364878454680e-23
2.471213364878454680e-23
2.471213364878454680e-23
2.471213364878454680e-23
2.471213364878454680e-23
2.471213364878454680e-23
2.471213364878454680e-23
2.471213364878454680e-23
2.471213364878454680e-23
2.471213364878454680e-23
2.471213364878454680e-23
2.471213364878454680e-23
2.471213364878454680e-23
2.471213364878454680e-23
2.471213364878454680e-23
2.471213364878454680e-23
2.471213364878454680e-23
2.471213364878454680e-23
2.471213364878454680e-23
2.471213364878454680e-23
2.471213364878454680e-23
2.471213364878454680e-23
2.471213364878454680e-23
2.471213364878454680e-23
2.471213364878454680e-23
2.471213364878454680e-23
2.471213364878454680e-23
2.471213364878454680e-23
2.471213364878454680e-23
2.471213364878454680e-23
2.471213364878454680e-23
2.471213364878454680e-23
2.471213364878454680e-23
2.471213364878454680e-23
2.471213364878454680e-23
2.471213364878454680e-23
2.471213364878454680e-23
2.471213364878454680e-23
2.471213364878454680e-23
2.471213364878454680e-23
2.471213364878454680e-23
2.471213364878454680e-23
2.471213364878454680e-23
2.471213364878454680e-23
2.471213364878454680e-23
2.471213364878454680e-23
2.471213364878454680e-23
2.471213364878454680e-23
2.471213364878454680e-23
2.471213364878454680e-23
2.471213364878454680e-23
2.471213364878454680e-23
2.471213364878454680e-23
2.471213364878454680e-23
2.471213364878454680e-23
2.471213364878454680e-23
2.471213364878454680e-23
2.471213364878454680e-23
2.471213364878454680e-23
2.471213364878454680e-23
2.471213364878454680e-23
2.471213364878454680e-23
2.471213364878454680e-23
2.471213364878454680e-23
2.471213364878454680e-23
2.471213364878454680e-23
2.471213364878454680e-23
2.471213364878454680e-23
2.471213364878454680e-23
2.471213364878454680e-23
2.471213364878454680e-23
2.471213364878454680e-23
2.471213364878454680e-23
2.471213364878454680e-23
2.471213364878454680e-23
2.471213364878454680e-23
2.471213364878454680e-23
2.471213364878454680e-23
2.471213364878454680e-23
2.471213364878454680e-23
2.471213364878454680e-23
2.471213364878454680e-23
2.471213364878454680e-23
2.471213364878454680e-23
2.471213364878454680e-23
2.471213364878454680e-23
2.471213364878454680e-23
2.471213364878454680e-23
2.471213364878454680e-23
2.471213364878454680e-23
2.471213364878454680e-23
2.471213364878454680e-23
2.471213364878454680e-23
2.471213364878454680e-23
2.471213364878454680e-23
2.471213364878454680e-23
2.471213364878454680e-23
2.471213364878454680e-23
2.471213364878454680e-23
2.471213364878454680e-23
2.471213364878454680e-23
2.471213364878454680e-23
2.471213364878454680e-23
2.471213364878454680e-23
2.471213364878454680e-23
2.471213364878454680e-23
2.471213364878454680e-23
2.471213364878454680e-23
2.471213364878454680e-23
2.471213364878454680e-23
2.471213364878454680e-23
2.471213364878454680e-23
2.471213364878454680e-23
2.471213364878454680e-23
2.471213364878454680e-23
2.471213364878454680e-23
2.471213364878454680e-23
2.471213364878454680e-23
2.471213364878454680e-23
2.471213364878454680e-23
2.471213364878454680e-23
2.471213364878454680e-23
2.471213364878454680e-23
2.471213364878454680e-23
2.471213364878454680e-23
2.471213364878454680e-23
2.471213364878454680e-23
2.471213364878454680e-23
2.471213364878454680e-23
2.471213364878454680e-23
2.471213364878454680e-23
2.471213364878454680e-23
2.471213364878454680e-23
2.471213364878454680e-23
2.471213364878454680e-23
2.471213364878454680e-23
2.471213364878454680e-23
2.471213364878454680e-23
2.471213364878454680e-23
2.471213364878454680e-23
2.471213364878454680e-23
2.471213364878454680e-23
2.471213364878454680e-23
2.471213364878454680e-23
2.471213364878454680e-23
2.471213364878454680e-23
2.471213364878454680e-23
2.471213364878454680e-23
2.471213364878454680e-23
2.471213364878454680e-23
2.471213364878454680e-23
2.471213364878454680e-23
2.471213364878454680e-23
2.471213364878454680e-23
2.471213364878454680e-23
2.471213364878454680e-23
2.471213364878454680e-23
2.471213364878454680e-23
2.471213364878454680e-23
2.471213364878454680e-23
2.471213364878454680e-23
2.471213364878454680e-23
2.471213364878454680e-23
2.471213364878454680e-23
2.471213364878454680e-23
2.471213364878454680e-23
2.471213364878454680e-23
2.471213364878454680e-23
2.471213364878454680e-23
2.471213364878454680e-23
2.471213364878454680e-23
2.471213364878454680e-23
2.471213364878454680e-23
2.471213364878454680e-23
2.471213364878454680e-23
2.471213364878454680e-23
2.471213364878454680e-23
2.471213364878454680e-23
2.471213364878454680e-23
2.471213364878454680e-23
2.471213364878454680e-23
2.471213364878454680e-23
2.471213364878454680e-23
2.471213364878454680e-23
2.471213364878454680e-23
2.471213364878454680e-23
2.471213364878454680e-23
2.471213364878454680e-23
2.471213364878454680e-23
2.471213364878454680e-23
2.471213364878454680e-23
2.471213364878454680e-23
2.471213364878454680e-23
2.471213364878454680e-23
2.471213364878454680e-23
2.471213364878454680e-23
2.471213364878454680e-23
2.471213364878454680e-23
2.471213364878454680e-23
2.471213364878454680e-23
2.471213364878454680e-23
2.471213364878454680e-23
2.471213364878454680e-23
2.471213364878454680e-23
2.471213364878454680e-23
2.471213364878454680e-23
2.471213364878454680e-23
2.471213364878454680e-23
2.471213364878454680e-23
2.471213364878454680e-23
2.471213364878454680e-23
2.471213364878454680e-23
2.471213364878454680e-23
2.471213364878454680e-23
2.471213364878454680e-23
2.471213364878454680e-23
2.471213364878454680e-23
2.471213364878454680e-23
2.471213364878454680e-23
2.471213364878454680e-23
2.471213364878454680e-23
2.471213364878454680e-23
2.471213364878454680e-23
2.471213364878453798e-23
2.471213364878450859e-23
2.471213364878439104e-23
2.471213364878418827e-23
2.471213364878408835e-23
2.471213364878408835e-23
2.471213364878408835e-23
2.471213364878408835e-23
2.471213364878408835e-23
2.471213364878408835e-23
2.471213364878408835e-23
2.471213364878408835e-23
2.471213364878408835e-23
2.471213364878408835e-23
2.471213364878408835e-23
2.471213364878408835e-23
2.471213364878408835e-23
2.471213364878408835e-23
2.471213364878408835e-23
2.471213364878408835e-23
2.471213364878408835e-23
2.471213364878408835e-23
2.471213364878408835e-23
2.471213364878408248e-23
2.471213364878406191e-23
2.471213364878392966e-23
2.471213364878303629e-23
2.471213364877826378e-23
2.471213364875729296e-23
2.471213364868798875e-23
2.471213364856223437e-23
2.471213364850210783e-23
2.471213364850024173e-23
2.471213364850024173e-23
2.471213364850024173e-23
2.471213364850024173e-23
2.471213364850024173e-23
2.471213364850024173e-23
2.471213364850024173e-23
2.471213364850024173e-23
2.471213364850024173e-23
2.471213364850024173e-23
2.471213364850024173e-23
2.471213364850024173e-23
2.471213364850024173e-23
2.471213364850024173e-23
2.471213364850024173e-23
2.471213364850024173e-23
2.471213364850023586e-23
2.471213364850016239e-23
2.471213364849933073e-23
2.471213364849188397e-23
2.471213364843563950e-23
2.471213364806343979e-23
2.471213364607213473e-23
2.471213363732383540e-23
2.471213360841734492e-23
2.471213355596446539e-23
2.471213353088385343e-23
2.471213353010574964e-23
2.471213353010558213e-23
2.471213353010558213e-23
2.471213353010558213e-23
2.471213353010558213e-23
2.471213353010558213e-23
2.471213353010558213e-23
2.471213353010558213e-23
2.471213353010558213e-23
2.471213353010558213e-23
2.471213353010558213e-23
2.471213353010558213e-23
2.471213353010558213e-23
2.471213353010557038e-23
2.471213353010546458e-23
2.471213353010379538e-23
2.471213353008300089e-23
2.471213352984734953e-23
2.471213352773466880e-23
2.471213351177529645e-23
2.471213340617616322e-23
2.471213284120644780e-23
2.471213035915573315e-23
2.471212215786643846e-23
2.471210727605730500e-23
2.471210016025042111e-23
2.471209993948833262e-23
2.471209993944115121e-23
2.471209993944115121e-23
2.471209993944115121e-23
2.471209993944115121e-23
2.471209993944115121e-23
2.471209993944115121e-23
2.471209993944115121e-23
2.471209993944115121e-23
2.471209993944115121e-23
2.471209993944115121e-23
2.471209993944115121e-23
2.471209993944109538e-23
2.471209993943999923e-23
2.471209993941837307e-23
2.471209993909459491e-23
2.471209993505986336e-23
2.471209988933403237e-23
2.471209947938592585e-23
2.471209638260281442e-23
2.471207589199434683e-23
2.471196626502452307e-23
2.471148465828827077e-23
2.470989344721707000e-23
2.470700660472712036e-23
2.470562648457602798e-23
2.470558366993093241e-23
2.470558366078077859e-23
2.470558366078077859e-23
2.470558366078077859e-23
2.470558366078077859e-23
2.470558366078077859e-23
2.470558366078077859e-23
2.470558366078077859e-23
2.470558366078077859e-23
2.470558366078076977e-23
2.470558366078048471e-23
2.470558366077331714e-23
2.470558366062678001e-23
2.470558365774312192e-23
2.470558361457032654e-23
2.470558307657079498e-23
2.470557697940088055e-23
2.470552231626176961e-23
2.470510939398769643e-23
2.470237753986288665e-23
2.468777200506888207e-23
2.462381037840910306e-23
2.441480258132598686e-23
2.404446620401781925e-23
2.387132972619769924e-23
2.386599817596448213e-23
2.386599703678232730e-23
2.386599703678232142e-23
2.386599703678232142e-23
2.386599703678232142e-23
2.386599703678232142e-23
2.386599703678232142e-23
2.386599703678232142e-23
2.386599703678230379e-23
2.386599703678159849e-23
2.386599703675708062e-23
2.386599703614050150e-23
2.386599702353295137e-23
2.386599677543779216e-23
2.386599306106923866e-23
2.386594677441427761e-23
2.386542221833046069e-23
2.386072041834366698e-23
2.382526238186770886e-23
2.359327527695432304e-23
2.242505558403192356e-23
1.841846281413573502e-23
1.158135213520291369e-23
6.920080710069626423e-24
5.803254597424859295e-24
5.774342645365641006e-24
5.774336497213907696e-24
5.774336497213897410e-24
5.774336497213897410e-24
5.774336497213897410e-24
5.774336497213897410e-24
5.774336497213897410e-24
5.774336497213895941e-24
5.774336497213816595e-24
5.774336497211180549e-24
5.774336497119285543e-24
5.774336494808365036e-24
5.774336447555804918e-24
5.774335517706019097e-24
5.774321596448807434e-24
5.774148121776625948e-24
5.772182854115329154e-24
5.754623116947882715e-24
5.625349644686867617e-24
4.897398181197705361e-24
2.893866439703105531e-24
1.034527775644179149e-24
3.312600180144959797e-25
1.483117853085283246e-25
1.173282709029668245e-25
1.165727395667722346e-25
1.165725791377582956e-25
1.165725791377580431e-25
1.165725791377580431e-25
1.165725791377580431e-25
1.165725791377580431e-25
1.165725791377580201e-25
1.165725791377565737e-25
1.165725791377085667e-25
1.165725791360354388e-25
1.165725790939601338e-25
1.165725782336250938e-25
1.165725613036986405e-25
1.165723078370382053e-25
1.165691493445848040e-25
1.165333659728747349e-25
1.162135341458474056e-25
1.138530663381937556e-25
1.003644949014988124e-25
6.142824206578454487e-26
2.271457869365987879e-26
7.369078670602770784e-27
3.310626007653578735e-27
2.620535380161419989e-27
2.603697516081223908e-27
2.603693940689735140e-27
2.603693940689729401e-27
2.603693940689729401e-27
2.603693940689729401e-27
2.603693940689729401e-27
2.603693940689728683e-27
2.603693940689706083e-27
2.603693940688956691e-27
2.603693940662819089e-27
2.603693940005520516e-27
2.603693926565406057e-27
2.603693662086862246e-27
2.603689702439410204e-27
2.603640360144837173e-27
2.603081292489363603e-27
2.598079758906579242e-27
2.560909831944197705e-27
2.339448830865909717e-27
1.599441323882353405e-27
6.693179301945547666e-28
2.290995539651860415e-28
1.044464109395071085e-28
8.288316539725382608e-29
8.235567494626722263e-29
8.235556293082160583e-29
8.235556293082142647e-29
8.235556293082142647e-29
8.235556293082142647e-29
8.235556293082141526e-29
8.235556293082091079e-29
8.235556293080438668e-29
8.235556293022782523e-29
8.235556291572891512e-29
8.235556261926228626e-29
8.235555678530411169e-29
8.235546944200361165e-29
8.235438102551858319e-29
8.234204796541397638e-29
8.223164253287278142e-29
8.140710007104659260e-29
7.634206514646722495e-29
5.727611167425082024e-29
2.731093880971178539e-29
1.000884163673061967e-29
4.656202406965222055e-30
3.708014541154228397e-30
3.684735274325724202e-30
3.684730330418907564e-30
3.684730330418899857e-30
3.684730330418899857e-30
3.684730330418899857e-30
3.684730330418899156e-30
3.684730330418883742e-30
3.684730330418367364e-30
3.684730330400373991e-30
3.684730329947886309e-30
3.684730320695647144e-30
3.684730138627352812e-30
3.684727412784833758e-30
3.684693444927796215e-30
3.684308529520714046e-30
3.680861216544373752e-30
3.655026883127639807e-30
3.492820277348775010e-30
2.822631705032853020e-30
1.531576188643156276e-30
6.098639675732129374e-31
2.915191328337067475e-31
2.332911327035799436e-31
2.318543847457471794e-31
2.318540795813976146e-31
2.318540795813971329e-31
2.318540795813971329e-31
2.318540795813971329e-31
2.318540795813965198e-31
2.318540795813738801e-31
2.318540795805852994e-31
2.318540795607541673e-31
2.318540791552567085e-31
2.318540711757582159e-31
2.318539517103590099e-31
2.318524629978462511e-31
2.318355926915307354e-31
2.316844540599050469e-31
2.305490754166542135e-31
2.233081692767027199e-31
1.911831125836208736e-31
1.171457058600582765e-31
5.138877036420966658e-32
2.545805741647129097e-32
2.050957802123669382e-32
2.038663819801884897e-32
2.038661208135999547e-32
2.038661208135995168e-32
2.038661208135995168e-32
2.038661208135995168e-32
2.038661208135990789e-32
2.038661208135853123e-32
2.038661208131041633e-32
2.038661208010051553e-32
2.038661205536104547e-32
2.038661156853038184e-32
2.038660427992327535e-32
2.038651345309210571e-32
2.038548416530451536e-32
2.037626087895977623e-32
2.030685610968315190e-32
1.985927404918654105e-32
1.776445415764022321e-32
1.213905155813643226e-32
5.932075427594296242e-33
3.077070814018106562e-33
2.501423820527126825e-33
2.486989605061106669e-33
2.486986538045154716e-33
2.486986538045149584e-33
2.486986538045149584e-33
2.486986538045149584e-33
2.486986538045149584e-33
2.486986538045145821e-33
2.486986538045029844e-33
2.486986538040986058e-33
2.486986537939302286e-33
2.486986535860121926e-33
2.486986494945386032e-33
2.486985882388507112e-33
2.486978249011830316e-33
2.486891742903676792e-33
2.486116453956495165e-33
2.480275435395825780e-33
2.442307933919101165e-33
2.257427575645136364e-33
1.694047512802234538e-33
9.284332626693978681e-34
5.101045770891993410e-34
4.196855583839329453e-34
4.173902379626765702e-34
4.173897500997992475e-34
4.173897500997984778e-34
4.173897500997984778e-34
4.173897500997984778e-34
4.173897500997984778e-34
4.173897500997852209e-34
4.173897500993231961e-34
4.173897500877042389e-34
4.173897498501247924e-34
4.173897451749665849e-34
4.173896751806109427e-34
4.173888029451243797e-34
4.173789181179896605e-34
4.172903180754051328e-34
4.166222390574139742e-34
4.122550699508011186e-34
3.903627984750464982e-34
3.165195363675787995e-34
1.947753703945457069e-34
1.147123664003045559e-34
9.586949473488309206e-35
9.538341202956327966e-35
9.538330867282115543e-35
9.538330867282098437e-35
9.538330867282098437e-35
9.538330867282098437e-35
9.538330867282098437e-35
9.538330867281896376e-35
9.538330867274839208e-35
9.538330867097368700e-35
9.538330863468552846e-35
9.538330792059651277e-35
9.538329722957820221e-35
9.538316400322786309e-35
9.538165416933741718e-35
9.536812011222922051e-35
9.526600663211133673e-35
9.459581920202268383e-35
9.116459294882131616e-35
7.863395787258406830e-35
5.407479980514447309e-35
3.451440162031025386e-35
2.942498672702153704e-35
2.929098759446513015e-35
2.929095908717070080e-35
2.929095908717065803e-35
2.929095908717065803e-35
2.929095908717065803e-35
2.929095908717065803e-35
2.929095908717025177e-35
2.929095908715617165e-35
2.929095908680201963e-35
2.929095907956053249e-35
2.929095893706029657e-35
2.929095680361106913e-35
2.929093021757443541e-35
2.929062892026243466e-35
2.928792796072339974e-35
2.926754076109423435e-35
2.913335577665053023e-35
2.843584853278047042e-35
2.572954869374671846e-35
1.957406252794302461e-35
1.364888497442571388e-35
1.192312877614797941e-35
1.187654092258269433e-35
1.187653100493283505e-35
1.187653100493281634e-35
1.187653100493281634e-35
1.187653100493281634e-35
1.187653100493281634e-35
1.187653100492926023e-35
1.187653100483981081e-35
1.187653100301082455e-35
1.187653096701946050e-35
1.187653042817296920e-35
1.187652371332002776e-35
1.187644761413647405e-35
1.187576540174309985e-35
1.187061444137238459e-35
1.183664411894704869e-35
1.165815119868919855e-35
1.093380018711362799e-35
9.071427157012107522e-36
6.929625276802244574e-36
6.226669066382814461e-36
6.207134214539539550e-36
6.207130052733082541e-36
6.207130052733075859e-36
6.207130052733075859e-36
6.207130052733075859e-36
6.207130052733075859e-36
6.207130052731988044e-36
6.207130052704646998e-36
6.207130052145594158e-36
6.207130041144393046e-36
6.207129876439358453e-36
6.207127823961737028e-36
6.207104563240336679e-36
6.206896030476531586e-36
6.205321208499699672e-36
6.194921114697152027e-36
6.139866119063470616e-36
5.909153291580738665e-36
5.256501811104998927e-36
4.378904053710347936e-36
4.055178162198319812e-36
4.045898600485461443e-36
4.045896621835347755e-36
4.045896621835344414e-36
4.045896621835344414e-36
4.045896621835344414e-36
4.045896621835344414e-36
4.045896621834967554e-36
4.045896621825468549e-36
4.045896621631244083e-36
4.045896617809238657e-36
4.045896560587895363e-36
4.045895847521971912e-36
4.045887766333080161e-36
4.045815317073469806e-36
4.045268112909398079e-36
4.041651128456102176e-36
4.022409119463024525e-36
3.940000358389769338e-36
3.690191563191680529e-36
3.309441348924511554e-36
3.153844659259022345e-36
3.149251056751938359e-36
3.149250076456549812e-36
3.149250076456547807e-36
3.149250076456547807e-36
3.149250076456547807e-36
3.149250076456547807e-36
3.149250076453098605e-36
3.149250076382562339e-36
3.149250074994538829e-36
3.149250054213667588e-36
3.149249795252036627e-36
3.149246860431820078e-36
3.149220548980353187e-36
3.149021804200138105e-36
3.147707392281460609e-36
3.140693707442807096e-36
3.110247557358841794e-36
3.013713527623642693e-36
2.853031939368590026e-36
2.782105755637564758e-36
2.779961684288544113e-36
2.779961226419760754e-36
2.779961226419760086e-36
2.779961226419760086e-36
2.779961226419760086e-36
2.779961226419760086e-36
2.779961226418575383e-36
2.779961226394352116e-36
2.779961225917688585e-36
2.779961218781287871e-36
2.779961129850748830e-36
2.779960121997562151e-36
2.779951086271786808e-36
2.779882831514070033e-36
2.779431291546638730e-36
2.777017980840922157e-36
2.766465172820015242e-36
2.732159412436067674e-36
2.672034032729742808e-36
2.644210223537187208e-36
2.643356276831701800e-36
2.643356094388722218e-36
2.643356094388722218e-36
2.643356094388722218e-36
2.643356094388722218e-36
2.643356094388722218e-36
2.643356094388373756e-36
2.643356094381256852e-36
2.643356094241199638e-36
2.643356092144327187e-36
2.643356066014071063e-36
2.643355769878802964e-36
2.643353114924897761e-36
2.643333059345359016e-36
2.643200364333127775e-36
2.642490654188704826e-36
2.639377232640045518e-36
2.629141707474106576e-36
2.610769926052572630e-36
2.602075798087119046e-36
2.601806995794827936e-36
2.601806938353457640e-36
2.601806938353457640e-36
2.601806938353457640e-36
2.601806938353457640e-36
2.601806938353457640e-36
2.601806938351800860e-36
2.601806938319190792e-36
2.601806937830972230e-36
2.601806931747014383e-36
2.601806862797270837e-36
2.601806244638718195e-36
2.601801575024941280e-36
2.601770677797876046e-36
2.601605385888291336e-36
2.600879466590999238e-36
2.598483732628038035e-36
2.594147754565129915e-36
2.592079594172010377e-36
2.592015483908208197e-36
2.592015470207168605e-36
2.592015470207168605e-36
2.592015470207168605e-36
2.592015470207168605e-36
2.592015470207168605e-36
2.592015470206875603e-36
2.592015470201107777e-36
2.592015470114752420e-36
2.592015469038627856e-36
2.592015456842865294e-36
2.592015347503571346e-36
2.592014521545366299e-36
2.592009056402774813e-36
2.591979817536794180e-36
2.591851371816971092e-36
2.591427046760841487e-36
2.590657433437844764e-36
2.590289600410322091e-36
2.590278190358803090e-36
2.590278187920305204e-36
2.590278187920305204e-36
2.590278187920305204e-36
2.590278187920305204e-36
2.590278187920305204e-36
2.590278187920266449e-36
2.590278187919503375e-36
2.590278187908074967e-36
2.590278187765662713e-36
2.590278186151698375e-36
2.590278171681941917e-36
2.590278062376154417e-36
2.590277339127727085e-36
2.590273469656962592e-36
2.590256470256532645e-36
2.590200301733373550e-36
2.590098386171458129e-36
2.590049657557996601e-36
2.590048145821513535e-36
2.590048145498431741e-36
2.590048145498431741e-36
2.590048145498431741e-36
2.590048145498431741e-36
2.590048145498356570e-36
2.590048145497227661e-36
2.590048145483161234e-36
2.590048145323743181e-36
2.590048143894510316e-36
2.590048133097961127e-36
2.590048061659934442e-36
2.590047679456828694e-36
2.590046000345855541e-36
2.590040452174615131e-36
2.590030384683789356e-36
2.590025570889172469e-36
2.590025421545375291e-36
2.590025421513458137e-36
2.590025421513458137e-36
2.590025421513458137e-36
2.590025421513458137e-36
2.590025421513452457e-36
2.590025421513369267e-36
2.590025421512330564e-36
2.590025421500560043e-36
2.590025421395031942e-36
2.590025420597859821e-36
2.590025415323177709e-36
2.590025387102906447e-36
2.590025263124318901e-36
2.590024853469314637e-36
2.590024110121489546e-36
2.590023754686072256e-36
2.590023743658977733e-36
2.590023743656621023e-36
2.590023743656621023e-36
2.590023743656621023e-36
2.590023743656621023e-36
2.590023743656620355e-36
2.590023743656615678e-36
2.590023743656558213e-36
2.590023743655907395e-36
2.590023743650068740e-36
2.590023743605967120e-36
2.590023743314158344e-36
2.590023741752938345e-36
2.590023734894115271e-36
2.590023712230914069e-36
2.590023671106923673e-36
2.590023651443277770e-36
2.590023650833229248e-36
2.590023650833098950e-36
2.590023650833098950e-36
2.590023650833098950e-36
2.590023650833098950e-36
2.590023650833098950e-36
2.590023650833098950e-36
2.590023650833096612e-36
2.590023650833069550e-36
2.590023650832826662e-36
2.590023650830993814e-36
2.590023650818869151e-36
2.590023650754000149e-36
2.590023650469012269e-36
2.590023649527345143e-36
2.590023647818622274e-36
2.590023647001587503e-36
2.590023646976240005e-36
2.590023646976234325e-36
2.590023646976234325e-36
2.590023646976234325e-36
2.590023646976234325e-36
2.590023646976234325e-36
2.590023646976234325e-36
2.590023646976233657e-36
2.590023646976226307e-36
2.590023646976168842e-36
2.590023646975789644e-36
2.590023646973760347e-36
2.590023646964846343e-36
2.590023646935390805e-36
2.590023646881941859e-36
2.590023646856385551e-36
2.590023646855592742e-36
2.590023646855592742e-36
2.590023646855592742e-36
2.590023646855592742e-36
2.590023646855592742e-36
2.590023646855592742e-36
2.590023646855592742e-36
2.590023646855592742e-36
2.590023646855592074e-36
2.590023646855590738e-36
2.590023646855581717e-36
2.590023646855533941e-36
2.590023646855323461e-36
2.590023646854628208e-36
2.590023646853366329e-36
2.590023646852762952e-36
2.590023646852744577e-36
2.590023646852744577e-36
2.590023646852744577e-36
2.590023646852744577e-36
2.590023646852744577e-36
2.590023646852744577e-36
2.590023646852744577e-36
2.590023646852744577e-36
2.590023646852744577e-36
2.590023646852744577e-36
2.590023646852744243e-36
2.590023646852743575e-36
2.590023646852739566e-36
2.590023646852727538e-36
2.590023646852705154e-36
2.590023646852694129e-36
2.590023646852693461e-36
2.590023646852693461e-36
2.590023646852693461e-36
2.590023646852693461e-36
2.590023646852693461e-36
2.590023646852693461e-36
2.590023646852693461e-36
2.590023646852693461e-36
2.590023646852693461e-36
2.590023646852693461e-36
2.590023646852693461e-36
2.590023646852693461e-36
2.590023646852693461e-36
2.590023646852693461e-36
2.590023646852692792e-36
2.590023646852692792e-36
2.590023646852692792e-36
2.590023646852692792e-36
2.590023646852692792e-36
2.590023646852692792e-36
2.590023646852692792e-36
2.590023646852692792e-36
2.590023646852692792e-36
2.590023646852692792e-36
2.590023646852692792e-36
2.590023646852692792e-36
2.590023646852692792e-36
2.590023646852692792e-36
2.590023646852692792e-36
2.590023646852692792e-36
2.590023646852692792e-36
2.590023646852692792e-36
2.590023646852692792e-36
2.590023646852692792e-36
2.590023646852692792e-36
2.590023646852692792e-36
2.590023646852692792e-36
2.590023646852692792e-36
2.590023646852692792e-36
2.590023646852692792e-36
2.590023646852692792e-36
2.590023646852692792e-36
2.590023646852692792e-36
2.590023646852692792e-36
2.590023646852692792e-36
2.590023646852692792e-36
2.590023646852692792e-36
2.590023646852692792e-36
2.590023646852692792e-36
2.590023646852692792e-36
2.590023646852692792e-36
2.590023646852692792e-36
2.590023646852692792e-36
2.590023646852692792e-36
2.590023646852692792e-36
2.590023646852692792e-36
2.590023646852692792e-36
2.590023646852692792e-36
2.590023646852692792e-36
2.590023646852692792e-36
2.590023646852692792e-36
2.590023646852692792e-36
2.590023646852692792e-36
2.590023646852692792e-36
2.590023646852692792e-36
2.590023646852692792e-36
2.590023646852692792e-36
2.590023646852692792e-36
2.590023646852692792e-36
2.590023646852692792e-36
2.590023646852692792e-36
2.590023646852692792e-36
2.590023646852692792e-36
2.590023646852692792e-36
2.590023646852692792e-36
2.590023646852692792e-36
2.590023646852692792e-36
2.590023646852692792e-36
2.590023646852692792e-36
2.590023646852692792e-36
2.590023646852692792e-36
2.590023646852692792e-36
2.590023646852692792e-36
2.590023646852692792e-36
2.590023646852692792e-36
2.590023646852692792e-36
2.590023646852692792e-36
2.590023646852692792e-36
2.590023646852692792e-36
2.590023646852692792e-36
2.590023646852692792e-36
2.590023646852692792e-36
2.590023646852692792e-36
2.590023646852692792e-36
2.590023646852692792e-36
2.590023646852692792e-36
2.590023646852692792e-36
2.590023646852692792e-36
2.590023646852692792e-36
2.590023646852692792e-36
2.590023646852692792e-36
2.590023646852692792e-36
2.590023646852692792e-36
2.590023646852692792e-36
2.590023646852692792e-36
2.590023646852692792e-36
2.590023646852692792e-36
2.590023646852692792e-36
2.590023646852692792e-36
2.590023646852692792e-36
2.590023646852692792e-36
2.590023646852692792e-36
2.590023646852692792e-36
2.590023646852692792e-36
2.590023646852692792e-36
2.590023646852692792e-36
2.590023646852692792e-36
2.590023646852692792e-36
2.590023646852692792e-36
2.590023646852692792e-36
2.590023646852692792e-36
2.590023646852692792e-36
2.590023646852692792e-36
2.590023646852692792e-36
2.590023646852692792e-36
2.590023646852692792e-36
2.590023646852692792e-36
2.590023646852692792e-36
2.590023646852692792e-36
2.590023646852692792e-36
2.590023646852692792e-36
2.590023646852692792e-36
2.590023646852692792e-36
2.590023646852692792e-36
2.590023646852692792e-36
2.590023646852692792e-36
2.590023646852692792e-36
2.590023646852692792e-36
2.590023646852692792e-36
2.590023646852692792e-36
2.590023646852692792e-36
2.590023646852692792e-36
2.590023646852692792e-36
2.590023646852692792e-36
2.590023646852692792e-36
2.590023646852692792e-36
2.590023646852692792e-36
2.590023646852692792e-36
2.590023646852692792e-36
2.590023646852692792e-36
2.590023646852692792e-36
2.590023646852692792e-36
2.590023646852692792e-36
2.590023646852692792e-36
2.590023646852692792e-36
2.590023646852692792e-36
2.590023646852692792e-36
2.590023646852692792e-36
2.590023646852692792e-36
2.590023646852692792e-36
2.590023646852692792e-36
2.590023646852692792e-36
2.590023646852692792e-36
2.590023646852692792e-36
2.590023646852692792e-36
2.590023646852692792e-36
2.590023646852692792e-36
2.590023646852692792e-36
2.590023646852692792e-36
2.590023646852692792e-36
2.590023646852692792e-36
2.590023646852692792e-36
2.590023646852692792e-36
2.590023646852692792e-36
2.590023646852692792e-36
2.590023646852692792e-36
2.590023646852692792e-36
2.590023646852692792e-36
2.590023646852692792e-36
2.590023646852692792e-36
2.590023646852692792e-36
2.590023646852692792e-36
2.590023646852692792e-36
2.590023646852692792e-36
2.590023646852692792e-36
2.590023646852692792e-36
2.590023646852692792e-36
2.590023646852692792e-36
2.590023646852692792e-36
2.590023646852692792e-36
2.590023646852692792e-36
2.590023646852692792e-36
2.590023646852692792e-36
2.590023646852692792e-36
2.590023646852692792e-36
2.590023646852692792e-36
2.590023646852692792e-36
2.590023646852692792e-36
2.590023646852692792e-36
2.590023646852692792e-36
2.590023646852692792e-36
2.590023646852692792e-36
2.590023646852692792e-36
2.590023646852692792e-36
2.590023646852692792e-36
2.590023646852692792e-36
2.590023646852692792e-36
2.590023646852692792e-36
2.590023646852692792e-36
2.590023646852692792e-36
2.590023646852692792e-36
2.590023646852692792e-36
2.590023646852692792e-36
2.590023646852692792e-36
2.590023646852692792e-36
2.590023646852692792e-36
2.590023646852692792e-36
2.590023646852692792e-36
2.590023646852692792e-36
2.590023646852692792e-36
2.590023646852692792e-36
2.590023646852692792e-36
2.590023646852692792e-36
2.590023646852692792e-36
2.590023646852692792e-36
2.590023646852692792e-36
2.590023646852692792e-36
2.590023646852692792e-36
2.590023646852692792e-36
2.590023646852692792e-36
2.590023646852692792e-36
2.590023646852692792e-36
2.590023646852692792e-36
2.590023646852692792e-36
2.590023646852692792e-36
2.590023646852692792e-36
2.590023646852692792e-36
2.590023646852692792e-36
2.590023646852692792e-36
2.590023646852692792e-36
2.590023646852692792e-36
2.590023646852692792e-36
2.590023646852692792e-36
2.590023646852692792e-36
2.590023646852692792e-36
2.590023646852692792e-36
2.590023646852692792e-36
2.590023646852692792e-36
2.590023646852692792e-36
2.590023646852692792e-36
2.590023646852692792e-36
2.590023646852692792e-36
2.590023646852692792e-36
2.590023646852692792e-36
2.590023646852692792e-36
2.590023646852692792e-36
2.590023646852692792e-36
2.590023646852692792e-36
2.590023646852692792e-36
2.590023646852692792e-36
2.590023646852692792e-36
2.590023646852692792e-36
2.590023646852692792e-36
2.590023646852692792e-36
2.590023646852692792e-36
2.590023646852692792e-36
2.590023646852692792e-36
2.590023646852692792e-36
2.590023646852692792e-36
2.590023646852692792e-36
2.590023646852692792e-36
2.590023646852692792e-36
2.590023646852692792e-36
2.590023646852692792e-36
2.590023646852692792e-36
2.590023646852692792e-36
2.590023646852692792e-36
2.590023646852692792e-36
2.590023646852692792e-36
2.590023646852692792e-36
2.590023646852692792e-36
2.590023646852692792e-36
2.590023646852692792e-36
2.590023646852692792e-36
