1.000000000000181632e+00
1.000000000000181632e+00
1.000000000000181632e+00
1.000000000000181632e+00
1.000000000000034195e+00
1.000000000000034195e+00
1.000000000000030420e+00
1.000000000000030420e+00
1.000000000000030198e+00
1.000000000000030198e+00
1.000000000000029310e+00
1.000000000000029310e+00
1.000000000000029310e+00
1.000000000000026201e+00
1.000000000000026201e+00
1.000000000000025979e+00
1.000000000000025979e+00
1.000000000000025979e+00
1.000000000000025979e+00
1.000000000000025979e+00
1.000000000000025979e+00
1.000000000000025979e+00
1.000000000000025979e+00
1.000000000000025979e+00
1.000000000000025979e+00
1.000000000000025979e+00
1.000000000000025979e+00
1.000000000000025979e+00
1.000000000000025757e+00
1.000000000000025757e+00
1.000000000000025757e+00
1.000000000000025757e+00
1.000000000000025757e+00
1.000000000000025757e+00
1.000000000000025757e+00
1.000000000000025757e+00
1.000000000000025757e+00
1.000000000000025979e+00
1.000000000000025979e+00
1.000000000000025979e+00
1.000000000000025979e+00
1.000000000000025757e+00
1.000000000000025757e+00
1.000000000000025757e+00
1.000000000000025757e+00
1.000000000000025757e+00
1.000000000000025757e+00
1.000000000000025757e+00
1.000000000000025757e+00
1.000000000000025757e+00
1.000000000000025757e+00
1.000000000000025757e+00
1.000000000000025757e+00
1.000000000000025979e+00
1.000000000000025979e+00
1.000000000000025757e+00
1.000000000000025757e+00
1.000000000000025757e+00
1.000000000000025757e+00
1.000000000000025757e+00
1.000000000000025757e+00
1.000000000000025757e+00
1.000000000000025757e+00
1.000000000000025757e+00
1.000000000000025757e+00
1.000000000000025757e+00
1.000000000000025757e+00
1.000000000000025757e+00
1.000000000000025535e+00
1.000000000000025535e+00
1.000000000000025535e+00
1.000000000000025535e+00
1.000000000000025535e+00
1.000000000000025535e+00
1.000000000000025535e+00
1.000000000000025535e+00
1.000000000000025535e+00
1.000000000000025535e+00
1.000000000000025535e+00
1.000000000000025535e+00
1.000000000000025535e+00
1.000000000000025535e+00
1.000000000000025535e+00
1.000000000000025535e+00
1.000000000000025535e+00
1.000000000000025535e+00
1.000000000000025535e+00
1.000000000000025757e+00
1.000000000000025757e+00
1.000000000000025757e+00
1.000000000000025535e+00
1.000000000000025535e+00
1.000000000000025535e+00
1.000000000000025535e+00
1.000000000000025535e+00
1.000000000000025535e+00
1.000000000000025535e+00
1.000000000000025535e+00
1.000000000000025535e+00
1.000000000000025535e+00
1.000000000000025535e+00
1.000000000000025535e+00
1.000000000000025535e+00
1.000000000000025535e+00
1.000000000000025535e+00
1.000000000000025535e+00
1.000000000000025535e+00
1.000000000000025535e+00
1.000000000000025535e+00
1.000000000000025535e+00
1.000000000000025535e+00
1.000000000000025535e+00
1.000000000000025535e+00
1.000000000000025535e+00
1.000000000000025535e+00
1.000000000000025535e+00
1.000000000000025757e+00
1.000000000000025757e+00
1.000000000000025757e+00
1.000000000000025757e+00
1.000000000000025757e+00
1.000000000000025757e+00
1.000000000000025535e+00
1.000000000000025535e+00
1.000000000000025535e+00
1.000000000000025535e+00
1.000000000000025535e+00
1.000000000000025535e+00
1.000000000000025535e+00
1.000000000000025535e+00
1.000000000000025313e+00
1.000000000000025313e+00
1.000000000000025313e+00
1.000000000000025313e+00
1.000000000000025535e+00
1.000000000000025313e+00
1.000000000000025313e+00
1.000000000000025313e+00
1.000000000000025535e+00
1.000000000000025535e+00
1.000000000000025535e+00
1.000000000000025535e+00
1.000000000000025535e+00
1.000000000000025313e+00
1.000000000000025313e+00
1.000000000000025313e+00
1.000000000000025313e+00
1.000000000000025535e+00
1.000000000000025535e+00
1.000000000000025535e+00
1.000000000000025535e+00
1.000000000000025535e+00
1.000000000000025535e+00
1.000000000000025535e+00
1.000000000000025535e+00
1.000000000000025535e+00
1.000000000000025535e+00
1.000000000000025535e+00
1.000000000000025535e+00
1.000000000000025535e+00
1.000000000000025535e+00
1.000000000000025313e+00
1.000000000000025313e+00
1.000000000000025535e+00
1.000000000000025535e+00
1.000000000000025535e+00
1.000000000000025535e+00
1.000000000000025535e+00
1.000000000000025535e+00
1.000000000000025535e+00
1.000000000000025535e+00
1.000000000000025535e+00
1.000000000000025535e+00
1.000000000000025535e+00
1.000000000000025535e+00
1.000000000000025535e+00
1.000000000000025535e+00
1.000000000000025535e+00
1.000000000000025535e+00
1.000000000000025535e+00
1.000000000000025535e+00
1.000000000000025535e+00
1.000000000000025535e+00
1.000000000000025535e+00
1.000000000000025535e+00
1.000000000000025535e+00
1.000000000000025535e+00
1.000000000000025535e+00
1.000000000000025535e+00
1.000000000000025535e+00
1.000000000000025313e+00
1.000000000000025313e+00
1.000000000000025313e+00
1.000000000000025313e+00
1.000000000000025313e+00
1.000000000000025313e+00
1.000000000000025535e+00
1.000000000000025535e+00
1.000000000000025535e+00
1.000000000000025535e+00
1.000000000000025535e+00
1.000000000000025313e+00
1.000000000000025313e+00
1.000000000000025313e+00
1.000000000000025313e+00
1.000000000000025313e+00
1.000000000000025313e+00
1.000000000000025313e+00
1.000000000000025535e+00
1.000000000000025535e+00
1.000000000000025535e+00
1.000000000000025313e+00
1.000000000000025313e+00
1.000000000000025313e+00
1.000000000000025313e+00
1.000000000000025535e+00
1.000000000000024869e+00
1.000000000000024869e+00
1.000000000000024869e+00
1.000000000000024869e+00
1.000000000000024869e+00
1.000000000000024869e+00
1.000000000000024869e+00
1.000000000000024869e+00
1.000000000000024869e+00
1.000000000000024869e+00
1.000000000000024869e+00
1.000000000000024869e+00
1.000000000000024869e+00
1.000000000000024869e+00
1.000000000000024869e+00
1.000000000000024869e+00
1.000000000000024869e+00
1.000000000000024869e+00
1.000000000000024869e+00
1.000000000000024869e+00
1.000000000000024869e+00
1.000000000000024869e+00
1.000000000000024869e+00
1.000000000000024869e+00
1.000000000000024869e+00
1.000000000000024869e+00
1.000000000000024869e+00
1.000000000000024869e+00
1.000000000000024869e+00
1.000000000000024869e+00
1.000000000000024869e+00
1.000000000000024869e+00
1.000000000000024869e+00
1.000000000000024869e+00
1.000000000000024869e+00
1.000000000000024869e+00
1.000000000000024869e+00
1.000000000000024869e+00
1.000000000000024869e+00
1.000000000000024869e+00
1.000000000000024869e+00
1.000000000000024869e+00
1.000000000000024869e+00
1.000000000000024869e+00
1.000000000000024869e+00
1.000000000000024869e+00
1.000000000000024869e+00
1.000000000000024869e+00
1.000000000000024869e+00
1.000000000000024869e+00
1.000000000000024869e+00
1.000000000000024869e+00
1.000000000000024869e+00
1.000000000000024869e+00
1.000000000000024869e+00
1.000000000000024869e+00
1.000000000000024869e+00
1.000000000000024869e+00
1.000000000000024869e+00
1.000000000000024869e+00
1.000000000000024869e+00
1.000000000000024869e+00
1.000000000000024869e+00
1.000000000000024869e+00
1.000000000000024869e+00
1.000000000000024869e+00
1.000000000000024869e+00
1.000000000000024869e+00
1.000000000000024869e+00
1.000000000000024869e+00
1.000000000000024869e+00
1.000000000000024869e+00
1.000000000000024869e+00
1.000000000000024869e+00
1.000000000000024869e+00
1.000000000000024869e+00
1.000000000000024869e+00
1.000000000000024869e+00
1.000000000000024869e+00
1.000000000000024869e+00
1.000000000000024869e+00
1.000000000000024869e+00
1.000000000000024869e+00
1.000000000000024869e+00
1.000000000000024869e+00
1.000000000000024869e+00
1.000000000000024869e+00
1.000000000000024869e+00
1.000000000000024869e+00
1.000000000000024869e+00
1.000000000000024869e+00
1.000000000000024869e+00
1.000000000000024869e+00
1.000000000000024869e+00
1.000000000000024869e+00
1.000000000000024869e+00
1.000000000000024869e+00
1.000000000000024869e+00
1.000000000000024869e+00
1.000000000000024869e+00
1.000000000000024869e+00
1.000000000000024869e+00
1.000000000000024869e+00
1.000000000000024647e+00
1.000000000000024647e+00
1.000000000000024647e+00
1.000000000000024647e+00
1.000000000000024647e+00
1.000000000000024647e+00
1.000000000000024647e+00
1.000000000000024647e+00
1.000000000000024647e+00
1.000000000000024647e+00
1.000000000000024647e+00
1.000000000000024647e+00
1.000000000000024869e+00
1.000000000000024869e+00
1.000000000000024869e+00
1.000000000000024869e+00
1.000000000000024869e+00
1.000000000000024869e+00
1.000000000000024869e+00
1.000000000000024869e+00
1.000000000000024869e+00
1.000000000000024869e+00
1.000000000000024869e+00
1.000000000000024869e+00
1.000000000000024869e+00
1.000000000000024869e+00
1.000000000000024869e+00
1.000000000000024869e+00
1.000000000000024869e+00
1.000000000000024869e+00
1.000000000000024647e+00
1.000000000000024869e+00
1.000000000000024647e+00
1.000000000000024647e+00
1.000000000000024647e+00
1.000000000000024647e+00
1.000000000000024647e+00
1.000000000000024647e+00
1.000000000000024647e+00
1.000000000000024647e+00
1.000000000000024647e+00
1.000000000000024647e+00
1.000000000000024647e+00
1.000000000000024647e+00
1.000000000000024647e+00
1.000000000000024647e+00
1.000000000000024647e+00
1.000000000000024647e+00
1.000000000000024647e+00
1.000000000000024869e+00
1.000000000000024869e+00
1.000000000000017542e+00
1.000000000000017542e+00
1.000000000000017542e+00
1.000000000000017319e+00
1.000000000000017319e+00
1.000000000000017319e+00
1.000000000000017319e+00
1.000000000000017319e+00
1.000000000000017319e+00
1.000000000000017319e+00
1.000000000000017319e+00
1.000000000000017319e+00
1.000000000000017319e+00
1.000000000000017319e+00
1.000000000000017319e+00
1.000000000000017319e+00
1.000000000000017319e+00
1.000000000000017319e+00
1.000000000000017319e+00
1.000000000000017319e+00
1.000000000000017319e+00
1.000000000000017319e+00
1.000000000000017319e+00
1.000000000000017319e+00
1.000000000000017319e+00
1.000000000000017319e+00
1.000000000000017319e+00
1.000000000000017319e+00
1.000000000000017319e+00
1.000000000000017319e+00
1.000000000000017319e+00
1.000000000000017319e+00
1.000000000000017319e+00
1.000000000000017319e+00
1.000000000000017319e+00
1.000000000000017319e+00
1.000000000000017319e+00
1.000000000000017319e+00
1.000000000000017319e+00
1.000000000000017319e+00
1.000000000000017319e+00
1.000000000000017319e+00
1.000000000000017319e+00
1.000000000000017319e+00
1.000000000000017319e+00
1.000000000000017319e+00
1.000000000000017319e+00
1.000000000000017319e+00
1.000000000000017319e+00
1.000000000000017319e+00
1.000000000000017319e+00
1.000000000000017319e+00
1.000000000000017319e+00
1.000000000000017319e+00
1.000000000000017319e+00
1.000000000000017319e+00
1.000000000000017319e+00
1.000000000000017319e+00
1.000000000000017319e+00
1.000000000000017319e+00
1.000000000000017319e+00
1.000000000000017319e+00
1.000000000000017319e+00
1.000000000000017319e+00
1.000000000000017319e+00
1.000000000000017319e+00
1.000000000000017319e+00
1.000000000000017319e+00
1.000000000000017319e+00
1.000000000000017319e+00
1.000000000000017319e+00
1.000000000000017319e+00
1.000000000000017319e+00
1.000000000000017319e+00
1.000000000000017319e+00
1.000000000000017319e+00
1.000000000000017319e+00
1.000000000000017319e+00
1.000000000000017319e+00
1.000000000000017319e+00
1.000000000000017319e+00
1.000000000000017319e+00
1.000000000000017319e+00
1.000000000000017319e+00
1.000000000000017319e+00
1.000000000000017319e+00
1.000000000000017319e+00
1.000000000000017319e+00
1.000000000000017319e+00
1.000000000000017319e+00
1.000000000000017319e+00
1.000000000000017319e+00
1.000000000000017319e+00
1.000000000000017319e+00
1.000000000000017319e+00
1.000000000000017319e+00
1.000000000000017319e+00
1.000000000000017319e+00
1.000000000000017319e+00
1.000000000000017319e+00
1.000000000000017319e+00
1.000000000000017319e+00
1.000000000000017319e+00
1.000000000000017319e+00
1.000000000000017319e+00
1.000000000000017319e+00
1.000000000000017319e+00
1.000000000000017319e+00
1.000000000000017319e+00
1.000000000000017319e+00
1.000000000000017319e+00
1.000000000000017319e+00
1.000000000000017319e+00
1.000000000000017319e+00
1.000000000000017319e+00
1.000000000000017319e+00
1.000000000000017319e+00
1.000000000000017319e+00
1.000000000000017319e+00
1.000000000000017319e+00
1.000000000000017319e+00
1.000000000000017319e+00
1.000000000000017319e+00
1.000000000000017319e+00
1.000000000000017319e+00
1.000000000000017319e+00
1.000000000000017319e+00
1.000000000000017542e+00
1.000000000000017542e+00
1.000000000000017319e+00
1.000000000000017319e+00
1.000000000000017319e+00
1.000000000000017319e+00
1.000000000000017319e+00
1.000000000000017319e+00
1.000000000000017319e+00
1.000000000000017319e+00
1.000000000000017319e+00
1.000000000000017319e+00
1.000000000000015543e+00
1.000000000000015543e+00
1.000000000000015543e+00
1.000000000000015543e+00
1.000000000000015543e+00
1.000000000000015543e+00
1.000000000000015543e+00
1.000000000000015543e+00
1.000000000000015543e+00
1.000000000000015543e+00
1.000000000000015543e+00
1.000000000000015543e+00
1.000000000000015543e+00
1.000000000000015543e+00
1.000000000000015543e+00
1.000000000000015543e+00
1.000000000000014655e+00
1.000000000000014655e+00
1.000000000000009992e+00
1.000000000000009992e+00
1.000000000000009992e+00
1.000000000000009992e+00
1.000000000000009992e+00
1.000000000000009992e+00
9.999999999999067413e-01
9.999999999999067413e-01
9.999999999999067413e-01
9.999999999993847144e-01
9.999999999993846034e-01
9.999999999993846034e-01
9.999999999993847144e-01
9.999999999993847144e-01
9.999999999993847144e-01
9.999999999993847144e-01
9.999999999978768095e-01
9.999999999978768095e-01
9.999999999978769205e-01
9.999999999968024467e-01
9.999999999382692684e-01
9.999999999382686022e-01
9.999999999382686022e-01
9.999999999382686022e-01
9.999999999382686022e-01
9.999999996622470633e-01
9.999999996622470633e-01
9.999999996622469522e-01
9.999999996621952159e-01
9.999999996621952159e-01
9.999999996621952159e-01
9.999999996621952159e-01
9.999999988324806965e-01
9.999999988324806965e-01
9.999999988324806965e-01
9.999999988324806965e-01
9.999999885407225841e-01
9.999999884958885588e-01
9.999999884958875596e-01
9.999999883120354038e-01
9.999999262666720012e-01
9.999999262666720012e-01
9.999999262666720012e-01
9.999999262666658950e-01
9.999999262666658950e-01
9.999997525273663923e-01
9.999997525273663923e-01
9.999997525273663923e-01
9.999997525273663923e-01
9.999997525273663923e-01
9.999997525264131548e-01
9.999997525264131548e-01
9.999997525264131548e-01
9.999996818120546749e-01
9.999992342067078877e-01
9.999992342067078877e-01
9.999992342067078877e-01
9.999992329922119394e-01
9.999935200182490380e-01
9.999935200182490380e-01
9.999793991077999822e-01
9.999793991077774447e-01
9.999793991077774447e-01
9.999793988636186404e-01
9.999793988636183073e-01
9.999793988636183073e-01
9.999793988636183073e-01
9.999720725376697317e-01
9.999720725376697317e-01
9.999720725376697317e-01
9.999669580372433364e-01
9.997838252433797201e-01
9.997838226131369188e-01
9.997838226131369188e-01
9.997838226131369188e-01
9.997838226131369188e-01
9.992943279030217507e-01
9.992943279030217507e-01
9.992943279029509185e-01
9.992943039760243673e-01
9.992943039760243673e-01
9.992943039760243673e-01
9.992943039759558665e-01
9.989917991161048061e-01
9.989917991161048061e-01
9.989917991161048061e-01
9.989917991161048061e-01
9.972528551046530021e-01
9.972424169385039061e-01
9.972424168397975297e-01
9.972307684636873004e-01
9.894380013385021266e-01
9.894380013385021266e-01
9.894380013385021266e-01
9.894380005538605527e-01
9.894380005538605527e-01
9.843586764753631257e-01
9.843586764753631257e-01
9.843586764753397000e-01
9.843586764753397000e-01
9.843586764753397000e-01
9.843586657542771068e-01
9.843586657542771068e-01
9.843586657542734430e-01
9.839177896092841102e-01
9.794502916596969921e-01
9.794502916596969921e-01
9.794502916596969921e-01
9.794363725608855598e-01
9.275924921810555501e-01
9.275924921810555501e-01
9.275924921810555501e-01
8.913887735554811842e-01
8.913887733842831285e-01
8.913887733842831285e-01
8.913884678787380444e-01
8.913884678784743665e-01
8.913884678784743665e-01
8.913884678784743665e-01
8.868554279448507272e-01
8.868554279448507272e-01
8.868554279448485067e-01
8.835498273909374589e-01
7.575337092333866984e-01
7.575325421709376839e-01
7.575325421709376839e-01
7.575325421709376839e-01
7.575325421709376839e-01
6.361729399567285226e-01
6.361729399567285226e-01
6.361729399488803560e-01
6.361693188850188196e-01
6.361693188850188196e-01
6.361693188850188196e-01
6.361693188850188196e-01
6.361693188649286679e-01
6.173325794043630355e-01
6.173325794043630355e-01
6.173325794043630355e-01
6.173325794043630355e-01
5.172098807452146785e-01
5.168304728800835468e-01
5.168304712926855560e-01
5.165915274961202508e-01
3.177662744720325949e-01
3.177662744720325949e-01
3.177662744720325949e-01
3.177662520015797076e-01
3.177662520015797076e-01
2.829896185768677741e-01
2.829896185768677741e-01
2.829896185764730898e-01
2.829896185764730898e-01
2.829896185764730898e-01
2.829895888461355646e-01
2.829895888461355646e-01
2.829895888461292919e-01
2.815379042419538513e-01
2.575383855285478529e-01
2.575383855285478529e-01
2.575383855285478529e-01
2.575383855285478529e-01
2.574929922673794280e-01
1.175137560915657381e-01
1.175137560915657381e-01
1.175137560915657381e-01
8.397347017682450787e-02
8.397346977881053887e-02
8.397346977881053887e-02
8.397333324424730017e-02
8.397333324416497713e-02
8.397333324416497713e-02
8.397333324416497713e-02
8.185413940446742420e-02
8.185413940446742420e-02
8.185413940446485681e-02
7.987536367758152345e-02
3.851489236239677427e-02
3.851457379677297732e-02
3.851457379677297732e-02
3.851457379677297732e-02
3.851457379677297732e-02
1.895972830696593739e-02
1.895972830696593739e-02
1.895972830630507366e-02
1.895935333042454360e-02
1.895935333042454360e-02
1.895935333042454360e-02
1.895935333042454360e-02
1.895935332625498307e-02
1.726371348775347300e-02
1.726371348775347300e-02
1.726371348775347300e-02
1.726371348775347300e-02
1.144665362835351266e-02
1.141487063935098592e-02
1.141487060585039646e-02
1.140862609888215404e-02
4.119462006056724517e-03
4.119462006056724517e-03
4.119462006056723649e-03
4.119460798763127825e-03
4.119460798763127825e-03
3.189756211052818206e-03
3.189756211052818206e-03
3.189756211052818206e-03
3.189756211037543532e-03
3.189756211037543532e-03
3.189756211037543532e-03
3.189755958289360038e-03
3.189755958289360038e-03
3.189755958289299757e-03
3.174397300700645616e-03
2.749605936181330392e-03
2.749605936181330392e-03
2.749605936181330392e-03
2.749605936181330392e-03
2.748414962214971134e-03
9.874944069925156460e-04
9.874944069925156460e-04
9.874944069925156460e-04
5.772561961488129620e-04
5.772561902294042271e-04
5.772561902294042271e-04
5.772555781685560425e-04
5.772555781681229037e-04
5.772555781681229037e-04
5.772555781681229037e-04
5.653513430292325843e-04
5.653513430292325843e-04
5.653513430291891078e-04
5.469604707176024642e-04
2.614157443898660759e-04
2.614106601112845419e-04
2.614106601112845419e-04
2.614106601112845419e-04
2.614106601112845419e-04
1.080058262765201394e-04
1.080058262765201394e-04
1.080058262739751104e-04
1.080046254941615161e-04
1.080046254941615161e-04
1.080046254941615161e-04
1.080046254941615161e-04
1.080046254574426107e-04
1.008244018767193167e-04
1.008244018767193167e-04
1.008244018767193167e-04
1.008244018767193167e-04
1.008244018767193167e-04
6.920575807173265121e-05
6.895214620773495149e-05
6.895214607503146517e-05
6.893141578164036702e-05
2.222478787466684031e-05
2.222478787466683353e-05
2.222478787466683353e-05
2.222477530986653198e-05
2.222477530986653198e-05
1.854429458840371360e-05
1.854429458840371360e-05
1.854429458840371360e-05
1.854429458826653492e-05
1.854429458826653492e-05
1.854429458826653492e-05
1.854429365379901826e-05
1.854429365379901826e-05
1.854429365379887257e-05
1.849646649797474749e-05
1.622737770298660921e-05
1.622737770298660921e-05
1.622737770298660921e-05
1.622737770298660921e-05
1.621827308325241845e-05
5.304547545685899101e-06
5.304547545685899101e-06
5.304547545685899101e-06
3.585371263259555517e-06
3.585371182653236338e-06
3.585371182653236338e-06
3.585368600061678432e-06
3.585368600060463786e-06
3.585368600060463786e-06
3.585368600060463786e-06
3.542742796658187590e-06
3.542742796658187590e-06
3.542742796657735274e-06
3.430387417065971374e-06
1.466558264365068951e-06
1.466523103764273288e-06
1.466523103764273288e-06
1.466523103764273288e-06
1.466523103764273288e-06
1.466523103764273288e-06
7.331268607709179769e-07
7.331268607623942844e-07
7.331208106705283438e-07
7.331208106705283438e-07
7.331208106705283438e-07
7.331208106705283438e-07
7.331208100737584806e-07
7.019067217524408939e-07
7.019067217524408939e-07
7.019067217524408939e-07
7.019067217524408939e-07
7.019067217524408939e-07
4.328187131095193191e-07
4.312765382827555552e-07
4.312765379053908894e-07
4.311878451980240771e-07
1.626886076436644516e-07
1.626886076436643987e-07
1.626886076436643987e-07
1.626884597031492652e-07
1.626884597031492652e-07
1.435081927145336731e-07
1.435081927145336731e-07
1.435081927145336731e-07
1.435081927145336731e-07
1.435081927116358675e-07
1.435081927116358675e-07
1.435081927116358675e-07
1.435081886438327184e-07
1.435081886438322685e-07
1.431948566163948356e-07
1.181865906843917884e-07
1.181865906843917884e-07
1.181865906843917884e-07
1.181865906843917884e-07
1.181115215318906486e-07
4.099552781294221707e-08
4.099552781294221707e-08
4.099552781294221707e-08
3.057293310715896569e-08
3.057293181930220662e-08
3.057293181930220662e-08
3.057291816955136479e-08
3.057291816954651420e-08
3.057291816954651420e-08
3.057291816954651420e-08
3.023372052373043851e-08
3.023372052373043851e-08
3.023372052371881827e-08
2.866745499559319925e-08
1.192042610196621365e-08
1.192006499934070172e-08
1.192006499934070172e-08
1.192006499934070172e-08
6.819178551672947531e-09
6.819178551672947531e-09
6.819178551672947531e-09
6.819178551632453732e-09
6.819140503623060846e-09
6.819140503623060846e-09
6.819140503623060846e-09
6.819140503623060846e-09
6.819140492277980132e-09
6.524041804989948328e-09
6.524041804989948328e-09
6.524041804989948328e-09
6.524041804989948328e-09
6.524041804989948328e-09
3.781016325739858366e-09
3.781016325739858366e-09
3.758069706441608985e-09
3.758069704868246940e-09
3.758069704868235359e-09
3.757580149741180781e-09
1.617486767371491793e-09
1.617486767371491793e-09
1.617484494126276569e-09
1.617484494126276569e-09
1.412271554473078840e-09
1.412271554473078840e-09
1.412271554473078840e-09
1.412271554473078840e-09
1.412271554411412939e-09
1.412271554411412939e-09
1.412271554411412939e-09
1.412271532779624763e-09
1.412271532779621661e-09
1.410064438923279591e-09
1.117687588500400040e-09
1.117687588500400040e-09
1.117687588500400040e-09
1.117687588500400040e-09
1.116375976041538042e-09
4.235675227387315032e-10
4.235675227387315032e-10
4.235675227387315032e-10
3.057878509961225053e-10
3.057878309686575900e-10
3.057878309686575900e-10
3.057878309686575900e-10
3.057877559895113580e-10
3.057877559894814244e-10
3.057877559894814244e-10
3.057877559894814244e-10
3.033137571504433977e-10
3.033137571504433977e-10
3.033137571501864547e-10
2.837855369862526835e-10
1.244992845811174995e-10
1.244915854684406577e-10
1.244915854684406577e-10
1.244915854684406577e-10
6.713743075202821964e-11
6.713743075202821964e-11
6.713743075202821964e-11
6.713743075178592035e-11
6.713743075178592035e-11
6.713722824115707865e-11
6.713722824115707865e-11
6.713722824115707865e-11
6.713722807020779736e-11
6.503211635709685674e-11
6.503211635709685674e-11
6.503211635709685674e-11
6.503211635709685674e-11
6.503211635709685674e-11
3.905203734202939602e-11
3.874527404322670191e-11
3.874527404322670191e-11
3.874527403290337154e-11
3.874527403290310012e-11
1.554874487261564929e-11
1.554828466288394300e-11
1.554828466288394300e-11
1.554824360440826001e-11
1.554824360440826001e-11
1.411514511801481041e-11
1.411514511801481041e-11
1.411514511801481041e-11
1.411514511801481041e-11
1.411514511705724223e-11
1.411514511705724223e-11
1.411514511705724223e-11
1.411514498367138608e-11
1.411514498367137315e-11
1.410303033348779773e-11
1.410303033348779773e-11
1.136707455364985504e-11
1.136707455364985504e-11
1.136707455364985504e-11
1.135004839465570276e-11
4.027043793773761392e-12
4.027043793773761392e-12
4.027043793773761392e-12
3.180465004403548517e-12
3.180464580916319440e-12
3.180464580916319440e-12
3.180464580916319440e-12
3.180464080231594954e-12
3.180464080231457225e-12
3.180464080231457225e-12
3.180464080231457225e-12
3.165717226807161415e-12
3.165717226807161415e-12
3.165717226802809831e-12
2.969515704718690573e-12
1.205175551299287663e-12
1.205084978571518493e-12
1.205084978571518493e-12
1.205084978571518493e-12
7.526645204220573863e-13
7.526645204220573863e-13
7.526645204220573863e-13
7.526645204220573863e-13
7.526645204207614835e-13
7.526629493173835705e-13
7.526629493173835705e-13
7.526629451177138894e-13
7.526629451177138894e-13
7.379579307947937193e-13
7.379579307947937193e-13
7.379579307947937193e-13
7.379579307947937193e-13
7.379579307947937193e-13
4.042461329435765305e-13
4.012210666334500343e-13
4.012210666334500343e-13
4.012210665863391096e-13
4.012210665863346163e-13
4.012210665863346163e-13
1.889933425598612004e-13
1.889891455071131938e-13
1.889891455071131938e-13
1.889883839427472004e-13
1.889883839427472004e-13
1.769946590153820673e-13
1.769946590153820673e-13
1.769946590153820673e-13
1.769946590153820673e-13
1.769946589859519263e-13
1.769946589859519263e-13
1.769946589859519263e-13
1.769946580934043301e-13
1.769946580934042544e-13
1.769946580934042544e-13
1.768770525402099539e-13
1.329803355742122329e-13
1.329803355742122329e-13
1.329803355742122329e-13
1.327659927913021718e-13
5.214357329308039887e-14
5.214357329308039887e-14
5.214357329308039887e-14
5.214357329308039887e-14
4.384568609062245804e-14
4.384567598627169948e-14
4.384567598627169948e-14
4.384567193670307618e-14
4.384567193670219896e-14
4.384567193670219896e-14
4.384567193670219896e-14
4.367254880464461132e-14
4.367254880464461132e-14
4.367254880448273706e-14
3.971411611525745584e-14
1.638937965881163918e-14
1.638783874627104769e-14
1.638783874627104769e-14
1.638783874627104769e-14
1.131098474364632393e-14
1.131098474364632393e-14
1.131098474364632393e-14
1.131098474364632393e-14
1.131098474363658623e-14
1.131098474363658623e-14
1.131096964370383146e-14
1.131096952463190898e-14
1.131096952463190898e-14
1.131096952463190898e-14
1.131096952463190898e-14
1.110568250934872648e-14
1.110568250934872648e-14
1.110568250934872648e-14
1.110568250934872648e-14
5.835788826939660194e-15
5.767146648504467692e-15
5.767146648504467692e-15
5.767146648180630824e-15
5.767146648180450175e-15
5.767146648180450175e-15
3.057380454562253502e-15
3.057333710616479460e-15
3.057333710616479460e-15
3.057315375568202107e-15
3.057315375568202107e-15
2.863545515705447716e-15
2.863545515705447716e-15
2.863545515705447716e-15
2.863545515705447716e-15
2.863545514738336984e-15
2.863545514738336984e-15
2.863545514738336984e-15
2.863545506965671947e-15
2.863545506965671158e-15
2.863545506965671158e-15
2.862235186383634636e-15
2.061718011014307753e-15
2.061718011014307753e-15
2.056090307078350091e-15
2.056090307078350091e-15
8.882365356858532683e-16
8.882365356858532683e-16
8.882365356858532683e-16
8.882365356858532683e-16
8.882361542019805332e-16
7.408146158563344060e-16
7.408146158563342088e-16
7.408145773949383863e-16
7.408145773949298075e-16
7.408145773949298075e-16
7.408145773949298075e-16
7.387089830220262515e-16
7.387089830220262515e-16
7.387089830162121494e-16
7.387089830162121494e-16
6.580645074427595280e-16
2.867541863221208302e-16
2.867026088085826628e-16
2.867026088085826628e-16
2.867026088085826628e-16
1.931026675049256820e-16
1.931026675049256820e-16
1.931026675049256820e-16
1.931026675049256820e-16
1.931026675049256820e-16
1.931026675048267539e-16
1.931025210843914342e-16
1.931025178917517397e-16
1.931025178917517397e-16
1.931025178917517397e-16
1.931025178917517397e-16
1.905435167047217050e-16
1.905435167047217050e-16
1.905435167047217050e-16
1.905435167047217050e-16
1.029548978384934793e-16
1.014071190131575823e-16
1.014071190131575823e-16
1.014071190131575823e-16
1.014071190096668358e-16
1.014071190096598100e-16
5.168571425862215138e-17
5.168526981050916055e-17
5.168469681273977655e-17
5.168469681273977655e-17
5.168469681273977655e-17
4.928534649890069806e-17
4.928534649890069806e-17
4.928534649890069806e-17
4.928534649890069806e-17
4.928534647254540373e-17
4.928534647254540373e-17
4.928534647254540373e-17
4.928534639227166989e-17
4.928534639227166989e-17
4.928534639227166989e-17
3.605059514145543673e-17
3.605059514145543673e-17
3.604368382968861948e-17
3.591875198552651534e-17
3.591875198552651534e-17
1.485582454785863682e-17
1.485582454785863682e-17
1.485582454785863682e-17
1.485582454785863682e-17
1.485581287875535656e-17
1.485581287875535040e-17
1.301267459460229462e-17
1.301267418087408251e-17
1.301267418087401780e-17
1.301267418087401780e-17
1.301267418087401780e-17
1.299103440208071167e-17
1.299103440191528662e-17
1.299103440191528662e-17
1.299103440191528662e-17
1.161637080648034472e-17
4.818166972239729207e-18
4.818166972239729207e-18
4.817108571290152772e-18
4.817108571290152772e-18
4.817108571290152772e-18
3.577268620967363401e-18
3.577268620967363401e-18
3.577268620967363401e-18
3.577268620967363401e-18
3.577268620966509829e-18
3.577266869086325042e-18
3.577266749273891171e-18
3.577266749273891171e-18
3.577266749273891171e-18
3.577266749273891171e-18
3.547899603504767344e-18
3.547899603504767344e-18
3.547899603504767344e-18
3.547899603504767344e-18
1.793839486179946586e-18
1.768021988658404052e-18
1.768021988658404052e-18
1.768021988658207607e-18
1.768021988658207607e-18
1.768021988631523462e-18
1.031650803599456032e-18
1.031644630224870889e-18
1.031628036633974910e-18
1.031628036633974910e-18
1.031628036633974910e-18
9.993213158301422662e-19
9.993213158301422662e-19
9.993213158301422662e-19
9.993213158301422662e-19
9.993213158301422662e-19
9.993213146452801199e-19
9.993213146452801199e-19
9.993213146452801199e-19
9.993213138153493364e-19
9.993213138153493364e-19
9.993213138153493364e-19
9.993213138153493364e-19
6.847069730311133904e-19
6.846200471168455838e-19
6.821454823886984409e-19
3.178819921026193333e-19
3.178819921026193333e-19
3.178819921026193333e-19
3.178819921026193333e-19
3.178819921026193333e-19
3.178816037389706553e-19
3.178816037389703664e-19
2.887640937973785116e-19
2.887640886739334882e-19
2.887640886739328141e-19
2.887640886739328141e-19
2.887640886739328141e-19
2.883924288679896702e-19
2.883924288679896702e-19
2.883924288590750701e-19
2.883924288590750701e-19
2.481516532886973062e-19
1.087088755456043476e-19
1.087088755456043476e-19
1.086792924781510656e-19
1.086792924781510656e-19
1.086792924781510656e-19
8.624308527082613652e-20
8.624308527082613652e-20
8.624308527082613652e-20
8.624308527082613652e-20
8.624308527081598928e-20
8.624305966470378886e-20
8.624305460283991800e-20
8.624305460283991800e-20
8.624305460283991800e-20
8.624305460283991800e-20
8.624305460283991800e-20
8.564718348234308909e-20
8.564718348234308909e-20
8.564718348234308909e-20
4.272623735298126497e-20
4.182820929429213127e-20
4.182820929429213127e-20
4.182820929428010022e-20
4.182820929397471394e-20
4.182820929397471394e-20
2.678172716296524679e-20
2.678162253953619098e-20
2.678100849426620851e-20
2.678100849426620851e-20
2.601968440259994728e-20
2.601968440259994728e-20
2.601968440259994728e-20
2.601968440259994728e-20
2.601968440259994728e-20
2.601968434421182105e-20
2.601968434421182105e-20
2.601968434421182105e-20
2.601968434421182105e-20
2.601968434421182105e-20
2.601968433270710700e-20
2.601968433270710700e-20
2.601968433270710700e-20
1.724132632339052511e-20
1.723994022190573053e-20
1.714327177363787758e-20
8.754992149343641905e-21
8.754992149343641905e-21
8.754992149343641905e-21
8.754992149343641905e-21
8.754992149343641905e-21
8.754992149343641905e-21
8.754992149343641905e-21
8.754992149343641905e-21
8.754992149343641905e-21
8.754992149343641905e-21
8.754992149343641905e-21
8.754992149343641905e-21
8.754992149343641905e-21
8.754992149343641905e-21
8.754992149343641905e-21
8.754992149343641905e-21
8.754992149343641905e-21
8.754992149343641905e-21
8.754992149343641905e-21
8.754992149343641905e-21
8.754992149343641905e-21
8.754992149343641905e-21
8.754992149343641905e-21
8.754992149343641905e-21
8.754992149343641905e-21
8.754992149343641905e-21
8.754992149343641905e-21
8.754992149343641905e-21
8.754992149343641905e-21
8.754992149343641905e-21
8.754992149343641905e-21
8.754992149343641905e-21
8.754992149343641905e-21
8.754992149343641905e-21
8.754992149343641905e-21
8.754992149343641905e-21
8.754992149343641905e-21
8.754992149343641905e-21
8.754992149343641905e-21
8.754992149343641905e-21
8.754992149343641905e-21
8.754992149343641905e-21
8.754992149343641905e-21
8.754992149343641905e-21
8.754992149343641905e-21
8.754992149343641905e-21
8.754992149343641905e-21
8.754992149343641905e-21
8.754992149343641905e-21
8.754992149343641905e-21
8.754992149343641905e-21
8.754992149343641905e-21
8.754992149343641905e-21
8.754992149343641905e-21
8.754992149343641905e-21
8.754992149343641905e-21
8.754992149343641905e-21
8.754992149343641905e-21
8.754992149343641905e-21
8.754992149343641905e-21
8.754992149343641905e-21
8.754992149343641905e-21
8.754992149343641905e-21
8.754992149343641905e-21
8.754992149343641905e-21
8.754992149343641905e-21
8.754992149343641905e-21
8.754992149343641905e-21
8.754992149343641905e-21
8.754992149343641905e-21
8.754992149343641905e-21
8.754992149343641905e-21
8.754992149343641905e-21
8.754992149343641905e-21
8.754992149343641905e-21
8.754992149343641905e-21
8.754992149343641905e-21
8.754992149343641905e-21
8.754992149343641905e-21
8.754992149343641905e-21
8.754992149343641905e-21
8.754992149343641905e-21
8.754992149343641905e-21
8.754992149343641905e-21
8.754992149343641905e-21
8.754992149343641905e-21
8.754992149343641905e-21
8.754992149343641905e-21
8.754992149343641905e-21
8.754992149343641905e-21
8.754992149343641905e-21
8.754992149343641905e-21
8.754992149343641905e-21
8.754992149343641905e-21
8.754992149343641905e-21
8.754992149343641905e-21
8.754992149343641905e-21
8.754992149343641905e-21
8.754992149343641905e-21
8.754992149343641905e-21
8.754992149343641905e-21
8.754992149343641905e-21
8.754992149343641905e-21
8.754992149343641905e-21
8.754992149343641905e-21
8.754992149343641905e-21
8.754992149343641905e-21
8.754992149343641905e-21
8.754992149343641905e-21
8.754992149343641905e-21
8.754992149343641905e-21
8.754992149343641905e-21
8.754992149343641905e-21
8.754992149343641905e-21
8.754992149343641905e-21
8.754992149343641905e-21
8.754992149343641905e-21
8.754992149343641905e-21
8.754992149343641905e-21
8.754992149343641905e-21
8.754992149343641905e-21
8.754992149343641905e-21
8.754992149343641905e-21
8.754992149343641905e-21
8.754992149343641905e-21
8.754992149343641905e-21
8.754992149343641905e-21
8.754992149343641905e-21
8.754992149343641905e-21
8.754992149343641905e-21
8.754992149343641905e-21
8.754992149343641905e-21
8.754992149343641905e-21
8.754992149343641905e-21
8.754992149343641905e-21
8.754992149343641905e-21
8.754992149343641905e-21
8.754992149343641905e-21
8.754992149343641905e-21
8.754992149343641905e-21
8.754992149343641905e-21
8.754992149343641905e-21
8.754992149343641905e-21
8.754992149343641905e-21
8.754992149343641905e-21
8.754992149343641905e-21
8.754992149343641905e-21
8.754992149343641905e-21
8.754992149343641905e-21
8.754992149343641905e-21
8.754992149343641905e-21
8.754992149343641905e-21
8.754992149343641905e-21
8.754992149343641905e-21
8.754992149343641905e-21
8.754992149343641905e-21
8.754992149343641905e-21
8.754992149343641905e-21
8.754992149343641905e-21
8.754992149343641905e-21
8.754992149343641905e-21
8.754992149343641905e-21
8.754992149343641905e-21
8.754992149343641905e-21
8.754992149343641905e-21
8.754992149343641905e-21
8.754992149343641905e-21
8.754992149343641905e-21
8.754992149343641905e-21
8.754992149343641905e-21
8.754992149343641905e-21
8.754992149343641905e-21
8.754992149343641905e-21
8.754992149343641905e-21
8.754992149343641905e-21
8.754992149343641905e-21
8.754992149343641905e-21
8.754992149343641905e-21
8.754992149343641905e-21
8.754992149343641905e-21
8.754992149343641905e-21
8.754992149343641905e-21
8.754992149343641905e-21
8.754992149343641905e-21
8.754992149343641905e-21
8.754992149343641905e-21
8.754992149343641905e-21
8.754992149343641905e-21
8.754992149343641905e-21
8.754992149343641905e-21
8.754992149343641905e-21
8.754992149343641905e-21
8.754992149343641905e-21
8.754992149343641905e-21
8.754992149343641905e-21
8.754992149343641905e-21
8.754992149343641905e-21
8.754992149343641905e-21
8.754992149343641905e-21
8.754992149343641905e-21
8.754992149343641905e-21
8.754992149343641905e-21
8.754992149343641905e-21
8.754992149343641905e-21
8.754992149343641905e-21
8.754992149343641905e-21
8.754992149343641905e-21
8.754992149343641905e-21
8.754992149343641905e-21
8.754992149343641905e-21
8.754992149343641905e-21
8.754992149343641905e-21
8.754992149343641905e-21
8.754992149343641905e-21
8.754992149343641905e-21
8.754992149343641905e-21
8.754992149343641905e-21
8.754992149343641905e-21
8.754992149343641905e-21
8.754992149343641905e-21
8.754992149343641905e-21
8.754992149343641905e-21
8.754992149343641905e-21
8.754992149343641905e-21
8.754992149343641905e-21
8.754992149343641905e-21
8.754992149343641905e-21
8.754992149343641905e-21
8.754992149343641905e-21
8.754992149343641905e-21
8.754992149343641905e-21
8.754992149343641905e-21
8.754992149343641905e-21
8.754992149343641905e-21
8.754992149343641905e-21
8.754992149343641905e-21
8.754992149343641905e-21
8.754992149343641905e-21
8.754992149343641905e-21
8.754992149343641905e-21
8.754992149343641905e-21
8.754992149343641905e-21
8.754992149343641905e-21
8.754992149343641905e-21
8.754992149343641905e-21
8.754992149343641905e-21
8.754992149343641905e-21
8.754992149343641905e-21
8.754992149343641905e-21
8.754992149343641905e-21
8.754992149343641905e-21
8.754992149343641905e-21
8.754992149343641905e-21
8.754992149343641905e-21
8.754992149343641905e-21
8.754992149343641905e-21
8.754992149343641905e-21
8.754992149343641905e-21
8.754992149343641905e-21
8.754992149343641905e-21
8.754992149343641905e-21
8.754992149343641905e-21
8.754992149343641905e-21
8.754992149343641905e-21
8.754992149343641905e-21
8.754992149343641905e-21
8.754992149343641905e-21
8.754992149343641905e-21
8.754992149343641905e-21
8.754992149343641905e-21
8.754992149343641905e-21
8.754992149343641905e-21
8.754992149343641905e-21
8.754992149343641905e-21
8.754992149343641905e-21
8.754992149343641905e-21
8.754992149343641905e-21
8.754992149343641905e-21
8.754992149343641905e-21
8.754992149343641905e-21
8.754992149343641905e-21
8.754992149343641905e-21
8.754992149343641905e-21
8.754992149343641905e-21
8.754992149343641905e-21
8.754992149343641905e-21
8.754992149343641905e-21
8.754992149343641905e-21
8.754992149343641905e-21
8.754992149343641905e-21
8.754992149343641905e-21
8.754992149343641905e-21
8.754992149343641905e-21
8.754992149343641905e-21
8.754992149343641905e-21
8.754992149343641905e-21
8.754992149343641905e-21
8.754992149343641905e-21
8.754992149343641905e-21
8.754992149343641905e-21
8.754992149343641905e-21
8.754992149343641905e-21
8.754992149343641905e-21
8.754992149343641905e-21
8.754992149343641905e-21
8.754992149343641905e-21
8.754992149343641905e-21
8.754992149343641905e-21
8.754992149343641905e-21
8.754992149343641905e-21
8.754992149343641905e-21
8.754992149343641905e-21
8.754992149343641905e-21
8.754992149343641905e-21
8.754992149343641905e-21
8.754992149343641905e-21
8.754992149343641905e-21
8.754992149343641905e-21
8.754992149343641905e-21
8.754992149343641905e-21
8.754992149343641905e-21
8.754992149343641905e-21
8.754992149343641905e-21
8.754992149343641905e-21
8.754992149343641905e-21
8.754992149343641905e-21
8.754992149343641905e-21
8.754992149343641905e-21
8.754992149343641905e-21
8.754992149343641905e-21
8.754992149343641905e-21
8.754992149343641905e-21
8.754992149343641905e-21
8.754992149343641905e-21
8.754992149343641905e-21
8.754992149343641905e-21
8.754992149343641905e-21
8.754992149343641905e-21
8.754992149343641905e-21
8.754992149343641905e-21
8.754992149343641905e-21
8.754992149343641905e-21
8.754992149343641905e-21
8.754992149343641905e-21
8.754992149343641905e-21
8.754992149343641905e-21
8.754992149343641905e-21
8.754992149343641905e-21
8.754992149343641905e-21
8.754992149343641905e-21
8.754992149343641905e-21
8.754992149343641905e-21
8.754992149343641905e-21
8.754992149343641905e-21
8.754992149343641905e-21
8.754992149343641905e-21
8.754992149343641905e-21
8.754992149343641905e-21
8.754992149343641905e-21
8.754992149343641905e-21
8.754992149343641905e-21
8.754992149343641905e-21
8.754992149343641905e-21
8.754992149343641905e-21
8.754992149343637391e-21
8.754992149343620840e-21
8.754992149343593756e-21
8.754992149343580215e-21
8.754992149343580215e-21
8.754992149343580215e-21
8.754992149343580215e-21
8.754992149343580215e-21
8.754992149343580215e-21
8.754992149343580215e-21
8.754992149343580215e-21
8.754992149343580215e-21
8.754992149343580215e-21
8.754992149343580215e-21
8.754992149343580215e-21
8.754992149343580215e-21
8.754992149343580215e-21
8.754992149343580215e-21
8.754992149343580215e-21
8.754992149343580215e-21
8.754992149343580215e-21
8.754992149343580215e-21
8.754992149343580215e-21
8.754992149343580215e-21
8.754992149343580215e-21
8.754992149343580215e-21
8.754992149343578710e-21
8.754992149343550122e-21
8.754992149343372575e-21
8.754992149342417134e-21
8.754992149338219208e-21
8.754992149324346494e-21
8.754992149299172483e-21
8.754992149287136926e-21
8.754992149286762272e-21
8.754992149286762272e-21
8.754992149286762272e-21
8.754992149286762272e-21
8.754992149286762272e-21
8.754992149286762272e-21
8.754992149286762272e-21
8.754992149286762272e-21
8.754992149286762272e-21
8.754992149286762272e-21
8.754992149286762272e-21
8.754992149286762272e-21
8.754992149286762272e-21
8.754992149286762272e-21
8.754992149286762272e-21
8.754992149286762272e-21
8.754992149286762272e-21
8.754992149286762272e-21
8.754992149286760767e-21
8.754992149286739703e-21
8.754992149286494447e-21
8.754992149284290160e-21
8.754992149267639894e-21
8.754992149157475197e-21
8.754992148568086467e-21
8.754992145978745879e-21
8.754992137422946546e-21
8.754992121897838690e-21
8.754992114474428988e-21
8.754992114244123878e-21
8.754992114244075729e-21
8.754992114244075729e-21
8.754992114244075729e-21
8.754992114244075729e-21
8.754992114244075729e-21
8.754992114244075729e-21
8.754992114244075729e-21
8.754992114244075729e-21
8.754992114244075729e-21
8.754992114244075729e-21
8.754992114244075729e-21
8.754992114244075729e-21
8.754992114244075729e-21
8.754992114244075729e-21
8.754992114244075729e-21
8.754992114244072720e-21
8.754992114244024572e-21
8.754992114243297834e-21
8.754992114234250477e-21
8.754992114131708250e-21
8.754992113212392674e-21
8.754992106267796240e-21
8.754992060317166104e-21
8.754991814475044936e-21
8.754990734430266649e-21
8.754987165704304630e-21
8.754980690004527545e-21
8.754977593618913450e-21
8.754977497556088709e-21
8.754977497535559500e-21
8.754977497535559500e-21
8.754977497535559500e-21
8.754977497535559500e-21
8.754977497535559500e-21
8.754977497535559500e-21
8.754977497535559500e-21
8.754977497535559500e-21
8.754977497535559500e-21
8.754977497535559500e-21
8.754977497535559500e-21
8.754977497535559500e-21
8.754977497535556491e-21
8.754977497535523389e-21
8.754977497534823734e-21
8.754977497521065372e-21
8.754977497315066100e-21
8.754977494748001600e-21
8.754977465655349232e-21
8.754977204829502124e-21
8.754975234528966546e-21
8.754962197572639301e-21
8.754892448739608401e-21
8.754586038115693206e-21
8.753573736180494024e-21
8.751737439978576714e-21
8.750859677785275157e-21
8.750832448739390799e-21
8.750832442920130278e-21
8.750832442920130278e-21
8.750832442920130278e-21
8.750832442920130278e-21
8.750832442920130278e-21
8.750832442920130278e-21
8.750832442920130278e-21
8.750832442920130278e-21
8.750832442920130278e-21
8.750832442920130278e-21
8.750832442920130278e-21
8.750832442920124259e-21
8.750832442919859444e-21
8.750832442913231537e-21
8.750832442777682180e-21
8.750832440110312841e-21
8.750832400175661925e-21
8.750831902528423003e-21
8.750826262675037600e-21
8.750775699729856542e-21
8.750393761738613579e-21
8.747867414868098691e-21
8.734375856974140655e-21
8.675593817092304549e-21
8.486867754075032695e-21
8.164582342615216830e-21
8.018975788445945738e-21
8.014541477989437907e-21
8.014540530831242328e-21
8.014540530831242328e-21
8.014540530831242328e-21
8.014540530831242328e-21
8.014540530831242328e-21
8.014540530831242328e-21
8.014540530831242328e-21
8.014540530831242328e-21
8.014540530831242328e-21
8.014540530831216749e-21
8.014540530830369641e-21
8.014540530800871316e-21
8.014540530059031689e-21
8.014540514890272030e-21
8.014540216394920399e-21
8.014535747459343630e-21
8.014480058058355436e-21
8.013848981788182043e-21
8.008195597503335883e-21
7.965745786806805624e-21
7.695822347260724737e-21
6.514749420460161744e-21
3.891194523508213242e-21
1.669574212720718916e-21
8.200255280094299751e-22
6.595528933018687776e-22
6.555727840778106249e-22
6.555719385996114832e-22
6.555719385996100726e-22
6.555719385996100726e-22
6.555719385996100726e-22
6.555719385996100726e-22
6.555719385996100726e-22
6.555719385996100726e-22
6.555719385996100726e-22
6.555719385996096024e-22
6.555719385995938978e-22
6.555719385990719783e-22
6.555719385808747615e-22
6.555719381232609233e-22
6.555719287661998778e-22
6.555717446352230806e-22
6.555689879213723569e-22
6.555346369662282491e-22
6.551455875600923183e-22
6.516781423653416260e-22
6.266250411310226797e-22
4.995519774293534373e-22
2.395987699143255310e-22
7.291224389666888039e-23
2.210313932184661557e-23
9.760762181179412555e-24
7.703828582680014463e-24
7.653789021623799920e-24
7.653778396855644243e-24
7.653778396855628080e-24
7.653778396855628080e-24
7.653778396855628080e-24
7.653778396855628080e-24
7.653778396855628080e-24
7.653778396855628080e-24
7.653778396855625141e-24
7.653778396855487021e-24
7.653778396850933450e-24
7.653778396692127101e-24
7.653778392698571654e-24
7.653778311040316037e-24
7.653776704145255774e-24
7.653752646515368645e-24
7.653452864085358978e-24
7.650057057492198135e-24
7.619746536705542457e-24
7.398313004688368099e-24
6.205150351953386616e-24
3.331010867335543829e-24
1.097571974639161517e-24
3.413390025303851324e-25
1.516894193209694274e-25
1.198495547298856106e-25
1.190741403649713425e-25
1.190739757190527721e-25
1.190739757190524966e-25
1.190739757190524966e-25
1.190739757190524966e-25
1.190739757190524966e-25
1.190739757190524966e-25
1.190739757190524966e-25
1.190739757190524737e-25
1.190739757190510043e-25
1.190739757190017345e-25
1.190739757172846174e-25
1.190739756741033605e-25
1.190739747911542658e-25
1.190739574162218804e-25
1.190736972871507899e-25
1.190704557736795075e-25
1.190337318935254036e-25
1.187054985327751580e-25
1.162832877437517008e-25
1.024507821052190974e-25
6.260639827976709482e-26
2.311403454712816590e-26
7.494025933311510518e-27
3.366208301429267242e-27
2.664457500174852461e-27
2.647335622179160798e-27
2.647331986481963498e-27
2.647331986481957041e-27
2.647331986481957041e-27
2.647331986481957041e-27
2.647331986481957041e-27
2.647331986481957041e-27
2.647331986481957041e-27
2.647331986481956682e-27
2.647331986481933723e-27
2.647331986481171058e-27
2.647331986454592933e-27
2.647331985786208093e-27
2.647331972119400940e-27
2.647331703179928173e-27
2.647327676745567858e-27
2.647277502200422267e-27
2.646709004831723604e-27
2.641623112247160416e-27
2.603826318310242751e-27
2.378632750651684049e-27
1.626182141478495634e-27
6.804826150641678740e-28
2.329169552377555430e-28
1.061862288247764289e-28
8.426371983339244690e-29
8.372744138568157197e-29
8.372732750405980817e-29
8.372732750405962880e-29
8.372732750405962880e-29
8.372732750405962880e-29
8.372732750405962880e-29
8.372732750405962880e-29
8.372732750405961759e-29
8.372732750405911312e-29
8.372732750404229754e-29
8.372732750345615121e-29
8.372732748871567966e-29
8.372732718730992214e-29
8.372732125615807844e-29
8.372723245771910832e-29
8.372612590822707045e-29
8.371358737947968026e-29
8.360134259422863942e-29
8.276306330002782283e-29
7.761364639400415399e-29
5.823007865826579777e-29
2.776578482362909566e-29
1.017552531390205910e-29
4.733744117996612298e-30
3.769765533779477131e-30
3.746098584846189885e-30
3.746093558605848659e-30
3.746093558605840952e-30
3.746093558605840952e-30
3.746093558605840952e-30
3.746093558605840952e-30
3.746093558605840952e-30
3.746093558605840252e-30
3.746093558605824137e-30
3.746093558605299350e-30
3.746093558587006800e-30
3.746093558126983636e-30
3.746093548720662597e-30
3.746093363620286292e-30
3.746090592382854125e-30
3.746056058840924516e-30
3.745664733231684897e-30
3.742160010308993489e-30
3.715895443954699977e-30
3.550987526280328550e-30
2.869637974163859231e-30
1.557081979367982464e-30
6.200201893309448917e-31
2.963738722434288487e-31
2.371761864303067762e-31
2.357155119471441175e-31
2.357152017008158958e-31
2.357152017008154141e-31
2.357152017008154141e-31
2.357152017008154141e-31
2.357152017008154141e-31
2.357152017008154141e-31
2.357152017008147134e-31
2.357152017007917234e-31
2.357152016999900055e-31
2.357152016798286049e-31
2.357152012675783763e-31
2.357151931551952321e-31
2.357150717003086620e-31
2.357135581958918817e-31
2.356964069441204814e-31
2.355427513628351989e-31
2.343884649734317697e-31
2.270269742045569914e-31
1.943669309241664512e-31
1.190965611096268764e-31
5.224455961793591529e-32
2.588201639450727570e-32
2.085112881160517553e-32
2.072614164271044689e-32
2.072611509112475666e-32
2.072611509112471287e-32
2.072611509112471287e-32
2.072611509112471287e-32
2.072611509112471287e-32
2.072611509112471287e-32
2.072611509112466908e-32
2.072611509112326778e-32
2.072611509107435371e-32
2.072611508984430103e-32
2.072611506469284101e-32
2.072611456975487206e-32
2.072610715976888273e-32
2.072601482037721810e-32
2.072496839161897667e-32
2.071559150772607059e-32
2.064503092456798871e-32
2.018999517517728766e-32
1.806028975750949872e-32
1.234120601320242169e-32
6.030863660875724093e-33
3.128313990368644227e-33
2.543080613473521688e-33
2.528406021657136241e-33
2.528402903565453619e-33
2.528402903565448487e-33
2.528402903565448487e-33
2.528402903565448487e-33
2.528402903565448487e-33
2.528402903565448487e-33
2.528402903565448487e-33
2.528402903565444724e-33
2.528402903565326695e-33
2.528402903561215512e-33
2.528402903457838276e-33
2.528402901344032912e-33
2.528402859747934456e-33
2.528402236990002989e-33
2.528394476492927725e-33
2.528306529778417204e-33
2.527518329763915146e-33
2.521580039361401897e-33
2.482980256244052423e-33
2.295021042326762265e-33
1.722258880169376444e-33
9.438946777723995780e-34
5.185994672674270483e-34
4.266746796096422904e-34
4.243411346834630027e-34
4.243406386960917885e-34
4.243406386960909332e-34
4.243406386960909332e-34
4.243406386960909332e-34
4.243406386960909332e-34
4.243406386960909332e-34
4.243406386960905911e-34
4.243406386960770776e-34
4.243406386956073552e-34
4.243406386837948471e-34
4.243406384422590246e-34
4.243406336892442502e-34
4.243405625292563183e-34
4.243396757682292374e-34
4.243296263267688446e-34
4.242395508070646414e-34
4.235603461137754411e-34
4.191204495241213303e-34
3.968636009588339252e-34
3.217906098301359519e-34
1.980190099421099258e-34
1.166226981194721902e-34
9.746603172937781111e-35
9.697185417570448244e-35
9.697174909773849110e-35
9.697174909773829866e-35
9.697174909773829866e-35
9.697174909773829866e-35
9.697174909773829866e-35
9.697174909773829866e-35
9.697174909773825590e-35
9.697174909773618183e-35
9.697174909766444483e-35
9.697174909586017897e-35
9.697174905896770833e-35
9.697174833298680338e-35
9.697173746392848316e-35
9.697160201892875226e-35
9.697006704142333221e-35
9.695630759851412837e-35
9.685249359886045135e-35
9.617114538161432656e-35
9.268277811952292018e-35
7.994346746277186488e-35
5.497532002368387737e-35
3.508917797825110594e-35
2.991500787498346408e-35
2.977877722370539399e-35
2.977874824167236397e-35
2.977874824167231586e-35
2.977874824167231586e-35
2.977874824167231586e-35
2.977874824167231586e-35
2.977874824167229982e-35
2.977874824167188822e-35
2.977874824165757823e-35
2.977874824129752475e-35
2.977874823393544247e-35
2.977874808906212290e-35
2.977874592008406403e-35
2.977871889130397747e-35
2.977841257641776773e-35
2.977566663717130343e-35
2.975493992476479847e-35
2.961852032656473143e-35
2.890939733232756088e-35
2.615802885260975467e-35
1.990003394397020754e-35
1.387618303050831941e-35
1.212168741286500778e-35
1.207432372093837882e-35
1.207431363812758746e-35
1.207431363812757143e-35
1.207431363812757143e-35
1.207431363812757143e-35
1.207431363812757143e-35
1.207431363812756876e-35
1.207431363812746719e-35
1.207431363812384827e-35
1.207431363803291279e-35
1.207431363617346504e-35
1.207431359958272815e-35
1.207431305176270063e-35
1.207430622508575391e-35
1.207422885860479385e-35
1.207353528516975804e-35
1.206829854465792283e-35
1.203376250655204154e-35
1.185229710217727964e-35
1.111588330472838932e-35
9.222495743385515028e-36
7.045025938301172158e-36
6.330363234608583100e-36
6.310503064333936587e-36
6.310498833219949726e-36
6.310498833219941707e-36
6.310498833219941707e-36
6.310498833219941707e-36
6.310498833219941707e-36
6.310498833219941707e-36
6.310498833219909634e-36
6.310498833218803110e-36
6.310498833191007693e-36
6.310498832622644277e-36
6.310498821438237172e-36
6.310498653990332587e-36
6.310496567332322935e-36
6.310472919244718308e-36
6.310260913736295166e-36
6.308659865882794783e-36
6.298086576899189637e-36
6.242114737617945169e-36
6.007559795757508449e-36
5.344039558376830100e-36
4.451826961407381277e-36
4.122709987328450271e-36
4.113275890916050433e-36
4.113273879315016275e-36
4.113273879315012934e-36
4.113273879315012934e-36
4.113273879315012934e-36
4.113273879315012934e-36
4.113273879315002243e-36
4.113273879314618033e-36
4.113273879304961334e-36
4.113273879107502823e-36
4.113273875221848847e-36
4.113273817047584751e-36
4.113273092106808910e-36
4.113264876339998387e-36
4.113191220566017145e-36
4.112634903683726382e-36
4.108957684747054260e-36
4.089395234102707361e-36
4.005614100763809254e-36
3.751645181596154265e-36
3.364554245451951656e-36
3.206366367923171262e-36
3.201696267085108533e-36
3.201695270464632166e-36
3.201695270464630829e-36
3.201695270464630829e-36
3.201695270464630829e-36
3.201695270464630829e-36
3.201695270464626820e-36
3.201695270464487168e-36
3.201695270460980501e-36
3.201695270389270224e-36
3.201695268978131308e-36
3.201695247851191160e-36
3.201694984577011575e-36
3.201692000882552050e-36
3.201665251260363892e-36
3.201463196737098142e-36
3.200126895611019240e-36
3.192996410247432743e-36
3.162043233344640183e-36
3.063901599959384843e-36
2.900544143842147356e-36
2.828436809876709462e-36
2.826257032808823332e-36
2.826256567315044840e-36
2.826256567315044171e-36
2.826256567315044171e-36
2.826256567315044171e-36
2.826256567315044171e-36
2.826256567315042835e-36
2.826256567314995059e-36
2.826256567313790645e-36
2.826256567289164459e-36
2.826256566804562148e-36
2.826256559549317286e-36
2.826256469137797314e-36
2.826255444500597087e-36
2.826246258300778855e-36
2.826176866880706649e-36
2.825717807313173890e-36
2.823264307182962448e-36
2.812535760795603488e-36
2.777658698604797428e-36
2.716532036965647678e-36
2.688244871407063037e-36
2.687376703728471530e-36
2.687376518247226663e-36
2.687376518247225995e-36
2.687376518247225995e-36
2.687376518247225995e-36
2.687376518247225995e-36
2.687376518247211963e-36
2.687376518246858156e-36
2.687376518239622313e-36
2.687376518097232778e-36
2.687376515965440991e-36
2.687376489400031710e-36
2.687376188333153902e-36
2.687373489165683955e-36
2.687353099595914494e-36
2.687218194782780735e-36
2.686496665670251588e-36
2.683331395588390586e-36
2.672925415841180948e-36
2.654247684870537387e-36
2.645408771569906023e-36
2.645135492850520865e-36
2.645135434452565740e-36
2.645135434452565740e-36
2.645135434452565740e-36
2.645135434452565740e-36
2.645135434452565740e-36
2.645135434452562733e-36
2.645135434452480546e-36
2.645135434450795368e-36
2.645135434417642394e-36
2.645135433921293283e-36
2.645135427736018609e-36
2.645135357638038305e-36
2.645134729185147627e-36
2.645129981807206969e-36
2.645098570041433169e-36
2.644930525487232120e-36
2.644192517287041057e-36
2.641756886609169889e-36
2.637348700495074564e-36
2.635246098545894817e-36
2.635180920638957935e-36
2.635180906709752104e-36
2.635180906709752104e-36
2.635180906709752104e-36
2.635180906709752104e-36
2.635180906709752104e-36
2.635180906709751435e-36
2.635180906709736735e-36
2.635180906709438722e-36
2.635180906703575010e-36
2.635180906615781371e-36
2.635180905521735920e-36
2.635180893122874645e-36
2.635180781962727999e-36
2.635179942249648868e-36
2.635174386094766388e-36
2.635144660307150225e-36
2.635014075550879517e-36
2.634582684110896495e-36
2.633800254238227434e-36
2.633426295601742945e-36
2.633414695535982156e-36
2.633414693056875286e-36
2.633414693056875286e-36
2.633414693056875286e-36
2.633414693056875286e-36
2.633414693056875286e-36
2.633414693056875286e-36
2.633414693056873615e-36
2.633414693056833858e-36
2.633414693056058088e-36
2.633414693044439914e-36
2.633414692899655915e-36
2.633414691258813587e-36
2.633414676548089016e-36
2.633414565422006423e-36
2.633413830129154814e-36
2.633409896219194144e-36
2.633392613723794508e-36
2.633335509813155122e-36
2.633231897027683136e-36
2.633182356925286910e-36
2.633180820013505502e-36
2.633180819685043099e-36
2.633180819685043099e-36
2.633180819685043099e-36
2.633180819685043099e-36
2.633180819685042765e-36
2.633180819685039090e-36
2.633180819684962582e-36
2.633180819683814964e-36
2.633180819669513668e-36
2.633180819507441559e-36
2.633180818054407057e-36
2.633180807078059984e-36
2.633180734450360000e-36
2.633180345882336381e-36
2.633178638808737463e-36
2.633172998242511040e-36
2.633162763095418959e-36
2.633157869135560819e-36
2.633157717304706966e-36
2.633157717272257932e-36
2.633157717272257932e-36
2.633157717272257932e-36
2.633157717272257932e-36
2.633157717272257932e-36
2.633157717272257932e-36
2.633157717272251918e-36
2.633157717272167392e-36
2.633157717271111316e-36
2.633157717259144680e-36
2.633157717151859236e-36
2.633157716341411828e-36
2.633157710978888969e-36
2.633157682288659140e-36
2.633157556245427341e-36
2.633157139768343168e-36
2.633156384041373787e-36
2.633156022686807669e-36
2.633156011476076504e-36
2.633156011473680371e-36
2.633156011473680371e-36
2.633156011473680371e-36
2.633156011473680371e-36
2.633156011473680371e-36
2.633156011473680371e-36
2.633156011473680037e-36
2.633156011473675359e-36
2.633156011473616892e-36
2.633156011472954715e-36
2.633156011467019173e-36
2.633156011422183211e-36
2.633156011125514680e-36
2.633156009538295362e-36
2.633156002565250686e-36
2.633155979524634059e-36
2.633155937715796150e-36
2.633155917724687123e-36
2.633155917104479423e-36
2.633155917104346452e-36
2.633155917104346452e-36
2.633155917104346452e-36
2.633155917104346452e-36
2.633155917104346452e-36
2.633155917104346452e-36
2.633155917104346452e-36
2.633155917104344114e-36
2.633155917104316718e-36
2.633155917104070155e-36
2.633155917102206570e-36
2.633155917089879779e-36
2.633155917023930647e-36
2.633155916734196938e-36
2.633155915776848033e-36
2.633155914039669242e-36
2.633155913209028427e-36
2.633155913183258632e-36
2.633155913183252953e-36
2.633155913183252953e-36
2.633155913183252953e-36
2.633155913183252953e-36
2.633155913183252953e-36
2.633155913183252953e-36
2.633155913183252953e-36
2.633155913183252953e-36
2.633155913183252284e-36
2.633155913183244600e-36
2.633155913183186133e-36
2.633155913182800921e-36
2.633155913180737547e-36
2.633155913171675204e-36
2.633155913141728880e-36
2.633155913087390237e-36
2.633155913061408291e-36
2.633155913060602119e-36
2.633155913060602119e-36
2.633155913060602119e-36
2.633155913060602119e-36
2.633155913060602119e-36
2.633155913060602119e-36
2.633155913060602119e-36
2.633155913060602119e-36
2.633155913060602119e-36
2.633155913060602119e-36
2.633155913060601450e-36
2.633155913060600114e-36
2.633155913060590759e-36
2.633155913060542316e-36
2.633155913060328494e-36
2.633155913059621548e-36
2.633155913058338621e-36
2.633155913057725556e-36
2.633155913057706846e-36
2.633155913057706846e-36
2.633155913057706846e-36
2.633155913057706846e-36
2.633155913057706846e-36
2.633155913057706846e-36
2.633155913057706846e-36
2.633155913057706846e-36
2.633155913057706846e-36
2.633155913057706846e-36
2.633155913057706846e-36
2.633155913057706846e-36
2.633155913057706178e-36
2.633155913057705510e-36
2.633155913057701501e-36
2.633155913057689139e-36
2.633155913057666421e-36
2.633155913057655061e-36
2.633155913057654727e-36
2.633155913057654727e-36
2.633155913057654727e-36
2.633155913057654727e-36
2.633155913057654727e-36
2.633155913057654727e-36
2.633155913057654727e-36
2.633155913057654727e-36
2.633155913057654727e-36
2.633155913057654727e-36
2.633155913057654727e-36
2.633155913057654727e-36
2.633155913057654727e-36
2.633155913057654727e-36
2.633155913057654727e-36
2.633155913057654059e-36
2.633155913057654059e-36
2.633155913057654059e-36
2.633155913057654059e-36
2.633155913057654059e-36
2.633155913057654059e-36
2.633155913057654059e-36
2.633155913057654059e-36
2.633155913057654059e-36
2.633155913057654059e-36
2.633155913057654059e-36
2.633155913057654059e-36
2.633155913057654059e-36
2.633155913057654059e-36
2.633155913057654059e-36
2.633155913057654059e-36
2.633155913057654059e-36
2.633155913057654059e-36
2.633155913057654059e-36
2.633155913057654059e-36
2.633155913057654059e-36
2.633155913057654059e-36
2.633155913057654059e-36
2.633155913057654059e-36
2.633155913057654059e-36
2.633155913057654059e-36
2.633155913057654059e-36
2.633155913057654059e-36
2.633155913057654059e-36
2.633155913057654059e-36
2.633155913057654059e-36
2.633155913057654059e-36
2.633155913057654059e-36
2.633155913057654059e-36
2.633155913057654059e-36
2.633155913057654059e-36
2.633155913057654059e-36
2.633155913057654059e-36
2.633155913057654059e-36
2.633155913057654059e-36
2.633155913057654059e-36
2.633155913057654059e-36
2.633155913057654059e-36
2.633155913057654059e-36
2.633155913057654059e-36
2.633155913057654059e-36
2.633155913057654059e-36
2.633155913057654059e-36
2.633155913057654059e-36
2.633155913057654059e-36
2.633155913057654059e-36
2.633155913057654059e-36
2.633155913057654059e-36
2.633155913057654059e-36
2.633155913057654059e-36
2.633155913057654059e-36
2.633155913057654059e-36
2.633155913057654059e-36
2.633155913057654059e-36
2.633155913057654059e-36
2.633155913057654059e-36
2.633155913057654059e-36
2.633155913057654059e-36
2.633155913057654059e-36
2.633155913057654059e-36
2.633155913057654059e-36
2.633155913057654059e-36
2.633155913057654059e-36
2.633155913057654059e-36
2.633155913057654059e-36
2.633155913057654059e-36
2.633155913057654059e-36
2.633155913057654059e-36
2.633155913057654059e-36
2.633155913057654059e-36
2.633155913057654059e-36
2.633155913057654059e-36
2.633155913057654059e-36
2.633155913057654059e-36
2.633155913057654059e-36
2.633155913057654059e-36
2.633155913057654059e-36
2.633155913057654059e-36
2.633155913057654059e-36
2.633155913057654059e-36
2.633155913057654059e-36
2.633155913057654059e-36
2.633155913057654059e-36
2.633155913057654059e-36
2.633155913057654059e-36
2.633155913057654059e-36
2.633155913057654059e-36
2.633155913057654059e-36
2.633155913057654059e-36
2.633155913057654059e-36
2.633155913057654059e-36
2.633155913057654059e-36
2.633155913057654059e-36
2.633155913057654059e-36
2.633155913057654059e-36
2.633155913057654059e-36
2.633155913057654059e-36
2.633155913057654059e-36
2.633155913057654059e-36
2.633155913057654059e-36
2.633155913057654059e-36
2.633155913057654059e-36
2.633155913057654059e-36
2.633155913057654059e-36
2.633155913057654059e-36
2.633155913057654059e-36
2.633155913057654059e-36
2.633155913057654059e-36
2.633155913057654059e-36
2.633155913057654059e-36
2.633155913057654059e-36
2.633155913057654059e-36
2.633155913057654059e-36
2.633155913057654059e-36
2.633155913057654059e-36
2.633155913057654059e-36
2.633155913057654059e-36
2.633155913057654059e-36
2.633155913057654059e-36
2.633155913057654059e-36
2.633155913057654059e-36
2.633155913057654059e-36
2.633155913057654059e-36
2.633155913057654059e-36
2.633155913057654059e-36
2.633155913057654059e-36
2.633155913057654059e-36
2.633155913057654059e-36
2.633155913057654059e-36
2.633155913057654059e-36
2.633155913057654059e-36
2.633155913057654059e-36
2.633155913057654059e-36
2.633155913057654059e-36
2.633155913057654059e-36
2.633155913057654059e-36
2.633155913057654059e-36
2.633155913057654059e-36
2.633155913057654059e-36
2.633155913057654059e-36
2.633155913057654059e-36
2.633155913057654059e-36
2.633155913057654059e-36
2.633155913057654059e-36
2.633155913057654059e-36
2.633155913057654059e-36
2.633155913057654059e-36
2.633155913057654059e-36
2.633155913057654059e-36
2.633155913057654059e-36
2.633155913057654059e-36
2.633155913057654059e-36
2.633155913057654059e-36
2.633155913057654059e-36
2.633155913057654059e-36
2.633155913057654059e-36
2.633155913057654059e-36
2.633155913057654059e-36
2.633155913057654059e-36
2.633155913057654059e-36
2.633155913057654059e-36
2.633155913057654059e-36
2.633155913057654059e-36
2.633155913057654059e-36
2.633155913057654059e-36
2.633155913057654059e-36
2.633155913057654059e-36
2.633155913057654059e-36
2.633155913057654059e-36
2.633155913057654059e-36
2.633155913057654059e-36
2.633155913057654059e-36
2.633155913057654059e-36
2.633155913057654059e-36
2.633155913057654059e-36
2.633155913057654059e-36
2.633155913057654059e-36
2.633155913057654059e-36
2.633155913057654059e-36
2.633155913057654059e-36
2.633155913057654059e-36
2.633155913057654059e-36
2.633155913057654059e-36
2.633155913057654059e-36
2.633155913057654059e-36
2.633155913057654059e-36
2.633155913057654059e-36
2.633155913057654059e-36
2.633155913057654059e-36
2.633155913057654059e-36
2.633155913057654059e-36
2.633155913057654059e-36
2.633155913057654059e-36
2.633155913057654059e-36
2.633155913057654059e-36
2.633155913057654059e-36
2.633155913057654059e-36
2.633155913057654059e-36
2.633155913057654059e-36
2.633155913057654059e-36
2.633155913057654059e-36
2.633155913057654059e-36
2.633155913057654059e-36
2.633155913057654059e-36
2.633155913057654059e-36
2.633155913057654059e-36
2.633155913057654059e-36
2.633155913057654059e-36
2.633155913057654059e-36
2.633155913057654059e-36
2.633155913057654059e-36
2.633155913057654059e-36
2.633155913057654059e-36
2.633155913057654059e-36
2.633155913057654059e-36
2.633155913057654059e-36
2.633155913057654059e-36
2.633155913057654059e-36
2.633155913057654059e-36
2.633155913057654059e-36
2.633155913057654059e-36
2.633155913057654059e-36
2.633155913057654059e-36
2.633155913057654059e-36
2.633155913057654059e-36
2.633155913057654059e-36
2.633155913057654059e-36
2.633155913057654059e-36
2.633155913057654059e-36
2.633155913057654059e-36
2.633155913057654059e-36
2.633155913057654059e-36
2.633155913057654059e-36
2.633155913057654059e-36
2.633155913057654059e-36
2.633155913057654059e-36
2.633155913057654059e-36
2.633155913057654059e-36
2.633155913057654059e-36
2.633155913057654059e-36
2.633155913057654059e-36
2.633155913057654059e-36
2.633155913057654059e-36
2.633155913057654059e-36
2.633155913057654059e-36
2.633155913057654059e-36
2.633155913057654059e-36
2.633155913057654059e-36
2.633155913057654059e-36
2.633155913057654059e-36
2.633155913057654059e-36
2.633155913057654059e-36
2.633155913057654059e-36
2.633155913057654059e-36
2.633155913057654059e-36
2.633155913057654059e-36
2.633155913057654059e-36
2.633155913057654059e-36
2.633155913057654059e-36
2.633155913057654059e-36
2.633155913057654059e-36
2.633155913057654059e-36
2.633155913057654059e-36
2.633155913057654059e-36
2.633155913057654059e-36
2.633155913057654059e-36
2.633155913057654059e-36
2.633155913057654059e-36
2.633155913057654059e-36
2.633155913057654059e-36
2.633155913057654059e-36
2.633155913057654059e-36
2.633155913057654059e-36
2.633155913057654059e-36
2.633155913057654059e-36
2.633155913057654059e-36
2.633155913057654059e-36
2.633155913057654059e-36
2.633155913057654059e-36
2.633155913057654059e-36
2.633155913057654059e-36
2.633155913057654059e-36
2.633155913057654059e-36
2.633155913057654059e-36
2.633155913057654059e-36
2.633155913057654059e-36
2.633155913057654059e-36
2.633155913057654059e-36
2.633155913057654059e-36
2.633155913057654059e-36
2.633155913057654059e-36
2.633155913057654059e-36
2.633155913057654059e-36
2.633155913057654059e-36
2.633155913057654059e-36
2.633155913057654059e-36
2.633155913057654059e-36
2.633155913057654059e-36
2.633155913057654059e-36
2.633155913057654059e-36
2.633155913057654059e-36
2.633155913057654059e-36
2.633155913057654059e-36
2.633155913057654059e-36
2.633155913057654059e-36
2.633155913057654059e-36
2.633155913057654059e-36
