1.000000000000347500e+00
1.000000000000347500e+00
1.000000000000347500e+00
1.000000000000347500e+00
1.000000000000245359e+00
1.000000000000245359e+00
1.000000000000245359e+00
1.000000000000245359e+00
1.000000000000245359e+00
1.000000000000029754e+00
1.000000000000029754e+00
1.000000000000029754e+00
1.000000000000029754e+00
1.000000000000029754e+00
1.000000000000029754e+00
1.000000000000029754e+00
1.000000000000029754e+00
1.000000000000029754e+00
1.000000000000029754e+00
1.000000000000029754e+00
1.000000000000029754e+00
1.000000000000029532e+00
1.000000000000029532e+00
1.000000000000025757e+00
1.000000000000025757e+00
1.000000000000025757e+00
1.000000000000025757e+00
1.000000000000025757e+00
1.000000000000025757e+00
1.000000000000025979e+00
1.000000000000025979e+00
1.000000000000025979e+00
1.000000000000025979e+00
1.000000000000025757e+00
1.000000000000023981e+00
1.000000000000023981e+00
1.000000000000023981e+00
1.000000000000023981e+00
1.000000000000023981e+00
1.000000000000023981e+00
1.000000000000023981e+00
1.000000000000023981e+00
1.000000000000023981e+00
1.000000000000023981e+00
1.000000000000023981e+00
1.000000000000023981e+00
1.000000000000024203e+00
1.000000000000024203e+00
1.000000000000024203e+00
1.000000000000024203e+00
1.000000000000024203e+00
1.000000000000023981e+00
1.000000000000023981e+00
1.000000000000023981e+00
1.000000000000023981e+00
1.000000000000024203e+00
1.000000000000023981e+00
1.000000000000023981e+00
1.000000000000023981e+00
1.000000000000023981e+00
1.000000000000023981e+00
1.000000000000023981e+00
1.000000000000023981e+00
1.000000000000023981e+00
1.000000000000023981e+00
1.000000000000023981e+00
1.000000000000023981e+00
1.000000000000024203e+00
1.000000000000024203e+00
1.000000000000024203e+00
1.000000000000024203e+00
1.000000000000024203e+00
1.000000000000024203e+00
1.000000000000023981e+00
1.000000000000023981e+00
1.000000000000023981e+00
1.000000000000023981e+00
1.000000000000023981e+00
1.000000000000023981e+00
1.000000000000023981e+00
1.000000000000023981e+00
1.000000000000023981e+00
1.000000000000023981e+00
1.000000000000023981e+00
1.000000000000023981e+00
1.000000000000023981e+00
1.000000000000024203e+00
1.000000000000024203e+00
1.000000000000024203e+00
1.000000000000024425e+00
1.000000000000024425e+00
1.000000000000024203e+00
1.000000000000024203e+00
1.000000000000024203e+00
1.000000000000024203e+00
1.000000000000024203e+00
1.000000000000024203e+00
1.000000000000024203e+00
1.000000000000024203e+00
1.000000000000024203e+00
1.000000000000024203e+00
1.000000000000024203e+00
1.000000000000024203e+00
1.000000000000024203e+00
1.000000000000024203e+00
1.000000000000024203e+00
1.000000000000024203e+00
1.000000000000024203e+00
1.000000000000024203e+00
1.000000000000024203e+00
1.000000000000024203e+00
1.000000000000024203e+00
1.000000000000024203e+00
1.000000000000024203e+00
1.000000000000024203e+00
1.000000000000024203e+00
1.000000000000024203e+00
1.000000000000024203e+00
1.000000000000024203e+00
1.000000000000024203e+00
1.000000000000024203e+00
1.000000000000024203e+00
1.000000000000024203e+00
1.000000000000024203e+00
1.000000000000024203e+00
1.000000000000024203e+00
1.000000000000024203e+00
1.000000000000024203e+00
1.000000000000024203e+00
1.000000000000024203e+00
1.000000000000024203e+00
1.000000000000024203e+00
1.000000000000024203e+00
1.000000000000024203e+00
1.000000000000024203e+00
1.000000000000023759e+00
1.000000000000023759e+00
1.000000000000023759e+00
1.000000000000023759e+00
1.000000000000023759e+00
1.000000000000023759e+00
1.000000000000023759e+00
1.000000000000023759e+00
1.000000000000023759e+00
1.000000000000023759e+00
1.000000000000023759e+00
1.000000000000023759e+00
1.000000000000023759e+00
1.000000000000023759e+00
1.000000000000023759e+00
1.000000000000023759e+00
1.000000000000017986e+00
1.000000000000017986e+00
1.000000000000017764e+00
1.000000000000017764e+00
1.000000000000017764e+00
1.000000000000017764e+00
1.000000000000017764e+00
1.000000000000017764e+00
1.000000000000015543e+00
1.000000000000015543e+00
1.000000000000015765e+00
1.000000000000015765e+00
1.000000000000015765e+00
1.000000000000015765e+00
1.000000000000015765e+00
1.000000000000015543e+00
1.000000000000015543e+00
1.000000000000015543e+00
1.000000000000015543e+00
1.000000000000015543e+00
1.000000000000015543e+00
1.000000000000015321e+00
1.000000000000015543e+00
1.000000000000015543e+00
1.000000000000015543e+00
1.000000000000015543e+00
1.000000000000015543e+00
1.000000000000015543e+00
1.000000000000015543e+00
1.000000000000015543e+00
1.000000000000015543e+00
1.000000000000015543e+00
1.000000000000015543e+00
1.000000000000015543e+00
1.000000000000015543e+00
1.000000000000015543e+00
1.000000000000015543e+00
1.000000000000015543e+00
1.000000000000015543e+00
1.000000000000015543e+00
1.000000000000015543e+00
1.000000000000015321e+00
1.000000000000015321e+00
1.000000000000015321e+00
1.000000000000015321e+00
1.000000000000015321e+00
1.000000000000015321e+00
1.000000000000015321e+00
1.000000000000015321e+00
1.000000000000015321e+00
1.000000000000015321e+00
1.000000000000015321e+00
1.000000000000015321e+00
1.000000000000015321e+00
1.000000000000015543e+00
1.000000000000015543e+00
1.000000000000015543e+00
1.000000000000015543e+00
1.000000000000015543e+00
1.000000000000015543e+00
1.000000000000015543e+00
1.000000000000015543e+00
1.000000000000015543e+00
1.000000000000015321e+00
1.000000000000015543e+00
1.000000000000015543e+00
1.000000000000015321e+00
1.000000000000015321e+00
1.000000000000015321e+00
1.000000000000015321e+00
1.000000000000015321e+00
1.000000000000015321e+00
1.000000000000015321e+00
1.000000000000015321e+00
1.000000000000015321e+00
1.000000000000015321e+00
1.000000000000015321e+00
1.000000000000015321e+00
1.000000000000015321e+00
1.000000000000015321e+00
1.000000000000015321e+00
1.000000000000015321e+00
1.000000000000015321e+00
1.000000000000015321e+00
1.000000000000015321e+00
1.000000000000015321e+00
1.000000000000015321e+00
1.000000000000015321e+00
1.000000000000015321e+00
1.000000000000015321e+00
1.000000000000015321e+00
1.000000000000015321e+00
1.000000000000015543e+00
1.000000000000015543e+00
1.000000000000015543e+00
1.000000000000015543e+00
1.000000000000015543e+00
1.000000000000015543e+00
1.000000000000015321e+00
1.000000000000015321e+00
1.000000000000015321e+00
1.000000000000015321e+00
1.000000000000015321e+00
1.000000000000015321e+00
1.000000000000015321e+00
1.000000000000015321e+00
1.000000000000015321e+00
1.000000000000015321e+00
1.000000000000015321e+00
1.000000000000015321e+00
1.000000000000015321e+00
1.000000000000015321e+00
1.000000000000015321e+00
1.000000000000015543e+00
1.000000000000015543e+00
1.000000000000015543e+00
1.000000000000015321e+00
1.000000000000015321e+00
1.000000000000015321e+00
1.000000000000015321e+00
1.000000000000015321e+00
1.000000000000015321e+00
1.000000000000015321e+00
1.000000000000015543e+00
1.000000000000015543e+00
1.000000000000015321e+00
1.000000000000015321e+00
1.000000000000015321e+00
1.000000000000015321e+00
1.000000000000015321e+00
1.000000000000015321e+00
1.000000000000015321e+00
1.000000000000015321e+00
1.000000000000015321e+00
1.000000000000015321e+00
1.000000000000015321e+00
1.000000000000015321e+00
1.000000000000015321e+00
1.000000000000015321e+00
1.000000000000015321e+00
1.000000000000015321e+00
1.000000000000015321e+00
1.000000000000015321e+00
1.000000000000015321e+00
1.000000000000015321e+00
1.000000000000015321e+00
1.000000000000015321e+00
1.000000000000015321e+00
1.000000000000015321e+00
1.000000000000015321e+00
1.000000000000015321e+00
1.000000000000015321e+00
1.000000000000015321e+00
1.000000000000015321e+00
1.000000000000015543e+00
1.000000000000015543e+00
1.000000000000015543e+00
1.000000000000015543e+00
1.000000000000015543e+00
1.000000000000015543e+00
1.000000000000015543e+00
1.000000000000015321e+00
1.000000000000015321e+00
1.000000000000015321e+00
1.000000000000015321e+00
1.000000000000015321e+00
1.000000000000015321e+00
1.000000000000015321e+00
1.000000000000015321e+00
1.000000000000015321e+00
1.000000000000015321e+00
1.000000000000015321e+00
1.000000000000015321e+00
1.000000000000015321e+00
1.000000000000015321e+00
1.000000000000015321e+00
1.000000000000015321e+00
1.000000000000015543e+00
1.000000000000015543e+00
1.000000000000015543e+00
1.000000000000015321e+00
1.000000000000015321e+00
1.000000000000015321e+00
1.000000000000015321e+00
1.000000000000015543e+00
1.000000000000015543e+00
1.000000000000015543e+00
1.000000000000015543e+00
1.000000000000015321e+00
1.000000000000015321e+00
1.000000000000015321e+00
1.000000000000015321e+00
1.000000000000015321e+00
1.000000000000015321e+00
1.000000000000015321e+00
1.000000000000015321e+00
1.000000000000015321e+00
1.000000000000015321e+00
1.000000000000015321e+00
1.000000000000015321e+00
1.000000000000015321e+00
1.000000000000015321e+00
1.000000000000015321e+00
1.000000000000015321e+00
1.000000000000015321e+00
1.000000000000015321e+00
1.000000000000015321e+00
1.000000000000015321e+00
1.000000000000015321e+00
1.000000000000015321e+00
1.000000000000015321e+00
1.000000000000015321e+00
1.000000000000015321e+00
1.000000000000015321e+00
1.000000000000015321e+00
1.000000000000015321e+00
1.000000000000015321e+00
1.000000000000015321e+00
1.000000000000015321e+00
1.000000000000015321e+00
1.000000000000015321e+00
1.000000000000015321e+00
1.000000000000015321e+00
1.000000000000015321e+00
1.000000000000015321e+00
1.000000000000015321e+00
1.000000000000015321e+00
1.000000000000015321e+00
1.000000000000015321e+00
1.000000000000015321e+00
1.000000000000015321e+00
1.000000000000015321e+00
1.000000000000015321e+00
1.000000000000015321e+00
1.000000000000015321e+00
1.000000000000015321e+00
1.000000000000015321e+00
1.000000000000015321e+00
1.000000000000015321e+00
1.000000000000015321e+00
1.000000000000015321e+00
1.000000000000015321e+00
1.000000000000015321e+00
1.000000000000015321e+00
1.000000000000015321e+00
1.000000000000015321e+00
1.000000000000015321e+00
1.000000000000015321e+00
1.000000000000015321e+00
1.000000000000015321e+00
1.000000000000015321e+00
1.000000000000015321e+00
1.000000000000015321e+00
1.000000000000015321e+00
1.000000000000015321e+00
1.000000000000013767e+00
1.000000000000013767e+00
1.000000000000013767e+00
1.000000000000013767e+00
1.000000000000013767e+00
1.000000000000013767e+00
1.000000000000013767e+00
1.000000000000013767e+00
1.000000000000013767e+00
1.000000000000013767e+00
1.000000000000013767e+00
1.000000000000013767e+00
1.000000000000013767e+00
1.000000000000013767e+00
1.000000000000013767e+00
1.000000000000013767e+00
1.000000000000013767e+00
1.000000000000013767e+00
1.000000000000013767e+00
1.000000000000013767e+00
1.000000000000013767e+00
1.000000000000013767e+00
1.000000000000013767e+00
1.000000000000013767e+00
1.000000000000013767e+00
1.000000000000013767e+00
1.000000000000013767e+00
1.000000000000013767e+00
1.000000000000013767e+00
1.000000000000013767e+00
1.000000000000013767e+00
1.000000000000013767e+00
1.000000000000007105e+00
1.000000000000007105e+00
1.000000000000007327e+00
1.000000000000007327e+00
1.000000000000007327e+00
1.000000000000007327e+00
1.000000000000007327e+00
1.000000000000007327e+00
1.000000000000007105e+00
1.000000000000007105e+00
1.000000000000007105e+00
1.000000000000007327e+00
1.000000000000007327e+00
9.999999999999685807e-01
9.999999999999686917e-01
9.999999999999686917e-01
9.999999999999686917e-01
9.999999999999686917e-01
9.999999999999686917e-01
9.999999999999686917e-01
9.999999999999166223e-01
9.999999999999166223e-01
9.999999999999166223e-01
9.999999999999166223e-01
9.999999999999166223e-01
9.999999999999166223e-01
9.999999999999166223e-01
9.999999999995847766e-01
9.999999999995848876e-01
9.999999999995744515e-01
9.999999999995728972e-01
9.999999999963731234e-01
9.999999999963731234e-01
9.999999999963731234e-01
9.999999999963731234e-01
9.999999999963731234e-01
9.999999999902859926e-01
9.999999999902858816e-01
9.999999999902857706e-01
9.999999999902857706e-01
9.999999999902858816e-01
9.999999999879419788e-01
9.999999999879419788e-01
9.999999999799829009e-01
9.999999999799829009e-01
9.999999999799829009e-01
9.999999997753795666e-01
9.999999997753751257e-01
9.999999997753751257e-01
9.999999993603383430e-01
9.999999993603383430e-01
9.999999993603382320e-01
9.999999993603249093e-01
9.999999993603249093e-01
9.999999993603249093e-01
9.999999993603249093e-01
9.999999991175176906e-01
9.999999991175176906e-01
9.999999991175176906e-01
9.999999920008358911e-01
9.999999919713205010e-01
9.999999919713205010e-01
9.999999919713205010e-01
9.999999735501796660e-01
9.999999735501733378e-01
9.999999735487996588e-01
9.999999735487996588e-01
9.999999735487996588e-01
9.999999735487996588e-01
9.999999589140052825e-01
9.999999589140052825e-01
9.999999589140052825e-01
9.999999589140052825e-01
9.999999589140050604e-01
9.999999589139847433e-01
9.999999589139847433e-01
9.999998456806707958e-01
9.999998456806706848e-01
9.999998440146462553e-01
9.999998436708015248e-01
9.999992909251453899e-01
9.999992909251453899e-01
9.999992909251453899e-01
9.999992909251453899e-01
9.999992909251030904e-01
9.999987715869254057e-01
9.999987715838770663e-01
9.999987715838770663e-01
9.999987715838770663e-01
9.999987715838769553e-01
9.999986191752565645e-01
9.999986191752565645e-01
9.999978476490781754e-01
9.999978476490781754e-01
9.999876696211195126e-01
9.999876696211195126e-01
9.999876694125323651e-01
9.999876694125323651e-01
9.999765581061772490e-01
9.999765581061772490e-01
9.999765581061772490e-01
9.999765581061771380e-01
9.999765578588182269e-01
9.999765578587849202e-01
9.999765578587849202e-01
9.999765578587849202e-01
9.999713349737852086e-01
9.999713349737852086e-01
9.999713349737852086e-01
9.998685124932367163e-01
9.998678790836741381e-01
9.998678790836741381e-01
9.998678790835314745e-01
9.997138320179824733e-01
9.997138319181201327e-01
9.997138222934084384e-01
9.997138222934084384e-01
9.997138222934084384e-01
9.996149827043151470e-01
9.996149827043151470e-01
9.996149827043151470e-01
9.996149827043151470e-01
9.996149827043151470e-01
9.996149827042988267e-01
9.996149826657474424e-01
9.996149826657474424e-01
9.996149826657474424e-01
9.991506479919984862e-01
9.991472050771509350e-01
9.991451808177267413e-01
9.977173539567893989e-01
9.977173539567893989e-01
9.977173539567893989e-01
9.977173539567893989e-01
9.977173538245158735e-01
9.966629547967543745e-01
9.966629528950299299e-01
9.966629528950290418e-01
9.966629528950290418e-01
9.966629528950253780e-01
9.965510187341242165e-01
9.965510187341242165e-01
9.956957054805768426e-01
9.956957054805768426e-01
9.879735761502765889e-01
9.879735761502765889e-01
9.879735761502765889e-01
9.879732337917933593e-01
9.879732337917933593e-01
9.811587381419597520e-01
9.811587381419597520e-01
9.811587381419597520e-01
9.811587381419017984e-01
9.811586894521567848e-01
9.811586894333522713e-01
9.811586894333522713e-01
9.811586894333522713e-01
9.799920135950159761e-01
9.799920135950159761e-01
9.799920135950159761e-01
9.583845420181447139e-01
9.581756976892387145e-01
9.581756976892387145e-01
9.581756976709485674e-01
9.284971595627533603e-01
9.284971307763486559e-01
9.284964755865101615e-01
9.284964755865101615e-01
9.284964755865101615e-01
9.215225458380134071e-01
9.215225458380134071e-01
9.215225458380134071e-01
9.215225458380134071e-01
9.215225458380134071e-01
9.215225458357839683e-01
9.215225441236700732e-01
9.215225441236700732e-01
9.215225441236699622e-01
8.950110601360887763e-01
8.948973509551743089e-01
8.947358764238745321e-01
8.090140429566955449e-01
8.090140429566955449e-01
8.090140429566955449e-01
8.090140429566955449e-01
8.090140341571635529e-01
7.835551422845851155e-01
7.835551101260379570e-01
7.835551101260286311e-01
7.835551101260286311e-01
7.835551101260286311e-01
7.835551101259075057e-01
7.823070196559172018e-01
7.823070196559172018e-01
7.680091535332845831e-01
7.680091535332845831e-01
6.247255412338033054e-01
6.247255412338033054e-01
6.247255412338033054e-01
6.247201627809879643e-01
6.247201627809879643e-01
5.645378196916513991e-01
5.645378196916513991e-01
5.645378196916513991e-01
5.645378196913863889e-01
5.645374812215285809e-01
5.645374808179137727e-01
5.645374808179137727e-01
5.645374808179137727e-01
5.596828264256904495e-01
5.596828264256904495e-01
5.596828264256904495e-01
4.287578262084526526e-01
4.279357429611997388e-01
4.279357429611990171e-01
4.279357429322025452e-01
3.303413407959998049e-01
3.303411548250387852e-01
3.303390556215133333e-01
3.303390556215133333e-01
3.303390556215133333e-01
3.193018761889696022e-01
3.193018761889696022e-01
3.193018761889696022e-01
3.193018761889696022e-01
3.193018761889696022e-01
3.193018761756113988e-01
3.193018761756113988e-01
3.193018746039285038e-01
3.193018746039285038e-01
3.193018746039283928e-01
2.623477309063517171e-01
2.622295028604042511e-01
2.620085234405933328e-01
1.572964806472843535e-01
1.572964806472843535e-01
1.572964806472843535e-01
1.572964806472843535e-01
1.572964670731130943e-01
1.414722932807300770e-01
1.414722806102807484e-01
1.414722806102781116e-01
1.414722806102781116e-01
1.414722806102781116e-01
1.414722806100714991e-01
1.408262499221724640e-01
1.408262499221724640e-01
1.294404802563088319e-01
1.294404802563088319e-01
6.433141074767856349e-02
6.433141074767856349e-02
6.433141074767856349e-02
6.432886589116312837e-02
6.432886589116312837e-02
4.881965731840843398e-02
4.881965731840843398e-02
4.881965731840843398e-02
4.881965731840843398e-02
4.881965731837180356e-02
4.881959491566794512e-02
4.881959469801416124e-02
4.881959469801416124e-02
4.881959469801416124e-02
4.776488630345506609e-02
4.776488630345506609e-02
4.776488630345506609e-02
2.477814404152936523e-02
2.456573433343987867e-02
2.456573433343960111e-02
2.456573433176602317e-02
1.374077846256704927e-02
1.374073991188234749e-02
1.374053472280174597e-02
1.374053472280174597e-02
1.374053472280174597e-02
1.267906204713780891e-02
1.267906204713780891e-02
1.267906204713780891e-02
1.267906204713780891e-02
1.267906204713780891e-02
1.267906204486075189e-02
1.267906204486075189e-02
1.267906199230027162e-02
1.267906199230027162e-02
1.267906199230026641e-02
8.654413380337983019e-03
8.650063872686153746e-03
8.627786985879258574e-03
3.490436777840662079e-03
3.490436777840662079e-03
3.490436777840662079e-03
3.490436777840662079e-03
3.490436777840662079e-03
3.490435853880201854e-03
2.773084916836266508e-03
2.773084710609229325e-03
2.773084710609179451e-03
2.773084710609179451e-03
2.773084710609179451e-03
2.773084710596391937e-03
2.760243100835748937e-03
2.760243100835748937e-03
2.400461391214018213e-03
2.400461391214018213e-03
9.017885552678535539e-04
9.017885552678535539e-04
9.017885552678535539e-04
9.016563287593961458e-04
9.016563287593961458e-04
5.407043233461986988e-04
5.407043233461986988e-04
5.407043233461986988e-04
5.407043233461986988e-04
5.407043233458100123e-04
5.407037730576282368e-04
5.407037677087428397e-04
5.407037677087428397e-04
5.407037677087428397e-04
5.297720115645333707e-04
5.297720115645333707e-04
5.297720115645333707e-04
2.509090941936285434e-04
2.470685752856237988e-04
2.470685752856151794e-04
2.470685752716664848e-04
1.033930956089418291e-04
1.033922812695860341e-04
1.033911540778848772e-04
1.033911540778848772e-04
1.033911540778848772e-04
1.033911540778848772e-04
9.656631960597084942e-05
9.656631960597084942e-05
9.656631960597084942e-05
9.656631960597084942e-05
9.656631957548496813e-05
9.656631957548496813e-05
9.656631930431785972e-05
9.656631930431785972e-05
6.633093635293500431e-05
6.633093635293500431e-05
6.631096113884465395e-05
6.606847165216528611e-05
6.606847165216528611e-05
2.136930380816084388e-05
2.136930380816084388e-05
2.136930380816084388e-05
2.136930380816084388e-05
2.136930380816084388e-05
2.136929175228271106e-05
1.783620981338349113e-05
1.783620891525037092e-05
1.783620891525022523e-05
1.783620891525022523e-05
1.783620891525022523e-05
1.783620891511833882e-05
1.779022427851983230e-05
1.779022427851983230e-05
1.560821720001709359e-05
1.560821720001709359e-05
1.560821720001709359e-05
5.104998260533958850e-06
5.104998260533958850e-06
5.104061835488015192e-06
5.104061835488015192e-06
3.450216155828356151e-06
3.450216155828356151e-06
3.450216155828356151e-06
3.450216155828356151e-06
3.450216155827187246e-06
3.450213671012404961e-06
3.450213593456181121e-06
3.450213593456181121e-06
3.450213593456181121e-06
3.409197093742046441e-06
3.409197093742046441e-06
3.409197093742046441e-06
1.430702304563177185e-06
1.411304855568711553e-06
1.411304855568637014e-06
1.411304855535813852e-06
7.055255884174955799e-07
7.055171327560940668e-07
7.055113106691357093e-07
7.055113106691357093e-07
7.055113106691357093e-07
7.055113106691357093e-07
6.754729490085675826e-07
6.754729490085675826e-07
6.754729490085675826e-07
6.754729484821367118e-07
6.754729484821367118e-07
6.754729484821367118e-07
6.754729484821367118e-07
6.754729475202221682e-07
4.165189835064044082e-07
4.165189835064044082e-07
4.164330195677107272e-07
4.149495350554603828e-07
4.149495350554603828e-07
1.565620209799223208e-07
1.565620209799223208e-07
1.565620209799223208e-07
1.565620209799223208e-07
1.565620209799222679e-07
1.565618786106945854e-07
1.381039170925133028e-07
1.381039131778972534e-07
1.381039131778968035e-07
1.381039131778968035e-07
1.381039131778968035e-07
1.381039131751081328e-07
1.378023807161342300e-07
1.378023807161342300e-07
1.378023807161342300e-07
1.137358843065341260e-07
1.137358843065341260e-07
3.946040693627131033e-08
3.946040693627131033e-08
3.945170734060191800e-08
3.945170734060191800e-08
2.942160963678835314e-08
2.942160963678835314e-08
2.942160963678835314e-08
2.942160963678835314e-08
2.942160963678368784e-08
2.942159650105772819e-08
2.942159526170052721e-08
2.942159526170052721e-08
2.942159526170052721e-08
2.909517120986930211e-08
2.909517120986930211e-08
2.909517120986930211e-08
1.172407811701118904e-08
1.147152360087095213e-08
1.147152360086921505e-08
1.147152360075013909e-08
6.562493883233540900e-09
6.562380156853339320e-09
6.562343541665770483e-09
6.562343541665770483e-09
6.562343541665770483e-09
6.562343541665770483e-09
6.278357756387615172e-09
6.278357756387615172e-09
6.278357756387615172e-09
6.278357746394265867e-09
6.278357746394265867e-09
6.278357746394265867e-09
6.278357746394265867e-09
6.278357746394265867e-09
6.278357741831145524e-09
3.638629830648155716e-09
3.638629830648155716e-09
3.638152940859171575e-09
3.616076221777176351e-09
3.616076221777176351e-09
1.556575031130761071e-09
1.556575031130761071e-09
1.556575031130761071e-09
1.556575031130761071e-09
1.556575031130758796e-09
1.556572843492001653e-09
1.359087865950091183e-09
1.359087845132918126e-09
1.359087845132915438e-09
1.359087845132915438e-09
1.359087845073571846e-09
1.359087845073571846e-09
1.356963866530163145e-09
1.356963866530163145e-09
1.356963866530163145e-09
1.075597419379221188e-09
1.075597419379221188e-09
4.077982765010636123e-10
4.077982765010636123e-10
4.076167070996199228e-10
4.076167070996199228e-10
2.942724127859855496e-10
2.942724127859855496e-10
2.942724127859855496e-10
2.942724127859855496e-10
2.942724127859566500e-10
2.942723406303851834e-10
2.942723213571291784e-10
2.942723213571291784e-10
2.942723213571291784e-10
2.918914890080942593e-10
2.918914890080942593e-10
2.918914890080942593e-10
2.730986676244251045e-10
1.198108582289353292e-10
1.198108582289353292e-10
1.198108582288936600e-10
1.198108582280918635e-10
6.461130677045551437e-11
6.460915196997343298e-11
6.460895708554238794e-11
6.460895708554238794e-11
6.460895708554238794e-11
6.460895708554238794e-11
6.258312020520702776e-11
6.258312020520702776e-11
6.258312020520702776e-11
6.258312005085027870e-11
6.258312005085027870e-11
6.258312005085027870e-11
6.258312005085027870e-11
6.258312005085027870e-11
6.258312002286258390e-11
3.758140558012867063e-11
3.758140558012867063e-11
3.757861199179745198e-11
3.757861199179745198e-11
3.728344457968401516e-11
1.496276332602966604e-11
1.496276332602966604e-11
1.496276332602966604e-11
1.496276332602962403e-11
1.496276332602962403e-11
1.496272381374466697e-11
1.358359332187861677e-11
1.358359319351584075e-11
1.358359319351582944e-11
1.358359319351582944e-11
1.358359319259432277e-11
1.358359319259432277e-11
1.357193475904973741e-11
1.357193475904973741e-11
1.357193475904973741e-11
1.093901031163968535e-11
1.093901031163968535e-11
3.877452978910745452e-12
3.877452978910745452e-12
3.875392334025920839e-12
3.875392334025920839e-12
3.060694228297155223e-12
3.060694228297155223e-12
3.060694228297155223e-12
3.060694228297155223e-12
3.060694228297022340e-12
3.060693746467085049e-12
3.060693338927776205e-12
3.060693338927776205e-12
3.060693338927776205e-12
3.046501826334871031e-12
3.046501826334871031e-12
3.046501826334871031e-12
2.857688912060972973e-12
1.159790737782464681e-12
1.159790737782464681e-12
1.159790737781857826e-12
1.159790737778660377e-12
7.243544849255626128e-13
7.243204846795328881e-13
7.243189727411735145e-13
7.243189727411735145e-13
7.243189727411735145e-13
7.243189727411735145e-13
7.101677235055339299e-13
7.101677235055339299e-13
7.101677235055339299e-13
7.101677196203946280e-13
7.101677196203946280e-13
7.101677196203946280e-13
7.101677196203946280e-13
7.101677196203946280e-13
7.101677194670222965e-13
3.890229271670630710e-13
3.890229271670630710e-13
3.890229271670630710e-13
3.890044488888281514e-13
3.860935768242950589e-13
1.818721432443219966e-13
1.818721432443219966e-13
1.818721432443210374e-13
1.818721432443210374e-13
1.818714103591434776e-13
1.818714103591434776e-13
1.703293482361067338e-13
1.703293482361067338e-13
1.703293473771709231e-13
1.703293473771708474e-13
1.703293473771708474e-13
1.703293473488489738e-13
1.703293473488489738e-13
1.702161706160822180e-13
1.702161706160822180e-13
1.702161706160822180e-13
1.279725276038179311e-13
1.279725276038179311e-13
1.279725276038179311e-13
5.021172342361766280e-14
5.017993708465618443e-14
5.017993708465618443e-14
4.219453387083061436e-14
4.219453387083061436e-14
4.219453387083061436e-14
4.219453387083061436e-14
4.219452414699211361e-14
4.219452414699127426e-14
4.219452024992235707e-14
4.219452024992235707e-14
4.219452024992235707e-14
4.202791663367763463e-14
4.202791663367763463e-14
3.821855162940133412e-14
1.577218414845369209e-14
1.577218414845369209e-14
1.577218414843175229e-14
1.577218414843175229e-14
1.577218414841207810e-14
1.088573914858514189e-14
1.088503274624084546e-14
1.088503274624084546e-14
1.088501821494527657e-14
1.088501821494527657e-14
1.088501821494527657e-14
1.088501821494527657e-14
1.068746194721071166e-14
1.068746194721071166e-14
1.068746194721071166e-14
1.068746183674448384e-14
1.068746183674448384e-14
1.068746183674448384e-14
1.068746183674448384e-14
1.068746183674448384e-14
1.068746183558883732e-14
5.616023177249208411e-15
5.616023177249208411e-15
5.616023177249208411e-15
5.549965943781865125e-15
5.549805887830223978e-15
2.942199844710197345e-15
2.942199844710197345e-15
2.942199844710148436e-15
2.942182200127874761e-15
2.942182200127874761e-15
2.942182200127874761e-15
2.755709375909171343e-15
2.755709375909171343e-15
2.755709368429211567e-15
2.755709368429210778e-15
2.755709367498519387e-15
2.755709367498519387e-15
2.754448391308841247e-15
2.754448391308841247e-15
2.754448391308841247e-15
2.754448391308841247e-15
1.984077299373142115e-15
1.984077299373142115e-15
1.984077299373142115e-15
8.557962509834073236e-16
8.547870938281836716e-16
8.547870938281836716e-16
8.547870938281836716e-16
7.129170822636020414e-16
7.129170822636020414e-16
7.129168268949014179e-16
7.129168268949014179e-16
7.129168268948931348e-16
7.129167898818864620e-16
7.129167898818862648e-16
7.129167898818862648e-16
7.108904885280409793e-16
7.108904885280409793e-16
6.332829435326890058e-16
2.759555227942015025e-16
2.759555227933584074e-16
2.759555227933584074e-16
2.759555227933584074e-16
2.759058875992035301e-16
2.759058875989936438e-16
1.858307571636515180e-16
1.858307571636515180e-16
1.858306162571549356e-16
1.858306162571549356e-16
1.858306162571549356e-16
1.858306162571549356e-16
1.858306162571549356e-16
1.833679825197053540e-16
1.833679825197053540e-16
1.833679795281867088e-16
1.833679795281867088e-16
1.833679795281867088e-16
1.833679795281867088e-16
1.833679795281867088e-16
1.833679795281867088e-16
1.833679795163263083e-16
1.833679795163263083e-16
9.907779558708979993e-17
9.758830341833508917e-17
9.758830341833508917e-17
9.758665699071977823e-17
4.973889251351123770e-17
4.973889251351123770e-17
4.973889251350947509e-17
4.973834109383872693e-17
4.973834109383872693e-17
4.973834109383872693e-17
4.742934613647793773e-17
4.742934613647793773e-17
4.742934605922718668e-17
4.742934605922717436e-17
4.742934603386437797e-17
4.742934603386437797e-17
4.741691606639556648e-17
4.741691606639556648e-17
4.741691606639556648e-17
4.741691606639556648e-17
3.468634143477524302e-17
3.468634143477524302e-17
3.468634143477524302e-17
1.431690436650430744e-17
1.429638005363093455e-17
1.429638005363093455e-17
1.429638005363093455e-17
1.252264853543027789e-17
1.252263991940304777e-17
1.252263991940304777e-17
1.252263991940304777e-17
1.252263991940298460e-17
1.252263952125505733e-17
1.252263952125505271e-17
1.252263952125505271e-17
1.252263952125505271e-17
1.250181465886461689e-17
1.117891850164421657e-17
1.117891850151693109e-17
4.636723190630325923e-18
4.636723190630325923e-18
4.636723190630325923e-18
4.635704647218244446e-18
3.442554911342798367e-18
3.442554911341976765e-18
3.442554911341976765e-18
3.442553225434550727e-18
3.442553225434550727e-18
3.442553225434550727e-18
3.442553225434550727e-18
3.442553225434550727e-18
3.442553225434550727e-18
3.414291993372929046e-18
3.414291993372929046e-18
3.414291879957743042e-18
3.414291879957743042e-18
3.414291879957743042e-18
3.414291879957743042e-18
3.414291879957743042e-18
3.414291879957743042e-18
3.414291879854337167e-18
1.726286613484705967e-18
1.701441357982302628e-18
1.701441357982302628e-18
1.701423909406668690e-18
9.927946891449521916e-19
9.927946891448876729e-19
9.927946891448876729e-19
9.927787204397419512e-19
9.927787204397419512e-19
9.927787204397419512e-19
9.616886145078764984e-19
9.616886145078764984e-19
9.616886137091993208e-19
9.616886137091993208e-19
9.616886125689569269e-19
9.616886125689569269e-19
9.616886125689569269e-19
9.615104345785634690e-19
9.615104345785634690e-19
9.615104345785634690e-19
9.615104345785634690e-19
6.588384478011322509e-19
6.588384478011322509e-19
3.064272471974786100e-19
3.059111095896336628e-19
3.059111095896336628e-19
3.059111095896336628e-19
3.059111095896336628e-19
2.778900490580086117e-19
2.778897406515695869e-19
2.778897406515695869e-19
2.778897357210646105e-19
2.778897357210639846e-19
2.778897357210639846e-19
2.778897357210637439e-19
2.778897357210637439e-19
2.778897357210637439e-19
2.775320719764964140e-19
2.775320719679175516e-19
2.388066939618941530e-19
1.046150885126631752e-19
1.046150885126631752e-19
1.046150885126631752e-19
1.045866194920375013e-19
8.299532079538149009e-20
8.299532079537171599e-20
8.299529615354113774e-20
8.299529615354113774e-20
8.299529615354113774e-20
8.299529615354113774e-20
8.299529615354113774e-20
8.299529615354113774e-20
8.299529615354113774e-20
8.299529615354113774e-20
8.242186443518074891e-20
8.242185963101817315e-20
8.242185963101817315e-20
8.242185963101817315e-20
8.242185963101817315e-20
8.242185963101817315e-20
8.242185963101817315e-20
8.242185962978601132e-20
4.111724162381508102e-20
4.025303173870941866e-20
4.025278614417237069e-20
4.025278614417237069e-20
2.577307325114834172e-20
2.577307325114359310e-20
2.577307325114359310e-20
2.577248232974966310e-20
2.577248232974966310e-20
2.577248232974966310e-20
2.577248232974966310e-20
2.503982837820477085e-20
2.503982836713330677e-20
2.503982831094397865e-20
2.503982831094397865e-20
2.503982831094397865e-20
2.503982831094397865e-20
2.503679044028632107e-20
2.503679044028632107e-20
2.503679044028632107e-20
2.503679044028632107e-20
1.659071408121668486e-20
1.659071408121668486e-20
8.449490271346532216e-21
8.425294384054468176e-21
8.425294384054468176e-21
8.425294384054468176e-21
8.425294384054468176e-21
7.681545939748478336e-21
7.681533000057078109e-21
7.681533000057060053e-21
7.681533000057060053e-21
7.681532923023052099e-21
7.681532923023043071e-21
7.681532923023043071e-21
7.681532923023043071e-21
7.681532923023043071e-21
7.674657651721436540e-21
7.674657651721436540e-21
7.674657651244582304e-21
6.444748680566786034e-21
2.995182363245769452e-21
2.995182363245769452e-21
2.995182363245769452e-21
2.993742163198552523e-21
2.376701148981469912e-21
2.376701148981312678e-21
2.376701148981312678e-21
2.376700735786113854e-21
2.376700735786113854e-21
2.376700735786113854e-21
2.376700735786113854e-21
2.376700735786113854e-21
2.376700735786113854e-21
2.376700735786113854e-21
2.376700516439329913e-21
2.364852164323912693e-21
2.364852164323912693e-21
2.364852164323912693e-21
2.364852164323912693e-21
2.364852164323912693e-21
2.364852164323912693e-21
1.207216218132955685e-21
1.207216218127754169e-21
1.175677650501051703e-21
1.175673366600189092e-21
1.175673366600189092e-21
7.478434179838530679e-22
7.478434179835625797e-22
7.478127069909334375e-22
7.478127069909334375e-22
7.478127069909334375e-22
7.478127069909334375e-22
7.478127069909334375e-22
7.321806516628605424e-22
7.321806514765804228e-22
7.321806488385662814e-22
7.321806488385662814e-22
7.321806488385662814e-22
7.321806488385662814e-22
7.321806488385662814e-22
7.321806488385662814e-22
7.321275353809102189e-22
4.896264828011906655e-22
4.896264828011906655e-22
2.458743963971419523e-22
2.458743963971419523e-22
2.450030662018731722e-22
2.450030662018731722e-22
2.450030662018731722e-22
2.450030662018731722e-22
2.288029130647085392e-22
2.288022044140051425e-22
2.288022044140039200e-22
2.288022030690895651e-22
2.288022030690895651e-22
2.288022030690894240e-22
2.288022030690894240e-22
2.288022030690894240e-22
2.286774340520538030e-22
2.286774340520538030e-22
2.286774340520538030e-22
2.286774340288069917e-22
1.922979417037974076e-22
8.748449553584118169e-23
8.748449553584118169e-23
8.748449553584118169e-23
8.743221263232976475e-23
8.743221263232976475e-23
7.343089116122360547e-23
7.343089116122134852e-23
7.343088339962119304e-23
7.343088339962119304e-23
7.343088339962119304e-23
7.343088339962119304e-23
7.343088339962119304e-23
7.343088339962119304e-23
7.343088339962119304e-23
7.343087047485121511e-23
7.319918185222671791e-23
7.319918185222671791e-23
7.319918185222671791e-23
7.319918185222671791e-23
7.319918185222671791e-23
7.319918185222671791e-23
3.597327944083169830e-23
3.597327944076254985e-23
3.504135587894914178e-23
3.504135587894914178e-23
3.504128099083913307e-23
3.504128099083913307e-23
2.452509605393257353e-23
2.452509605391542012e-23
2.452369046326319239e-23
2.452369046326319239e-23
2.452369046326319239e-23
2.452369046326319239e-23
2.417755703316741596e-23
2.417755703316741596e-23
2.417755685560602908e-23
2.417755685256499287e-23
2.417755685256499287e-23
2.417755685256499287e-23
2.417755685256499287e-23
2.417755685256499287e-23
2.417641715015899924e-23
2.417641715015899924e-23
1.539699506941908949e-23
1.539699506941908949e-23
8.630744618932878561e-24
8.630744618932878561e-24
8.595046514763287996e-24
8.595046514763287996e-24
8.595046514763287996e-24
8.595046514763287996e-24
8.179607703891215302e-24
8.179569160905629019e-24
8.179569160905542326e-24
8.179569160905542326e-24
8.179569135171865382e-24
8.179569135171860974e-24
8.179569135171860974e-24
8.179569135171860974e-24
8.176430759298793402e-24
8.176430759298793402e-24
8.176430759298793402e-24
8.176430757464249328e-24
6.616146883503587444e-24
3.248627803672773781e-24
3.248627803672773781e-24
3.246229594589727962e-24
3.246229594589727962e-24
3.246229594589727962e-24
2.835737888438034448e-24
2.835737888437992203e-24
2.835737888437992203e-24
2.835737888437992203e-24
2.835737715140356967e-24
2.835737715140356967e-24
2.835737715140356967e-24
2.835737715140356967e-24
2.835737715140356967e-24
2.835736894846675867e-24
2.828932400901230778e-24
2.828932400901230778e-24
2.828932400901230778e-24
2.828932400901230778e-24
2.828932400901230778e-24
2.828932400901230778e-24
1.410435366237637726e-24
1.410435366237637726e-24
1.360959459016428358e-24
1.360959459015194823e-24
1.360957767762077170e-24
1.015240295811448908e-24
1.015240295811448908e-24
1.015240295809634606e-24
1.015160161878657519e-24
1.015160161878657519e-24
1.015160161878657519e-24
1.003457986880152881e-24
1.003457986880152881e-24
1.003457986880152881e-24
1.003457973863657448e-24
1.003457973863657448e-24
1.003457973798379492e-24
1.003457973798379492e-24
1.003457973798379492e-24
1.003457973798379492e-24
1.003428581094041395e-24
1.003428581094041395e-24
6.290541318643769124e-25
6.290541318643769124e-25
6.290541318643769124e-25
6.290541318643769124e-25
3.801101516235897999e-25
3.801101516235897999e-25
3.777014510995936654e-25
3.777014510995936654e-25
3.618107168776391206e-25
3.618082079218596889e-25
3.618082079218492656e-25
3.618082079218492656e-25
3.618082072944130846e-25
3.618082072944129928e-25
3.618082072944129928e-25
3.618082072944129928e-25
3.617162631671821422e-25
3.617162631671821422e-25
3.617162631671821422e-25
3.617162630143873916e-25
2.865398664430483412e-25
1.493971667679727727e-25
1.493971667679727727e-25
1.492204187713244097e-25
1.492204187713244097e-25
1.492204187713244097e-25
1.319436211557878778e-25
1.319436211557878778e-25
1.319436211557878778e-25
1.319436211557868676e-25
1.319436164804921988e-25
1.319436164804921988e-25
1.319436164804921988e-25
1.319436164804921988e-25
1.319436164804921988e-25
1.319435573972032580e-25
1.317228466888153821e-25
1.317228466888153821e-25
1.317228466888153592e-25
1.317228466888153592e-25
1.317228466888153592e-25
1.317228466888153592e-25
1.317228466888153592e-25
6.729020470320762759e-26
6.447796548330801997e-26
6.447796548327665814e-26
6.447791817764806715e-26
4.894061102848652974e-26
4.894061102830711188e-26
4.894061102830711188e-26
4.894061102830711188e-26
4.893411915214095313e-26
4.893411915214095313e-26
4.852572136271319705e-26
4.852572136271319705e-26
4.852572136271319705e-26
4.852572034999084616e-26
4.852572034999084616e-26
4.852572034999084616e-26
4.852572034826079742e-26
4.852572034826079742e-26
4.852572034826079742e-26
4.852486378011655825e-26
4.852486378011655825e-26
3.054786442444189484e-26
3.054786442444189484e-26
3.054786442444189484e-26
3.054786442444189484e-26
3.015916088895594131e-26
1.864104941761166002e-26
1.864104941761166002e-26
1.864104941761166002e-26
1.805511203230021873e-26
1.805489420900122260e-26
1.805489420900011484e-26
1.805489420900011484e-26
1.805489419129294835e-26
1.805489419129294835e-26
1.805489419129294835e-26
1.805489419129294835e-26
1.805204073969750728e-26
1.805204073969750728e-26
1.805204073969750728e-26
1.805204072703628231e-26
1.805204072703628231e-26
1.423967119365990063e-26
7.503634569569821326e-27
7.503634569569821326e-27
7.492425445229053447e-27
7.492425445229053447e-27
7.492425445229053447e-27
6.821019626150692417e-27
6.821019626150692417e-27
6.821019626150692417e-27
6.821019626150668023e-27
6.821019626150668023e-27
6.821019484546082710e-27
6.821019484546082710e-27
6.821019484546082710e-27
6.821019484546082710e-27
6.821013979482366719e-27
6.813659106764152842e-27
6.813659106764152842e-27
6.813659106764148537e-27
6.813659106764148537e-27
6.813659106764148537e-27
6.813659106764148537e-27
3.450517544880217484e-27
3.299621532257610993e-27
3.299621532257610993e-27
3.299621532256874157e-27
3.299621532229740355e-27
2.654060767114111302e-27
2.654059858752899707e-27
2.654059858752899707e-27
2.654059858752899707e-27
2.653579765478505925e-27
2.653579765478505925e-27
2.638573498708500326e-27
2.638573498708500326e-27
2.638573498708500326e-27
2.638573498708500326e-27
2.638573498708500326e-27
2.638573498708500326e-27
2.638573498708500326e-27
2.638573498708500326e-27
2.638573498708500326e-27
2.638573498708500326e-27
2.638573498708500326e-27
2.638573498708500326e-27
2.638573498708500326e-27
2.638573498708500326e-27
2.638573498708500326e-27
2.638573498708500326e-27
2.638573498708500326e-27
2.638573498708500326e-27
2.638573498708500326e-27
2.638573498708500326e-27
2.638573498708500326e-27
2.638573498708500326e-27
2.638573498708500326e-27
2.638573498708500326e-27
2.638573498708500326e-27
2.638573498708500326e-27
2.638573498708500326e-27
2.638573498708500326e-27
2.638573498708500326e-27
2.638573498708500326e-27
2.638573498708500326e-27
2.638573498708500326e-27
2.638573498708500326e-27
2.638573498708500326e-27
2.638573498708500326e-27
2.638573498708500326e-27
2.638573498708500326e-27
2.638573498708500326e-27
2.638573498708500326e-27
2.638573498708500326e-27
2.638573498708500326e-27
2.638573498708500326e-27
2.638573498708500326e-27
2.638573498708500326e-27
2.638573498708500326e-27
2.638573498708500326e-27
2.638573498708500326e-27
2.638573498708500326e-27
2.638573498708500326e-27
2.638573498708500326e-27
2.638573498708500326e-27
2.638573498708500326e-27
2.638573498708500326e-27
2.638573498708500326e-27
2.638573498708500326e-27
2.638573498708500326e-27
2.638573498708500326e-27
2.638573498708500326e-27
2.638573498708500326e-27
2.638573498708500326e-27
2.638573498708500326e-27
2.638573498708500326e-27
2.638573498708500326e-27
2.638573498708500326e-27
2.638573498708500326e-27
2.638573498708500326e-27
2.638573498708500326e-27
2.638573498708500326e-27
2.638573498708500326e-27
2.638573498708500326e-27
2.638573498708500326e-27
2.638573498708500326e-27
2.638573498708500326e-27
2.638573498708500326e-27
2.638573498708500326e-27
2.638573498708500326e-27
2.638573498708500326e-27
2.638573498708500326e-27
2.638573498708500326e-27
2.638573498708500326e-27
2.638573498708500326e-27
2.638573498708500326e-27
2.638573498708500326e-27
2.638573498708500326e-27
2.638573498708500326e-27
2.638573498708500326e-27
2.638573498708500326e-27
2.638573498708500326e-27
2.638573498708500326e-27
2.638573498708500326e-27
2.638573498708500326e-27
2.638573498708500326e-27
2.638573498708500326e-27
2.638573498708500326e-27
2.638573498708500326e-27
2.638573498708500326e-27
2.638573498708500326e-27
2.638573498708500326e-27
2.638573498708500326e-27
2.638573498708500326e-27
2.638573498708500326e-27
2.638573498708500326e-27
2.638573498708500326e-27
2.638573498708500326e-27
2.638573498708500326e-27
2.638573498708500326e-27
2.638573498708500326e-27
2.638573498708500326e-27
2.638573498708500326e-27
2.638573498708500326e-27
2.638573498708500326e-27
2.638573498708500326e-27
2.638573498708500326e-27
2.638573498708500326e-27
2.638573498708500326e-27
2.638573498708500326e-27
2.638573498708500326e-27
2.638573498708500326e-27
2.638573498708500326e-27
2.638573498708500326e-27
2.638573498708500326e-27
2.638573498708500326e-27
2.638573498708500326e-27
2.638573498708500326e-27
2.638573498708500326e-27
2.638573498708500326e-27
2.638573498708500326e-27
2.638573498708500326e-27
2.638573498708500326e-27
2.638573498708500326e-27
2.638573498708500326e-27
2.638573498708500326e-27
2.638573498708500326e-27
2.638573498708500326e-27
2.638573498708500326e-27
2.638573498708500326e-27
2.638573498708500326e-27
2.638573498708500326e-27
2.638573498708500326e-27
2.638573498708500326e-27
2.638573498708500326e-27
2.638573498708500326e-27
2.638573498708500326e-27
2.638573498708500326e-27
2.638573498708500326e-27
2.638573498708500326e-27
2.638573498708500326e-27
2.638573498708500326e-27
2.638573498708500326e-27
2.638573498708500326e-27
2.638573498708500326e-27
2.638573498708500326e-27
2.638573498708500326e-27
2.638573498708500326e-27
2.638573498708500326e-27
2.638573498708500326e-27
2.638573498708500326e-27
2.638573498708500326e-27
2.638573498708500326e-27
2.638573498708500326e-27
2.638573498708500326e-27
2.638573498708500326e-27
2.638573498708500326e-27
2.638573498708500326e-27
2.638573498708500326e-27
2.638573498708500326e-27
2.638573498708500326e-27
2.638573498708500326e-27
2.638573498708500326e-27
2.638573498708500326e-27
2.638573498708500326e-27
2.638573498708500326e-27
2.638573498708500326e-27
2.638573498708500326e-27
2.638573498708500326e-27
2.638573498708500326e-27
2.638573498708500326e-27
2.638573498708500326e-27
2.638573498708500326e-27
2.638573498708500326e-27
2.638573498708500326e-27
2.638573498708500326e-27
2.638573498708500326e-27
2.638573498708500326e-27
2.638573498708500326e-27
2.638573498708500326e-27
2.638573498708500326e-27
2.638573498708500326e-27
2.638573498708500326e-27
2.638573498708500326e-27
2.638573498708500326e-27
2.638573498708500326e-27
2.638573498708500326e-27
2.638573498708500326e-27
2.638573498708500326e-27
2.638573498708500326e-27
2.638573498708500326e-27
2.638573498708500326e-27
2.638573498708500326e-27
2.638573498708500326e-27
2.638573498708500326e-27
2.638573498708500326e-27
2.638573498708500326e-27
2.638573498708500326e-27
2.638573498708500326e-27
2.638573498708500326e-27
2.638573498708500326e-27
2.638573498708500326e-27
2.638573498708500326e-27
2.638573498708500326e-27
2.638573498708500326e-27
2.638573498708500326e-27
2.638573498708500326e-27
2.638573498708500326e-27
2.638573498708500326e-27
2.638573498708500326e-27
2.638573498708500326e-27
2.638573498708500326e-27
2.638573498708500326e-27
2.638573498708500326e-27
2.638573498708500326e-27
2.638573498708500326e-27
2.638573498708500326e-27
2.638573498708500326e-27
2.638573498708500326e-27
2.638573498708500326e-27
2.638573498708500326e-27
2.638573498708500326e-27
2.638573498708500326e-27
2.638573498708500326e-27
2.638573498708500326e-27
2.638573498708500326e-27
2.638573498708500326e-27
2.638573498708500326e-27
2.638573498708500326e-27
2.638573498708500326e-27
2.638573498708500326e-27
2.638573498708500326e-27
2.638573498708500326e-27
2.638573498708500326e-27
2.638573498708500326e-27
2.638573498708500326e-27
2.638573498708500326e-27
2.638573498708500326e-27
2.638573498708500326e-27
2.638573498708500326e-27
2.638573498708500326e-27
2.638573498708500326e-27
2.638573498708500326e-27
2.638573498708500326e-27
2.638573498708500326e-27
2.638573498708500326e-27
2.638573498708500326e-27
2.638573498708500326e-27
2.638573498708500326e-27
2.638573498708500326e-27
2.638573498708500326e-27
2.638573498708500326e-27
2.638573498708500326e-27
2.638573498708500326e-27
2.638573498708500326e-27
2.638573498708500326e-27
2.638573498708500326e-27
2.638573498708500326e-27
2.638573498708500326e-27
2.638573498708500326e-27
2.638573498708500326e-27
2.638573498708500326e-27
2.638573498708500326e-27
2.638573498708500326e-27
2.638573498708500326e-27
2.638573498708500326e-27
2.638573498708500326e-27
2.638573498708500326e-27
2.638573498708500326e-27
2.638573498708500326e-27
2.638573498708500326e-27
2.638573498708500326e-27
2.638573498708500326e-27
2.638573498708500326e-27
2.638573498708500326e-27
2.638573498708500326e-27
2.638573498708500326e-27
2.638573498708500326e-27
2.638573498708500326e-27
2.638573498708500326e-27
2.638573498708500326e-27
2.638573498708500326e-27
2.638573498708500326e-27
2.638573498708500326e-27
2.638573498708500326e-27
2.638573498708500326e-27
2.638573498708500326e-27
2.638573498708500326e-27
2.638573498708500326e-27
2.638573498708500326e-27
2.638573498708500326e-27
2.638573498708500326e-27
2.638573498708500326e-27
2.638573498708500326e-27
2.638573498708500326e-27
2.638573498708500326e-27
2.638573498708500326e-27
2.638573498708500326e-27
2.638573498708500326e-27
2.638573498708500326e-27
2.638573498708500326e-27
2.638573498708500326e-27
2.638573498708500326e-27
2.638573498708500326e-27
2.638573498708500326e-27
2.638573498708500326e-27
2.638573498708500326e-27
2.638573498708500326e-27
2.638573498708500326e-27
2.638573498708500326e-27
2.638573498708500326e-27
2.638573498708500326e-27
2.638573498708500326e-27
2.638573498708500326e-27
2.638573498708500326e-27
2.638573498708500326e-27
2.638573498708500326e-27
2.638573498708500326e-27
2.638573498708500326e-27
2.638573498708500326e-27
2.638573498708500326e-27
2.638573498708500326e-27
2.638573498708500326e-27
2.638573498708500326e-27
2.638573498708500326e-27
2.638573498708500326e-27
2.638573498708500326e-27
2.638573498708500326e-27
2.638573498708500326e-27
2.638573498708500326e-27
2.638573498708500326e-27
2.638573498708500326e-27
2.638573498708500326e-27
2.638573498708500326e-27
2.638573498708500326e-27
2.638573498708500326e-27
2.638573498708500326e-27
2.638573498708500326e-27
2.638573498708500326e-27
2.638573498708500326e-27
2.638573498708500326e-27
2.638573498708500326e-27
2.638573498708500326e-27
2.638573498708500326e-27
2.638573498708500326e-27
2.638573498708500326e-27
2.638573498708500326e-27
2.638573498708500326e-27
2.638573498708500326e-27
2.638573498708500326e-27
2.638573498708500326e-27
2.638573498708500326e-27
2.638573498708500326e-27
2.638573498708500326e-27
2.638573498708500326e-27
2.638573498708500326e-27
2.638573498708500326e-27
2.638573498708500326e-27
2.638573498708500326e-27
2.638573498708500326e-27
2.638573498708500326e-27
2.638573498708500326e-27
2.638573498708500326e-27
2.638573498708500326e-27
2.638573498708500326e-27
2.638573498708500326e-27
2.638573498708500326e-27
2.638573498708500326e-27
2.638573498708500326e-27
2.638573498708500326e-27
2.638573498708500326e-27
2.638573498708500326e-27
2.638573498708500326e-27
2.638573498708500326e-27
2.638573498708500326e-27
2.638573498708500326e-27
2.638573498708500326e-27
2.638573498708499967e-27
2.638573498708497815e-27
2.638573498708497456e-27
2.638573498708497456e-27
2.638573498708497456e-27
2.638573498708497456e-27
2.638573498708497456e-27
2.638573498708497456e-27
2.638573498708497456e-27
2.638573498708497456e-27
2.638573498708497456e-27
2.638573498708497456e-27
2.638573498708497456e-27
2.638573498708497456e-27
2.638573498708497456e-27
2.638573498708497456e-27
2.638573498708497456e-27
2.638573498708497456e-27
2.638573498708497456e-27
2.638573498708497456e-27
2.638573498708496738e-27
2.638573498708492075e-27
2.638573498708469116e-27
2.638573498708367236e-27
2.638573498708030386e-27
2.638573498707419106e-27
2.638573498707126739e-27
2.638573498707117771e-27
2.638573498707117771e-27
2.638573498707117771e-27
2.638573498707117771e-27
2.638573498707117771e-27
2.638573498707117771e-27
2.638573498707117771e-27
2.638573498707117771e-27
2.638573498707117771e-27
2.638573498707117771e-27
2.638573498707117771e-27
2.638573498707117771e-27
2.638573498707117771e-27
2.638573498707117771e-27
2.638573498707117771e-27
2.638573498707114901e-27
2.638573498707090507e-27
2.638573498706904684e-27
2.638573498705674232e-27
2.638573498699091133e-27
2.638573498670169051e-27
2.638573498574604172e-27
2.638573498401195079e-27
2.638573498318278388e-27
2.638573498315705918e-27
2.638573498315705559e-27
2.638573498315705559e-27
2.638573498315705559e-27
2.638573498315705559e-27
2.638573498315705559e-27
2.638573498315705559e-27
2.638573498315705559e-27
2.638573498315705559e-27
2.638573498315705559e-27
2.638573498315705559e-27
2.638573498315705559e-27
2.638573498315701613e-27
2.638573498315654261e-27
2.638573498315121184e-27
2.638573498310344304e-27
2.638573498274259052e-27
2.638573498035493219e-27
2.638573496758063261e-27
2.638573491145998961e-27
2.638573472602388677e-27
2.638573438953688541e-27
2.638573422864390860e-27
2.638573422365233370e-27
2.638573422365126827e-27
2.638573422365126827e-27
2.638573422365126827e-27
2.638573422365126827e-27
2.638573422365126827e-27
2.638573422365126827e-27
2.638573422365126827e-27
2.638573422365126827e-27
2.638573422365126827e-27
2.638573422365125033e-27
2.638573422365091671e-27
2.638573422364588369e-27
2.638573422358315574e-27
2.638573422287231313e-27
2.638573421649934224e-27
2.638573416835739584e-27
2.638573384981432220e-27
2.638573214556563716e-27
2.638572465838432400e-27
2.638569991896574186e-27
2.638565502764872588e-27
2.638563356268967188e-27
2.638563289675724551e-27
2.638563289661492919e-27
2.638563289661492919e-27
2.638563289661492919e-27
2.638563289661492919e-27
2.638563289661492919e-27
2.638563289661492919e-27
2.638563289661492201e-27
2.638563289661484309e-27
2.638563289661327185e-27
2.638563289658227737e-27
2.638563289611823189e-27
2.638563289033553365e-27
2.638563282479997656e-27
2.638563223725065283e-27
2.638562779885304061e-27
2.638559843113989876e-27
2.638544131098391801e-27
2.638475106563731254e-27
2.638247058569667671e-27
2.637833349907413286e-27
2.637635578841749229e-27
2.637629443628745450e-27
2.637629442317556620e-27
2.637629442317556620e-27
2.637629442317556620e-27
2.637629442317556620e-27
2.637629442317556620e-27
2.637629442317556261e-27
2.637629442317536172e-27
2.637629442317043632e-27
2.637629442306966122e-27
2.637629442108661000e-27
2.637629439139724876e-27
2.637629402142208217e-27
2.637628982847849183e-27
2.637625223732354265e-27
2.637596827394370648e-27
2.637408951437706919e-27
2.636404243954186759e-27
2.631999370101313339e-27
2.617548702437122033e-27
2.591728146917782880e-27
2.579561092839523021e-27
2.579185446616359143e-27
2.579185366346507707e-27
2.579185366346507707e-27
2.579185366346507707e-27
2.579185366346507707e-27
2.579185366346483672e-27
2.579185366345646750e-27
2.579185366324594538e-27
2.579185365894129641e-27
2.579185357423313158e-27
2.579185230602063428e-27
2.579183650215047736e-27
2.579165739757080694e-27
2.579005177311104856e-27
2.577792920276661843e-27
2.569800351851459617e-27
2.527867207015472720e-27
2.358772636045144085e-27
1.931792595559140119e-27
1.454148629656434456e-27
1.300406864958091703e-27
1.296155380512848903e-27
1.296154474874504525e-27
1.296154474874502911e-27
1.296154474874502911e-27
1.296154474874502911e-27
1.296154474874312962e-27
1.296154474867692376e-27
1.296154474701200003e-27
1.296154471296848115e-27
1.296154404304999247e-27
1.296153401333982051e-27
1.296140902900826088e-27
1.295999274469066950e-27
1.294730907033446740e-27
1.285229173171435993e-27
1.225710174318254718e-27
9.823245682421484726e-28
5.246468879089726560e-28
2.065955118443530606e-28
9.837745099443465234e-29
7.867267174308716837e-29
7.818681304318146255e-29
7.818670984887888375e-29
7.818670984887873801e-29
7.818670984887873801e-29
7.818670984887873801e-29
7.818670984834758984e-29
7.818670983499044651e-29
7.818670956187035811e-29
7.818670418733235801e-29
7.818662372225348844e-29
7.818562101735401390e-29
7.817425911712948934e-29
7.807254300673806577e-29
7.731263952690255406e-29
7.263475938770925397e-29
5.487188296863626669e-29
2.645229797684565243e-29
9.756125602919983373e-30
4.547628106981750160e-30
3.622821671050525156e-30
3.600108282567089963e-30
3.600103458796433906e-30
3.600103458796426900e-30
3.600103458796426900e-30
3.600103458796426900e-30
3.600103458778870732e-30
3.600103458337377638e-30
3.600103449309967703e-30
3.600103271665902629e-30
3.600100612060922079e-30
3.600067469616936538e-30
3.599691907529435983e-30
3.596328358368158048e-30
3.571121481831897405e-30
3.412843483960780103e-30
2.758685120780906108e-30
1.497594499167975264e-30
5.965364110644758893e-31
2.851821217301904915e-31
2.282248019556967400e-31
2.268193763398391311e-31
2.268190778281760524e-31
2.268190778281755269e-31
2.268190778281755269e-31
2.268190778281755269e-31
2.268190778274041559e-31
2.268190778080053681e-31
2.268190774113479569e-31
2.268190696058051668e-31
2.268189527447921994e-31
2.268174964867165185e-31
2.268009939586810502e-31
2.266531501902075551e-31
2.255425225795454659e-31
2.184594447838064161e-31
1.870341518518278097e-31
1.146066137588066712e-31
5.027616244542434209e-32
2.490710959207849095e-32
2.006575899760652939e-32
1.994548045185803258e-32
1.994545490054514306e-32
1.994545490054509927e-32
1.994545490054509927e-32
1.994545490054509927e-32
1.994545489936138797e-32
1.994545487515745203e-32
1.994545439886518782e-32
1.994544726803418099e-32
1.994535840732671769e-32
1.994435140047808234e-32
1.993532777009662006e-32
1.986742539999648523e-32
1.942953202661454094e-32
1.738005619960749499e-32
1.187640421927733303e-32
5.803739067031580620e-33
3.010503695813591512e-33
2.447310354177826940e-33
2.433188408067462777e-33
2.433185407403219931e-33
2.433185407403215141e-33
2.433185407403215141e-33
2.433185407403215141e-33
2.433185407403215141e-33
2.433185407303731161e-33
2.433185405269531251e-33
2.433185365239943185e-33
2.433184765935097314e-33
2.433177297698607047e-33
2.433092663060373662e-33
2.432334146685139521e-33
2.426619492486487395e-33
2.389473377815431955e-33
2.208592695938315074e-33
1.657400567446681085e-33
9.083489344576992676e-34
4.990698196154772527e-34
4.106067899538983821e-34
4.083611229648549054e-34
4.083606456556523827e-34
4.083606456556516130e-34
4.083606456556516130e-34
4.083606456556516130e-34
4.083606456556516130e-34
4.083606454232116579e-34
4.083606408491886433e-34
4.083605723689832035e-34
4.083597190020969524e-34
4.083500480081026775e-34
4.082633646025064878e-34
4.076097377778034595e-34
4.033370412785070292e-34
3.819183532627466208e-34
3.096724992395323460e-34
1.905619449421222211e-34
1.122308855305036027e-34
9.379562729151213574e-35
9.332005963805684994e-35
9.331995851715130958e-35
9.331995851715112783e-35
9.331995851715112783e-35
9.331995851715112783e-35
9.331995851715112783e-35
9.331995848164797097e-35
9.331995778300629515e-35
9.331994732325853031e-35
9.331981697889092511e-35
9.331833980607099187e-35
9.330509852076771185e-35
9.320519398269763617e-35
9.254950419947558549e-35
8.919250300763239915e-35
7.693293338729938869e-35
5.290504410236391059e-35
3.376778018044467058e-35
2.878846043500163861e-35
2.865735999577797857e-35
2.865733210515846987e-35
2.865733210515842711e-35
2.865733210515842711e-35
2.865733210515842711e-35
2.865733210515842711e-35
2.865733209807358536e-35
2.865733195865594520e-35
2.865732987135787522e-35
2.865730386043516271e-35
2.865700908084077885e-35
2.865436654894400910e-35
2.863442036888179037e-35
2.850313809813367959e-35
2.782071945609012851e-35
2.517296277732742053e-35
1.915063316517173629e-35
1.335363006319343311e-35
1.166520571259150262e-35
1.161962565526243527e-35
1.161961595215283475e-35
1.161961595215281737e-35
1.161961595215281737e-35
1.161961595215281737e-35
1.161961595215281737e-35
1.161961591694002433e-35
1.161961538974995039e-35
1.161960882015382882e-35
1.161953436716050932e-35
1.161886691249944327e-35
1.161382737856280248e-35
1.158059190781896885e-35
1.140596017617443172e-35
1.069727844623304464e-35
8.875192577788483304e-36
6.779722507383031174e-36
6.091972760385526320e-36
6.072860489639258969e-36
6.072856417861676576e-36
6.072856417861669894e-36
6.072856417861669894e-36
6.072856417861669894e-36
6.072856417861669894e-36
6.072856407098447743e-36
6.072856245956339474e-36
6.072854237878248416e-36
6.072831480336557186e-36
6.072627458587424727e-36
6.071086703415807303e-36
6.060911586134372067e-36
6.007047549121839068e-36
5.781325539030446805e-36
5.142792321290169682e-36
4.284178900548451480e-36
3.967455899759454076e-36
3.958377075021927397e-36
3.958375139174292324e-36
3.958375139174288983e-36
3.958375139174288983e-36
3.958375139174288983e-36
3.958375139174288983e-36
3.958375135434962193e-36
3.958375079451440383e-36
3.958374381810674183e-36
3.958366475435362165e-36
3.958295593409811646e-36
3.957760226454399164e-36
3.954221485191673848e-36
3.935395722437841234e-36
3.854769640960984448e-36
3.610364749840589895e-36
3.237850985433167474e-36
3.085620188351666742e-36
3.081125955391639070e-36
3.081124996302157504e-36
3.081124996302155499e-36
3.081124996302155499e-36
3.081124996302155499e-36
3.081124996302155499e-36
3.081124975970819896e-36
3.081124722611087941e-36
3.081121851277371614e-36
3.081096108999423280e-36
3.080901663498027125e-36
3.079615685147840314e-36
3.072753721459453975e-36
3.042966187355073251e-36
2.948520397161353518e-36
2.791314698666571575e-36
2.721922801458194691e-36
2.719825111002651591e-36
2.719824663038559269e-36
2.719824663038558601e-36
2.719824663038558601e-36
2.719824663038558601e-36
2.719824663038558601e-36
2.719824656056533435e-36
2.719824569049754547e-36
2.719823582998607956e-36
2.719814742735091317e-36
2.719747964475158125e-36
2.719306192292179848e-36
2.716945086707803582e-36
2.706620558709801676e-36
2.673056905995098008e-36
2.614232168072389590e-36
2.587010247948564299e-36
2.586174773954118395e-36
2.586174595457774255e-36
2.586174595457774255e-36
2.586174595457774255e-36
2.586174595457774255e-36
2.586174595457774255e-36
2.586174593406261294e-36
2.586174567841259158e-36
2.586174278112036765e-36
2.586171680590516357e-36
2.586152058856463644e-36
2.586022234323841042e-36
2.585327876742136244e-36
2.582281805223579404e-36
2.572267696565888047e-36
2.554293336441862738e-36
2.545787281235226056e-36
2.545524293716870779e-36
2.545524237518081158e-36
2.545524237518081158e-36
2.545524237518081158e-36
2.545524237518081158e-36
2.545524237518081158e-36
2.545524231565733252e-36
2.545524164107520707e-36
2.545523559321072509e-36
2.545518990721121913e-36
2.545488761867774009e-36
2.545327045578999079e-36
2.544616829483107438e-36
2.542272920417293782e-36
2.538030738919705539e-36
2.536007317300304323e-36
2.535944593879899192e-36
2.535944580475242478e-36
2.535944580475242478e-36
2.535944580475242478e-36
2.535944580475242478e-36
2.535944580475242478e-36
2.535944579422397361e-36
2.535944567490455385e-36
2.535944460516406526e-36
2.535943652425459837e-36
2.535938305505699523e-36
2.535909699139504423e-36
2.535784031977860401e-36
2.535368885988630258e-36
2.534615921063074996e-36
2.534256045057931101e-36
2.534244881830456230e-36
2.534244879444708363e-36
2.534244879444708363e-36
2.534244879444708363e-36
2.534244879444708363e-36
2.534244879444708363e-36
2.534244879305376804e-36
2.534244877726325789e-36
2.534244863569581484e-36
2.534244756628314085e-36
2.534244049025311555e-36
2.534240263259552126e-36
2.534223631592847327e-36
2.534168678116087359e-36
2.534068967207767625e-36
2.534021292699398762e-36
2.534019813665039190e-36
2.534019813348946342e-36
2.534019813348946342e-36
2.534019813348946342e-36
2.534019813348946342e-36
2.534019813192977491e-36
2.534019811794661832e-36
2.534019801231664838e-36
2.534019731338997632e-36
2.534019357403769451e-36
2.534017714615590864e-36
2.534012286463270826e-36
2.534002436754002661e-36
2.533997727092154112e-36
2.533997580978986105e-36
2.533997580947758858e-36
2.533997580947758858e-36
2.533997580947758858e-36
2.533997580947758858e-36
2.533997580936242918e-36
2.533997580832997692e-36
2.533997580053070249e-36
2.533997574892490802e-36
2.533997547282685012e-36
2.533997425986021742e-36
2.533997025192739597e-36
2.533996297925132644e-36
2.533995950178550473e-36
2.533995939389995858e-36
2.533995939387690264e-36
2.533995939387690264e-36
2.533995939387690264e-36
2.533995939387690264e-36
2.533995939387052476e-36
2.533995939381341112e-36
2.533995939338193335e-36
2.533995939052696293e-36
2.533995937525249013e-36
2.533995930814797791e-36
2.533995908641849792e-36
2.533995868407460398e-36
2.533995849169181991e-36
2.533995848572329577e-36
2.533995848572202286e-36
2.533995848572202286e-36
2.533995848572202286e-36
2.533995848572202286e-36
2.533995848572175893e-36
2.533995848571938685e-36
2.533995848570145260e-36
2.533995848558282862e-36
2.533995848494817061e-36
2.533995848215994247e-36
2.533995847294697263e-36
2.533995845622938062e-36
2.533995844823577282e-36
2.533995844798778034e-36
2.533995844798772355e-36
2.533995844798772355e-36
2.533995844798772355e-36
2.533995844798772355e-36
2.533995844798765339e-36
2.533995844798709545e-36
2.533995844798338030e-36
2.533995844796353168e-36
2.533995844787631269e-36
2.533995844758813520e-36
2.533995844706520878e-36
2.533995844681516830e-36
2.533995844680741729e-36
2.533995844680741060e-36
2.533995844680741060e-36
2.533995844680741060e-36
2.533995844680741060e-36
2.533995844680741060e-36
2.533995844680739390e-36
2.533995844680731038e-36
2.533995844680683596e-36
2.533995844680477793e-36
2.533995844679797574e-36
2.533995844678563425e-36
2.533995844677973413e-36
2.533995844677954703e-36
2.533995844677954703e-36
2.533995844677954703e-36
2.533995844677954703e-36
2.533995844677954703e-36
2.533995844677954703e-36
2.533995844677954703e-36
2.533995844677954703e-36
2.533995844677953701e-36
2.533995844677950360e-36
2.533995844677937998e-36
2.533995844677915948e-36
2.533995844677905257e-36
2.533995844677904589e-36
2.533995844677904589e-36
2.533995844677904589e-36
2.533995844677904589e-36
2.533995844677904589e-36
2.533995844677904589e-36
2.533995844677904589e-36
2.533995844677904589e-36
2.533995844677904589e-36
2.533995844677904589e-36
2.533995844677904589e-36
2.533995844677904255e-36
2.533995844677904255e-36
2.533995844677904255e-36
2.533995844677904255e-36
2.533995844677904255e-36
2.533995844677904255e-36
2.533995844677904255e-36
2.533995844677904255e-36
2.533995844677904255e-36
2.533995844677904255e-36
2.533995844677904255e-36
2.533995844677904255e-36
2.533995844677904255e-36
2.533995844677904255e-36
2.533995844677904255e-36
2.533995844677904255e-36
2.533995844677904255e-36
2.533995844677904255e-36
2.533995844677904255e-36
2.533995844677904255e-36
2.533995844677904255e-36
2.533995844677904255e-36
2.533995844677904255e-36
2.533995844677904255e-36
2.533995844677904255e-36
2.533995844677904255e-36
2.533995844677904255e-36
2.533995844677904255e-36
2.533995844677904255e-36
2.533995844677904255e-36
2.533995844677904255e-36
2.533995844677904255e-36
2.533995844677904255e-36
2.533995844677904255e-36
2.533995844677904255e-36
2.533995844677904255e-36
2.533995844677904255e-36
2.533995844677904255e-36
2.533995844677904255e-36
2.533995844677904255e-36
2.533995844677904255e-36
2.533995844677904255e-36
2.533995844677904255e-36
2.533995844677904255e-36
2.533995844677904255e-36
2.533995844677904255e-36
2.533995844677904255e-36
2.533995844677904255e-36
2.533995844677904255e-36
2.533995844677904255e-36
2.533995844677904255e-36
2.533995844677904255e-36
2.533995844677904255e-36
2.533995844677904255e-36
2.533995844677904255e-36
2.533995844677904255e-36
2.533995844677904255e-36
2.533995844677904255e-36
2.533995844677904255e-36
2.533995844677904255e-36
2.533995844677904255e-36
2.533995844677904255e-36
2.533995844677904255e-36
2.533995844677904255e-36
2.533995844677904255e-36
2.533995844677904255e-36
2.533995844677904255e-36
2.533995844677904255e-36
2.533995844677904255e-36
2.533995844677904255e-36
2.533995844677904255e-36
2.533995844677904255e-36
2.533995844677904255e-36
2.533995844677904255e-36
2.533995844677904255e-36
2.533995844677904255e-36
2.533995844677904255e-36
2.533995844677904255e-36
2.533995844677904255e-36
2.533995844677904255e-36
2.533995844677904255e-36
2.533995844677904255e-36
2.533995844677904255e-36
2.533995844677904255e-36
2.533995844677904255e-36
2.533995844677904255e-36
2.533995844677904255e-36
2.533995844677904255e-36
2.533995844677904255e-36
2.533995844677904255e-36
2.533995844677904255e-36
2.533995844677904255e-36
2.533995844677904255e-36
2.533995844677904255e-36
2.533995844677904255e-36
2.533995844677904255e-36
2.533995844677904255e-36
2.533995844677904255e-36
2.533995844677904255e-36
2.533995844677904255e-36
2.533995844677904255e-36
2.533995844677904255e-36
2.533995844677904255e-36
2.533995844677904255e-36
2.533995844677904255e-36
2.533995844677904255e-36
2.533995844677904255e-36
2.533995844677904255e-36
2.533995844677904255e-36
2.533995844677904255e-36
2.533995844677904255e-36
2.533995844677904255e-36
2.533995844677904255e-36
2.533995844677904255e-36
2.533995844677904255e-36
2.533995844677904255e-36
2.533995844677904255e-36
2.533995844677904255e-36
2.533995844677904255e-36
2.533995844677904255e-36
2.533995844677904255e-36
2.533995844677904255e-36
2.533995844677904255e-36
2.533995844677904255e-36
2.533995844677904255e-36
2.533995844677904255e-36
2.533995844677904255e-36
2.533995844677904255e-36
2.533995844677904255e-36
2.533995844677904255e-36
2.533995844677904255e-36
2.533995844677904255e-36
2.533995844677904255e-36
2.533995844677904255e-36
2.533995844677904255e-36
2.533995844677904255e-36
2.533995844677904255e-36
2.533995844677904255e-36
2.533995844677904255e-36
2.533995844677904255e-36
2.533995844677904255e-36
2.533995844677904255e-36
2.533995844677904255e-36
2.533995844677904255e-36
2.533995844677904255e-36
2.533995844677904255e-36
2.533995844677904255e-36
2.533995844677904255e-36
2.533995844677904255e-36
2.533995844677904255e-36
2.533995844677904255e-36
2.533995844677904255e-36
2.533995844677904255e-36
2.533995844677904255e-36
2.533995844677904255e-36
2.533995844677904255e-36
2.533995844677904255e-36
2.533995844677904255e-36
2.533995844677904255e-36
2.533995844677904255e-36
2.533995844677904255e-36
2.533995844677904255e-36
2.533995844677904255e-36
2.533995844677904255e-36
2.533995844677904255e-36
2.533995844677904255e-36
2.533995844677904255e-36
2.533995844677904255e-36
2.533995844677904255e-36
2.533995844677904255e-36
2.533995844677904255e-36
2.533995844677904255e-36
2.533995844677904255e-36
2.533995844677904255e-36
2.533995844677904255e-36
2.533995844677904255e-36
2.533995844677904255e-36
2.533995844677904255e-36
2.533995844677904255e-36
2.533995844677904255e-36
2.533995844677904255e-36
2.533995844677904255e-36
2.533995844677904255e-36
2.533995844677904255e-36
2.533995844677904255e-36
2.533995844677904255e-36
2.533995844677904255e-36
2.533995844677904255e-36
2.533995844677904255e-36
2.533995844677904255e-36
2.533995844677904255e-36
2.533995844677904255e-36
2.533995844677904255e-36
2.533995844677904255e-36
2.533995844677904255e-36
2.533995844677904255e-36
2.533995844677904255e-36
2.533995844677904255e-36
2.533995844677904255e-36
2.533995844677904255e-36
2.533995844677904255e-36
2.533995844677904255e-36
2.533995844677904255e-36
2.533995844677904255e-36
