1.000000000000122569e+00
1.000000000000083489e+00
1.000000000000083267e+00
1.000000000000083267e+00
1.000000000000083489e+00
1.000000000000031530e+00
1.000000000000031530e+00
1.000000000000031530e+00
1.000000000000031530e+00
1.000000000000031530e+00
1.000000000000031530e+00
1.000000000000030420e+00
1.000000000000027089e+00
1.000000000000027089e+00
1.000000000000027089e+00
1.000000000000027089e+00
1.000000000000027089e+00
1.000000000000027089e+00
1.000000000000027089e+00
1.000000000000027089e+00
1.000000000000027089e+00
1.000000000000027089e+00
1.000000000000027089e+00
1.000000000000027089e+00
1.000000000000027089e+00
1.000000000000027089e+00
1.000000000000027089e+00
1.000000000000027311e+00
1.000000000000027311e+00
1.000000000000027089e+00
1.000000000000027089e+00
1.000000000000027089e+00
1.000000000000027089e+00
1.000000000000027089e+00
1.000000000000027089e+00
1.000000000000027089e+00
1.000000000000027089e+00
1.000000000000027089e+00
1.000000000000027089e+00
1.000000000000027089e+00
1.000000000000027089e+00
1.000000000000027089e+00
1.000000000000027089e+00
1.000000000000027089e+00
1.000000000000027089e+00
1.000000000000027089e+00
1.000000000000027089e+00
1.000000000000027089e+00
1.000000000000027089e+00
1.000000000000022649e+00
1.000000000000022649e+00
1.000000000000022649e+00
1.000000000000022649e+00
1.000000000000022871e+00
1.000000000000022871e+00
1.000000000000022871e+00
1.000000000000022871e+00
1.000000000000022871e+00
1.000000000000022871e+00
1.000000000000022871e+00
1.000000000000022871e+00
1.000000000000022871e+00
1.000000000000022871e+00
1.000000000000022871e+00
1.000000000000022871e+00
1.000000000000022871e+00
1.000000000000022871e+00
1.000000000000022871e+00
1.000000000000022871e+00
1.000000000000022871e+00
1.000000000000022871e+00
1.000000000000022871e+00
1.000000000000022871e+00
1.000000000000022871e+00
1.000000000000022871e+00
1.000000000000022871e+00
1.000000000000022871e+00
1.000000000000022871e+00
1.000000000000022871e+00
1.000000000000022871e+00
1.000000000000022871e+00
1.000000000000022871e+00
1.000000000000022871e+00
1.000000000000022871e+00
1.000000000000022871e+00
1.000000000000022871e+00
1.000000000000022871e+00
1.000000000000022871e+00
1.000000000000022871e+00
1.000000000000022871e+00
1.000000000000022871e+00
1.000000000000022871e+00
1.000000000000022871e+00
1.000000000000022871e+00
1.000000000000022871e+00
1.000000000000022871e+00
1.000000000000022871e+00
1.000000000000022871e+00
1.000000000000022871e+00
1.000000000000022871e+00
1.000000000000022871e+00
1.000000000000022871e+00
1.000000000000022871e+00
1.000000000000022871e+00
1.000000000000022871e+00
1.000000000000022871e+00
1.000000000000022871e+00
1.000000000000022871e+00
1.000000000000022871e+00
1.000000000000022871e+00
1.000000000000022871e+00
1.000000000000022871e+00
1.000000000000022871e+00
1.000000000000022871e+00
1.000000000000022871e+00
1.000000000000022871e+00
1.000000000000022871e+00
1.000000000000022871e+00
1.000000000000022871e+00
1.000000000000022871e+00
1.000000000000022871e+00
1.000000000000022871e+00
1.000000000000022871e+00
1.000000000000022871e+00
1.000000000000022871e+00
1.000000000000022871e+00
1.000000000000022871e+00
1.000000000000022871e+00
1.000000000000022871e+00
1.000000000000022871e+00
1.000000000000022871e+00
1.000000000000022871e+00
1.000000000000022871e+00
1.000000000000022871e+00
1.000000000000022871e+00
1.000000000000022871e+00
1.000000000000022871e+00
1.000000000000022871e+00
1.000000000000022871e+00
1.000000000000022871e+00
1.000000000000022871e+00
1.000000000000022871e+00
1.000000000000022871e+00
1.000000000000022871e+00
1.000000000000022871e+00
1.000000000000022871e+00
1.000000000000022871e+00
1.000000000000022871e+00
1.000000000000022871e+00
1.000000000000022871e+00
1.000000000000022871e+00
1.000000000000022871e+00
1.000000000000022871e+00
1.000000000000022871e+00
1.000000000000022871e+00
1.000000000000022204e+00
1.000000000000022204e+00
1.000000000000022204e+00
1.000000000000022204e+00
1.000000000000022204e+00
1.000000000000022204e+00
1.000000000000022204e+00
1.000000000000022204e+00
1.000000000000022204e+00
1.000000000000022204e+00
1.000000000000022204e+00
1.000000000000022204e+00
1.000000000000022204e+00
1.000000000000022204e+00
1.000000000000016209e+00
1.000000000000016209e+00
1.000000000000016209e+00
1.000000000000016209e+00
1.000000000000016209e+00
1.000000000000016209e+00
1.000000000000016209e+00
1.000000000000016431e+00
1.000000000000016431e+00
1.000000000000016431e+00
1.000000000000016431e+00
1.000000000000016431e+00
1.000000000000016431e+00
1.000000000000016209e+00
1.000000000000016209e+00
1.000000000000016209e+00
1.000000000000016209e+00
1.000000000000016209e+00
1.000000000000016209e+00
1.000000000000016209e+00
1.000000000000016209e+00
1.000000000000016209e+00
1.000000000000016209e+00
1.000000000000016209e+00
1.000000000000016209e+00
1.000000000000016209e+00
1.000000000000016209e+00
1.000000000000016209e+00
1.000000000000016209e+00
1.000000000000016209e+00
1.000000000000016209e+00
1.000000000000016209e+00
1.000000000000016209e+00
1.000000000000016209e+00
1.000000000000016209e+00
1.000000000000016209e+00
1.000000000000016209e+00
1.000000000000016209e+00
1.000000000000016209e+00
1.000000000000016209e+00
1.000000000000016209e+00
1.000000000000016209e+00
1.000000000000016209e+00
1.000000000000016209e+00
1.000000000000016209e+00
1.000000000000016209e+00
1.000000000000016209e+00
1.000000000000016209e+00
1.000000000000016209e+00
1.000000000000016209e+00
1.000000000000016209e+00
1.000000000000016209e+00
1.000000000000016209e+00
1.000000000000016209e+00
1.000000000000016209e+00
1.000000000000016209e+00
1.000000000000016209e+00
1.000000000000016209e+00
1.000000000000016209e+00
1.000000000000016209e+00
1.000000000000016209e+00
1.000000000000016209e+00
1.000000000000016209e+00
1.000000000000016431e+00
1.000000000000016431e+00
1.000000000000016431e+00
1.000000000000016431e+00
1.000000000000016431e+00
1.000000000000016431e+00
1.000000000000016431e+00
1.000000000000016431e+00
1.000000000000015987e+00
1.000000000000015987e+00
1.000000000000015987e+00
1.000000000000015987e+00
1.000000000000015987e+00
1.000000000000015987e+00
1.000000000000015987e+00
1.000000000000015987e+00
1.000000000000015987e+00
1.000000000000015987e+00
1.000000000000016209e+00
1.000000000000015987e+00
1.000000000000015987e+00
1.000000000000015987e+00
1.000000000000015987e+00
1.000000000000015987e+00
1.000000000000015987e+00
1.000000000000016209e+00
1.000000000000016209e+00
1.000000000000016209e+00
1.000000000000016209e+00
1.000000000000016209e+00
1.000000000000015987e+00
1.000000000000015987e+00
1.000000000000015987e+00
1.000000000000015987e+00
1.000000000000015987e+00
1.000000000000015987e+00
1.000000000000015987e+00
1.000000000000015987e+00
1.000000000000015987e+00
1.000000000000015987e+00
1.000000000000015987e+00
1.000000000000015987e+00
1.000000000000015987e+00
1.000000000000015987e+00
1.000000000000015987e+00
1.000000000000015987e+00
1.000000000000015987e+00
1.000000000000015987e+00
1.000000000000015987e+00
1.000000000000016209e+00
1.000000000000016209e+00
1.000000000000016209e+00
1.000000000000016209e+00
1.000000000000016209e+00
1.000000000000016209e+00
1.000000000000016209e+00
1.000000000000016209e+00
1.000000000000016209e+00
1.000000000000016209e+00
1.000000000000016209e+00
1.000000000000016209e+00
1.000000000000016209e+00
1.000000000000016209e+00
1.000000000000016209e+00
1.000000000000015987e+00
1.000000000000015987e+00
1.000000000000015987e+00
1.000000000000015987e+00
1.000000000000015987e+00
1.000000000000015987e+00
1.000000000000015987e+00
1.000000000000015987e+00
1.000000000000015987e+00
1.000000000000015987e+00
1.000000000000016209e+00
1.000000000000016209e+00
1.000000000000016209e+00
1.000000000000016209e+00
1.000000000000016209e+00
1.000000000000016209e+00
1.000000000000016209e+00
1.000000000000016209e+00
1.000000000000016209e+00
1.000000000000016209e+00
1.000000000000016209e+00
1.000000000000016209e+00
1.000000000000016209e+00
1.000000000000016209e+00
1.000000000000016209e+00
1.000000000000016209e+00
1.000000000000016209e+00
1.000000000000016209e+00
1.000000000000015987e+00
1.000000000000015987e+00
1.000000000000015987e+00
1.000000000000015987e+00
1.000000000000016209e+00
1.000000000000016209e+00
1.000000000000016209e+00
1.000000000000016209e+00
1.000000000000016209e+00
1.000000000000016209e+00
1.000000000000016209e+00
1.000000000000016209e+00
1.000000000000016209e+00
1.000000000000016209e+00
1.000000000000016209e+00
1.000000000000016209e+00
1.000000000000016209e+00
1.000000000000016209e+00
1.000000000000016209e+00
1.000000000000016209e+00
1.000000000000016209e+00
1.000000000000016209e+00
1.000000000000016209e+00
1.000000000000016209e+00
1.000000000000016209e+00
1.000000000000015987e+00
1.000000000000015987e+00
1.000000000000015987e+00
1.000000000000015987e+00
1.000000000000015987e+00
1.000000000000015987e+00
1.000000000000015987e+00
1.000000000000016209e+00
1.000000000000016209e+00
1.000000000000016209e+00
1.000000000000016209e+00
1.000000000000016209e+00
1.000000000000015543e+00
1.000000000000015321e+00
1.000000000000015321e+00
1.000000000000015321e+00
1.000000000000015321e+00
1.000000000000015321e+00
1.000000000000015321e+00
1.000000000000015321e+00
1.000000000000015321e+00
1.000000000000015321e+00
1.000000000000015321e+00
1.000000000000015321e+00
1.000000000000015321e+00
1.000000000000015321e+00
1.000000000000015321e+00
1.000000000000015321e+00
1.000000000000015321e+00
1.000000000000015321e+00
1.000000000000015321e+00
1.000000000000015321e+00
1.000000000000015321e+00
1.000000000000015321e+00
1.000000000000015321e+00
1.000000000000015543e+00
1.000000000000015543e+00
1.000000000000015543e+00
1.000000000000015543e+00
1.000000000000015543e+00
1.000000000000015543e+00
1.000000000000015543e+00
1.000000000000015321e+00
1.000000000000015321e+00
1.000000000000015321e+00
1.000000000000015321e+00
1.000000000000015321e+00
1.000000000000015321e+00
1.000000000000015321e+00
1.000000000000015321e+00
1.000000000000015321e+00
1.000000000000015321e+00
1.000000000000015321e+00
1.000000000000015321e+00
1.000000000000015321e+00
1.000000000000015321e+00
1.000000000000015321e+00
1.000000000000015321e+00
1.000000000000015321e+00
1.000000000000015321e+00
1.000000000000015321e+00
1.000000000000015321e+00
1.000000000000015321e+00
1.000000000000015321e+00
1.000000000000015321e+00
1.000000000000015321e+00
1.000000000000015321e+00
1.000000000000015321e+00
1.000000000000015321e+00
1.000000000000015321e+00
1.000000000000015321e+00
1.000000000000015321e+00
1.000000000000015321e+00
1.000000000000015321e+00
1.000000000000015321e+00
1.000000000000015321e+00
1.000000000000015321e+00
1.000000000000015321e+00
1.000000000000015321e+00
1.000000000000015321e+00
1.000000000000015321e+00
1.000000000000015321e+00
1.000000000000015321e+00
1.000000000000015321e+00
1.000000000000015321e+00
1.000000000000015321e+00
1.000000000000015321e+00
1.000000000000015321e+00
1.000000000000015321e+00
1.000000000000015321e+00
1.000000000000015321e+00
1.000000000000015321e+00
1.000000000000015321e+00
1.000000000000015321e+00
1.000000000000015321e+00
1.000000000000015321e+00
1.000000000000015321e+00
1.000000000000015321e+00
1.000000000000015321e+00
1.000000000000015321e+00
1.000000000000015321e+00
1.000000000000015321e+00
1.000000000000015321e+00
1.000000000000015321e+00
1.000000000000015321e+00
1.000000000000015321e+00
1.000000000000015321e+00
1.000000000000015321e+00
1.000000000000015321e+00
1.000000000000015321e+00
1.000000000000015321e+00
1.000000000000015321e+00
1.000000000000015321e+00
1.000000000000015321e+00
1.000000000000015321e+00
1.000000000000015321e+00
1.000000000000015321e+00
1.000000000000015321e+00
1.000000000000015321e+00
1.000000000000015321e+00
1.000000000000015321e+00
1.000000000000015321e+00
1.000000000000015321e+00
1.000000000000015321e+00
1.000000000000015321e+00
1.000000000000015321e+00
1.000000000000015321e+00
1.000000000000015321e+00
1.000000000000015321e+00
1.000000000000015321e+00
1.000000000000015321e+00
1.000000000000015321e+00
1.000000000000015321e+00
1.000000000000015321e+00
1.000000000000015321e+00
1.000000000000015321e+00
1.000000000000015321e+00
1.000000000000015321e+00
1.000000000000015321e+00
1.000000000000015321e+00
1.000000000000015321e+00
1.000000000000015321e+00
1.000000000000015321e+00
1.000000000000015321e+00
1.000000000000015321e+00
1.000000000000015321e+00
1.000000000000015321e+00
1.000000000000015321e+00
1.000000000000015321e+00
1.000000000000015321e+00
1.000000000000015321e+00
1.000000000000015321e+00
1.000000000000015321e+00
1.000000000000015321e+00
1.000000000000015321e+00
1.000000000000015321e+00
1.000000000000015321e+00
1.000000000000015321e+00
1.000000000000015321e+00
1.000000000000015321e+00
1.000000000000015321e+00
1.000000000000015321e+00
1.000000000000015321e+00
1.000000000000015321e+00
1.000000000000015321e+00
1.000000000000015321e+00
1.000000000000015321e+00
1.000000000000015321e+00
1.000000000000015321e+00
1.000000000000015321e+00
1.000000000000015321e+00
1.000000000000007105e+00
1.000000000000007105e+00
1.000000000000007105e+00
1.000000000000007105e+00
1.000000000000006883e+00
1.000000000000006883e+00
1.000000000000006883e+00
1.000000000000006883e+00
1.000000000000006883e+00
9.999999999999863443e-01
9.999999999999019673e-01
9.999999999999019673e-01
9.999999999999019673e-01
9.999999999981182830e-01
9.999999999981183940e-01
9.999999999981183940e-01
9.999999999905744286e-01
9.999999999905744286e-01
9.999999999905744286e-01
9.999999999905739845e-01
9.999999999905739845e-01
9.999999999905739845e-01
9.999999999905739845e-01
9.999999999742700263e-01
9.999999999742700263e-01
9.999999999742700263e-01
9.999999999635251768e-01
9.999999994010638771e-01
9.999999994010589921e-01
9.999999994010589921e-01
9.999999994010589921e-01
9.999999971619650818e-01
9.999999971619650818e-01
9.999999971619650818e-01
9.999999971619650818e-01
9.999999971615982641e-01
9.999999971615982641e-01
9.999999971615982641e-01
9.999999971615982641e-01
9.999999918365747309e-01
9.999999918365747309e-01
9.999999918365747309e-01
9.999999918365747309e-01
9.999999358216059564e-01
9.999999355774419341e-01
9.999999355774373822e-01
9.999999347031932606e-01
9.999996308751946117e-01
9.999996308751946117e-01
9.999996308751946117e-01
9.999996308751648577e-01
9.999996308751648577e-01
9.999989293477293817e-01
9.999989293477293817e-01
9.999989293477293817e-01
9.999989293477293817e-01
9.999989293444954130e-01
9.999989293444954130e-01
9.999989293444954130e-01
9.999989293444954130e-01
9.999986998319229103e-01
9.999986998319229103e-01
9.999972085960818768e-01
9.999972085960818768e-01
9.999791991428512716e-01
9.999791985734018951e-01
9.999791985734018951e-01
9.999409065787051576e-01
9.999409065786389883e-01
9.999409065786389883e-01
9.999409059930198795e-01
9.999409059930192134e-01
9.999409059930192134e-01
9.999409059930192134e-01
9.999241456878050771e-01
9.999241456878050771e-01
9.999241456878049661e-01
9.999128669965102745e-01
9.995177500153076267e-01
9.995177445089782342e-01
9.995177445089782342e-01
9.995177445089782342e-01
9.985605094099180290e-01
9.985605094099180290e-01
9.985605094099180290e-01
9.985605094097942391e-01
9.985604669172261083e-01
9.985604669172261083e-01
9.985604669172261083e-01
9.985604669171003200e-01
9.980460179323693559e-01
9.980460179323693559e-01
9.980460179323693559e-01
9.980460179323693559e-01
9.952969749450949477e-01
9.952804511334489845e-01
9.952804509857918758e-01
9.952632182549830953e-01
9.835560362958403191e-01
9.835560362958403191e-01
9.835560362958403191e-01
9.835560351202092821e-01
9.835560351202092821e-01
9.767365699406557189e-01
9.767365699406557189e-01
9.767365699406246327e-01
9.767365699406246327e-01
9.767365565892140999e-01
9.767365565892140999e-01
9.767365565892140999e-01
9.767365565892096591e-01
9.761953645617857944e-01
9.761953645617857944e-01
9.706348292655962995e-01
9.706348292655962995e-01
9.706348292655962995e-01
9.074975926036203955e-01
9.074956878381331693e-01
9.074956878381331693e-01
8.665488066238243858e-01
8.665488064216835262e-01
8.665488064216835262e-01
8.665484785592025840e-01
8.665484785589222527e-01
8.665484785589222527e-01
8.665484785589222527e-01
8.617424011609794432e-01
8.617424011609794432e-01
8.617424011609771117e-01
8.582563815002702823e-01
7.263408551590941897e-01
7.263396406106001901e-01
7.263396406106001901e-01
7.263396406106001901e-01
6.034714358266695111e-01
6.034714358266695111e-01
6.034714358266695111e-01
6.034714358190726990e-01
6.034679010394865539e-01
6.034679010394865539e-01
6.034679010394865539e-01
6.034679010394865539e-01
6.034679010193851889e-01
5.852245577919796826e-01
5.852245577919796826e-01
5.852245577919796826e-01
5.852245577919796826e-01
4.891029241428964669e-01
4.887378557494156950e-01
4.887378542506157775e-01
4.885119024825366196e-01
2.994244964137819376e-01
2.994244964137819376e-01
2.994244964137819376e-01
2.994244747865616452e-01
2.994244747865616452e-01
2.669432812083982753e-01
2.669432812083982753e-01
2.669432812080253514e-01
2.669432812080253514e-01
2.669432535989724187e-01
2.669432535989724187e-01
2.669432535989724187e-01
2.669432535989666455e-01
2.655907170897937597e-01
2.655907170897937597e-01
2.431213828498420271e-01
2.431213828498420271e-01
2.431213828498420271e-01
2.431213828498420271e-01
1.122049148054591328e-01
1.122002652865501937e-01
1.122002652865501937e-01
8.076631378555705620e-02
8.076631340763655575e-02
8.076631340763655575e-02
8.076618502176244330e-02
8.076618502168510239e-02
8.076618502168510239e-02
8.076618502168510239e-02
7.875802247924047761e-02
7.875802247924047761e-02
7.875802247923802124e-02
7.687021111102590454e-02
3.741419777597617541e-02
3.741389207148238666e-02
3.741389207148238666e-02
3.741389207148238666e-02
1.865325550608897681e-02
1.865325550608897681e-02
1.865325550608897681e-02
1.865325550545474109e-02
1.865289453599804081e-02
1.865289453599804081e-02
1.865289453599804081e-02
1.865289453599804081e-02
1.865289453193623784e-02
1.700229563850150227e-02
1.700229563850150227e-02
1.700229563850150227e-02
1.700229563850150227e-02
1.129516039095807521e-02
1.126395644246680830e-02
1.126395640959593734e-02
1.125782004829746150e-02
4.092093479881428637e-03
4.092093479881428637e-03
4.092093479881427770e-03
4.092092288482073598e-03
4.092092288482073598e-03
3.171999741552686877e-03
3.171999741552686877e-03
3.171999741552686877e-03
3.171999741537522791e-03
3.171999741537522791e-03
3.171999490586129445e-03
3.171999490586129445e-03
3.171999490586129445e-03
3.171999490586069163e-03
3.156739372384174264e-03
3.156739372384174264e-03
2.734603931463360817e-03
2.734603931463360817e-03
2.734603931463360817e-03
2.734603931463360817e-03
9.832441856973289131e-04
9.830917866217325513e-04
9.830917866217325513e-04
5.748947000381727764e-04
5.748946941469928714e-04
5.748946941469928714e-04
5.748940848034574981e-04
5.748940848030262025e-04
5.748940848030262025e-04
5.748940848030262025e-04
5.630400886588091385e-04
5.630400886588091385e-04
5.630400886587658789e-04
5.447251868787884041e-04
2.603582846491222288e-04
2.603532211378878467e-04
2.603532211378878467e-04
2.603532211378878467e-04
1.075731173497630939e-04
1.075731173497630939e-04
1.075731173497630939e-04
1.075731173472283919e-04
1.075719214249951593e-04
1.075719214249951593e-04
1.075719214249951593e-04
1.075719214249951593e-04
1.075719213884238139e-04
1.004205270925613336e-04
1.004205270925613336e-04
1.004205270925613336e-04
1.004205270925613336e-04
1.004205270925613336e-04
6.892857054970488132e-05
6.867597477296301953e-05
6.867597464079119884e-05
6.865532739084796493e-05
2.213579894547464230e-05
2.213579894547464230e-05
2.213579894547463553e-05
2.213578643099527727e-05
2.213578643099527727e-05
1.847004337754156014e-05
1.847004337754156014e-05
1.847004337754156014e-05
1.847004337740493034e-05
1.847004337740493034e-05
1.847004244667904620e-05
1.847004244667904620e-05
1.847004244667904620e-05
1.847004244667889712e-05
1.842240679097953036e-05
1.616240343020918706e-05
1.616240343020918706e-05
1.616240343020918706e-05
1.616240343020918706e-05
1.616240343020918706e-05
5.284277955973696700e-06
5.283308243795770756e-06
5.283308243795770756e-06
3.571015512786120832e-06
3.571015432502547887e-06
3.571015432502547887e-06
3.571012860251633846e-06
3.571012860250423012e-06
3.571012860250423012e-06
3.571012860250423012e-06
3.528557729666676611e-06
3.528557729666676611e-06
3.528557729666226413e-06
3.416652218633288350e-06
1.460686196230456228e-06
1.460651176411959527e-06
1.460651176411959527e-06
1.460651176411959527e-06
7.301914364011760560e-07
7.301914364011760560e-07
7.301914364011760560e-07
7.301914363926865624e-07
7.301854105252598760e-07
7.301854105252598760e-07
7.301854105252598760e-07
7.301854105252598760e-07
7.301854099308793868e-07
6.990963021558445719e-07
6.990963021558445719e-07
6.990963021558445719e-07
6.990963021558445719e-07
6.990963021558445719e-07
4.310857161807325864e-07
4.295497161892001154e-07
4.295497158133463975e-07
4.294613782296949583e-07
1.620372059162106702e-07
1.620372059162106437e-07
1.620372059162106437e-07
1.620370585680461643e-07
1.620370585680461643e-07
1.429335889608229983e-07
1.429335889608229983e-07
1.429335889608229983e-07
1.429335889579367865e-07
1.429335889579367865e-07
1.429335889579367865e-07
1.429335849064210487e-07
1.429335849064210487e-07
1.429335849064205987e-07
1.426215074537619323e-07
1.177133740870606107e-07
1.177133740870606107e-07
1.177133740870606107e-07
1.177133740870606107e-07
4.084038642254516941e-08
4.083138259083963945e-08
4.083138259083963945e-08
4.083138259083963945e-08
3.045051973275138910e-08
3.045051845005118133e-08
3.045051845005118133e-08
3.045050485495365149e-08
3.045050485494882075e-08
3.045050485494882075e-08
3.045050485494882075e-08
3.011266534929776808e-08
3.011266534929776808e-08
3.011266534928619417e-08
2.855267111504802043e-08
1.187269696919366403e-08
1.187233731241539074e-08
1.187233731241539074e-08
1.187233731241539074e-08
1.187233731241539074e-08
6.791874705677137709e-09
6.791874705677137709e-09
6.791874705636806037e-09
6.791836809970834899e-09
6.791836809970834899e-09
6.791836809970834899e-09
6.791836809970834899e-09
6.791836798671178809e-09
6.497919680255442530e-09
6.497919680255442530e-09
6.497919680255442530e-09
6.497919680255442530e-09
6.497919680255442530e-09
6.497919680255442530e-09
3.765877216727920668e-09
3.743022475205667011e-09
3.743022473638604774e-09
3.742534878679874465e-09
1.611010384730693734e-09
1.611010384730691666e-09
1.611010384730691666e-09
1.611008120587501828e-09
1.611008120587501828e-09
1.406616849183372844e-09
1.406616849183372844e-09
1.406616849183372844e-09
1.406616849121953857e-09
1.406616849121953857e-09
1.406616849121953857e-09
1.406616827576778729e-09
1.406616827576778729e-09
1.406616827576775627e-09
1.404418570877328059e-09
1.113212391149781281e-09
1.113212391149781281e-09
1.113212391149781281e-09
1.113212391149781281e-09
1.111906030359329363e-09
4.218715673795852661e-10
4.218715673795852661e-10
4.218715673795852661e-10
3.045634829395126314e-10
3.045634629922372413e-10
3.045634629922372413e-10
3.045634629922372413e-10
3.045633883133059246e-10
3.045633883132760944e-10
3.045633883132760944e-10
3.045633883132760944e-10
3.020992953130107621e-10
3.020992953130107621e-10
3.020992953127548531e-10
2.826492657273325036e-10
1.240007920915848202e-10
1.239931238059915051e-10
1.239931238059915051e-10
1.239931238059915051e-10
1.239931238059915051e-10
1.239931238059915051e-10
6.686861390614022832e-11
6.686861390589891130e-11
6.686841220611832407e-11
6.686841220611832407e-11
6.686841220611832407e-11
6.686841220611832407e-11
6.686841203585352181e-11
6.477172914530282684e-11
6.477172914530282684e-11
6.477172914530282684e-11
6.477172914530282684e-11
6.477172914530282684e-11
3.889567381446817709e-11
3.889567381446817709e-11
3.859013878939437679e-11
3.859013877911238606e-11
3.858729273895303728e-11
1.548602966153485290e-11
1.548602966153480766e-11
1.548602966153480766e-11
1.548598876745638911e-11
1.548598876745638911e-11
1.405862837694542875e-11
1.405862837694542875e-11
1.405862837694542875e-11
1.405862837694542875e-11
1.405862837599169435e-11
1.405862837599169435e-11
1.405862837599169435e-11
1.405862824313991415e-11
1.405862824313989961e-11
1.404656209975819212e-11
1.132156102871662090e-11
1.132156102871662090e-11
1.132156102871662090e-11
1.132156102871662090e-11
1.130460304210123159e-11
4.010919596008533062e-12
4.010919596008533062e-12
4.010919596008533062e-12
3.167730490118980797e-12
3.167730068327385542e-12
3.167730068327385542e-12
3.167730068327385542e-12
3.167729569647392239e-12
3.167729569647255318e-12
3.167729569647255318e-12
3.167729569647255318e-12
3.153041762310661539e-12
3.153041762310661539e-12
3.153041762306327322e-12
2.957625826946845709e-12
1.200350054004966449e-12
1.200259843928474403e-12
1.200259843928474403e-12
1.200259843928474403e-12
7.496508676783450449e-13
7.496508676783450449e-13
7.496508676783450449e-13
7.496508676770542917e-13
7.496508676770542917e-13
7.496493028643409125e-13
7.496493028643409125e-13
7.496493028643409125e-13
7.496492986814865652e-13
7.350031629233960178e-13
7.350031629233960178e-13
7.350031629233960178e-13
7.350031629233960178e-13
7.350031629233960178e-13
4.026275400185408673e-13
3.996145860096296268e-13
3.996145860096296268e-13
3.996145859627073219e-13
3.996145859627028790e-13
3.995957466244024954e-13
1.882324369850082409e-13
1.882324369850082409e-13
1.882324369850082409e-13
1.882316784699297777e-13
1.882316784699297777e-13
1.762859761622763537e-13
1.762859761622763537e-13
1.762859761622763537e-13
1.762859761622763537e-13
1.762859761329640243e-13
1.762859761329640243e-13
1.762859761329640243e-13
1.762859752439901574e-13
1.762859752439900816e-13
1.761688405809313599e-13
1.761688405809313599e-13
1.324478851367473107e-13
1.324478851367473107e-13
1.324478851367473107e-13
1.322344005777846971e-13
5.193479153379999316e-14
5.193479153379999316e-14
5.193479153379999316e-14
4.367012889534923316e-14
4.367011883145607703e-14
4.367011883145607703e-14
4.367011883145607703e-14
4.367011479810184592e-14
4.367011479810097501e-14
4.367011479810097501e-14
4.367011479810097501e-14
4.349768484738482782e-14
4.349768484738482782e-14
4.349768484722360359e-14
3.955510163835910213e-14
1.632375693097424063e-14
1.632222218821471232e-14
1.632222218821471232e-14
1.632222218821471232e-14
1.126569580112029055e-14
1.126569580112029055e-14
1.126569580112029055e-14
1.126569580112029055e-14
1.126569580111059230e-14
1.126568076163764717e-14
1.126568076163764717e-14
1.126568076163764717e-14
1.126568064304248698e-14
1.126568064304248698e-14
1.106121559260561971e-14
1.106121559260561971e-14
1.106121559260561971e-14
1.106121559260561971e-14
1.106121559260561971e-14
5.812422452502120302e-15
5.744055115890560647e-15
5.744055115890560647e-15
5.744055115568019878e-15
5.744055115567840017e-15
5.744055115567840017e-15
3.045138768199386962e-15
3.045092211415378518e-15
3.045092211415378518e-15
3.045073949780244726e-15
3.045073949780244726e-15
2.852079940318273034e-15
2.852079940318273034e-15
2.852079940318273034e-15
2.852079940318273034e-15
2.852079939355034031e-15
2.852079939355034031e-15
2.852079939355034031e-15
2.852079931613490740e-15
2.852079931613489951e-15
2.852079931613489951e-15
2.850774857527216380e-15
2.053462935915018605e-15
2.053462935915018605e-15
2.053462935915018605e-15
2.047857765186017462e-15
8.846800554742788552e-16
8.846800554742788552e-16
8.846800554742788552e-16
7.378486741779221251e-16
7.378486741779221251e-16
7.378484098786621874e-16
7.378484098786620888e-16
7.378483715712648326e-16
7.378483715712562537e-16
7.378483715712562537e-16
7.378483715712562537e-16
7.357512079534725043e-16
7.357512079534725043e-16
7.357512079476816736e-16
7.357512079476816736e-16
6.554296311405226232e-16
2.856060286543513012e-16
2.855546576560811346e-16
2.855546576560811346e-16
2.855546576560811346e-16
1.923294885281644788e-16
1.923294885281644788e-16
1.923294885281644788e-16
1.923294885281644788e-16
1.923294885280659205e-16
1.923294885280659205e-16
1.923293426938949171e-16
1.923293395140384917e-16
1.923293395140384917e-16
1.923293395140384917e-16
1.923293395140384917e-16
1.897805845133759577e-16
1.897805845133759577e-16
1.897805845133759577e-16
1.897805845133759577e-16
1.025426686156046257e-16
1.010010870637910827e-16
1.010010870637910827e-16
1.010010870603143138e-16
1.010010870603073127e-16
1.010010870603073127e-16
5.147876575718503454e-17
5.147832308863284075e-17
5.147832308863284075e-17
5.147775238513435007e-17
5.147775238513435007e-17
4.908800901895951353e-17
4.908800901895951353e-17
4.908800901895951353e-17
4.908800901895951353e-17
4.908800899270974783e-17
4.908800899270974783e-17
4.908800899270974783e-17
4.908800891275743168e-17
4.908800891275743168e-17
4.908800891275743168e-17
4.907514425395613484e-17
3.589936568565556299e-17
3.589936568565556299e-17
3.577493406594236004e-17
3.577493406594236004e-17
1.479634214209350266e-17
1.479634214209350266e-17
1.479634214209350266e-17
1.479634214209350266e-17
1.479633051971306715e-17
1.296057212207832666e-17
1.296057212207832204e-17
1.296057171000666853e-17
1.296057171000660536e-17
1.296057171000660536e-17
1.296057171000660536e-17
1.293901857642768533e-17
1.293901857642768533e-17
1.293901857626292279e-17
1.293901857626292279e-17
1.156985910464896452e-17
4.798875134081325863e-18
4.797820970946657840e-18
4.797820970946657840e-18
4.797820970946657840e-18
3.562945313435172317e-18
3.562945313435172317e-18
3.562945313435172317e-18
3.562945313435172317e-18
3.562945313435172317e-18
3.562945313434321826e-18
3.562943568568628119e-18
3.562943449235920287e-18
3.562943449235920287e-18
3.562943449235920287e-18
3.562943449235920287e-18
3.533693888894328483e-18
3.533693888894328483e-18
3.533693888894328483e-18
3.533693888894328483e-18
1.786656991000986500e-18
1.760942866190831939e-18
1.760942866190831939e-18
1.760942866190831939e-18
1.760942866164255261e-18
1.760942866164059201e-18
1.027520095707077707e-18
1.027513947050553085e-18
1.027497419900042624e-18
1.027497419900042624e-18
1.027497419900042624e-18
9.953200545197075740e-19
9.953200545197075740e-19
9.953200545197075740e-19
9.953200545197075740e-19
9.953200533395895709e-19
9.953200533395895709e-19
9.953200533395895709e-19
9.953200533395895709e-19
9.953200525129817870e-19
9.953200525129817870e-19
9.953200525129817870e-19
6.819654208628815558e-19
6.819654208628815558e-19
6.818788429981271413e-19
6.794141863745606207e-19
6.794141863745606207e-19
3.166091993620506420e-19
3.166091993620506420e-19
3.166091993620506420e-19
3.166091993620506420e-19
3.166088125534017492e-19
3.166088125534014603e-19
2.876078885027937101e-19
2.876078833998628739e-19
2.876078833998621998e-19
2.876078833998621998e-19
2.876078833998621998e-19
2.872377117118833243e-19
2.872377117030044502e-19
2.872377117030044502e-19
2.872377117030044502e-19
2.471580593427904775e-19
1.082736075182630493e-19
1.082736075182630493e-19
1.082441429007831257e-19
1.082441429007831257e-19
1.082441429007831257e-19
8.589776979028920095e-20
8.589776979028920095e-20
8.589776979028920095e-20
8.589776979028920095e-20
8.589776979027908981e-20
8.589774428669322832e-20
8.589773924509695345e-20
8.589773924509695345e-20
8.589773924509695345e-20
8.589773924509695345e-20
8.530425397990278788e-20
8.530425397990278788e-20
8.530425397990278788e-20
8.530425397990278788e-20
4.255516240666240373e-20
4.166073003323485353e-20
4.166073003323485353e-20
4.166073003322287063e-20
4.166073003322287063e-20
4.166073003291870009e-20
2.667449369658534351e-20
2.667438949206627287e-20
2.667377790542050112e-20
2.667377790542050112e-20
2.591550213923717655e-20
2.591550213923717655e-20
2.591550213923717655e-20
2.591550213923717655e-20
2.591550213923717655e-20
2.591550213923717655e-20
2.591550208108283415e-20
2.591550208108283415e-20
2.591550208108283415e-20
2.591550208108283415e-20
2.591550206962418292e-20
2.591550206962418292e-20
2.591550206962418292e-20
1.717229241921421246e-20
1.717091186765030684e-20
1.707463047779486431e-20
8.719937346843779622e-21
8.719937346843779622e-21
8.719937346843779622e-21
8.719937346843779622e-21
8.719937346843779622e-21
8.719921235749747666e-21
8.719921235749722087e-21
7.950165707560333729e-21
7.950165627832351520e-21
7.950165627832340987e-21
7.950165627832340987e-21
7.950165627832340987e-21
7.943049919791799178e-21
7.943049919791799178e-21
7.943049919298267593e-21
7.943049919298267593e-21
6.670129511089280415e-21
3.099927594138976231e-21
3.099927594138976231e-21
3.099927594138976231e-21
3.098437028515248880e-21
3.098437028515248880e-21
3.098437028515248880e-21
2.459817327037633100e-21
2.459817327037633100e-21
2.459817327037633100e-21
2.459817327037633100e-21
2.459817327037469848e-21
2.459816899392324468e-21
2.459816672374712022e-21
2.459816672374712022e-21
2.459816672374712022e-21
2.459816672374712022e-21
2.459816672374712022e-21
2.459816672374712022e-21
2.459816672374712022e-21
2.459816672374712022e-21
2.459816672374712022e-21
2.459816672374712022e-21
2.459816672374712022e-21
2.459816672374712022e-21
2.459816672374712022e-21
2.459816672374712022e-21
2.459816672374712022e-21
2.459816672374712022e-21
2.459816672374712022e-21
2.459816672374712022e-21
2.459816672374712022e-21
2.459816672374712022e-21
2.459816672374712022e-21
2.459816672374712022e-21
2.459816672374712022e-21
2.459816672374712022e-21
2.459816672374712022e-21
2.459816672374712022e-21
2.459816672374712022e-21
2.459816672374712022e-21
2.459816672374712022e-21
2.459816672374712022e-21
2.459816672374712022e-21
2.459816672374712022e-21
2.459816672374712022e-21
2.459816672374712022e-21
2.459816672374712022e-21
2.459816672374712022e-21
2.459816672374712022e-21
2.459816672374712022e-21
2.459816672374712022e-21
2.459816672374712022e-21
2.459816672374712022e-21
2.459816672374712022e-21
2.459816672374712022e-21
2.459816672374712022e-21
2.459816672374712022e-21
2.459816672374712022e-21
2.459816672374712022e-21
2.459816672374712022e-21
2.459816672374712022e-21
2.459816672374712022e-21
2.459816672374712022e-21
2.459816672374712022e-21
2.459816672374712022e-21
2.459816672374712022e-21
2.459816672374712022e-21
2.459816672374712022e-21
2.459816672374712022e-21
2.459816672374712022e-21
2.459816672374712022e-21
2.459816672374712022e-21
2.459816672374712022e-21
2.459816672374712022e-21
2.459816672374712022e-21
2.459816672374712022e-21
2.459816672374712022e-21
2.459816672374712022e-21
2.459816672374712022e-21
2.459816672374712022e-21
2.459816672374712022e-21
2.459816672374712022e-21
2.459816672374712022e-21
2.459816672374712022e-21
2.459816672374712022e-21
2.459816672374712022e-21
2.459816672374712022e-21
2.459816672374712022e-21
2.459816672374712022e-21
2.459816672374712022e-21
2.459816672374712022e-21
2.459816672374712022e-21
2.459816672374712022e-21
2.459816672374712022e-21
2.459816672374712022e-21
2.459816672374712022e-21
2.459816672374712022e-21
2.459816672374712022e-21
2.459816672374712022e-21
2.459816672374712022e-21
2.459816672374712022e-21
2.459816672374712022e-21
2.459816672374712022e-21
2.459816672374712022e-21
2.459816672374712022e-21
2.459816672374712022e-21
2.459816672374712022e-21
2.459816672374712022e-21
2.459816672374712022e-21
2.459816672374712022e-21
2.459816672374712022e-21
2.459816672374712022e-21
2.459816672374712022e-21
2.459816672374712022e-21
2.459816672374712022e-21
2.459816672374712022e-21
2.459816672374712022e-21
2.459816672374712022e-21
2.459816672374712022e-21
2.459816672374712022e-21
2.459816672374712022e-21
2.459816672374712022e-21
2.459816672374712022e-21
2.459816672374712022e-21
2.459816672374712022e-21
2.459816672374712022e-21
2.459816672374712022e-21
2.459816672374712022e-21
2.459816672374712022e-21
2.459816672374712022e-21
2.459816672374712022e-21
2.459816672374712022e-21
2.459816672374712022e-21
2.459816672374712022e-21
2.459816672374712022e-21
2.459816672374712022e-21
2.459816672374712022e-21
2.459816672374712022e-21
2.459816672374712022e-21
2.459816672374712022e-21
2.459816672374712022e-21
2.459816672374712022e-21
2.459816672374712022e-21
2.459816672374712022e-21
2.459816672374712022e-21
2.459816672374712022e-21
2.459816672374712022e-21
2.459816672374712022e-21
2.459816672374712022e-21
2.459816672374712022e-21
2.459816672374712022e-21
2.459816672374712022e-21
2.459816672374712022e-21
2.459816672374712022e-21
2.459816672374712022e-21
2.459816672374712022e-21
2.459816672374712022e-21
2.459816672374712022e-21
2.459816672374712022e-21
2.459816672374712022e-21
2.459816672374712022e-21
2.459816672374712022e-21
2.459816672374712022e-21
2.459816672374712022e-21
2.459816672374712022e-21
2.459816672374712022e-21
2.459816672374712022e-21
2.459816672374712022e-21
2.459816672374712022e-21
2.459816672374712022e-21
2.459816672374712022e-21
2.459816672374712022e-21
2.459816672374712022e-21
2.459816672374712022e-21
2.459816672374712022e-21
2.459816672374712022e-21
2.459816672374712022e-21
2.459816672374712022e-21
2.459816672374712022e-21
2.459816672374712022e-21
2.459816672374712022e-21
2.459816672374712022e-21
2.459816672374712022e-21
2.459816672374712022e-21
2.459816672374712022e-21
2.459816672374712022e-21
2.459816672374712022e-21
2.459816672374712022e-21
2.459816672374712022e-21
2.459816672374712022e-21
2.459816672374712022e-21
2.459816672374712022e-21
2.459816672374712022e-21
2.459816672374712022e-21
2.459816672374712022e-21
2.459816672374712022e-21
2.459816672374712022e-21
2.459816672374712022e-21
2.459816672374712022e-21
2.459816672374712022e-21
2.459816672374712022e-21
2.459816672374712022e-21
2.459816672374712022e-21
2.459816672374712022e-21
2.459816672374712022e-21
2.459816672374712022e-21
2.459816672374712022e-21
2.459816672374712022e-21
2.459816672374712022e-21
2.459816672374712022e-21
2.459816672374712022e-21
2.459816672374712022e-21
2.459816672374712022e-21
2.459816672374712022e-21
2.459816672374712022e-21
2.459816672374712022e-21
2.459816672374712022e-21
2.459816672374712022e-21
2.459816672374712022e-21
2.459816672374712022e-21
2.459816672374712022e-21
2.459816672374712022e-21
2.459816672374712022e-21
2.459816672374712022e-21
2.459816672374712022e-21
2.459816672374712022e-21
2.459816672374712022e-21
2.459816672374712022e-21
2.459816672374712022e-21
2.459816672374712022e-21
2.459816672374712022e-21
2.459816672374712022e-21
2.459816672374712022e-21
2.459816672374712022e-21
2.459816672374712022e-21
2.459816672374712022e-21
2.459816672374712022e-21
2.459816672374712022e-21
2.459816672374712022e-21
2.459816672374712022e-21
2.459816672374712022e-21
2.459816672374712022e-21
2.459816672374712022e-21
2.459816672374712022e-21
2.459816672374712022e-21
2.459816672374712022e-21
2.459816672374712022e-21
2.459816672374712022e-21
2.459816672374712022e-21
2.459816672374712022e-21
2.459816672374712022e-21
2.459816672374712022e-21
2.459816672374712022e-21
2.459816672374712022e-21
2.459816672374712022e-21
2.459816672374712022e-21
2.459816672374712022e-21
2.459816672374712022e-21
2.459816672374712022e-21
2.459816672374712022e-21
2.459816672374712022e-21
2.459816672374712022e-21
2.459816672374712022e-21
2.459816672374712022e-21
2.459816672374712022e-21
2.459816672374712022e-21
2.459816672374712022e-21
2.459816672374712022e-21
2.459816672374712022e-21
2.459816672374712022e-21
2.459816672374712022e-21
2.459816672374712022e-21
2.459816672374712022e-21
2.459816672374712022e-21
2.459816672374712022e-21
2.459816672374712022e-21
2.459816672374712022e-21
2.459816672374712022e-21
2.459816672374712022e-21
2.459816672374712022e-21
2.459816672374712022e-21
2.459816672374712022e-21
2.459816672374712022e-21
2.459816672374712022e-21
2.459816672374712022e-21
2.459816672374712022e-21
2.459816672374712022e-21
2.459816672374712022e-21
2.459816672374712022e-21
2.459816672374712022e-21
2.459816672374712022e-21
2.459816672374712022e-21
2.459816672374712022e-21
2.459816672374712022e-21
2.459816672374712022e-21
2.459816672374712022e-21
2.459816672374712022e-21
2.459816672374712022e-21
2.459816672374712022e-21
2.459816672374712022e-21
2.459816672374712022e-21
2.459816672374712022e-21
2.459816672374712022e-21
2.459816672374712022e-21
2.459816672374712022e-21
2.459816672374712022e-21
2.459816672374712022e-21
2.459816672374712022e-21
2.459816672374712022e-21
2.459816672374712022e-21
2.459816672374712022e-21
2.459816672374712022e-21
2.459816672374712022e-21
2.459816672374712022e-21
2.459816672374712022e-21
2.459816672374712022e-21
2.459816672374712022e-21
2.459816672374712022e-21
2.459816672374712022e-21
2.459816672374712022e-21
2.459816672374712022e-21
2.459816672374712022e-21
2.459816672374712022e-21
2.459816672374712022e-21
2.459816672374712022e-21
2.459816672374712022e-21
2.459816672374712022e-21
2.459816672374712022e-21
2.459816672374712022e-21
2.459816672374712022e-21
2.459816672374712022e-21
2.459816672374712022e-21
2.459816672374712022e-21
2.459816672374712022e-21
2.459816672374712022e-21
2.459816672374712022e-21
2.459816672374712022e-21
2.459816672374712022e-21
2.459816672374712022e-21
2.459816672374712022e-21
2.459816672374712022e-21
2.459816672374712022e-21
2.459816672374712022e-21
2.459816672374712022e-21
2.459816672374712022e-21
2.459816672374712022e-21
2.459816672374712022e-21
2.459816672374712022e-21
2.459816672374712022e-21
2.459816672374712022e-21
2.459816672374712022e-21
2.459816672374712022e-21
2.459816672374712022e-21
2.459816672374712022e-21
2.459816672374712022e-21
2.459816672374712022e-21
2.459816672374712022e-21
2.459816672374712022e-21
2.459816672374712022e-21
2.459816672374712022e-21
2.459816672374712022e-21
2.459816672374712022e-21
2.459816672374712022e-21
2.459816672374712022e-21
2.459816672374712022e-21
2.459816672374712022e-21
2.459816672374712022e-21
2.459816672374712022e-21
2.459816672374712022e-21
2.459816672374712022e-21
2.459816672374712022e-21
2.459816672374712022e-21
2.459816672374712022e-21
2.459816672374711269e-21
2.459816672374710141e-21
2.459816672374707508e-21
2.459816672374706756e-21
2.459816672374706756e-21
2.459816672374706756e-21
2.459816672374706756e-21
2.459816672374706756e-21
2.459816672374706756e-21
2.459816672374706756e-21
2.459816672374706756e-21
2.459816672374706756e-21
2.459816672374706756e-21
2.459816672374706756e-21
2.459816672374706756e-21
2.459816672374706756e-21
2.459816672374706756e-21
2.459816672374706756e-21
2.459816672374706756e-21
2.459816672374706756e-21
2.459816672374706756e-21
2.459816672374706756e-21
2.459816672374706756e-21
2.459816672374706756e-21
2.459816672374706756e-21
2.459816672374706379e-21
2.459816672374704122e-21
2.459816672374689828e-21
2.459816672374614597e-21
2.459816672374281697e-21
2.459816672373181810e-21
2.459816672371186667e-21
2.459816672370232730e-21
2.459816672370203390e-21
2.459816672370203390e-21
2.459816672370203390e-21
2.459816672370203390e-21
2.459816672370203390e-21
2.459816672370203390e-21
2.459816672370203390e-21
2.459816672370203390e-21
2.459816672370203390e-21
2.459816672370203390e-21
2.459816672370203390e-21
2.459816672370203390e-21
2.459816672370203390e-21
2.459816672370203390e-21
2.459816672370203390e-21
2.459816672370203390e-21
2.459816672370203390e-21
2.459816672370203390e-21
2.459816672370203390e-21
2.459816672370201509e-21
2.459816672370181573e-21
2.459816672370007411e-21
2.459816672368687848e-21
2.459816672359956841e-21
2.459816672313243635e-21
2.459816672108021130e-21
2.459816671429915866e-21
2.459816670199445996e-21
2.459816669611090573e-21
2.459816669592837496e-21
2.459816669592832982e-21
2.459816669592832982e-21
2.459816669592832982e-21
2.459816669592832982e-21
2.459816669592832982e-21
2.459816669592832982e-21
2.459816669592832982e-21
2.459816669592832982e-21
2.459816669592832982e-21
2.459816669592832982e-21
2.459816669592832982e-21
2.459816669592832982e-21
2.459816669592832982e-21
2.459816669592832982e-21
2.459816669592832982e-21
2.459816669592829597e-21
2.459816669592772045e-21
2.459816669592055087e-21
2.459816669583928190e-21
2.459816669511065972e-21
2.459816668960659644e-21
2.459816665318761478e-21
2.459816645834109046e-21
2.459816560233238194e-21
2.459816277387406108e-21
2.459815764143682185e-21
2.459815518733643776e-21
2.459815511119996582e-21
2.459815511118369322e-21
2.459815511118369322e-21
2.459815511118369322e-21
2.459815511118369322e-21
2.459815511118369322e-21
2.459815511118369322e-21
2.459815511118369322e-21
2.459815511118369322e-21
2.459815511118369322e-21
2.459815511118369322e-21
2.459815511118369322e-21
2.459815511118369322e-21
2.459815511118369322e-21
2.459815511118366688e-21
2.459815511118311017e-21
2.459815511117220534e-21
2.459815511100893764e-21
2.459815510897435817e-21
2.459815508591641017e-21
2.459815487919377427e-21
2.459815331759318236e-21
2.459814298488329470e-21
2.459808770362508466e-21
2.459784484239604895e-21
2.459704240455364167e-21
2.459558645767312762e-21
2.459489035012849708e-21
2.459486875458532765e-21
2.459486874997002461e-21
2.459486874997002461e-21
2.459486874997002461e-21
2.459486874997002461e-21
2.459486874997002461e-21
2.459486874997002461e-21
2.459486874997002461e-21
2.459486874997002461e-21
2.459486874997002461e-21
2.459486874997002461e-21
2.459486874997001709e-21
2.459486874996980644e-21
2.459486874996454775e-21
2.459486874985704550e-21
2.459486874774153559e-21
2.459486871606901580e-21
2.459486832138066913e-21
2.459486384836178234e-21
2.459482374624633711e-21
2.459452081561661679e-21
2.459251658853623781e-21
2.458179924702790403e-21
2.453482578079642071e-21
2.438088274892869912e-21
2.410641976790907002e-21
2.397735596706063034e-21
2.397337396610290189e-21
2.397337311522761294e-21
2.397337311522761294e-21
2.397337311522761294e-21
2.397337311522761294e-21
2.397337311522761294e-21
2.397337311522761294e-21
2.397337311522761294e-21
2.397337311522761294e-21
2.397337311522761294e-21
2.397337311522759037e-21
2.397337311522683053e-21
2.397337311520033018e-21
2.397337311453390200e-21
2.397337310090711257e-21
2.397337283275513178e-21
2.397336881810490102e-21
2.397331878949365760e-21
2.397275182770496537e-21
2.396767001348870204e-21
2.392935104786127946e-21
2.367885941742366959e-21
2.242305522957415446e-21
1.818584377855836354e-21
1.119548038741549920e-21
6.595300037234589928e-22
5.512288935557751639e-22
5.484349096102463477e-22
5.484343155188664233e-22
5.484343155188653889e-22
5.484343155188653889e-22
5.484343155188653889e-22
5.484343155188653889e-22
5.484343155188653889e-22
5.484343155188653889e-22
5.484343155188651067e-22
5.484343155188541041e-22
5.484343155184873499e-22
5.484343155057006985e-22
5.484343151841495791e-22
5.484343086092308836e-22
5.484341792260554274e-22
5.484322421666106482e-22
5.484081045707017884e-22
5.481347005795862342e-22
5.456956611331791795e-22
5.279494426006677864e-22
4.344622972645604313e-22
2.231008860954121988e-22
7.111309319113054840e-23
2.187409612559482005e-23
9.694174845038599543e-24
7.655838166713269127e-24
7.606220714684524035e-24
7.606210179388732958e-24
7.606210179388716795e-24
7.606210179388716795e-24
7.606210179388716795e-24
7.606210179388716795e-24
7.606210179388716795e-24
7.606210179388716795e-24
7.606210179388712387e-24
7.606210179388577205e-24
7.606210179384060368e-24
7.606210179226592614e-24
7.606210175266666591e-24
7.606210094296064883e-24
7.606208500932840082e-24
7.606184645894689116e-24
7.605887387934912136e-24
7.602520173846934674e-24
7.572464572152264018e-24
7.352877318341722299e-24
6.169177403768288395e-24
3.314464246411593775e-24
1.092828654030362489e-24
3.399385588685741459e-25
1.510753965913481113e-25
1.193655211328486055e-25
1.185932651460616378e-25
1.185931011707334368e-25
1.185931011707331842e-25
1.185931011707331842e-25
1.185931011707331842e-25
1.185931011707331842e-25
1.185931011707331842e-25
1.185931011707331842e-25
1.185931011707331383e-25
1.185931011707316689e-25
1.185931011706826058e-25
1.185931011689724911e-25
1.185931011259670992e-25
1.185931002466141907e-25
1.185930829424486086e-25
1.185928238728634793e-25
1.185895955618275561e-25
1.185530212547911661e-25
1.182261247248272372e-25
1.158137772016864945e-25
1.020375325698218740e-25
6.235458881246485440e-26
2.302133176537278854e-26
7.464003753089947612e-27
3.352726794254828182e-27
2.653787013557889771e-27
2.636733717529203083e-27
2.636730096394833218e-27
2.636730096394827119e-27
2.636730096394827119e-27
2.636730096394827119e-27
2.636730096394827119e-27
2.636730096394827119e-27
2.636730096394826761e-27
2.636730096394803802e-27
2.636730096394044365e-27
2.636730096367572425e-27
2.636730095701864805e-27
2.636730082089799859e-27
2.636729814227567865e-27
2.636725803921137123e-27
2.636675830350716641e-27
2.636109610104750332e-27
2.631044089112954095e-27
2.593398690136617319e-27
2.369107117585663064e-27
1.619670177112747330e-27
6.777578430703409718e-28
2.319843449924029636e-28
1.057610581567812071e-28
8.392632763428470111e-29
8.339219646016422418e-29
8.339208303452758148e-29
8.339208303452740212e-29
8.339208303452740212e-29
8.339208303452740212e-29
8.339208303452740212e-29
8.339208303452740212e-29
8.339208303452739090e-29
8.339208303452687523e-29
8.339208303451013812e-29
8.339208303392632355e-29
8.339208301924487469e-29
8.339208271904596025e-29
8.339207681164260546e-29
8.339198836875501622e-29
8.339088624991727355e-29
8.337839792578034739e-29
8.326660257170124830e-29
8.243167977035553066e-29
7.730288125928607152e-29
5.799692567916214031e-29
2.765461098808578358e-29
1.013478269682378300e-29
4.714790300664686029e-30
3.754671468585003378e-30
3.731099281663760851e-30
3.731094275548390327e-30
3.731094275548381920e-30
3.731094275548381920e-30
3.731094275548381920e-30
3.731094275548381920e-30
3.731094275548381920e-30
3.731094275548365805e-30
3.731094275547843120e-30
3.731094275529623438e-30
3.731094275071441579e-30
3.731094265702783940e-30
3.731094081343546686e-30
3.731091321202095323e-30
3.731056925931808406e-30
3.730667167182840784e-30
3.727176477103844521e-30
3.701017073571757037e-30
3.536769444041990200e-30
2.858148002318333527e-30
1.550847455512643712e-30
6.175376415585883988e-31
2.951871975322425718e-31
2.362265380041576055e-31
2.347717120307824187e-31
2.347714030266739316e-31
2.347714030266734499e-31
2.347714030266734499e-31
2.347714030266734499e-31
2.347714030266734499e-31
2.347714030266734499e-31
2.347714030266727492e-31
2.347714030266498905e-31
2.347714030258514131e-31
2.347714030057707624e-31
2.347714025951710882e-31
2.347713945152697796e-31
2.347712735466860188e-31
2.347697661023089441e-31
2.347526835237875084e-31
2.345996431762050811e-31
2.334499785251302711e-31
2.261179630098268814e-31
1.935886898526057235e-31
1.186197010059456887e-31
5.203537351076676424e-32
2.577838535072916176e-32
2.076764133485776922e-32
2.064315461193249960e-32
2.064312816665879427e-32
2.064312816665875048e-32
2.064312816665875048e-32
2.064312816665875048e-32
2.064312816665875048e-32
2.064312816665870669e-32
2.064312816665731087e-32
2.064312816660859111e-32
2.064312816538346488e-32
2.064312814033270950e-32
2.064312764737646121e-32
2.064312026705990153e-32
2.064302829739319799e-32
2.064198605851347574e-32
2.063264671946450717e-32
2.056236865938264304e-32
2.010915486346720115e-32
1.798797674105361950e-32
1.229179208656384429e-32
6.006716210938415854e-33
3.115788287633095250e-33
2.532898172742307098e-33
2.518282337679703212e-33
2.518279232072793466e-33
2.518279232072788334e-33
2.518279232072788334e-33
2.518279232072788334e-33
2.518279232072788334e-33
2.518279232072788334e-33
2.518279232072784571e-33
2.518279232072666884e-33
2.518279232068572807e-33
2.518279231965609528e-33
2.518279229860267378e-33
2.518279188430718513e-33
2.518278568166297082e-33
2.518270838742086767e-33
2.518183244164352117e-33
2.517398200085957953e-33
2.511483686472021187e-33
2.473038456065984795e-33
2.285831826846863175e-33
1.715362992214752052e-33
9.401153435425316184e-34
5.165230060219833541e-34
4.249662832603672388e-34
4.226420817984791979e-34
4.226415877970308358e-34
4.226415877970299805e-34
4.226415877970299805e-34
4.226415877970299805e-34
4.226415877970299805e-34
4.226415877970299805e-34
4.226415877970296384e-34
4.226415877970162104e-34
4.226415877965484552e-34
4.226415877847831588e-34
4.226415875442144067e-34
4.226415828102306579e-34
4.226415119351657732e-34
4.226406287247110060e-34
4.226306195210006937e-34
4.225409046617630347e-34
4.218644194896311173e-34
4.174423001515637370e-34
3.952745675349217841e-34
3.205021670672244927e-34
1.972261460347037608e-34
1.161557433147302733e-34
9.707577980973456989e-35
9.658358093248362538e-35
9.658347627524757665e-35
9.658347627524740559e-35
9.658347627524740559e-35
9.658347627524740559e-35
9.658347627524740559e-35
9.658347627524734144e-35
9.658347627524528876e-35
9.658347627517382972e-35
9.658347627337679103e-35
9.658347623663204943e-35
9.658347551355795786e-35
9.658346468801911077e-35
9.658332978533824288e-35
9.658180095385016337e-35
9.656809660345792519e-35
9.646469827285257590e-35
9.578607815938792827e-35
9.231167824567734903e-35
7.962337551805344313e-35
5.475520001067517674e-35
3.494868165536114548e-35
2.979522881922266363e-35
2.965954363257705815e-35
2.965951476658746958e-35
2.965951476658742682e-35
2.965951476658742682e-35
2.965951476658742682e-35
2.965951476658742682e-35
2.965951476658741078e-35
2.965951476658699918e-35
2.965951476657274265e-35
2.965951476621413781e-35
2.965951475888153077e-35
2.965951461458827599e-35
2.965951245429476734e-35
2.965948553373734007e-35
2.965918044532942188e-35
2.965644550076534058e-35
2.963580177767481682e-35
2.949992840064668286e-35
2.879364471980775666e-35
2.605329266100912392e-35
1.982035463098535619e-35
1.382062308855869985e-35
1.207315243408089547e-35
1.202597838537014402e-35
1.202596834293071389e-35
1.202596834293069652e-35
1.202596834293069652e-35
1.202596834293069652e-35
1.202596834293069652e-35
1.202596834293069251e-35
1.202596834293058961e-35
1.202596834292698939e-35
1.202596834283641474e-35
1.202596834098441465e-35
1.202596830454018669e-35
1.202596775891361966e-35
1.202596095957053916e-35
1.202588390286332572e-35
1.202519310648158484e-35
1.201997733376746310e-35
1.198557957722418031e-35
1.180484075647192900e-35
1.107137554421733881e-35
9.185569066430736831e-36
7.016817804169126022e-36
6.305016594753702894e-36
6.285235944178758325e-36
6.285231730006061178e-36
6.285231730006054496e-36
6.285231730006054496e-36
6.285231730006054496e-36
6.285231730006054496e-36
6.285231730006022423e-36
6.285231730004921244e-36
6.285231729977235411e-36
6.285231729411149191e-36
6.285231718271524258e-36
6.285231551494076019e-36
6.285229473191000558e-36
6.285205919789837012e-36
6.284994763146963476e-36
6.283400125855042245e-36
6.272869172095818371e-36
6.217121442869510683e-36
5.983505654011388489e-36
5.322642137559671564e-36
4.434001940866676992e-36
4.106202744157376454e-36
4.096806421666512995e-36
4.096804418119886696e-36
4.096804418119883355e-36
4.096804418119883355e-36
4.096804418119883355e-36
4.096804418119883355e-36
4.096804418119872664e-36
4.096804418119490459e-36
4.096804418109871847e-36
4.096804417913203806e-36
4.096804414043107993e-36
4.096804356101772001e-36
4.096803634063644694e-36
4.096795451192590115e-36
4.096722090334761834e-36
4.096168000933443869e-36
4.092505505503243970e-36
4.073021382495525470e-36
3.989575707033951547e-36
3.736623674021151624e-36
3.351082641758592543e-36
3.193528145129538311e-36
3.188876743275979396e-36
3.188875750645950764e-36
3.188875750645949428e-36
3.188875750645949428e-36
3.188875750645949428e-36
3.188875750645949428e-36
3.188875750645945418e-36
3.188875750645805766e-36
3.188875750642313131e-36
3.188875750570890176e-36
3.188875749165400817e-36
3.188875728123053004e-36
3.188875465903017834e-36
3.188872494155207841e-36
3.188845851637937459e-36
3.188644606136689683e-36
3.187313655531918868e-36
3.180211720480188089e-36
3.149382479439879495e-36
3.051633803068935972e-36
2.888930426734226254e-36
2.817111809001519683e-36
2.814940759714687284e-36
2.814940296084736539e-36
2.814940296084735203e-36
2.814940296084735203e-36
2.814940296084735203e-36
2.814940296084735203e-36
2.814940296084688096e-36
2.814940296083488692e-36
2.814940296058960397e-36
2.814940295576299181e-36
2.814940288350103930e-36
2.814940198300589892e-36
2.814939177766015341e-36
2.814930028347545888e-36
2.814860914769244940e-36
2.814403693266464156e-36
2.811960016898631115e-36
2.801274427382997917e-36
2.766537012207976598e-36
2.705655100422931367e-36
2.677481196074067927e-36
2.676616504520410827e-36
2.676616319781828715e-36
2.676616319781828047e-36
2.676616319781828047e-36
2.676616319781828047e-36
2.676616319781828047e-36
2.676616319781814349e-36
2.676616319781461878e-36
2.676616319774254768e-36
2.676616319632435534e-36
2.676616317509179221e-36
2.676616291050136955e-36
2.676615991188725142e-36
2.676613302828664161e-36
2.676592994898298661e-36
2.676458630241169582e-36
2.675739990115872788e-36
2.672587393708149603e-36
2.662223079282693623e-36
2.643620133549906718e-36
2.634816611070281638e-36
2.634544426553080953e-36
2.634544368388949977e-36
2.634544368388949977e-36
2.634544368388949977e-36
2.634544368388949977e-36
2.634544368388949977e-36
2.634544368388947304e-36
2.634544368388865116e-36
2.634544368387186620e-36
2.634544368354166617e-36
2.634544367859805040e-36
2.634544361699295870e-36
2.634544291881986263e-36
2.634543665945407675e-36
2.634538937575867278e-36
2.634507651582135878e-36
2.634340279874758771e-36
2.633605226643716698e-36
2.631179348179316264e-36
2.626788812348736484e-36
2.624694629173075662e-36
2.624629712237092777e-36
2.624629698363659193e-36
2.624629698363659193e-36
2.624629698363659193e-36
2.624629698363659193e-36
2.624629698363659193e-36
2.624629698363644827e-36
2.624629698363347816e-36
2.624629698357507491e-36
2.624629698270065320e-36
2.624629697180400530e-36
2.624629684831183855e-36
2.624629574116120021e-36
2.624628737765234231e-36
2.624623203857078080e-36
2.624593597090883445e-36
2.624463535193201850e-36
2.624033871035376228e-36
2.623254573995288613e-36
2.622882112681237163e-36
2.622870559061893146e-36
2.622870556592712590e-36
2.622870556592712590e-36
2.622870556592712590e-36
2.622870556592712590e-36
2.622870556592712590e-36
2.622870556592710919e-36
2.622870556592671162e-36
2.622870556591898399e-36
2.622870556580326998e-36
2.622870556436122655e-36
2.622870554801850316e-36
2.622870540150027132e-36
2.622870429468891039e-36
2.622869697120136533e-36
2.622865778961467537e-36
2.622848565664812222e-36
2.622791690397017337e-36
2.622688492474936137e-36
2.622639150730057623e-36
2.622637619972037991e-36
2.622637619644890922e-36
2.622637619644890922e-36
2.622637619644890922e-36
2.622637619644890922e-36
2.622637619644890254e-36
2.622637619644886913e-36
2.622637619644810739e-36
2.622637619643667464e-36
2.622637619629423633e-36
2.622637619468000337e-36
2.622637618020783775e-36
2.622637607088385641e-36
2.622637534751485465e-36
2.622637147739279853e-36
2.622635447500767520e-36
2.622629829519248545e-36
2.622619635353467664e-36
2.622614760988920852e-36
2.622614609765994682e-36
2.622614609733675277e-36
2.622614609733675277e-36
2.622614609733675277e-36
2.622614609733675277e-36
2.622614609733675277e-36
2.622614609733675277e-36
2.622614609733669597e-36
2.622614609733585071e-36
2.622614609732533338e-36
2.622614609720614812e-36
2.622614609613758681e-36
2.622614608806556343e-36
2.622614603465505140e-36
2.622614574890150404e-36
2.622614449351592710e-36
2.622614034542073836e-36
2.622613281841019228e-36
2.622612921933309182e-36
2.622612910767465764e-36
2.622612910765079319e-36
2.622612910765079319e-36
2.622612910765079319e-36
2.622612910765079319e-36
2.622612910765079319e-36
2.622612910765078651e-36
2.622612910765073974e-36
2.622612910765015841e-36
2.622612910764356671e-36
2.622612910758444515e-36
2.622612910713788296e-36
2.622612910418307476e-36
2.622612908837443658e-36
2.622612901892318682e-36
2.622612878943956204e-36
2.622612837302519897e-36
2.622612817391454828e-36
2.622612816773730459e-36
2.622612816773598158e-36
2.622612816773598158e-36
2.622612816773598158e-36
2.622612816773598158e-36
2.622612816773598158e-36
2.622612816773598158e-36
2.622612816773598158e-36
2.622612816773595819e-36
2.622612816773568423e-36
2.622612816773322863e-36
2.622612816771466962e-36
2.622612816759189283e-36
2.622612816693504086e-36
2.622612816404930357e-36
2.622612815451414865e-36
2.622612813721191943e-36
2.622612812893876717e-36
2.622612812868210157e-36
2.622612812868204477e-36
2.622612812868204477e-36
2.622612812868204477e-36
2.622612812868204477e-36
2.622612812868204477e-36
2.622612812868204477e-36
2.622612812868204477e-36
2.622612812868204477e-36
2.622612812868203809e-36
2.622612812868196125e-36
2.622612812868137992e-36
2.622612812867754117e-36
2.622612812865699095e-36
2.622612812856672834e-36
2.622612812826846785e-36
2.622612812772725638e-36
2.622612812746847596e-36
2.622612812746044764e-36
2.622612812746044764e-36
2.622612812746044764e-36
2.622612812746044764e-36
2.622612812746044764e-36
2.622612812746044764e-36
2.622612812746044764e-36
2.622612812746044764e-36
2.622612812746044764e-36
2.622612812746044096e-36
2.622612812746042760e-36
2.622612812746033739e-36
2.622612812745985295e-36
2.622612812745772142e-36
2.622612812745068203e-36
2.622612812743790287e-36
2.622612812743179560e-36
2.622612812743160851e-36
2.622612812743160851e-36
2.622612812743160851e-36
2.622612812743160851e-36
2.622612812743160851e-36
2.622612812743160851e-36
2.622612812743160851e-36
2.622612812743160851e-36
2.622612812743160851e-36
2.622612812743160851e-36
2.622612812743160851e-36
2.622612812743160183e-36
2.622612812743159849e-36
2.622612812743155505e-36
2.622612812743143478e-36
2.622612812743120760e-36
2.622612812743109734e-36
2.622612812743109066e-36
2.622612812743109066e-36
2.622612812743109066e-36
2.622612812743109066e-36
2.622612812743109066e-36
2.622612812743109066e-36
2.622612812743109066e-36
2.622612812743109066e-36
2.622612812743109066e-36
2.622612812743109066e-36
2.622612812743109066e-36
2.622612812743109066e-36
2.622612812743109066e-36
2.622612812743109066e-36
2.622612812743109066e-36
2.622612812743108398e-36
2.622612812743108398e-36
2.622612812743108398e-36
2.622612812743108398e-36
2.622612812743108398e-36
2.622612812743108398e-36
2.622612812743108398e-36
2.622612812743108398e-36
2.622612812743108398e-36
2.622612812743108398e-36
2.622612812743108398e-36
2.622612812743108398e-36
2.622612812743108398e-36
2.622612812743108398e-36
2.622612812743108398e-36
2.622612812743108398e-36
2.622612812743108398e-36
2.622612812743108398e-36
2.622612812743108398e-36
2.622612812743108398e-36
2.622612812743108398e-36
2.622612812743108398e-36
2.622612812743108398e-36
2.622612812743108398e-36
2.622612812743108398e-36
2.622612812743108398e-36
2.622612812743108398e-36
2.622612812743108398e-36
2.622612812743108398e-36
2.622612812743108398e-36
2.622612812743108398e-36
2.622612812743108398e-36
2.622612812743108398e-36
2.622612812743108398e-36
2.622612812743108398e-36
2.622612812743108398e-36
2.622612812743108398e-36
2.622612812743108398e-36
2.622612812743108398e-36
2.622612812743108398e-36
2.622612812743108398e-36
2.622612812743108398e-36
2.622612812743108398e-36
2.622612812743108398e-36
2.622612812743108398e-36
2.622612812743108398e-36
2.622612812743108398e-36
2.622612812743108398e-36
2.622612812743108398e-36
2.622612812743108398e-36
2.622612812743108398e-36
2.622612812743108398e-36
2.622612812743108398e-36
2.622612812743108398e-36
2.622612812743108398e-36
2.622612812743108398e-36
2.622612812743108398e-36
2.622612812743108398e-36
2.622612812743108398e-36
2.622612812743108398e-36
2.622612812743108398e-36
2.622612812743108398e-36
2.622612812743108398e-36
2.622612812743108398e-36
2.622612812743108398e-36
2.622612812743108398e-36
2.622612812743108398e-36
2.622612812743108398e-36
2.622612812743108398e-36
2.622612812743108398e-36
2.622612812743108398e-36
2.622612812743108398e-36
2.622612812743108398e-36
2.622612812743108398e-36
2.622612812743108398e-36
2.622612812743108398e-36
2.622612812743108398e-36
2.622612812743108398e-36
2.622612812743108398e-36
2.622612812743108398e-36
2.622612812743108398e-36
2.622612812743108398e-36
2.622612812743108398e-36
2.622612812743108398e-36
2.622612812743108398e-36
2.622612812743108398e-36
2.622612812743108398e-36
2.622612812743108398e-36
2.622612812743108398e-36
2.622612812743108398e-36
2.622612812743108398e-36
2.622612812743108398e-36
2.622612812743108398e-36
2.622612812743108398e-36
2.622612812743108398e-36
2.622612812743108398e-36
2.622612812743108398e-36
2.622612812743108398e-36
2.622612812743108398e-36
2.622612812743108398e-36
2.622612812743108398e-36
2.622612812743108398e-36
2.622612812743108398e-36
2.622612812743108398e-36
2.622612812743108398e-36
2.622612812743108398e-36
2.622612812743108398e-36
2.622612812743108398e-36
2.622612812743108398e-36
2.622612812743108398e-36
2.622612812743108398e-36
2.622612812743108398e-36
2.622612812743108398e-36
2.622612812743108398e-36
2.622612812743108398e-36
2.622612812743108398e-36
2.622612812743108398e-36
2.622612812743108398e-36
2.622612812743108398e-36
2.622612812743108398e-36
2.622612812743108398e-36
2.622612812743108398e-36
2.622612812743108398e-36
2.622612812743108398e-36
2.622612812743108398e-36
2.622612812743108398e-36
2.622612812743108398e-36
2.622612812743108398e-36
2.622612812743108398e-36
2.622612812743108398e-36
2.622612812743108398e-36
2.622612812743108398e-36
2.622612812743108398e-36
2.622612812743108398e-36
2.622612812743108398e-36
2.622612812743108398e-36
2.622612812743108398e-36
2.622612812743108398e-36
2.622612812743108398e-36
2.622612812743108398e-36
2.622612812743108398e-36
2.622612812743108398e-36
2.622612812743108398e-36
2.622612812743108398e-36
2.622612812743108398e-36
2.622612812743108398e-36
2.622612812743108398e-36
2.622612812743108398e-36
2.622612812743108398e-36
2.622612812743108398e-36
2.622612812743108398e-36
2.622612812743108398e-36
2.622612812743108398e-36
2.622612812743108398e-36
2.622612812743108398e-36
2.622612812743108398e-36
2.622612812743108398e-36
2.622612812743108398e-36
2.622612812743108398e-36
2.622612812743108398e-36
2.622612812743108398e-36
2.622612812743108398e-36
2.622612812743108398e-36
2.622612812743108398e-36
2.622612812743108398e-36
2.622612812743108398e-36
2.622612812743108398e-36
2.622612812743108398e-36
2.622612812743108398e-36
2.622612812743108398e-36
2.622612812743108398e-36
2.622612812743108398e-36
2.622612812743108398e-36
2.622612812743108398e-36
2.622612812743108398e-36
2.622612812743108398e-36
2.622612812743108398e-36
2.622612812743108398e-36
2.622612812743108398e-36
2.622612812743108398e-36
2.622612812743108398e-36
2.622612812743108398e-36
2.622612812743108398e-36
2.622612812743108398e-36
2.622612812743108398e-36
2.622612812743108398e-36
2.622612812743108398e-36
2.622612812743108398e-36
2.622612812743108398e-36
2.622612812743108398e-36
2.622612812743108398e-36
2.622612812743108398e-36
2.622612812743108398e-36
2.622612812743108398e-36
2.622612812743108398e-36
2.622612812743108398e-36
2.622612812743108398e-36
2.622612812743108398e-36
2.622612812743108398e-36
2.622612812743108398e-36
2.622612812743108398e-36
2.622612812743108398e-36
2.622612812743108398e-36
2.622612812743108398e-36
2.622612812743108398e-36
2.622612812743108398e-36
2.622612812743108398e-36
2.622612812743108398e-36
2.622612812743108398e-36
2.622612812743108398e-36
2.622612812743108398e-36
2.622612812743108398e-36
2.622612812743108398e-36
2.622612812743108398e-36
2.622612812743108398e-36
2.622612812743108398e-36
2.622612812743108398e-36
2.622612812743108398e-36
2.622612812743108398e-36
2.622612812743108398e-36
2.622612812743108398e-36
2.622612812743108398e-36
2.622612812743108398e-36
2.622612812743108398e-36
2.622612812743108398e-36
2.622612812743108398e-36
2.622612812743108398e-36
2.622612812743108398e-36
2.622612812743108398e-36
2.622612812743108398e-36
2.622612812743108398e-36
2.622612812743108398e-36
2.622612812743108398e-36
2.622612812743108398e-36
2.622612812743108398e-36
2.622612812743108398e-36
2.622612812743108398e-36
2.622612812743108398e-36
2.622612812743108398e-36
2.622612812743108398e-36
2.622612812743108398e-36
2.622612812743108398e-36
2.622612812743108398e-36
2.622612812743108398e-36
2.622612812743108398e-36
2.622612812743108398e-36
2.622612812743108398e-36
2.622612812743108398e-36
2.622612812743108398e-36
2.622612812743108398e-36
2.622612812743108398e-36
2.622612812743108398e-36
2.622612812743108398e-36
2.622612812743108398e-36
2.622612812743108398e-36
2.622612812743108398e-36
2.622612812743108398e-36
2.622612812743108398e-36
2.622612812743108398e-36
2.622612812743108398e-36
2.622612812743108398e-36
2.622612812743108398e-36
2.622612812743108398e-36
2.622612812743108398e-36
2.622612812743108398e-36
2.622612812743108398e-36
2.622612812743108398e-36
2.622612812743108398e-36
2.622612812743108398e-36
2.622612812743108398e-36
2.622612812743108398e-36
2.622612812743108398e-36
2.622612812743108398e-36
2.622612812743108398e-36
2.622612812743108398e-36
2.622612812743108398e-36
2.622612812743108398e-36
2.622612812743108398e-36
2.622612812743108398e-36
2.622612812743108398e-36
2.622612812743108398e-36
2.622612812743108398e-36
2.622612812743108398e-36
2.622612812743108398e-36
2.622612812743108398e-36
2.622612812743108398e-36
2.622612812743108398e-36
2.622612812743108398e-36
2.622612812743108398e-36
2.622612812743108398e-36
2.622612812743108398e-36
2.622612812743108398e-36
2.622612812743108398e-36
2.622612812743108398e-36
2.622612812743108398e-36
2.622612812743108398e-36
2.622612812743108398e-36
2.622612812743108398e-36
2.622612812743108398e-36
2.622612812743108398e-36
2.622612812743108398e-36
2.622612812743108398e-36
