1.138255984778803618e+78
3.308615450346195520e+70
3.299494596893953289e+70
3.299494590906737797e+70
3.299494590682482820e+70
3.155794084046941101e+70
3.155649909126917398e+70
3.155649909122291101e+70
3.155649909122291101e+70
3.155649822449651261e+70
3.155649781402818073e+70
3.155649781402818073e+70
3.155649781389658227e+70
3.155649781389658227e+70
3.155649717146789859e+70
3.154089620247835733e+70
3.154089620175913265e+70
3.154085916272543464e+70
3.115263162408134928e+70
3.115263162390831828e+70
3.115263162390831828e+70
3.115263162390462190e+70
3.115263160892727326e+70
3.115263150538634527e+70
3.115262323638596612e+70
3.115262323638594160e+70
3.115262323638594160e+70
3.115262323638562284e+70
3.115262323637824847e+70
3.115114631317547322e+70
3.115114631317547322e+70
3.115114631317547322e+70
3.115114539423489820e+70
3.115114478354076438e+70
3.115114478354072760e+70
3.115114478354072760e+70
3.113057827420045718e+70
3.113057827420043266e+70
1.545778917962260019e+70
1.545778917076360207e+70
1.545778908284769212e+70
1.545778908284769212e+70
1.545778908284769212e+70
1.545778908284682779e+70
1.545778908284682779e+70
1.545778814637578189e+70
1.545778814608239481e+70
1.545778814607081834e+70
1.543105504031006820e+70
1.543105504031006820e+70
1.543066896875845940e+70
1.543066896875845940e+70
1.543066896875845940e+70
1.543013505563261431e+70
1.543013505376600410e+70
1.535242100879464006e+70
1.535241399244113127e+70
1.535241399244113127e+70
1.534933050562915243e+70
1.534933050562915243e+70
1.534933050562461931e+70
1.534933050559424525e+70
1.534933050559424525e+70
1.534933050207009092e+70
1.534933050206921127e+70
1.534933050206920820e+70
5.494741388888665163e+69
5.494741388888665163e+69
5.494741388888665163e+69
5.450947715867603517e+69
5.450947715867354487e+69
5.357839209737013814e+69
3.669626685256506170e+69
3.669626685256506170e+69
3.669622192334000595e+69
3.669622192334000595e+69
1.351287105928526006e+69
1.351287105928526006e+69
1.351286850752444658e+69
1.351286813869947078e+69
1.351286813869947078e+69
1.351286813869945737e+69
1.351286813869200561e+69
1.351286813869200561e+69
1.351286813869018577e+69
1.351286813024866970e+69
1.351286813024866779e+69
1.351286813024866779e+69
1.351286791174355328e+69
1.351286791174332723e+69
1.351286791174332723e+69
1.351286791174204185e+69
1.351286790565897321e+69
1.351286616145787986e+69
1.351286616145774386e+69
1.351286616145774386e+69
1.344404808535553016e+69
1.344404808525731252e+69
1.344404808516898523e+69
1.344404808516898523e+69
1.344402968506367001e+69
1.344402968506319111e+69
1.344402730287521793e+69
1.344402730287521793e+69
1.344402730287521793e+69
1.344402730053458960e+69
1.344402730053458960e+69
1.344402730053458960e+69
1.344402728217357279e+69
1.344402728217356896e+69
1.344402728217356896e+69
1.344402728179603102e+69
1.344402728179373994e+69
1.344402728178787623e+69
1.344402728178787623e+69
1.344402728178787432e+69
1.344402728178787432e+69
1.344402728178786857e+69
2.522949682579168319e+68
2.522949682579168319e+68
2.522949680565552508e+68
2.522101176162457657e+68
2.522100693074771410e+68
2.522100693074771410e+68
2.522066942168652956e+68
2.522066942148384745e+68
2.522066942148384745e+68
2.522066942148384745e+68
2.522066942148270286e+68
2.522066396198714603e+68
2.522066396198714603e+68
2.522066396198714603e+68
2.522024699738293201e+68
2.522024699738293201e+68
2.522024688118094998e+68
2.522024688118094998e+68
2.396341952752288721e+68
2.396341363589557391e+68
1.044756842535908478e+68
1.044756842535908478e+68
1.044756842535908239e+68
1.044756842535908239e+68
1.044369473131282253e+68
1.044369473131274830e+68
1.044369473131271836e+68
1.044369473131256392e+68
9.470944633658713393e+67
9.470944633350596783e+67
9.470944633350455506e+67
9.470942603059532736e+67
6.786788685556574425e+67
6.781003614167662439e+67
1.229961300997399701e+67
1.229961230811182826e+67
1.229859781061487707e+67
7.829265495768005635e+66
7.829265495768005635e+66
7.829265495762505712e+66
7.829265495762505712e+66
7.624218085451010122e+66
7.624218085451010122e+66
7.624218085443326692e+66
3.518553292912073321e+66
3.505363382345568592e+66
7.605628401154178542e+65
7.605623200711785496e+65
7.605623191097242958e+65
7.605623191097242958e+65
6.206611949676413866e+65
6.206611949526515711e+65
6.206576219006733367e+65
5.952182966973639683e+65
5.952182966973639683e+65
1.695632626480071381e+65
1.693095717210815883e+65
1.693057686972007846e+65
5.619671169697425465e+64
5.619671169697425465e+64
5.619671169697414942e+64
5.619671165615230413e+64
5.619671165335744532e+64
5.619671165335744532e+64
5.209368703488464576e+64
5.209368703488445284e+64
5.209366162759802960e+64
4.435540720601457384e+64
4.432615043810894765e+64
9.112535980644232995e+63
9.112535708058356877e+63
9.111149743507805563e+63
4.717703716540518535e+63
4.717703716540518535e+63
4.717703716539603635e+63
4.717703716539603635e+63
4.611206681971024411e+63
4.611206681971024411e+63
4.611206681963784132e+63
2.944615960161697827e+63
2.933680037774079446e+63
5.919219255436059837e+62
5.919217026718898668e+62
5.919217026718898668e+62
5.919217002630712761e+62
4.269776564642492153e+62
4.269776564609985616e+62
4.269734475048428737e+62
4.269734475048428737e+62
4.126122854008372895e+62
4.126122854008372895e+62
1.722392651147894346e+62
1.718664707930356715e+62
1.718636980668637406e+62
4.675016875930935090e+61
4.675016875930935090e+61
4.675016875930914538e+61
4.675016874636388892e+61
4.675016874636388892e+61
4.675016873836329783e+61
4.675016873836329783e+61
4.085528824533124511e+61
4.085528824533116518e+61
4.085524934796607440e+61
3.516039636478839317e+61
3.514738501280439950e+61
1.016600650367557353e+61
1.016600634822255225e+61
1.016354830376755341e+61
4.305273339830124672e+60
4.305273339830124672e+60
4.305273339829635126e+60
4.305273339829634413e+60
4.114320326647887857e+60
4.114320326647887857e+60
4.114320326624046398e+60
2.574996938383828869e+60
2.569071468436642581e+60
2.569071468436642581e+60
2.569071468436642581e+60
6.799271980699894916e+59
6.799270633212955608e+59
6.799270633212955608e+59
6.799270554102120856e+59
4.299974703756045123e+59
4.299974703734850495e+59
4.299913869458290023e+59
4.299913869458290023e+59
4.195854165076602974e+59
4.195854165076602974e+59
1.565635654250694706e+59
1.558867328622447714e+59
1.558856876111655433e+59
5.290131597734817452e+58
5.290131597734817452e+58
5.290131597734707063e+58
5.290131596669051458e+58
5.290131596669051458e+58
5.290131594119144111e+58
5.290131594119144111e+58
4.358102132645584631e+58
4.358102132645584631e+58
4.358102132645581285e+58
4.358095824923877074e+58
3.883370523351339326e+58
3.882643102908086103e+58
9.214906904283806926e+57
9.214906822169286642e+57
9.210460491947592507e+57
4.630856110067079342e+57
4.630856110067079342e+57
4.630856110066857728e+57
4.630856110066856334e+57
4.346630066780375309e+57
4.346630066780375309e+57
4.346630066714140005e+57
3.004198321824631593e+57
3.000498630550972862e+57
3.000498630550972862e+57
3.000498630550972862e+57
6.197587289945170605e+56
6.197586570190112427e+56
6.197586570190112427e+56
6.197586476517890684e+56
4.349527621537461085e+56
4.349527621528989416e+56
4.349390555884717566e+56
4.349390555884717566e+56
4.299963000834580518e+56
4.299963000834580518e+56
1.938534305444032408e+56
1.924979192666793514e+56
1.924968945716180637e+56
5.005488086731268623e+55
5.005488086731268623e+55
5.005488086731024709e+55
5.005488086358307171e+55
5.005488086358307171e+55
5.005488083104897406e+55
5.005488083104897406e+55
4.306598949221538089e+55
4.306598949221538089e+55
4.306598949221537000e+55
4.306585385425258739e+55
4.080704964172113566e+55
4.080188542715413316e+55
1.203828835300253470e+55
1.203828829825413854e+55
1.202835204824918092e+55
1.202835204824918092e+55
4.756478354712897146e+54
4.756478354712897146e+54
4.756478354712835214e+54
4.756478354712831131e+54
4.513370984742806990e+54
4.513370984742806990e+54
4.513370984641033298e+54
3.722027394844949250e+54
3.718375519751333777e+54
3.718375519751333777e+54
3.718375519751333777e+54
8.512267008037322489e+53
8.512266477600342027e+53
8.512266477600342027e+53
8.512266088473272484e+53
8.512266088473272484e+53
5.034397615514993101e+53
5.034397615511981602e+53
5.034157093622771993e+53
5.034157093622771993e+53
4.991462758877564598e+53
4.991462758877564598e+53
3.028901645453244428e+53
3.002409304354498884e+53
3.002399565965113608e+53
7.251379160774708531e+52
7.251379160774708531e+52
7.251379160773980114e+52
7.251379160566429137e+52
7.251379160566429137e+52
7.251379145530772022e+52
7.251379145530772022e+52
7.251379145530772022e+52
5.672662109577536090e+52
5.672662109577536090e+52
5.672662109577535026e+52
5.672631284267354120e+52
5.418636636957749123e+52
5.418280887482240184e+52
2.208032140337894545e+52
2.208032140337894545e+52
2.208032135450815551e+52
2.205352370606627422e+52
2.205352370606627422e+52
7.392323647650398838e+51
7.392323647650398838e+51
7.392323647650345669e+51
7.392323647650331048e+51
6.725813590584870743e+51
6.725813590584870743e+51
6.725813590087179867e+51
5.587664210856229277e+51
5.584447607605708127e+51
5.584447607605708127e+51
5.584447607605708127e+51
1.683097833454510667e+51
1.683097778429678892e+51
1.683097778429678892e+51
1.683097579159687458e+51
1.683097579159687458e+51
8.559005797163556895e+50
8.559005797160486378e+50
8.558448277296710425e+50
8.558448277296710425e+50
8.510103518355546792e+50
8.510103518355546792e+50
4.976067658887264383e+50
4.892118213862599163e+50
4.892111353632261032e+50
1.462630587945294544e+50
1.462630587945294544e+50
1.462630587944642392e+50
1.462630587914857092e+50
1.462630587914857092e+50
1.462630579902270734e+50
1.462630579902270734e+50
1.462630579902270734e+50
1.046844821586914250e+50
1.046844821586914250e+50
1.046844821586914250e+50
1.046836402620552128e+50
1.012616583824027274e+50
1.012583617894353959e+50
3.686416522447610562e+49
3.686416522447610562e+49
3.686416517642582723e+49
3.677584707326143193e+49
3.677584707326143193e+49
1.461988214144249655e+49
1.461988214144249655e+49
1.461988214144244982e+49
1.461988214144232002e+49
1.283944402814032053e+49
1.283944402814032053e+49
1.283944402576465779e+49
1.114626257553907683e+49
1.114286546401814784e+49
1.114286546401814784e+49
1.114286546401814784e+49
2.804324294273198828e+48
2.804324240391040016e+48
2.804324240391040016e+48
2.804323796740200721e+48
2.804323796740200721e+48
1.613658527877083344e+48
1.613658527876843525e+48
1.613423958413755857e+48
1.613423958413755857e+48
1.613423958413755857e+48
1.613423958413755857e+48
1.608852225459071390e+48
1.608852225459071390e+48
1.055310702467817923e+48
1.028819003296902739e+48
1.028817933080910586e+48
2.467118901208539112e+47
2.467118901208539112e+47
2.467118901206108874e+47
2.467118901187487593e+47
2.467118901187487593e+47
2.467118882904580398e+47
2.467118882904580398e+47
2.467118882904580398e+47
1.887642202651392680e+47
1.887642202651392680e+47
1.887642202651392680e+47
1.887609798631465595e+47
1.857576062975588226e+47
1.857536931883309706e+47
8.248932320624795286e+46
8.248932320624795286e+46
8.248932315338211590e+46
8.217686931673070774e+46
8.217686931673070774e+46
2.586557575526422418e+46
2.586557575526422418e+46
2.586557575526420390e+46
2.586557575526420390e+46
2.586557575526367149e+46
2.325168772171207359e+46
2.325168772171207359e+46
2.325168771546375786e+46
2.166994115506372721e+46
2.166541158652475530e+46
2.166541158652475530e+46
2.166541158652475530e+46
6.648724708507295527e+45
6.648724641955808880e+45
6.648724641955808880e+45
6.648721689857842576e+45
6.648721689857842576e+45
3.129286314701968634e+45
3.129286314701828559e+45
3.128662190255115660e+45
3.128662190255115660e+45
3.128662190255115660e+45
3.128662190255115660e+45
3.122592888237264221e+45
3.122592888237264221e+45
2.458491419658926909e+45
2.392721855423002897e+45
2.392720583471156748e+45
6.166379750795346682e+44
6.166379750795346682e+44
6.166379750783170898e+44
6.166379750765087862e+44
6.166379750765087862e+44
6.166379615559400086e+44
6.166379615559400086e+44
6.166379615559400086e+44
4.129411355568337762e+44
4.129411355568337762e+44
4.129411355568337762e+44
4.129301635105806410e+44
4.078419243934264083e+44
4.078377795344103293e+44
2.358413619751756487e+44
2.358413619751756487e+44
2.358413619080000308e+44
2.346724168312929647e+44
2.346724168312929647e+44
6.844179014376223052e+43
6.844179014376223052e+43
6.844179014376220081e+43
6.844179014376220081e+43
6.844179014375920994e+43
5.745439774522125254e+43
5.745439774522125254e+43
5.745439770005956582e+43
5.401776524836789263e+43
5.401158012750811727e+43
5.401158012750811727e+43
5.401158012750811727e+43
2.165655453961460992e+43
2.165655453961460992e+43
2.165655442985261920e+43
2.165653226889988016e+43
2.165653226889988016e+43
2.165653226889988016e+43
8.907971605417517217e+42
8.907971605417294388e+42
8.905654288501298940e+42
8.905654288501298940e+42
8.905654288501298940e+42
8.905654288501298940e+42
8.894840913585028402e+42
6.996005864455554593e+42
6.996005864455554593e+42
6.661043410907183993e+42
6.661041878539156256e+42
2.129795590585239839e+42
2.129795590585239530e+42
2.129795590568045781e+42
2.129795590563829357e+42
2.129795590563829357e+42
2.129795476442677590e+42
2.129795476442677590e+42
2.129795476442677590e+42
2.129795476442677590e+42
1.278702336720647582e+42
1.278702336720647582e+42
1.278702336720647582e+42
1.278654128736192981e+42
1.267891293880450633e+42
1.267885066799166407e+42
7.044884393173212097e+41
7.044884393173212097e+41
7.044884392001574579e+41
6.978132311581061323e+41
2.392803289828438823e+41
2.392803289828438823e+41
2.392803289828438823e+41
2.392803289828438436e+41
2.392803289828438436e+41
2.392803289828007091e+41
2.392803289828007091e+41
1.897254463058372378e+41
1.897254459573951447e+41
1.813536687911333809e+41
1.813536687911333809e+41
1.813428309291140250e+41
1.813428309291140250e+41
6.548202878986295423e+40
6.548193595152799981e+40
6.548193595152799981e+40
6.548193575537730969e+40
6.548193575537730969e+40
6.548193575537730969e+40
3.048245744892342500e+40
3.048245744892309617e+40
3.046501803680588915e+40
3.046501803680588915e+40
3.046501803680588915e+40
3.046501803680588915e+40
3.044533592747132069e+40
2.528404095953868611e+40
2.528404095953868611e+40
2.360789683895116210e+40
2.360789307653560645e+40
6.450657595226490667e+39
6.450657595226487040e+39
6.450657595114889889e+39
6.450657595114889889e+39
6.450657595110033634e+39
6.450657115407706260e+39
6.450657115407706260e+39
6.450657115407706260e+39
6.450657115407706260e+39
6.450657115407706260e+39
4.202663822313054405e+39
4.202663822313054405e+39
4.202329049033985019e+39
4.184182899999041031e+39
4.184169643887430585e+39
2.648355671244265721e+39
2.648355671244265721e+39
2.611665522293307739e+39
2.611665522091156603e+39
7.398853979396089541e+38
7.398853979396089541e+38
7.398853979396089541e+38
7.398853979396089541e+38
7.398853979396089541e+38
7.398853979396089541e+38
7.398853979393169985e+38
7.398853979393169985e+38
6.093119938003529600e+38
6.093119921535847339e+38
5.955860500996108260e+38
5.955860500996108260e+38
5.955632013292719439e+38
5.955632013292719439e+38
2.615751645902599382e+38
2.615742122003445577e+38
2.615742118073990494e+38
2.615742118073990494e+38
2.615742118073990494e+38
2.615742118073990494e+38
2.615742118073990494e+38
9.992015303783178956e+37
9.992015303783146844e+37
9.984695958514120505e+37
9.984695958514120505e+37
9.984695958514120505e+37
9.984695958514120505e+37
9.980562506760144208e+37
9.040158100851437990e+37
9.040158100851437990e+37
8.469669790494942932e+37
8.469669182526833936e+37
2.735025431846602899e+37
2.735025431846597232e+37
2.735025431754670229e+37
2.735025431754670229e+37
2.735025431753866955e+37
2.735025431753866955e+37
2.735024877350093262e+37
2.735024877350093262e+37
1.519479711080362963e+37
1.519479711080362963e+37
1.519479711080362963e+37
1.519308756437652086e+37
1.519308756437652086e+37
1.514666593021997020e+37
1.514666593021997020e+37
1.514664412174406867e+37
1.141993652946285957e+37
1.123927967310145418e+37
1.123927967275704019e+37
3.313237385222696786e+36
3.313237385222696786e+36
3.313237385222696786e+36
3.313237385222696786e+36
3.313237385222696786e+36
3.313237385222696786e+36
3.313237385222696786e+36
3.313237385220015072e+36
3.313237385220015072e+36
2.475346294341128029e+36
2.475346276868243949e+36
2.475346276868243949e+36
2.430859864669533642e+36
2.430812079029367336e+36
2.430812079029367336e+36
1.342900006810097935e+36
1.342890200369331757e+36
1.342890199416562443e+36
1.342890199416562443e+36
1.342890199416562443e+36
1.342890199416562443e+36
1.342890199416562443e+36
4.753531631296448017e+35
4.749137105016373346e+35
4.749137105016365230e+35
4.749137105016365230e+35
4.749137105016365230e+35
4.749137105016365230e+35
4.747962908806370990e+35
4.329196528009837532e+35
3.886945811626827265e+35
3.886945811626827265e+35
3.886945693831202019e+35
1.557382326496193161e+35
1.557382326496184676e+35
1.557382326304560452e+35
1.557382326304560452e+35
1.557382326304275634e+35
1.557382326304275634e+35
1.557381624044667673e+35
1.557381624044667673e+35
7.783299750573304939e+34
7.783299750573304939e+34
7.783299750573304939e+34
7.782109611470410592e+34
7.782109611470410592e+34
7.766802523312837393e+34
7.766802523312837393e+34
5.852526906481096071e+34
5.852523911164082865e+34
5.687271446192033173e+34
5.687271446095597285e+34
1.973549094042476161e+34
1.973549094042476161e+34
1.973549094042476161e+34
1.973549094042476161e+34
1.973549094042476161e+34
1.973549094042476161e+34
1.973549094042476161e+34
1.973549094036359682e+34
1.973549094036359682e+34
1.367636279752346569e+34
1.367636258915222900e+34
1.367636258915222900e+34
1.350493128759062842e+34
1.350479560290769908e+34
7.184349128630903437e+33
7.184349128630903437e+33
7.184274656418448218e+33
7.184274653436514745e+33
7.184274653436514745e+33
7.184274653436514745e+33
7.184274653436514745e+33
7.184274653436514745e+33
2.853426584832901779e+33
2.847846859547367331e+33
2.847846859547365025e+33
2.847846859547365025e+33
2.847846859547365025e+33
2.847846859547365025e+33
2.847458389983924351e+33
2.654156233373834041e+33
2.301407615057983933e+33
2.301407615057983933e+33
2.301407569901046193e+33
8.426475007202767249e+32
8.426475007202610164e+32
8.426475005011038969e+32
8.426475005011038969e+32
8.426475005011038969e+32
8.426475005010432244e+32
8.426475005010432244e+32
8.426469549998993219e+32
8.426469549998993219e+32
4.574952233199999183e+32
4.574952233199999183e+32
4.574952233199999183e+32
4.573502057647220687e+32
4.573502057647220687e+32
4.573502057647220687e+32
4.573502057647220687e+32
4.568634035373240604e+32
3.679792853967890176e+32
3.679791559092532600e+32
3.537772557624505495e+32
3.537772557597381575e+32
1.075956256189187362e+32
1.075956256189187362e+32
1.075956256189187362e+32
1.075956256189187362e+32
1.075956256189187362e+32
1.075956256189187362e+32
1.075956256189187362e+32
1.075956256182084645e+32
1.075956256182084465e+32
7.822447066640909488e+31
7.822446885765937031e+31
7.822446885765937031e+31
7.770544711184878248e+31
7.770495589210997898e+31
4.751138994988999960e+31
4.751024111561902001e+31
4.751024111561902001e+31
4.751024110613987054e+31
4.751024110613987054e+31
4.751024110613987054e+31
4.751024110613987054e+31
4.751024110613987054e+31
1.604028316429990293e+31
1.600155772881261561e+31
1.600155772881261336e+31
1.600155772881261336e+31
1.600155772881261336e+31
1.600155772881261336e+31
1.600021652030444200e+31
1.541969438299810219e+31
1.354476574394647359e+31
1.354476574394647359e+31
1.354476563025095503e+31
5.942978636808556256e+30
5.942978636808248885e+30
5.942978633915779374e+30
5.942978633915779374e+30
5.942978633915779374e+30
5.942978633915779374e+30
5.942978633915613866e+30
5.942969062851543350e+30
5.942969062851543350e+30
2.750630521129293131e+30
2.750630521129293131e+30
2.750630521129293131e+30
2.749478765618537890e+30
2.749478765618537890e+30
2.749478765618537890e+30
2.749478765618537890e+30
2.747554171567892484e+30
2.423664222337980521e+30
2.423663814028789534e+30
2.327980283822898497e+30
2.327980283822898497e+30
8.054758321137349611e+29
8.054758321129628752e+29
8.054758321129628752e+29
8.054758321129628752e+29
8.054758321129628752e+29
8.054758321129628752e+29
8.054758321024012304e+29
8.054758321024006674e+29
8.054758321024006674e+29
5.198540598636498373e+29
5.198540316860114035e+29
5.198540316860114035e+29
5.173428592189435961e+29
5.173412765351077716e+29
5.173113474058380158e+29
3.723780046668028482e+29
3.723780046668028482e+29
3.723780046668028482e+29
3.723780046348277130e+29
3.723780046348277130e+29
3.723780046348277130e+29
3.723780046348277130e+29
3.723780046348277130e+29
1.270684835184810131e+29
1.266909134856427223e+29
1.266909134856427047e+29
1.266909134856427047e+29
1.266909134856427047e+29
1.266848020799858659e+29
1.266848020799858659e+29
1.036447748865770014e+29
1.009525757863758235e+29
1.009525757863758235e+29
1.009525754395714195e+29
1.009525754395478284e+29
5.378272100163158205e+28
5.378272100163158205e+28
5.378272091807236631e+28
5.378272091807236631e+28
5.378272091807236631e+28
5.378272091807236631e+28
5.378272091807153068e+28
5.378254867995467015e+28
5.378254867995467015e+28
2.319621693178397190e+28
2.319621693178397190e+28
2.319621693178397190e+28
2.318348583687762370e+28
2.318348583687762370e+28
2.318348583687762370e+28
2.318348583687762370e+28
2.317353690367393460e+28
2.063074307774324911e+28
2.063074145322913032e+28
1.931017534709585537e+28
1.931017534709585537e+28
7.906320054385344871e+27
7.906320054380753310e+27
7.906320054380753310e+27
7.906320054380753310e+27
7.906320054380753310e+27
7.906320054380753310e+27
7.906320054021813341e+27
7.906320054021799048e+27
7.906320054021799048e+27
4.714392071956591579e+27
4.714391562759847940e+27
4.714391562759847940e+27
4.699355174335255622e+27
4.699348003596297180e+27
4.698964122373542494e+27
3.388843845941824127e+27
3.388843845941824127e+27
3.388843845941824127e+27
3.388843845778356984e+27
3.388843845778356984e+27
3.388843845778356984e+27
3.388843845778356984e+27
3.388843845778356984e+27
1.295306025791001718e+27
1.287659551690198162e+27
1.287659551690198162e+27
1.287659551690198162e+27
1.287659551690198162e+27
1.003110813938346905e+27
1.003089775703382809e+27
9.846178231626340239e+26
9.846178231626340239e+26
9.846178231626340239e+26
9.846178211262097089e+26
9.846178211254188852e+26
5.087413168633854777e+26
5.087413168633854777e+26
5.087413152205450251e+26
5.087413152205450251e+26
5.087413152205450251e+26
5.087413152205450251e+26
5.087389195379495794e+26
5.087389195379495794e+26
5.087389195379464183e+26
2.369053709760028666e+26
2.369053709760028666e+26
2.369053709760028666e+26
2.366459426422262009e+26
2.366459426422262009e+26
2.366459426422262009e+26
2.366459426422262009e+26
2.365890116771760439e+26
2.167625286712536280e+26
2.167625176013137629e+26
2.167625176013137629e+26
1.988269862056581973e+26
7.577187565147054027e+25
7.577187565145259590e+25
7.577187565145259590e+25
7.577187565145259590e+25
7.577187565145259590e+25
7.577187565145259590e+25
7.577187565145259590e+25
7.577187565145212345e+25
7.577187564420805122e+25
7.577187564420805122e+25
4.744838407335228084e+25
4.744838407335228084e+25
4.744837605529351202e+25
4.736462225839800657e+25
4.736457729295649208e+25
4.735695530688677095e+25
4.735695530688677095e+25
3.690515248379655783e+25
3.690515248379655783e+25
3.690515248379655783e+25
3.690515248297152038e+25
3.690515248297152038e+25
3.690515248297152038e+25
3.690515248297152038e+25
1.261832517651638491e+25
1.252734554072193676e+25
1.252734554072193676e+25
1.252734554072193676e+25
1.252734554072193676e+25
9.990857360339084771e+24
9.990728534320510556e+24
9.889263623411729634e+24
9.889263623411729634e+24
9.889263623411729634e+24
9.889263623394197577e+24
9.889263614651755139e+24
9.889263614651755139e+24
9.889263614651752992e+24
5.876326345140982681e+24
5.876326311068375762e+24
5.876326311068375762e+24
5.876326311068375762e+24
5.876263834369288957e+24
5.876263834369288957e+24
5.876263834369273924e+24
2.399156008132957079e+24
2.399156008132957079e+24
2.395816741012520296e+24
2.395816741012520296e+24
2.395816741012520296e+24
2.395816741012520296e+24
2.395816741012520296e+24
2.395456511009672179e+24
2.279538331564154840e+24
2.279538279463565771e+24
2.279538279463565771e+24
2.096570187872973315e+24
9.339805171240042150e+23
9.339805171239134838e+23
9.339805171239134838e+23
9.339805171239134838e+23
9.339805171239134838e+23
9.339805171239134838e+23
9.339805171238976461e+23
9.339805169528038658e+23
9.339805169528038658e+23
9.339805169528038658e+23
5.175552574162512149e+23
5.175552574162512149e+23
5.175550709443806102e+23
5.169395986251958075e+23
5.169393706841643795e+23
5.168253956299073855e+23
5.168253956299073855e+23
4.418396932572595534e+23
4.418396932572595534e+23
4.418396932572595534e+23
4.418396932572595534e+23
4.418396932533251620e+23
4.418396932533251620e+23
4.418396932533251620e+23
1.651749239096152393e+23
1.637428866749706409e+23
1.637428866749706409e+23
1.637428866749706409e+23
1.201450786861946419e+23
1.201450786861946419e+23
1.201442858476530303e+23
1.192361539557977741e+23
1.192361539557977741e+23
1.192361539554015802e+23
1.192361539554015802e+23
1.192361539554015802e+23
1.192361539554015634e+23
1.192361539131179962e+23
1.192361511710195806e+23
8.211199909411635279e+22
8.211199909411635279e+22
8.211199909411635279e+22
8.211199909411635279e+22
8.211046761289481401e+22
8.211046761289471335e+22
8.211046761289471335e+22
3.321565990168234557e+22
3.315680008533835147e+22
3.315680008533835147e+22
3.315680008533835147e+22
3.315680008533835147e+22
3.315680008533835147e+22
3.315386367507441071e+22
3.315386367507441071e+22
3.177348438447911181e+22
3.177348438447911181e+22
3.177348404771233255e+22
2.804323967782507617e+22
1.464985721386364305e+22
1.464985721386364305e+22
1.464985721386364305e+22
1.464985721386286501e+22
1.464985721386286501e+22
1.464985721386286501e+22
1.464985721386226103e+22
1.464985720563417324e+22
1.464985720563417324e+22
1.464985720563417324e+22
1.464983844869794641e+22
7.640642606298046661e+21
7.640642606298046661e+21
7.634931514151946682e+21
7.634931514151946682e+21
7.632644489412579688e+21
7.632642836142561952e+21
7.632642836142561952e+21
6.609989005614324384e+21
6.609989005614324384e+21
6.609989005614324384e+21
6.609989005583625224e+21
6.609989005583625224e+21
6.609989005583625224e+21
2.782068057700039655e+21
2.737965010781781098e+21
2.737965010781781098e+21
2.737965010781781098e+21
2.737965010781781098e+21
1.899980203213148914e+21
1.890291010968145887e+21
1.890284481433922175e+21
1.890284481433922175e+21
1.890284481433922175e+21
1.890284481414458769e+21
1.890284481414458769e+21
1.890284481414458245e+21
1.890284481414458245e+21
1.890284394894343012e+21
1.890284394894343012e+21
1.890284394523844936e+21
1.310478986744114446e+21
1.310478986744114446e+21
1.310478986744114446e+21
1.310443101237179843e+21
1.310443101237179843e+21
1.310443101237179318e+21
5.722464533926952305e+20
5.722464533926952305e+20
5.703390400556849562e+20
5.703390400556849562e+20
5.703390400556849562e+20
5.703390400556849562e+20
5.703390400556849562e+20
5.703101329320133263e+20
5.703101329320133263e+20
5.527310437677909934e+20
5.527310402147247718e+20
4.731483847170766930e+20
4.731483847170766930e+20
4.731483847170766930e+20
2.423719399347935969e+20
2.423719399347882557e+20
2.423719399347558810e+20
2.423719399347558810e+20
2.423719396520125727e+20
2.423719396520125727e+20
2.423719396520125727e+20
2.423719396520125727e+20
2.423714673456071639e+20
1.322001736604715745e+20
1.322001736604715745e+20
1.322001736604715745e+20
1.321432737032257864e+20
1.321432737032257864e+20
1.320683775030325412e+20
1.320683602459461386e+20
1.320683602459461386e+20
1.185611365800667546e+20
1.185611365798183895e+20
1.185611365798183895e+20
1.185611365798183895e+20
4.698428886449837670e+19
4.607324896673275904e+19
4.607324896673275904e+19
4.607324896673275904e+19
4.607324896673275904e+19
4.607324896673275904e+19
4.607324896673275904e+19
3.273345069080517018e+19
3.273345069080517018e+19
3.263756141536128614e+19
3.263749355176103526e+19
3.263749355103259443e+19
3.263749355103259443e+19
3.263749355103259443e+19
3.263749355103254938e+19
3.263749117823510118e+19
3.263749117823510118e+19
3.263749117823510118e+19
2.463025405277987635e+19
2.463025405119803392e+19
2.463025405119803392e+19
2.462886790386333286e+19
2.462886790386333286e+19
2.462886790386333286e+19
2.462886790386332877e+19
9.865064529152931840e+18
9.865064529152931840e+18
9.823895066380707840e+18
9.823895066380707840e+18
9.823895066380707840e+18
9.823895066380707840e+18
9.823895066380707840e+18
9.823596052786497536e+18
9.647755545677600768e+18
9.647755545677600768e+18
9.647755518455484416e+18
9.647755518455484416e+18
8.308388091904001024e+18
8.308388091904001024e+18
4.854329110881861632e+18
4.854329110881818624e+18
4.854329110880188416e+18
4.854329100446197760e+18
4.854329100446197760e+18
4.854329100446197760e+18
4.854329100446197760e+18
4.854308382734666752e+18
2.390926893501491200e+18
2.390926893501491200e+18
2.390926893501491200e+18
2.390926893501491200e+18
2.390926893501491200e+18
2.390926893501491200e+18
2.389144975845307904e+18
2.388496971255728640e+18
2.388496829313079808e+18
2.235271481791187712e+18
2.235271481789382400e+18
2.235271481789382400e+18
2.235271481789382400e+18
2.235271481789382400e+18
2.125479035612292352e+18
9.829858386710611200e+17
9.829858386710611200e+17
9.829858386710611200e+17
9.829858386710611200e+17
9.829858386710611200e+17
9.829858386710611200e+17
6.396694235049980160e+17
6.396694234792564480e+17
6.396694234792564480e+17
6.383915751371869440e+17
6.383909222021985280e+17
6.383909222021964800e+17
6.383909222021964800e+17
6.383908229304559360e+17
6.383908229304559360e+17
5.269162164712256640e+17
5.269162164712256640e+17
5.269162164564226560e+17
5.269162164564226560e+17
5.269162164564226560e+17
5.268701055005493120e+17
5.268701055005493120e+17
5.268701055005493120e+17
2.230159042022033600e+17
2.230159042022033600e+17
2.218617620415572800e+17
2.218617620415572800e+17
2.218617620415572800e+17
2.218617620415572800e+17
2.218579268432261440e+17
2.218579268432261440e+17
2.187191536263511360e+17
2.187191536263511360e+17
2.187191536263511360e+17
2.187191536263511360e+17
2.187191533402739520e+17
1.784597868145910720e+17
1.183042881686678560e+17
1.183042881686673280e+17
1.183042881685782560e+17
1.183042874909084160e+17
1.183042874909084160e+17
1.183042874909084160e+17
1.183042874909084160e+17
1.183033930619786400e+17
5.719061941670467200e+16
5.719061941670467200e+16
5.719061941670467200e+16
5.719061941670467200e+16
5.719061941670467200e+16
5.719061941670467200e+16
5.713464975809742400e+16
5.712532939424977600e+16
5.712532773404647200e+16
5.403667540689316800e+16
5.403667540689316800e+16
5.403667540687240800e+16
5.403667540687240800e+16
5.016947549760542400e+16
2.622932351673553600e+16
2.622932351673553600e+16
2.622932351673553600e+16
2.622932351673553600e+16
2.622932351673553600e+16
2.622932351673553600e+16
2.622932351673553600e+16
1.629689208757380200e+16
1.629689208757380200e+16
1.629689208574671800e+16
1.629689208574659800e+16
1.627601916354598400e+16
1.627601048528804600e+16
1.627600579487547800e+16
1.627600579487547800e+16
1.627600579487547800e+16
1.627600579487547800e+16
1.369977359592628600e+16
1.369977359592628600e+16
1.369977359572937200e+16
1.369977359572937200e+16
1.369806207965943800e+16
1.369806207965943800e+16
1.369806207965943800e+16
6.287793335039565000e+15
6.287793335039565000e+15
6.231376805408895000e+15
6.231376805408895000e+15
6.231376805408895000e+15
6.231376805408895000e+15
6.231376805408895000e+15
6.231314941915068000e+15
6.231314941915068000e+15
6.168787397588044000e+15
6.168787397588044000e+15
4.854343538949693000e+15
4.854343536176640000e+15
4.854343536176640000e+15
3.275059594579283000e+15
3.275059594571818500e+15
3.275059594571813000e+15
3.275059556821675000e+15
3.275059556821675000e+15
3.275021918432913000e+15
3.275021918432913000e+15
3.275021918432913000e+15
1.650566215444210750e+15
1.650566215444210750e+15
1.650566215444210750e+15
1.650566215444210750e+15
1.650566215444210750e+15
1.650566215444210750e+15
1.650566215444210750e+15
1.647690671524271500e+15
1.647532162324558250e+15
1.647532135150208000e+15
1.581951958725239000e+15
1.581951958725239000e+15
1.581951958725239000e+15
1.581951958725239000e+15
1.581951958725239000e+15
1.581951958725239000e+15
1.581951958725239000e+15
1.581951958725239000e+15
1.581951958725239000e+15
1.581951958725239000e+15
1.581951958725239000e+15
1.581951958725239000e+15
1.581951958725239000e+15
1.581951958725239000e+15
1.581951958725239000e+15
1.581951958725239000e+15
1.581951958725239000e+15
1.581951958725239000e+15
1.581951958725239000e+15
1.581951958725239000e+15
1.581951958725239000e+15
1.581951958725239000e+15
1.581951958725239000e+15
1.581951958725239000e+15
1.581951958725239000e+15
1.581951958725239000e+15
1.581951958725239000e+15
1.581951958725239000e+15
1.581951958725239000e+15
1.581951958725239000e+15
1.581951958725239000e+15
1.581951958725239000e+15
1.581951958725239000e+15
1.581951958725239000e+15
1.581951958725239000e+15
1.581951958725239000e+15
1.581951958725239000e+15
1.581951958725239000e+15
1.581951958725239000e+15
1.581951958725239000e+15
1.581951958725239000e+15
1.581951958725239000e+15
1.581951958725239000e+15
1.581951958725239000e+15
1.581951958725239000e+15
1.581951958725239000e+15
1.581951958725239000e+15
1.581951958725239000e+15
1.581951958725239000e+15
1.581951958725239000e+15
1.581951958725239000e+15
1.581951958725239000e+15
1.581951958725239000e+15
1.581951958725239000e+15
1.581951958725239000e+15
1.581951958725239000e+15
1.581951958725239000e+15
1.581951958725239000e+15
1.581951958725239000e+15
1.581951958725239000e+15
1.581951958725239000e+15
1.581951958725239000e+15
1.581951958725239000e+15
1.581951958725239000e+15
1.581951958725239000e+15
1.581951958725239000e+15
1.581951958725239000e+15
1.581951958725239000e+15
1.581951958725239000e+15
1.581951958725239000e+15
1.581951958725239000e+15
1.581951958725239000e+15
1.581951958725239000e+15
1.581951958725239000e+15
1.581951958725239000e+15
1.581951958725239000e+15
1.581951958725239000e+15
1.581951958725239000e+15
1.581951958725239000e+15
1.581951958725239000e+15
1.581951958725239000e+15
1.581951958725239000e+15
1.581951958725239000e+15
1.581951958725239000e+15
1.581951958725239000e+15
1.581951958725239000e+15
1.581951958725239000e+15
1.581951958725239000e+15
1.581951958725239000e+15
1.581951958725239000e+15
1.581951958725239000e+15
1.581951958725239000e+15
1.581951958725239000e+15
1.581951958725239000e+15
1.581951958725239000e+15
1.581951958725239000e+15
1.581951958725239000e+15
1.581951958725239000e+15
1.581951958725239000e+15
1.581951958725239000e+15
1.581951958725239000e+15
1.581951958725239000e+15
1.581951958725239000e+15
1.581951958725239000e+15
1.581951958725239000e+15
1.581951958725239000e+15
1.581951958725239000e+15
1.581951958725239000e+15
1.581951958725239000e+15
1.581951958725239000e+15
1.581951958725239000e+15
1.581951958725239000e+15
1.581951958725239000e+15
1.581951958725239000e+15
1.581951958725239000e+15
1.581951958725239000e+15
1.581951958725239000e+15
1.581951958725239000e+15
1.581951958725239000e+15
1.581951958725239000e+15
1.581951958725239000e+15
1.581951958725239000e+15
1.581951958725239000e+15
1.581951958725239000e+15
1.581951958725239000e+15
1.581951958725239000e+15
1.581951958725239000e+15
1.581951958725239000e+15
1.581951958725239000e+15
1.581951958725239000e+15
1.581951958725239000e+15
1.581951958725239000e+15
1.581951958725239000e+15
1.581951958725239000e+15
1.581951958725239000e+15
1.581951958725239000e+15
1.581951958725239000e+15
1.581951958725239000e+15
1.581951958725239000e+15
1.581951958725239000e+15
1.581951958725239000e+15
1.581951958725239000e+15
1.581951958725239000e+15
1.581951958725239000e+15
1.581951958725239000e+15
1.581951958725239000e+15
1.581951958725239000e+15
1.581951958725239000e+15
1.581951958725239000e+15
1.581951958725239000e+15
1.581951958725239000e+15
1.581951958725239000e+15
1.581951958725239000e+15
1.581951958725239000e+15
1.581951958725239000e+15
1.581951958725239000e+15
1.581951958725239000e+15
1.581951958725239000e+15
1.581951958725239000e+15
1.581951958725239000e+15
1.581951958725239000e+15
1.581951958725239000e+15
1.581951958725239000e+15
1.581951958725239000e+15
1.581951958725239000e+15
1.581951958725239000e+15
1.581951958725239000e+15
1.581951958725239000e+15
1.581951958725239000e+15
1.581951958725239000e+15
1.581951958725239000e+15
1.581951958725239000e+15
1.581951958725239000e+15
1.581951958725239000e+15
1.581951958725239000e+15
1.581951958725239000e+15
1.581951958725239000e+15
1.581951958725239000e+15
1.581951958725239000e+15
1.581951958725239000e+15
1.581951958725239000e+15
1.581951958725239000e+15
1.581951958725239000e+15
1.581951958725239000e+15
1.581951958725239000e+15
1.581951958725239000e+15
1.581951958725239000e+15
1.581951958725239000e+15
1.581951958725239000e+15
1.581951958725239000e+15
1.581951958725239000e+15
1.581951958725239000e+15
1.581951958725239000e+15
1.581951958725239000e+15
1.581951958725239000e+15
1.581951958725239000e+15
1.581951958725239000e+15
1.581951958725239000e+15
1.581951958725239000e+15
1.581951958725239000e+15
1.581951958725239000e+15
1.581951958725239000e+15
1.581951958725239000e+15
1.581951958725239000e+15
1.581951958725239000e+15
1.581951958725239000e+15
1.581951958725239000e+15
1.581951958725239000e+15
1.581951958725239000e+15
1.581951958725239000e+15
1.581951958725239000e+15
1.581951958725239000e+15
1.581951958725239000e+15
1.581951958725239000e+15
1.581951958725239000e+15
1.581951958725239000e+15
1.581951958725239000e+15
1.581951958725239000e+15
1.581951958725239000e+15
1.581951958725239000e+15
1.581951958725239000e+15
1.581951958725239000e+15
1.581951958725239000e+15
1.581951958725239000e+15
1.581951958725239000e+15
1.581951958725239000e+15
1.581951958725239000e+15
1.581951958725239000e+15
1.581951958725239000e+15
1.581951958725239000e+15
1.581951958725239000e+15
1.581951958725239000e+15
1.581951958725239000e+15
1.581951958725239000e+15
1.581951958725239000e+15
1.581951958725239000e+15
1.581951958725239000e+15
1.581951958725239000e+15
1.581951958725239000e+15
1.581951958725239000e+15
1.581951958725239000e+15
1.581951958725239000e+15
1.581951958725239000e+15
1.581951958725239000e+15
1.581951958725239000e+15
1.581951958725239000e+15
1.581951958725239000e+15
1.581951958725239000e+15
1.581951958725239000e+15
1.581951958725239000e+15
1.581951958725239000e+15
1.581951958725239000e+15
1.581951958725239000e+15
1.581951958725239000e+15
1.581951958725239000e+15
1.581951958725239000e+15
1.581951958725239000e+15
1.581951958725239000e+15
1.581951958725239000e+15
1.581951958725239000e+15
1.581951958725239000e+15
1.581951958725239000e+15
1.581951958725239000e+15
1.581951958725239000e+15
1.581951958725239000e+15
1.581951958725239000e+15
1.581951958725239000e+15
1.581951958725239000e+15
1.581951958725239000e+15
1.581951958725239000e+15
1.581951958725239000e+15
1.581951958725239000e+15
1.581951958725239000e+15
1.581951958725239000e+15
1.581951958725239000e+15
1.581951958725239000e+15
1.581951958725239000e+15
1.581951958725239000e+15
1.581951958725239000e+15
1.581951958725239000e+15
1.581951958725239000e+15
1.581951958725239000e+15
1.581951958725239000e+15
1.581951958725239000e+15
1.581951958725239000e+15
1.581951958725239000e+15
1.581951958725239000e+15
1.581951958725239000e+15
1.581951958725239000e+15
1.581951958725239000e+15
1.581951958725239000e+15
1.581951958725239000e+15
1.581951958725239000e+15
1.581951958725239000e+15
1.581951958725239000e+15
1.581951958725239000e+15
1.581951958725239000e+15
1.581951958725239000e+15
1.581951958725239000e+15
1.581951958725239000e+15
1.581951958725239000e+15
1.581951958725239000e+15
1.581951958725239000e+15
1.581951958725239000e+15
1.581951958725239000e+15
1.581951958725239000e+15
1.581951958725239000e+15
1.581951958725239000e+15
1.581951958725239000e+15
1.581951958725239000e+15
1.581951958725239000e+15
1.581951958725239000e+15
1.581951958725239000e+15
1.581951958725239000e+15
1.581951958725239000e+15
1.581951958725239000e+15
1.581951958725239000e+15
1.581951958725239000e+15
1.581951958725239000e+15
1.581951958725239000e+15
1.581951958725239000e+15
1.581951958725239000e+15
1.581951958725239000e+15
1.581951958725239000e+15
1.581951958725239000e+15
1.581951958725239000e+15
1.581951958725239000e+15
1.581951958725239000e+15
1.581951958725239000e+15
1.581951958725239000e+15
1.581951958725239000e+15
1.581951958725239000e+15
1.581951958725239000e+15
1.581951958725239000e+15
1.581951958725239000e+15
1.581951958725239000e+15
1.581951958725239000e+15
1.581951958725239000e+15
1.581951958725239000e+15
1.581951958725239000e+15
1.581951958725239000e+15
1.581951958725239000e+15
1.581951958725239000e+15
1.581951958725239000e+15
1.581951958725239000e+15
1.581951958725239000e+15
1.581951958725239000e+15
1.581951958725239000e+15
1.581951958725239000e+15
1.581951958725239000e+15
1.581951958725239000e+15
1.581951958725239000e+15
1.581951958725239000e+15
1.581951958725239000e+15
1.581951958725239000e+15
1.581951958725239000e+15
1.581951958725239000e+15
1.581951958725239000e+15
1.581951958725239000e+15
1.581951958725239000e+15
1.581951958725239000e+15
1.581951958725239000e+15
1.581951958725239000e+15
1.581951958725239000e+15
1.581951958725239000e+15
1.581951958725239000e+15
1.581951958725239000e+15
1.581951958725239000e+15
1.581951958725239000e+15
1.581951958725239000e+15
1.581951958725239000e+15
1.581951958725239000e+15
1.581951958725239000e+15
1.581951958725239000e+15
1.581951958725239000e+15
1.581951958725239000e+15
1.581951958725239000e+15
1.581951958725239000e+15
1.581951958725239000e+15
1.581951958725239000e+15
1.581951958725239000e+15
1.581951958725239000e+15
1.581951958725239000e+15
1.581951958725239000e+15
1.581951958725239000e+15
1.581951958725239000e+15
1.581951958725239000e+15
1.581951958725238750e+15
1.581951958725238000e+15
1.581951958725234500e+15
1.581951958725223250e+15
1.581951958725202750e+15
1.581951958725193000e+15
1.581951958725192750e+15
1.581951958725192750e+15
1.581951958725192750e+15
1.581951958725192750e+15
1.581951958725192750e+15
1.581951958725192750e+15
1.581951958725192750e+15
1.581951958725192750e+15
1.581951958725192750e+15
1.581951958725192750e+15
1.581951958725192750e+15
1.581951958725192750e+15
1.581951958725192750e+15
1.581951958725192750e+15
1.581951958725192750e+15
1.581951958725192750e+15
1.581951958725192750e+15
1.581951958725192750e+15
1.581951958725192750e+15
1.581951958725192750e+15
1.581951958725192750e+15
1.581951958725192750e+15
1.581951958725192750e+15
1.581951958725192500e+15
1.581951958725190000e+15
1.581951958725171750e+15
1.581951958725050500e+15
1.581951958724402250e+15
1.581951958721554750e+15
1.581951958712146000e+15
1.581951958695073000e+15
1.581951958686909500e+15
1.581951958686656500e+15
1.581951958686656500e+15
1.581951958686656500e+15
1.581951958686656500e+15
1.581951958686656500e+15
1.581951958686656500e+15
1.581951958686656500e+15
1.581951958686656500e+15
1.581951958686656500e+15
1.581951958686656500e+15
1.581951958686656500e+15
1.581951958686656500e+15
1.581951958686656500e+15
1.581951958686656500e+15
1.581951958686656500e+15
1.581951958686656500e+15
1.581951958686656500e+15
1.581951958686656500e+15
1.581951958686656500e+15
1.581951958686656500e+15
1.581951958686655500e+15
1.581951958686642000e+15
1.581951958686491000e+15
1.581951958685138000e+15
1.581951958674916500e+15
1.581951958607282500e+15
1.581951958245431500e+15
1.581951956655731750e+15
1.581951951402981500e+15
1.581951941871492250e+15
1.581951937313962000e+15
1.581951937172568500e+15
1.581951937172538500e+15
1.581951937172538500e+15
1.581951937172538500e+15
1.581951937172538500e+15
1.581951937172538500e+15
1.581951937172538500e+15
1.581951937172538500e+15
1.581951937172538500e+15
1.581951937172538500e+15
1.581951937172538500e+15
1.581951937172538500e+15
1.581951937172538500e+15
1.581951937172538500e+15
1.581951937172538500e+15
1.581951937172538500e+15
1.581951937172538500e+15
1.581951937172537000e+15
1.581951937172510000e+15
1.581951937172107000e+15
1.581951937167084750e+15
1.581951937110165750e+15
1.581951936599866000e+15
1.581951932745018250e+15
1.581951907238469500e+15
1.581951770774973250e+15
1.581951171257528000e+15
1.581949190310849750e+15
1.581945595754807000e+15
1.581943877005207000e+15
1.581943823682451000e+15
1.581943823671055250e+15
1.581943823671055250e+15
1.581943823671055250e+15
1.581943823671055250e+15
1.581943823671055250e+15
1.581943823671055250e+15
1.581943823671055250e+15
1.581943823671055250e+15
1.581943823671055250e+15
1.581943823671055250e+15
1.581943823671055250e+15
1.581943823671055250e+15
1.581943823671055250e+15
1.581943823671055250e+15
1.581943823671054500e+15
1.581943823671037250e+15
1.581943823670687000e+15
1.581943823663790000e+15
1.581943823560533000e+15
1.581943822273792250e+15
1.581943807691103000e+15
1.581943676952174500e+15
1.581942689339678750e+15
1.581936154589474750e+15
1.581901193702636250e+15
1.581747620227462250e+15
1.581240388482836500e+15
1.580320810638260500e+15
1.579881487658589250e+15
1.579867861925103250e+15
1.579867859013093250e+15
1.579867859013093250e+15
1.579867859013093250e+15
1.579867859013093250e+15
1.579867859013093250e+15
1.579867859013093250e+15
1.579867859013093250e+15
1.579867859013093250e+15
1.579867859013093250e+15
1.579867859013093250e+15
1.579867859013093250e+15
1.579867859013093250e+15
1.579867859013089750e+15
1.579867859012971000e+15
1.579867859009979000e+15
1.579867858948803000e+15
1.579867857744964250e+15
1.579867839721632750e+15
1.579867615123202750e+15
1.579865069744097250e+15
1.579842249891242750e+15
1.579669888042253750e+15
1.578530360466296250e+15
1.572461552757013250e+15
1.546343432020127750e+15
1.465891691940002000e+15
1.339439438232351000e+15
1.286379984520046750e+15
1.284801006718108000e+15
1.284800669679849250e+15
1.284800669679848750e+15
1.284800669679848750e+15
1.284800669679848750e+15
1.284800669679848750e+15
1.284800669679848750e+15
1.284800669679848750e+15
1.284800669679848750e+15
1.284800669679848750e+15
1.284800669679848500e+15
1.284800669679840500e+15
1.284800669679569250e+15
1.284800669670113500e+15
1.284800669432325750e+15
1.284800664570160000e+15
1.284800568891020750e+15
1.284799136427662250e+15
1.284781285996276500e+15
1.284579020956165750e+15
1.282768484632777250e+15
1.269254694888090000e+15
1.186544795119184250e+15
8.798103101541988750e+14
4.119538828304724375e+14
1.494159234716920938e+14
6.928871472633196875e+13
5.514773186517107812e+13
5.480075215978882812e+13
5.480067847140157812e+13
5.480067847140145312e+13
5.480067847140145312e+13
5.480067847140145312e+13
5.480067847140145312e+13
5.480067847140145312e+13
5.480067847140145312e+13
5.480067847140145312e+13
5.480067847140145312e+13
5.480067847140142188e+13
5.480067847140019531e+13
5.480067847135926562e+13
5.480067846993238281e+13
5.480067843404995312e+13
5.480067770034380469e+13
5.480066326225995312e+13
5.480044710266825781e+13
5.479775356431564062e+13
5.476724607378550000e+13
5.449524558650047656e+13
5.252466573467614062e+13
4.238371026085585938e+13
2.084835077373857812e+13
6.450147167144062500e+12
1.965333100052411865e+12
8.689708971953447266e+11
6.859904230661452637e+11
6.815380648561016846e+11
6.815371194938496094e+11
6.815371194938481445e+11
6.815371194938481445e+11
6.815371194938481445e+11
6.815371194938481445e+11
6.815371194938481445e+11
6.815371194938481445e+11
6.815371194938481445e+11
6.815371194938479004e+11
6.815371194938369141e+11
6.815371194934727783e+11
6.815371194807760010e+11
6.815371191614842529e+11
6.815371126327655029e+11
6.815369841587208252e+11
6.815350607088647461e+11
6.815110924723328857e+11
6.812395771956359863e+11
6.788149772293763428e+11
6.610423564614847412e+11
5.634338872866286621e+11
3.147688257495547485e+11
1.071039857365426178e+11
3.368121994302462387e+10
1.500986380065568352e+10
1.186486971602033043e+10
1.178824082418089485e+10
1.178822455316500854e+10
1.178822455316498184e+10
1.178822455316498184e+10
1.178822455316498184e+10
1.178822455316498184e+10
1.178822455316498184e+10
1.178822455316498184e+10
1.178822455316498184e+10
1.178822455316497803e+10
1.178822455316484833e+10
1.178822455316048050e+10
1.178822455300818825e+10
1.178822454917843056e+10
1.178822447086947441e+10
1.178822292988273621e+10
1.178819985897015190e+10
1.178791236744668770e+10
1.178465519348859406e+10
1.175553369331476212e+10
1.154011228531417847e+10
1.029216118466750145e+10
6.519946465049643517e+09
2.497888205549604893e+09
8.221234754007964134e+08
3.707691336232966185e+08
2.936756988221092224e+08
2.917933949119690061e+08
2.917929952127559781e+08
2.917929952127553821e+08
2.917929952127553821e+08
2.917929952127553821e+08
2.917929952127553821e+08
2.917929952127553821e+08
2.917929952127553821e+08
2.917929952127552629e+08
2.917929952127530575e+08
2.917929952126778960e+08
2.917929952100588083e+08
2.917929951441949010e+08
2.917929937974426150e+08
2.917929672956526279e+08
2.917925705233408809e+08
2.917876262198511958e+08
2.917316039255948663e+08
2.912303036766894460e+08
2.874983880485024452e+08
2.650270021724441051e+08
1.868787580618656278e+08
8.141332653722701967e+07
2.841894555857316777e+07
1.302928710692431219e+07
1.034945634505500272e+07
1.028383542788702995e+07
1.028382149259782583e+07
1.028382149259780347e+07
1.028382149259780347e+07
1.028382149259780347e+07
1.028382149259780347e+07
1.028382149259780347e+07
1.028382149259780347e+07
1.028382149259780161e+07
1.028382149259774573e+07
1.028382149259590358e+07
1.028382149253169261e+07
1.028382149091691710e+07
1.028382145789882727e+07
1.028382080815905333e+07
1.028381108055705018e+07
1.028368986120010726e+07
1.028231627675477229e+07
1.027001798093234748e+07
1.017805758284075186e+07
9.608757370609633625e+06
7.395590581435413100e+06
3.675945449375564698e+06
1.380957062746740645e+06
6.474599981640949845e+05
5.163270338462548680e+05
5.131029678157785675e+05
5.131022830852234620e+05
5.131022830852222978e+05
5.131022830852222978e+05
5.131022830852222978e+05
5.131022830852222978e+05
5.131022830852222978e+05
5.131022830852222978e+05
5.131022830852204352e+05
5.131022830851565232e+05
5.131022830829282757e+05
5.131022830268936814e+05
5.131022818811240140e+05
5.131022593343289336e+05
5.131019217740849126e+05
5.130977152908889693e+05
5.130500478573867003e+05
5.126230878585243481e+05
5.094206115094869747e+05
4.891989084909705562e+05
4.035041819934046944e+05
2.280224850619238860e+05
9.356704632520698942e+04
4.520195982562417339e+04
3.624391946026638470e+04
3.602244208603559673e+04
3.602239504211681196e+04
3.602239504211673193e+04
3.602239504211673193e+04
3.602239504211673193e+04
3.602239504211673193e+04
3.602239504211673193e+04
3.602239504211673193e+04
3.602239504211663734e+04
3.602239504211352323e+04
3.602239504200496594e+04
3.602239503927484475e+04
3.602239498345072934e+04
3.602239388492723810e+04
3.602237743833526474e+04
3.602217248973286769e+04
3.601984996146797494e+04
3.599904104933448980e+04
3.584262215453292447e+04
3.484093397410293255e+04
3.030913025843121068e+04
1.928754946118580483e+04
8.760892893883314173e+03
4.401691132370823652e+03
3.555720912456537462e+03
3.534645222355857186e+03
3.534640744850490591e+03
3.534640744850482861e+03
3.534640744850482861e+03
3.534640744850482861e+03
3.534640744850482861e+03
3.534640744850482861e+03
3.534640744850476949e+03
3.534640744850265492e+03
3.534640744842908134e+03
3.534640744657897812e+03
3.534640740874900985e+03
3.534640666431967020e+03
3.534639551906203906e+03
3.534625663257893848e+03
3.534468270242770359e+03
3.533057812398558781e+03
3.522439353025570199e+03
3.453756711849074691e+03
3.127495803877764502e+03
2.210228360796325887e+03
1.122453178109552027e+03
5.929335726783986047e+02
4.838020275193645716e+02
4.810551481111127146e+02
4.810545643932992448e+02
4.810545643932983353e+02
4.810545643932983353e+02
4.810545643932983353e+02
4.810545643932983353e+02
4.810545643932983353e+02
4.810545643932983353e+02
4.810545643932977669e+02
4.810545643932780990e+02
4.810545643925925106e+02
4.810545643753528680e+02
4.810545640228446587e+02
4.810545570860838893e+02
4.810544532320433859e+02
4.810531590545349445e+02
4.810384925723747074e+02
4.809070423388533868e+02
4.799163722282021354e+02
4.734628279973445615e+02
4.416859551411585016e+02
3.411080169653147891e+02
1.946496023965090103e+02
1.094086751661585026e+02
9.046572841811006072e+01
8.998238728665451447e+01
8.998228454101899842e+01
8.998228454101882789e+01
8.998228454101882789e+01
8.998228454101882789e+01
8.998228454101882789e+01
8.998228454101882789e+01
8.998228454101877105e+01
8.998228454101628415e+01
8.998228454092969741e+01
8.998228453875255184e+01
8.998228449423538677e+01
8.998228361821345800e+01
8.998227050280900130e+01
8.998210706499374112e+01
8.998025485876807750e+01
8.996365258394688169e+01
8.983843523044087931e+01
8.901860728861066718e+01
8.487475821729579195e+01
7.046429949406862647e+01
4.514018534569238028e+01
2.732229445445704030e+01
2.298426591839755417e+01
2.287160524369443948e+01
2.287158128436828619e+01
2.287158128436824711e+01
2.287158128436824711e+01
2.287158128436824711e+01
2.287158128436824711e+01
2.287158128436824711e+01
2.287158128436823645e+01
2.287158128436781723e+01
2.287158128435328308e+01
2.287158128398770529e+01
2.287158127651261452e+01
2.287158112941548893e+01
2.287157892714369822e+01
2.287155148348148259e+01
2.287124046789201515e+01
2.286845248151734111e+01
2.284741373141541487e+01
2.270917523552758155e+01
2.199710580910855384e+01
1.933378546690278910e+01
1.380921495401532439e+01
9.093935049647646096e+00
7.817559457045640592e+00
7.783666355047302865e+00
7.783659142965691835e+00
7.783659142965680289e+00
7.783659142965680289e+00
7.783659142965680289e+00
7.783659142965680289e+00
7.783659142965676736e+00
7.783659142965586142e+00
7.783659142962424227e+00
7.783659142882905613e+00
7.783659141256939584e+00
7.783659109260677944e+00
7.783658630227057174e+00
7.783652660735421058e+00
7.783585008872524469e+00
7.782978538648542610e+00
7.778400261709440322e+00
7.748242167580852602e+00
7.590784040049315173e+00
6.968634063029952586e+00
5.483574505790960174e+00
3.954415833341210718e+00
3.489172598862578134e+00
3.476483279171049823e+00
3.476480577127212257e+00
3.476480577127207372e+00
3.476480577127207372e+00
3.476480577127207372e+00
3.476480577127207372e+00
3.476480577127206484e+00
3.476480577127182059e+00
3.476480577126323190e+00
3.476480577104720915e+00
3.476480576663011579e+00
3.476480567970926305e+00
3.476480437836941384e+00
3.476478816167916541e+00
3.476460437829563599e+00
3.476295678239885945e+00
3.475051574410742194e+00
3.466842041417419473e+00
3.423570603364417764e+00
3.245600182899096797e+00
2.769833645518924747e+00
2.187871550017795652e+00
1.988135773578487031e+00
1.982520741458030367e+00
1.982519544826669922e+00
1.982519544826668367e+00
1.982519544826668367e+00
1.982519544826668367e+00
1.982519544826668367e+00
1.982519544826667923e+00
1.982519544826659930e+00
1.982519544826383262e+00
1.982519544819423496e+00
1.982519544677113332e+00
1.982519541876690106e+00
1.982519499950015085e+00
1.982518977479230449e+00
1.982513056314835431e+00
1.982459972572702345e+00
1.982059065212933291e+00
1.979410443476802506e+00
1.965359348893024549e+00
1.905921266556399596e+00
1.732766470654085733e+00
1.487537635441789963e+00
1.393255161456788072e+00
1.390520894018321130e+00
1.390520310809123528e+00
1.390520310809122639e+00
1.390520310809122639e+00
1.390520310809122639e+00
1.390520310809122639e+00
1.390520310809119975e+00
1.390520310809021387e+00
1.390520310806545812e+00
1.390520310755925193e+00
1.390520309759798234e+00
1.390520294846233851e+00
1.390520109000281890e+00
1.390518002803670994e+00
1.390499120295035196e+00
1.390356496756040228e+00
1.389413529757864696e+00
1.384390177035249581e+00
1.362744944138429615e+00
1.295800642739982855e+00
1.189746536646264286e+00
1.144940053754186060e+00
1.143603881372949216e+00
1.143603596145083667e+00
1.143603596145083223e+00
1.143603596145083223e+00
1.143603596145083223e+00
1.143603596145083223e+00
1.143603596145082113e+00
1.143603596145046808e+00
1.143603596144160406e+00
1.143603596126035571e+00
1.143603595769368431e+00
1.143603590429509653e+00
1.143603523886650208e+00
1.143602769754131332e+00
1.143596008735199732e+00
1.143544937995124355e+00
1.143207130777180724e+00
1.141403201043155846e+00
1.133545074469979763e+00
1.108332245879622535e+00
1.065334777489183038e+00
1.045932821364529364e+00
1.045342187484485486e+00
1.045342061327969585e+00
1.045342061327969363e+00
1.045342061327969363e+00
1.045342061327969363e+00
1.045342061327969363e+00
1.045342061327957817e+00
1.045342061327670047e+00
1.045342061321783200e+00
1.045342061205938755e+00
1.045342059471568108e+00
1.045342037858640438e+00
1.045341792918471846e+00
1.045339596948809735e+00
1.045323008701791734e+00
1.045213261745705502e+00
1.044626491813908320e+00
1.042056452776602526e+00
1.033653626475488752e+00
1.018747165197025906e+00
1.011770460691577833e+00
1.011555542036731259e+00
1.011555496114970643e+00
1.011555496114970643e+00
1.011555496114970643e+00
1.011555496114970643e+00
1.011555496114970643e+00
1.011555496114967534e+00
1.011555496114890262e+00
1.011555496113312191e+00
1.011555496082255701e+00
1.011555495617290523e+00
1.011555489823109610e+00
1.011555424157416061e+00
1.011554835441749844e+00
1.011550388254736310e+00
1.011520963332078527e+00
1.011363565062122438e+00
1.010672655639198281e+00
1.008396422316156782e+00
1.004292110797832871e+00
1.002341397263122325e+00
1.002280999144949281e+00
1.002280986237692906e+00
1.002280986237692906e+00
1.002280986237692906e+00
1.002280986237692906e+00
1.002280986237692906e+00
1.002280986237692240e+00
1.002280986237676252e+00
1.002280986237348515e+00
1.002280986230901227e+00
1.002280986134375551e+00
1.002280984931514851e+00
1.002280971299445156e+00
1.002280849083159620e+00
1.002279925851712772e+00
1.002273817106359211e+00
1.002241135751312351e+00
1.002097583761020205e+00
1.001623545726957332e+00
1.000764514255393811e+00
1.000354284464158194e+00
1.000341562795612260e+00
1.000341560076824843e+00
1.000341560076824843e+00
1.000341560076824843e+00
1.000341560076824843e+00
1.000341560076824843e+00
1.000341560076822400e+00
1.000341560076771330e+00
1.000341560075765246e+00
1.000341560060706403e+00
1.000341559873048292e+00
1.000341557746311949e+00
1.000341538679371922e+00
1.000341394646078852e+00
1.000340441615373166e+00
1.000335342802099126e+00
1.000312943076275163e+00
1.000238936124879352e+00
1.000104673205222783e+00
1.000040487439946224e+00
1.000038496260276188e+00
1.000038495834730368e+00
1.000038495834730368e+00
1.000038495834730368e+00
1.000038495834730368e+00
1.000038495834730368e+00
1.000038495834730146e+00
1.000038495834724150e+00
1.000038495834607133e+00
1.000038495832856755e+00
1.000038495811043759e+00
1.000038495563834839e+00
1.000038493347521928e+00
1.000038476605301874e+00
1.000038365826293907e+00
1.000037773143926056e+00
1.000035169352740505e+00
1.000026565896497521e+00
1.000010954690938147e+00
1.000003490285329422e+00
1.000003258709966980e+00
1.000003258660475680e+00
1.000003258660475680e+00
1.000003258660475680e+00
1.000003258660475680e+00
1.000003258660475014e+00
1.000003258660465022e+00
1.000003258660313366e+00
1.000003258658424432e+00
1.000003258637017334e+00
1.000003258445093746e+00
1.000003256995286138e+00
1.000003247402277307e+00
1.000003196078375955e+00
1.000002970599908947e+00
1.000002225565517211e+00
1.000000873650431554e+00
1.000000227226604643e+00
1.000000207171841682e+00
1.000000207167555777e+00
1.000000207167555777e+00
1.000000207167555777e+00
1.000000207167555777e+00
1.000000207167555777e+00
1.000000207167555111e+00
1.000000207167545341e+00
1.000000207167423216e+00
1.000000207166039212e+00
1.000000207153632026e+00
1.000000207059907442e+00
1.000000206439754624e+00
1.000000203121852893e+00
1.000000188545494550e+00
1.000000140381701819e+00
1.000000052985084320e+00
1.000000011195949723e+00
1.000000009899475462e+00
1.000000009899198350e+00
1.000000009899198350e+00
1.000000009899198350e+00
1.000000009899198350e+00
1.000000009899198350e+00
1.000000009899198350e+00
1.000000009899197906e+00
1.000000009899192133e+00
1.000000009899125075e+00
1.000000009898524889e+00
1.000000009893990738e+00
1.000000009863989625e+00
1.000000009703479797e+00
1.000000008998320533e+00
1.000000006668304353e+00
1.000000002440324165e+00
1.000000000418693746e+00
1.000000000355974139e+00
1.000000000355960816e+00
1.000000000355960816e+00
1.000000000355960816e+00
1.000000000355960816e+00
1.000000000355960816e+00
1.000000000355960816e+00
1.000000000355960594e+00
1.000000000355958152e+00
1.000000000355936391e+00
1.000000000355771856e+00
1.000000000354683172e+00
1.000000000348858276e+00
1.000000000323268745e+00
1.000000000238715048e+00
1.000000000085286000e+00
1.000000000011923129e+00
1.000000000009647172e+00
1.000000000009646728e+00
1.000000000009646728e+00
1.000000000009646728e+00
1.000000000009646728e+00
1.000000000009646728e+00
1.000000000009646728e+00
1.000000000009646728e+00
1.000000000009646506e+00
1.000000000009646062e+00
1.000000000009641621e+00
1.000000000009611867e+00
1.000000000009452883e+00
1.000000000008754553e+00
1.000000000006447509e+00
1.000000000002261302e+00
1.000000000000259570e+00
1.000000000000197398e+00
1.000000000000197398e+00
1.000000000000197398e+00
1.000000000000197398e+00
1.000000000000197398e+00
1.000000000000197398e+00
1.000000000000197398e+00
1.000000000000197398e+00
1.000000000000197398e+00
1.000000000000197398e+00
1.000000000000197398e+00
1.000000000000196732e+00
1.000000000000193401e+00
1.000000000000179190e+00
1.000000000000131672e+00
1.000000000000045741e+00
1.000000000000004441e+00
1.000000000000003109e+00
1.000000000000003109e+00
1.000000000000003109e+00
1.000000000000003109e+00
1.000000000000003109e+00
1.000000000000003109e+00
1.000000000000003109e+00
1.000000000000003109e+00
1.000000000000003109e+00
1.000000000000003109e+00
1.000000000000003109e+00
1.000000000000003109e+00
1.000000000000002887e+00
1.000000000000002220e+00
1.000000000000000888e+00
1.000000000000000222e+00
1.000000000000000222e+00
1.000000000000000222e+00
1.000000000000000222e+00
1.000000000000000222e+00
1.000000000000000222e+00
1.000000000000000222e+00
1.000000000000000222e+00
1.000000000000000222e+00
1.000000000000000222e+00
1.000000000000000222e+00
1.000000000000000222e+00
1.000000000000000222e+00
1.000000000000000222e+00
1.000000000000000222e+00
1.000000000000000222e+00
1.000000000000000222e+00
1.000000000000000222e+00
1.000000000000000222e+00
1.000000000000000222e+00
1.000000000000000222e+00
1.000000000000000222e+00
1.000000000000000222e+00
1.000000000000000222e+00
1.000000000000000222e+00
1.000000000000000222e+00
1.000000000000000222e+00
1.000000000000000222e+00
1.000000000000000222e+00
1.000000000000000222e+00
1.000000000000000222e+00
1.000000000000000222e+00
1.000000000000000222e+00
1.000000000000000222e+00
1.000000000000000222e+00
1.000000000000000222e+00
1.000000000000000222e+00
1.000000000000000222e+00
1.000000000000000222e+00
1.000000000000000222e+00
1.000000000000000222e+00
1.000000000000000222e+00
1.000000000000000222e+00
1.000000000000000222e+00
1.000000000000000222e+00
1.000000000000000222e+00
1.000000000000000222e+00
1.000000000000000222e+00
1.000000000000000222e+00
1.000000000000000222e+00
1.000000000000000222e+00
1.000000000000000222e+00
1.000000000000000222e+00
1.000000000000000222e+00
1.000000000000000222e+00
1.000000000000000222e+00
1.000000000000000222e+00
1.000000000000000222e+00
1.000000000000000222e+00
1.000000000000000222e+00
1.000000000000000222e+00
1.000000000000000222e+00
1.000000000000000222e+00
1.000000000000000222e+00
1.000000000000000222e+00
1.000000000000000222e+00
1.000000000000000222e+00
1.000000000000000222e+00
1.000000000000000222e+00
1.000000000000000222e+00
1.000000000000000222e+00
1.000000000000000222e+00
1.000000000000000222e+00
1.000000000000000222e+00
1.000000000000000222e+00
1.000000000000000222e+00
1.000000000000000222e+00
1.000000000000000222e+00
1.000000000000000222e+00
1.000000000000000222e+00
1.000000000000000222e+00
1.000000000000000222e+00
1.000000000000000222e+00
1.000000000000000222e+00
1.000000000000000222e+00
1.000000000000000222e+00
1.000000000000000222e+00
1.000000000000000222e+00
1.000000000000000222e+00
1.000000000000000222e+00
1.000000000000000222e+00
1.000000000000000222e+00
1.000000000000000222e+00
1.000000000000000222e+00
1.000000000000000222e+00
1.000000000000000222e+00
1.000000000000000222e+00
1.000000000000000222e+00
1.000000000000000222e+00
1.000000000000000222e+00
1.000000000000000222e+00
1.000000000000000222e+00
1.000000000000000222e+00
1.000000000000000222e+00
1.000000000000000222e+00
1.000000000000000222e+00
1.000000000000000222e+00
1.000000000000000222e+00
1.000000000000000222e+00
1.000000000000000222e+00
1.000000000000000222e+00
1.000000000000000222e+00
1.000000000000000222e+00
1.000000000000000222e+00
1.000000000000000222e+00
1.000000000000000222e+00
1.000000000000000222e+00
1.000000000000000222e+00
1.000000000000000222e+00
1.000000000000000222e+00
1.000000000000000222e+00
1.000000000000000222e+00
1.000000000000000222e+00
1.000000000000000222e+00
1.000000000000000222e+00
1.000000000000000222e+00
1.000000000000000222e+00
1.000000000000000222e+00
1.000000000000000222e+00
1.000000000000000222e+00
1.000000000000000222e+00
1.000000000000000222e+00
1.000000000000000222e+00
1.000000000000000222e+00
1.000000000000000222e+00
1.000000000000000222e+00
1.000000000000000222e+00
1.000000000000000222e+00
1.000000000000000222e+00
1.000000000000000222e+00
1.000000000000000222e+00
1.000000000000000222e+00
1.000000000000000222e+00
1.000000000000000222e+00
1.000000000000000222e+00
1.000000000000000222e+00
1.000000000000000222e+00
1.000000000000000222e+00
1.000000000000000222e+00
1.000000000000000222e+00
1.000000000000000222e+00
1.000000000000000222e+00
1.000000000000000222e+00
1.000000000000000222e+00
1.000000000000000222e+00
1.000000000000000222e+00
1.000000000000000222e+00
1.000000000000000222e+00
1.000000000000000222e+00
1.000000000000000222e+00
1.000000000000000222e+00
1.000000000000000222e+00
1.000000000000000222e+00
1.000000000000000222e+00
1.000000000000000222e+00
1.000000000000000222e+00
1.000000000000000222e+00
1.000000000000000222e+00
1.000000000000000222e+00
1.000000000000000222e+00
1.000000000000000222e+00
1.000000000000000222e+00
1.000000000000000222e+00
1.000000000000000222e+00
1.000000000000000222e+00
1.000000000000000222e+00
1.000000000000000222e+00
1.000000000000000222e+00
1.000000000000000222e+00
1.000000000000000222e+00
1.000000000000000222e+00
1.000000000000000222e+00
1.000000000000000222e+00
1.000000000000000222e+00
1.000000000000000222e+00
1.000000000000000222e+00
1.000000000000000222e+00
1.000000000000000222e+00
1.000000000000000222e+00
1.000000000000000222e+00
1.000000000000000222e+00
1.000000000000000222e+00
1.000000000000000222e+00
1.000000000000000222e+00
1.000000000000000222e+00
1.000000000000000222e+00
1.000000000000000222e+00
1.000000000000000222e+00
1.000000000000000222e+00
1.000000000000000222e+00
1.000000000000000222e+00
1.000000000000000222e+00
1.000000000000000222e+00
1.000000000000000222e+00
1.000000000000000222e+00
1.000000000000000222e+00
1.000000000000000222e+00
1.000000000000000222e+00
1.000000000000000222e+00
1.000000000000000222e+00
1.000000000000000222e+00
1.000000000000000222e+00
1.000000000000000222e+00
1.000000000000000222e+00
1.000000000000000222e+00
1.000000000000000222e+00
1.000000000000000222e+00
1.000000000000000222e+00
1.000000000000000222e+00
1.000000000000000222e+00
1.000000000000000222e+00
1.000000000000000222e+00
1.000000000000000222e+00
1.000000000000000222e+00
1.000000000000000222e+00
1.000000000000000222e+00
1.000000000000000222e+00
1.000000000000000222e+00
1.000000000000000222e+00
1.000000000000000222e+00
1.000000000000000222e+00
1.000000000000000222e+00
1.000000000000000222e+00
1.000000000000000222e+00
1.000000000000000222e+00
1.000000000000000222e+00
1.000000000000000222e+00
1.000000000000000222e+00
1.000000000000000222e+00
1.000000000000000222e+00
1.000000000000000222e+00
1.000000000000000222e+00
1.000000000000000222e+00
1.000000000000000222e+00
1.000000000000000222e+00
1.000000000000000222e+00
1.000000000000000222e+00
1.000000000000000222e+00
1.000000000000000222e+00
1.000000000000000222e+00
1.000000000000000222e+00
1.000000000000000222e+00
1.000000000000000222e+00
1.000000000000000222e+00
1.000000000000000222e+00
1.000000000000000222e+00
1.000000000000000222e+00
1.000000000000000222e+00
1.000000000000000222e+00
1.000000000000000222e+00
1.000000000000000222e+00
1.000000000000000222e+00
1.000000000000000222e+00
1.000000000000000222e+00
1.000000000000000222e+00
1.000000000000000222e+00
1.000000000000000222e+00
1.000000000000000222e+00
1.000000000000000222e+00
1.000000000000000222e+00
1.000000000000000222e+00
1.000000000000000222e+00
1.000000000000000222e+00
1.000000000000000222e+00
1.000000000000000222e+00
1.000000000000000222e+00
1.000000000000000222e+00
1.000000000000000222e+00
1.000000000000000222e+00
1.000000000000000222e+00
1.000000000000000222e+00
1.000000000000000222e+00
1.000000000000000222e+00
1.000000000000000222e+00
1.000000000000000222e+00
1.000000000000000222e+00
