7.155750994575941706e+75
7.104109027473831385e+75
7.072489335662832804e+75
1.000306611898200311e+75
9.994364646855475776e+74
9.993071260868230318e+74
9.908702932625614803e+74
9.908702932464055261e+74
9.908390093707046116e+74
9.908390093707038081e+74
9.904779150822942223e+74
2.639120817283904913e+71
2.638888454808455569e+71
2.638174185003403546e+71
2.638174185003402075e+71
2.638174184879312111e+71
2.428033093419843547e+71
2.420343425600432037e+71
2.407983102718982478e+71
1.780942748392961169e+71
1.780942748392961169e+71
1.780942748392958226e+71
1.780942748371313259e+71
1.780912451758499078e+71
1.780912451743132684e+71
1.780912451743132193e+71
1.780912451743052258e+71
1.780912451743052258e+71
1.780912451743010820e+71
1.780912451743010574e+71
1.780912439983886387e+71
1.780912439594453524e+71
1.780912439365154430e+71
1.780912439365120348e+71
1.780912439365120348e+71
1.760361215158807233e+71
1.760361215157625372e+71
1.760361215157624637e+71
1.760361215157623656e+71
1.760361215157554019e+71
1.760361215157554019e+71
1.760361215157554019e+71
1.760361215157554019e+71
1.760361215157554019e+71
1.760361215157554019e+71
1.759912691701362111e+71
1.759912691700206487e+71
1.759912691700206487e+71
1.759912691700206487e+71
1.759912691700206487e+71
1.759912691062193775e+71
1.759912691062193775e+71
1.759912691061946123e+71
1.759912691061945633e+71
1.759912691061945633e+71
1.759912691059346275e+71
1.759912691058226205e+71
1.759912691058225960e+71
1.759912688629962501e+71
1.759901156978733500e+71
1.759901013792295199e+71
1.759891793766729947e+71
1.759891793735865732e+71
1.759891793735865732e+71
1.759891793635394098e+71
1.759891793613600786e+71
1.759891793613588771e+71
1.759891793613588526e+71
1.759891793613585829e+71
1.759891793613585829e+71
1.759891793613585829e+71
1.759891793609755325e+71
1.759420550639608128e+71
1.759420550639608128e+71
1.759420447513893014e+71
1.759419468252842907e+71
1.759419468252841926e+71
1.759419435226433878e+71
1.759419435226424806e+71
1.759419435226417695e+71
1.759378636568409564e+71
1.759378631938260190e+71
1.759378631938242290e+71
1.759378631811908017e+71
1.759378631805951390e+71
1.759378631805951390e+71
1.733891382675095355e+71
1.733891382636338910e+71
1.733887785065022640e+71
1.733887785065022640e+71
1.733887785065022640e+71
1.718081451524745095e+71
1.718081451524715917e+71
1.718081451522474060e+71
1.718081171993516822e+71
1.718081171993516822e+71
1.718081170550985389e+71
1.718081170508830483e+71
1.718081170508820430e+71
1.718081170500989990e+71
1.718081170500983125e+71
1.718081170500978711e+71
1.718081170461970202e+71
1.608866314674265624e+71
1.608866314674180540e+71
1.063419637123942191e+71
1.063419637123760498e+71
1.063419637103409203e+71
1.063419637103409203e+71
1.063419590489944116e+71
1.063419588127764561e+71
1.063419588127762722e+71
1.063417303930484833e+71
1.063417204580578330e+71
1.063417203966054852e+71
1.063417203966054852e+71
1.063302091823026345e+71
1.063302090078173265e+71
1.061532882163011901e+71
1.061532882157776774e+71
2.522420446533631351e+70
2.522420197169181924e+70
1.384772794952033677e+70
1.384741703949870489e+70
1.384741703947439031e+70
1.358774899434732681e+70
5.251039802142510198e+69
5.214527160813198532e+69
5.214527160813198532e+69
5.214527160812462168e+69
5.214527160812462168e+69
5.214506510378181156e+69
1.516759586929314903e+69
1.516759585445154463e+69
1.516759585318633164e+69
1.153057868229995334e+69
1.153054886850911353e+69
1.153054886850910970e+69
1.049178916897108346e+69
2.396405733998231511e+68
2.396341374080311169e+68
2.394304407170342397e+68
1.044369475123871267e+68
1.044369473131257230e+68
1.044369473131257230e+68
1.044369473131256392e+68
1.044369473093790467e+68
9.470944633350596783e+67
9.470944633350455506e+67
6.786789728115213679e+67
6.786788685556574425e+67
6.781003614167662439e+67
1.229961300997399701e+67
1.229961230811182826e+67
1.229961230811182826e+67
7.829676615956315102e+66
7.829265495768005635e+66
7.829265495762505712e+66
7.624218085451010122e+66
7.562557355202947564e+66
3.505363382347192379e+66
3.505363382347192379e+66
3.505363382347192379e+66
3.505363382345568592e+66
3.505363382345568592e+66
3.505352335580850204e+66
7.605623200711785496e+65
7.605623191097242958e+65
7.605623190872152998e+65
6.206611949526515711e+65
6.206576219006733367e+65
6.206576219006733367e+65
5.952182966973639683e+65
1.695632626480071381e+65
1.695594482189282319e+65
1.693057686972007846e+65
5.619671169697425465e+64
5.619671165615242105e+64
5.619671165615242105e+64
5.619671165615242105e+64
5.619671165615230413e+64
5.619671165335744532e+64
5.209368703488464576e+64
5.209368703488445284e+64
4.435542562567518139e+64
4.435540720601457384e+64
4.432615043810894765e+64
9.112535980644232995e+63
9.112535708058356877e+63
9.112535708058356877e+63
4.718075281904321538e+63
4.717703716540518535e+63
4.717703716539603635e+63
4.611206681971024411e+63
4.584444879805397011e+63
2.933680037777009757e+63
2.933680037777009757e+63
2.933680037777009757e+63
2.933680037777009757e+63
2.933680037774079081e+63
2.933674563192302996e+63
5.919217026718898668e+62
5.919217002630712761e+62
5.919217002568239960e+62
4.269776564609985616e+62
4.269734475048428737e+62
4.269734475048428737e+62
4.269734475048428737e+62
4.126122854008372895e+62
1.722392651147894346e+62
1.722364803470687276e+62
1.718636980668637406e+62
4.675016875930935090e+61
4.675016874636409444e+61
4.675016874636409444e+61
4.675016874636409444e+61
4.675016874636388892e+61
4.675016874636388892e+61
4.675016873836329783e+61
4.085528824533124511e+61
4.085528824533116518e+61
3.516042517403619568e+61
3.516039636478839317e+61
3.514738501280439950e+61
1.016600650367557353e+61
1.016600634822255225e+61
1.016600634822255225e+61
4.305714341205900643e+60
4.305273339830124672e+60
4.305273339829635126e+60
4.114320326647888570e+60
4.114320326647888570e+60
4.099213663205532797e+60
2.569071468445939316e+60
2.569071468445939316e+60
2.569071468445939316e+60
2.569071468445939316e+60
2.569071468436643295e+60
2.569069544672306410e+60
6.799270633212955608e+59
6.799270633212955608e+59
6.799270554102120856e+59
6.799270554049127149e+59
4.299974703734850495e+59
4.299913869458290023e+59
4.299913869458290023e+59
4.299913869458290023e+59
4.195854165076602974e+59
1.565635654250694706e+59
1.565625110777266389e+59
1.558856876111655433e+59
5.290131597734817452e+58
5.290131596669160732e+58
5.290131596669160732e+58
5.290131596669160732e+58
5.290131596669051458e+58
5.290131596669051458e+58
5.290131594119144111e+58
4.358102132645584631e+58
4.358102132645581285e+58
4.358102132645581285e+58
3.883375531723176402e+58
3.883370523351339326e+58
3.882643102908086103e+58
9.214906904283806926e+57
9.214906822169286642e+57
9.214906822169286642e+57
4.631979828145783707e+57
4.630856110067079342e+57
4.630856110066857728e+57
4.346630066780376703e+57
4.346630066780376703e+57
4.338889465108742491e+57
3.000498630582536431e+57
3.000498630582535734e+57
3.000498630582535734e+57
3.000498630582535734e+57
3.000498630550973559e+57
3.000496943508201454e+57
6.197586570190112427e+56
6.197586570190112427e+56
6.197586476517890684e+56
6.197586476500689492e+56
4.349527621528988544e+56
4.349390555884717566e+56
4.349390555884717566e+56
4.349390555884717566e+56
4.299963000834580518e+56
1.938534305444032408e+56
1.938523913673945837e+56
1.924968945716180637e+56
5.005488086731268623e+55
5.005488086358549997e+55
5.005488086358549997e+55
5.005488086358549997e+55
5.005488086358307171e+55
5.005488086358307171e+55
5.005488083104897406e+55
4.306598949221538089e+55
4.306598949221537000e+55
4.306598949221537000e+55
4.080717142438081944e+55
4.080704964172113566e+55
4.080188542715413316e+55
1.203828835300253470e+55
1.203828835300253470e+55
1.203828829825413854e+55
1.203828829825413854e+55
4.758031329703741983e+54
4.756478354712896465e+54
4.756478354712834534e+54
4.513370984742809713e+54
4.513370984742809713e+54
4.508002295535324714e+54
3.718375519820413820e+54
3.718375519820411098e+54
3.718375519820411098e+54
3.718375519820411098e+54
3.718375519751333097e+54
3.718374507590047959e+54
8.512266477600340326e+53
8.512266477600340326e+53
8.512266088473270783e+53
8.512266088464661639e+53
5.034397615511980751e+53
5.034397615511980751e+53
5.034157093622771142e+53
5.034157093622771142e+53
5.034157093622771142e+53
4.991462758877563747e+53
3.028901645453243577e+53
3.028891734448797788e+53
3.002399565965113182e+53
7.251379160774708531e+52
7.251379160567156491e+52
7.251379160567156491e+52
7.251379160567156491e+52
7.251379160567156491e+52
7.251379160566429137e+52
7.251379160566429137e+52
7.251379145530772022e+52
5.672662109577536090e+52
5.672662109577535026e+52
5.672662109577535026e+52
5.418664763626360395e+52
5.418636636957749123e+52
5.418280887482240184e+52
2.208032140337894545e+52
2.208032140337894545e+52
2.208032135450815551e+52
2.208032135450815551e+52
7.395332161136085105e+51
7.395332161136085105e+51
7.392323647650398838e+51
7.392323647650345669e+51
6.725813590584884035e+51
6.725813590584884035e+51
6.721153700962749117e+51
5.584447607948825072e+51
5.584447607948817097e+51
5.584447607948817097e+51
5.584447607948817097e+51
5.584447607605709456e+51
5.584447001845961465e+51
1.683097778429678892e+51
1.683097778429678892e+51
1.683097579159687790e+51
1.683097579158500457e+51
8.559005797160486378e+50
8.559005797160486378e+50
8.558448277296710425e+50
8.558448277296710425e+50
8.558448277296710425e+50
8.510103518355546792e+50
4.976067658887264383e+50
4.976060561191903325e+50
4.892111353632261032e+50
1.462630587945294544e+50
1.462630587915509245e+50
1.462630587915509245e+50
1.462630587915509245e+50
1.462630587915509245e+50
1.462630587914857092e+50
1.462630587914857092e+50
1.462630579902270734e+50
1.046844821586914250e+50
1.046844821586914250e+50
1.046844821586914250e+50
1.012624461372763153e+50
1.012616583824027274e+50
1.012583617894353959e+50
3.686416522447610562e+49
3.686416522447610562e+49
3.686416517642582723e+49
3.686416517642582723e+49
1.463381962005440182e+49
1.463381962005440182e+49
1.461988214144249396e+49
1.461988214144244982e+49
1.283944402814041918e+49
1.283944402814041918e+49
1.283493665413712855e+49
1.114286546580753536e+49
1.114286546580746007e+49
1.114286546580746007e+49
1.114286546580746007e+49
1.114286546401814784e+49
1.114286461330671372e+49
2.804324240391040016e+48
2.804324240391040016e+48
2.804323796740200721e+48
2.804323796739476396e+48
1.613658527876843525e+48
1.613658527876843525e+48
1.613423958413755857e+48
1.613423958413755857e+48
1.613423958413755857e+48
1.613423958413755857e+48
1.608852225459071390e+48
1.055310702467817923e+48
1.055309576426944911e+48
1.028817933080910586e+48
1.028817933080910586e+48
2.467118901208539112e+47
2.467118901189917832e+47
2.467118901189917832e+47
2.467118901189917832e+47
2.467118901189917832e+47
2.467118901187487593e+47
2.467118901187487593e+47
2.467118882904580398e+47
1.887642202651392680e+47
1.887642202651392680e+47
1.887642202651392680e+47
1.857607444030426765e+47
1.857576062975588226e+47
1.857536931883309706e+47
8.248932320624795286e+46
8.248932320624795286e+46
8.248932315338211590e+46
8.248932315338211590e+46
8.248932315338211590e+46
2.589645032530586208e+46
2.586557575526422926e+46
2.586557575526420897e+46
2.325168772171250459e+46
2.325168772171250459e+46
2.324647284904499490e+46
2.166541159194998042e+46
2.166541159194960773e+46
2.166541159194960773e+46
2.166541159194960773e+46
2.166541158652475023e+46
2.166541158652475023e+46
2.166541087985754399e+46
6.648724641955808880e+45
6.648724641955808880e+45
6.648721689857842576e+45
6.648721689857210018e+45
3.129286314701828559e+45
3.129286314701828559e+45
3.128662190255115660e+45
3.128662190255115660e+45
3.128662190255115660e+45
3.128662190255115660e+45
3.122592888237264221e+45
2.458491419658926909e+45
2.458490076820921198e+45
2.392720583471156748e+45
2.392720583471156748e+45
6.166379750795346682e+44
6.166379750777263646e+44
6.166379750777263646e+44
6.166379750777263646e+44
6.166379750777263646e+44
6.166379750765087862e+44
6.166379750765087862e+44
6.166379615559400086e+44
4.129411355568337762e+44
4.129411355568337762e+44
4.129411355568337762e+44
4.078526277010066710e+44
4.078419243934264083e+44
4.078377795344103293e+44
2.358413619751756487e+44
2.358413619751756487e+44
2.358413619080000308e+44
2.358413619080000308e+44
2.358413619080000308e+44
6.854086947252159778e+43
6.844179014376223052e+43
6.844179014376220081e+43
5.745439774522336199e+43
5.745439774522336199e+43
5.401776528829033980e+43
5.401158016742141359e+43
5.401158016741956163e+43
5.401158016741956163e+43
5.401158016741956163e+43
5.401158016741956163e+43
5.401158012750811727e+43
5.401158012750811727e+43
5.401157944478122446e+43
2.165655442985262415e+43
2.165655442985262415e+43
2.165653226889988511e+43
2.165653226889857289e+43
8.907971605417296864e+42
8.907971605417296864e+42
8.905654288501301415e+42
8.905654288501301415e+42
8.905654288501301415e+42
8.905654288501301415e+42
8.894840913585030877e+42
6.996005864455555831e+42
6.996004174096833167e+42
6.661041878539157494e+42
6.661041878539157494e+42
2.129795590585240149e+42
2.129795590581023725e+42
2.129795590581023725e+42
2.129795590581023106e+42
2.129795590581023106e+42
2.129795590563829666e+42
2.129795590563829666e+42
2.129795476442677899e+42
1.278702336720647891e+42
1.278702336720647891e+42
1.278702336720647891e+42
1.278702336720647891e+42
1.267938693701854100e+42
1.267891293880450943e+42
1.267885066799166562e+42
7.044884393173213644e+41
7.044884393173213644e+41
7.044884392001576126e+41
7.044884392001576126e+41
7.044884392001576126e+41
6.978132311581062870e+41
2.392803289828439209e+41
2.392803289828438823e+41
1.897254463058643951e+41
1.813536691095281934e+41
1.813428312474708095e+41
1.813428312474460507e+41
1.813428312474460507e+41
1.813428312474460507e+41
1.813428312474460507e+41
1.813428312474460507e+41
1.813428309291140637e+41
1.813428309291140637e+41
1.813428294247685156e+41
6.548202859371170317e+40
6.548202859371170317e+40
6.548193575537730969e+40
6.548193575537580095e+40
3.048245744892309617e+40
3.048245744892309617e+40
3.046501803680588915e+40
3.046501803680588915e+40
3.046501803680588915e+40
3.046501803680588915e+40
3.044533592747132069e+40
2.528404095953868611e+40
2.528403664389948734e+40
2.360789307653560645e+40
2.360789307653560645e+40
6.450657595226490667e+39
6.450657595221635621e+39
6.450657595221630785e+39
6.450657595221630785e+39
6.450657595110033634e+39
6.450657595110033634e+39
6.450657595110033634e+39
6.450657115407706260e+39
4.202663822313054405e+39
4.202663822313054405e+39
4.202663822313054405e+39
4.202663822313054405e+39
4.184514788225710392e+39
4.184182899999041031e+39
4.184169643887430585e+39
2.648355671244265721e+39
2.648355671244265721e+39
2.648355671036394856e+39
2.648355671036394856e+39
2.648355671036394856e+39
2.648355671036394856e+39
2.611665522091156603e+39
7.398853979396089541e+38
7.398853979396089541e+38
6.093119938005509216e+38
6.093119938005509216e+38
6.093119938003529600e+38
5.955860516730214334e+38
5.955632029025618098e+38
5.955632029025618098e+38
5.955632029025618098e+38
5.955632013292719439e+38
5.955632013292719439e+38
5.955632013292719439e+38
5.955631992922384358e+38
2.615751641973115587e+38
2.615751641973115587e+38
2.615742118073990494e+38
2.615742118073968205e+38
9.992015303783146844e+37
9.992015303783146844e+37
9.984695958514120505e+37
9.984695958514120505e+37
9.984695958514120505e+37
9.984695958514120505e+37
9.984695958514120505e+37
9.980562506760144208e+37
9.040158100851437990e+37
9.040157408223681889e+37
9.040157408223681889e+37
8.469669182526833936e+37
2.735025431846602899e+37
2.735025431845799624e+37
2.735025431845793957e+37
2.735025431753866955e+37
2.735025431753866955e+37
2.735025431753866955e+37
2.735025431753866955e+37
2.735024877350093262e+37
1.519479711080362963e+37
1.519479711080362963e+37
1.519479711080362963e+37
1.519479711080362963e+37
1.519308756437652086e+37
1.514666593021997020e+37
1.514664412174406867e+37
1.141993652946285957e+37
1.141993652910728190e+37
1.141993652910728190e+37
1.141993652910728190e+37
1.141993652910728190e+37
1.123927967275704019e+37
1.123927967275704019e+37
3.313237385222696786e+36
3.313237385222696786e+36
3.313237385222696786e+36
2.475346294342624429e+36
2.475346294342624429e+36
2.475346294341127734e+36
2.430859881520022512e+36
2.430812095879193894e+36
2.430812095879193894e+36
2.430812095879193894e+36
2.430812079029367041e+36
2.430812079029367041e+36
2.430812079029367041e+36
1.342900006810097935e+36
1.342900005857314454e+36
1.342900005857314454e+36
1.342890199416562443e+36
1.342890199416555950e+36
4.753531631296439162e+35
4.753531631296439162e+35
4.749137105016365230e+35
4.749137105016365230e+35
4.749137105016365230e+35
4.749137105016365230e+35
4.749137105016365230e+35
4.747962908806370990e+35
4.329196528009837532e+35
4.329196528009837532e+35
4.329196381884074625e+35
3.886945693831202019e+35
1.557382326496193161e+35
1.557382326495908343e+35
1.557382326495899858e+35
1.557382326304275634e+35
1.557382326304275634e+35
1.557382326304275634e+35
1.557382326304275634e+35
1.557381624044667673e+35
7.783299750573304939e+34
7.783299750573304939e+34
7.783299750573304939e+34
7.783299750573304939e+34
7.782109611470410592e+34
7.766802523312837393e+34
7.766797248094874226e+34
5.852523911164082865e+34
5.852523911061961690e+34
5.852523911061961690e+34
5.852523911061961690e+34
5.852523911061961690e+34
5.687271446095597285e+34
1.973549094042476161e+34
1.973549094042476161e+34
1.973549094042476161e+34
1.973549094042476161e+34
1.367636279755283752e+34
1.367636279755283752e+34
1.367636279752346338e+34
1.367636279752346338e+34
1.350493149077079453e+34
1.350479580608378154e+34
1.350479580608378154e+34
1.350479560290769677e+34
1.350479560290769677e+34
1.350479560290769677e+34
7.184349128630902284e+33
7.184349128630902284e+33
7.184349125648906553e+33
7.184274653436513592e+33
7.184274653436500910e+33
7.184274653436500910e+33
2.853426584832900050e+33
2.847846859547365025e+33
2.847846859547365025e+33
2.847846859547365025e+33
2.847846859547365025e+33
2.847846859547365025e+33
2.847458389983924351e+33
2.654156233373834041e+33
2.654156233373834041e+33
2.654156173313138234e+33
2.301407569901046193e+33
8.426475007202767249e+32
8.426475007202161965e+32
8.426475007202003439e+32
8.426475005010432244e+32
8.426475005010432244e+32
8.426475005010432244e+32
8.426475005010432244e+32
8.426469549998993219e+32
4.574952233199999183e+32
4.574952233199999183e+32
4.574952233199999183e+32
4.574952233199999183e+32
4.574952233199999183e+32
4.574952233199999183e+32
4.573502057647220687e+32
4.568634035373240604e+32
4.568632039403616800e+32
3.679791559092531880e+32
3.679791559092531880e+32
3.679791559063186425e+32
3.679791559063186425e+32
3.537772557597380855e+32
3.537772557597380855e+32
1.075956256189187362e+32
1.075956256189187362e+32
1.075956256189187362e+32
1.075956256189187362e+32
1.075956256189187362e+32
7.822447066678452395e+31
7.822447066640909488e+31
7.822447066640907687e+31
7.770544889667590824e+31
7.770495767691453270e+31
7.770495589210996096e+31
7.770495589210996096e+31
7.770495589210996096e+31
7.770495589210996096e+31
4.751138994988999060e+31
4.751138994988999060e+31
4.751138994041038176e+31
4.751024110613986153e+31
4.751024110613986153e+31
4.751024110613983451e+31
1.604028316429990067e+31
1.600155772881261336e+31
1.600155772881261336e+31
1.600155772881261336e+31
1.600155772881261336e+31
1.600021652030444200e+31
1.600021652030444200e+31
1.600021652030444200e+31
1.541969438299810219e+31
1.354476574394647359e+31
1.354476563025095503e+31
5.942978636808556256e+30
5.942978636808390749e+30
5.942978636808083378e+30
5.942978633915613866e+30
5.942978633915613866e+30
5.942978633915613866e+30
5.942978633915613866e+30
5.942969062851543350e+30
2.750630521129293131e+30
2.750630521129293131e+30
2.750630521129293131e+30
2.750630521129293131e+30
2.750630521129293131e+30
2.750630521129293131e+30
2.749478765618537890e+30
2.747554171567892484e+30
2.747553646836834891e+30
2.423663814028789534e+30
2.423663814028789534e+30
2.423663814021799385e+30
2.423663814021799385e+30
2.327980283816449342e+30
8.054758321129630159e+29
8.054758321129630159e+29
8.054758321129630159e+29
8.054758321129630159e+29
8.054758321129630159e+29
8.054758321129630159e+29
5.198540598680494319e+29
5.198540598636501188e+29
5.198540598636498373e+29
5.173428871250134242e+29
5.173428592189435961e+29
5.173412765351077716e+29
5.173412765351077716e+29
5.173412765351077716e+29
5.173412765351077716e+29
3.723935124983111986e+29
3.723935124983111986e+29
3.723935124663333894e+29
3.723780046348277130e+29
3.723780046348277130e+29
1.270684835184810131e+29
1.270684835184809955e+29
1.266909134856427047e+29
1.266909134856427047e+29
1.266909134856427047e+29
1.266909134856427047e+29
1.266909134856427047e+29
1.266909134856427047e+29
1.266848020799858659e+29
1.266848020799858659e+29
1.226857148898437338e+29
1.009525757863758235e+29
1.009525757863758235e+29
1.009525754395714195e+29
5.378272100163827587e+28
5.378272100163159084e+28
5.378272100163075521e+28
5.378272091807153947e+28
5.378272091807153947e+28
5.378272091807153947e+28
5.378254867995467894e+28
5.378254867995467894e+28
5.378254867995467894e+28
5.378254867995467894e+28
2.319621693178397630e+28
2.319621693178397630e+28
2.319621693178397630e+28
2.319621693178397630e+28
2.318348583687762810e+28
2.317353690367393900e+28
2.317353485403014408e+28
2.063074145322913032e+28
2.063074145322913032e+28
2.063074145319786460e+28
1.931017534706846653e+28
1.931017534706846653e+28
7.906320054380753310e+27
7.906320054380753310e+27
7.906320054380753310e+27
7.906320054380753310e+27
7.906320054380753310e+27
7.906320054380753310e+27
7.906320054021813341e+27
4.714392071956596527e+27
4.714392071956591579e+27
4.714391562759847940e+27
4.699355174335255622e+27
4.699348003596297180e+27
4.699348003596297180e+27
4.699348003596297180e+27
3.389043503536287318e+27
3.389043503536287318e+27
3.389043503372801483e+27
3.389043503372801483e+27
3.388843845778356984e+27
3.388843845778356984e+27
1.295306025791001718e+27
1.295306025791001718e+27
1.295306025791001718e+27
1.287659551690198162e+27
1.287659551690198162e+27
1.287659551690198162e+27
1.287659551690198162e+27
1.287659551690198162e+27
1.287624885110082534e+27
1.287624885110082534e+27
1.257345346882702483e+27
9.846178231626338864e+26
9.846178231626338864e+26
9.846178211262095715e+26
5.087413168635965839e+26
5.087413168633854090e+26
5.087413152205449564e+26
5.087413152205417953e+26
5.087413152205417953e+26
5.087389195379463496e+26
5.087389195379463496e+26
5.087389195379463496e+26
5.087389195379463496e+26
5.087389195379463496e+26
2.369053709760028666e+26
2.369053709760028666e+26
2.369053709760028666e+26
2.369053709760028666e+26
2.366459426422262009e+26
2.365890116771760439e+26
2.365889984895694995e+26
2.167625176013137629e+26
2.167625176013137629e+26
2.167625176011668750e+26
1.988269862055346053e+26
1.988269862055346053e+26
7.577187565145259590e+25
7.577187565145259590e+25
7.577187565145259590e+25
7.577187565145259590e+25
7.577187565145259590e+25
7.577187565145259590e+25
7.577187564420852366e+25
4.744838407335246123e+25
4.744838407335246123e+25
4.744838407335227225e+25
4.744837605529350343e+25
4.736462225839800657e+25
4.736457729295648349e+25
4.736457729295648349e+25
4.736457729295648349e+25
3.690978118542734976e+25
3.690978118542734976e+25
3.690515248379655783e+25
3.690515248297152038e+25
3.690515248297152038e+25
3.690515248297152038e+25
1.261832517651638491e+25
1.261832517651638491e+25
1.261832517651638491e+25
1.252734554072193676e+25
1.252734554072193676e+25
1.252734554072193676e+25
1.252734554072193676e+25
1.252734554072193676e+25
1.252714299887801348e+25
1.236802939617234020e+25
1.236802939617234020e+25
9.889263623411729634e+24
9.889263614669287196e+24
9.889263614669287196e+24
5.876326345147173877e+24
5.876326345140982681e+24
5.876326311068375762e+24
5.876326311068375762e+24
5.876326311068361803e+24
5.876326311068361803e+24
5.876263834369274998e+24
5.876263834369274998e+24
5.876263834369274998e+24
5.876263834369274998e+24
5.876263834369274998e+24
2.399156008132957079e+24
2.399156008132957079e+24
2.399156008132957079e+24
2.395816741012520296e+24
2.395456511009672179e+24
2.395456511009672179e+24
2.395456453475559981e+24
2.279538279463565771e+24
2.096570187872973315e+24
2.096570187872516170e+24
9.339805171239134838e+23
9.339805171239134838e+23
9.339805171239134838e+23
9.339805171239134838e+23
9.339805171239134838e+23
9.339805171239134838e+23
9.339805171239134838e+23
9.339805171239134838e+23
9.339805169528197035e+23
9.339805169528038658e+23
5.175552574162512149e+23
5.175550709443806102e+23
5.175550709443806102e+23
5.169395986251958075e+23
5.169393706841643795e+23
5.169393706841643795e+23
4.419229918525838212e+23
4.418396932572595534e+23
4.418396932533251620e+23
4.418396932533251620e+23
4.418396932533251620e+23
4.418396932533251620e+23
4.418396932533251620e+23
1.651749239096152393e+23
1.637428866749706409e+23
1.637428866749706409e+23
1.637428866749706409e+23
1.637428866749706409e+23
1.637428866749706409e+23
1.637428866749706409e+23
1.637414140348557846e+23
1.620592428466609817e+23
1.192361539557977573e+23
1.192361539557977573e+23
1.192361539135141902e+23
1.192361539135141902e+23
8.211200039471450738e+22
8.211200039452661934e+22
8.211199909411635279e+22
8.211199909411635279e+22
8.211199909411625212e+22
8.211199909411625212e+22
8.211199909411625212e+22
8.211046761289469657e+22
8.211046761289469657e+22
3.321565990168234557e+22
3.321565990168234557e+22
3.321565990168234557e+22
3.315680008533835147e+22
3.315680008533835147e+22
3.315680008533835147e+22
3.315680008533835147e+22
3.315386367507441071e+22
3.315386367507441071e+22
3.177348438447911181e+22
3.177348404771233255e+22
2.804323967782507617e+22
2.804323967782222404e+22
1.464985721386286291e+22
1.464985721386286291e+22
1.464985721386286291e+22
1.464985721386286291e+22
1.464985721386286291e+22
1.464985721386286291e+22
1.464985721386286291e+22
1.464985721386286291e+22
1.464985720563477722e+22
1.464985720563417114e+22
7.640647708477581427e+21
7.640642606298046661e+21
7.640642606298046661e+21
7.634931514151946682e+21
7.634929859891018334e+21
6.611704166376436400e+21
6.609989005614324384e+21
6.609989005614324384e+21
6.609989005583625224e+21
6.609989005583625224e+21
6.609989005583625224e+21
6.609989005583625224e+21
6.609989005583625224e+21
2.782068057700039655e+21
2.782068057700039655e+21
2.737965010781781098e+21
2.737965010781781098e+21
2.737965010781781098e+21
2.737965010781781098e+21
2.737965010781781098e+21
2.737965010781781098e+21
2.737951312062082187e+21
2.717875867725923877e+21
1.890284481433921651e+21
1.890284481433921651e+21
1.890284481063423574e+21
1.890284481063423574e+21
1.310479028337147904e+21
1.310479028327793295e+21
1.310478986744114446e+21
1.310478986744114184e+21
1.310478986744114184e+21
1.310478986744114184e+21
1.310478986744113660e+21
1.310443101237179056e+21
1.310443101237179056e+21
5.722464533926951649e+20
5.722464533926951649e+20
5.722464533926951649e+20
5.703390400556848906e+20
5.703390400556848906e+20
5.703390400556848906e+20
5.703390400556848906e+20
5.703390400556848906e+20
5.703101329320131953e+20
5.527310437677907968e+20
5.527310402147245097e+20
4.731483847170765619e+20
4.731483847170765619e+20
2.423719399347935314e+20
2.423719399347881902e+20
2.423719399347881902e+20
2.423719399347881902e+20
2.423719399347881902e+20
2.423719399347881902e+20
2.423719399347881902e+20
2.423719396520448819e+20
2.423719396520125399e+20
2.423719396520125399e+20
1.322003141760637174e+20
1.322001736604715745e+20
1.322001736604715745e+20
1.321432737032257864e+20
1.321432564265607987e+20
1.320683602459461386e+20
1.185611365800667546e+20
1.185611365800667546e+20
1.185611365800667546e+20
1.185611365798183895e+20
1.185611365798183895e+20
1.185611365798183895e+20
1.185611365798183895e+20
1.185611365798183895e+20
4.698428886449837670e+19
4.607324896673275904e+19
4.607324896673275904e+19
4.607324896673275904e+19
4.607324896673275904e+19
4.607324896673275904e+19
4.607311372871476019e+19
4.607311372871476019e+19
3.273338242785253376e+19
3.263749355176103526e+19
3.263749355176103526e+19
3.263749355176103526e+19
3.263749354898350490e+19
3.263749354825506406e+19
2.463025540253891379e+19
2.463025540253891379e+19
2.463025405119805850e+19
2.463025405119803392e+19
2.463025405119803392e+19
2.463025405119803392e+19
2.463025405119802982e+19
2.462886790386332877e+19
2.462886790386332877e+19
9.865064529152931840e+18
9.865064529152931840e+18
9.865064529152931840e+18
9.865064529152931840e+18
9.823895066380707840e+18
9.823895066380707840e+18
9.823895066380707840e+18
9.823895066380707840e+18
9.823596052786497536e+18
9.647755545677600768e+18
9.647755518455484416e+18
8.308388091904001024e+18
8.308388091904001024e+18
4.854329110881861632e+18
4.854329110881818624e+18
4.854329110881818624e+18
4.854329110881818624e+18
4.854329110881818624e+18
4.854329110881818624e+18
4.854329110881818624e+18
4.854329110880188416e+18
4.854329100446197760e+18
4.854329100446197760e+18
2.390931919457814016e+18
2.390926893501491200e+18
2.390926893501491200e+18
2.390277922068450304e+18
2.390277779914046976e+18
2.388496829313079808e+18
2.235271481791187712e+18
2.235271481791187712e+18
2.235271481791187712e+18
2.235271481791187712e+18
2.235271481789382400e+18
2.235271481789382400e+18
2.235271481789382400e+18
2.235271481789382400e+18
1.005834413157277568e+18
9.829858386710611200e+17
9.829858386710611200e+17
9.829858386710611200e+17
9.829858386710611200e+17
9.829858386710611200e+17
9.829858386710611200e+17
6.396694235049980160e+17
6.396687679534759680e+17
6.383909222278373120e+17
6.383909222278373120e+17
6.383909222278373120e+17
6.383909222021985280e+17
6.383909221804696320e+17
5.269162840858161920e+17
5.269162840858161920e+17
5.269162840858148480e+17
5.269162164564227840e+17
5.269162164564227840e+17
5.269162164564227840e+17
5.268701055005493760e+17
5.268701055005493760e+17
5.268701055005493760e+17
2.230159042022033920e+17
2.230159042022033920e+17
2.230159042022033920e+17
2.230159042022033920e+17
2.218617620415573120e+17
2.218617620415573120e+17
2.218617620415573120e+17
2.218617620415573120e+17
2.218579268432262080e+17
2.187191536263511680e+17
2.187191533402739840e+17
2.187191533402739840e+17
1.784597868145910720e+17
1.183042881686678560e+17
1.183042881686673280e+17
1.183042881686673280e+17
1.183042881686673280e+17
1.183042881686673280e+17
1.183042881686673280e+17
1.183042881685782560e+17
1.183042874909084160e+17
1.183042874909084160e+17
1.183042874909084160e+17
5.719082844223817600e+16
5.719082844223817600e+16
5.719061941670467200e+16
5.718128078476706400e+16
5.718127912131000000e+16
5.712532773404647200e+16
5.712532773404647200e+16
5.403667540689316800e+16
5.403667540689316800e+16
5.403667540689316800e+16
5.403667540689316800e+16
5.403667540687240800e+16
5.403667540687240800e+16
5.403667540687240800e+16
2.724886267542672400e+16
2.622932351673553600e+16
2.622932351673553600e+16
2.622932351673553600e+16
2.622932351673553600e+16
2.622932351673553600e+16
1.629689208757380200e+16
1.629689208757380200e+16
1.629688338704300800e+16
1.627601048711057200e+16
1.627601048711057200e+16
1.627601048528816600e+16
1.627601048528816600e+16
1.627601048528816600e+16
1.627601048528804600e+16
1.627601048501010800e+16
1.627600579459754200e+16
1.369977359572937200e+16
1.369977359572937200e+16
1.369977359572937200e+16
1.369977359572937200e+16
1.369806207965943800e+16
1.369806207965943800e+16
1.369806207965943800e+16
6.287793335039565000e+15
6.231376805408895000e+15
6.231376805408895000e+15
6.231376805408895000e+15
6.231376805408895000e+15
6.231376805408895000e+15
6.231314941915068000e+15
6.231314941915068000e+15
6.168787397588044000e+15
6.168787397588044000e+15
6.168787393109914000e+15
4.854343536176640000e+15
3.275059594579283000e+15
3.275059594579283000e+15
3.275059594579283000e+15
3.275059594579277500e+15
3.275059594579277500e+15
3.275059594579277500e+15
3.275059594571813000e+15
3.275059556821675000e+15
3.275059556821675000e+15
3.275059556821675000e+15
3.275021918432913000e+15
1.650566215444210750e+15
1.650566215444210750e+15
1.650407152529042250e+15
1.650407152529042250e+15
1.647532162324558250e+15
1.647532135150208000e+15
1.647532135150208000e+15
1.581951958725239000e+15
1.581951958725239000e+15
1.581951958725239000e+15
1.581951958725239000e+15
1.581951958724972750e+15
1.581951958724972750e+15
1.581951958724972750e+15
7.896377212550793750e+14
7.535166072633555000e+14
7.535166072633555000e+14
7.535166072633555000e+14
7.535166072633555000e+14
7.535166072633555000e+14
4.761512689717966875e+14
4.757867435134824375e+14
4.757865975821773125e+14
4.757865975821773125e+14
4.757865975821773125e+14
4.757865974689801250e+14
4.757865974689801250e+14
4.757865974689688125e+14
4.757865974689688125e+14
4.757863773847443750e+14
4.757863773847443750e+14
4.757863773811885625e+14
4.180023039357846875e+14
4.180023039357846875e+14
4.179039601990663750e+14
4.179039601990663750e+14
4.179039601990663750e+14
4.179039601990663750e+14
1.854454931197626875e+14
1.854454931197626875e+14
1.833618594690146875e+14
1.833618594690146875e+14
1.833618594690146875e+14
1.833618594690146875e+14
1.833618594690146875e+14
1.833608053885489375e+14
1.833608053885489375e+14
1.822493178539530625e+14
1.822493177954342188e+14
1.439396210532273438e+14
1.439396210532273438e+14
1.439396210532273438e+14
1.058713593618176719e+14
1.058713593618176094e+14
1.058713593612506094e+14
1.058713593612506094e+14
1.058713571951104219e+14
1.058713571951104219e+14
1.058713571951103906e+14
1.058689293124423125e+14
1.058689293124423125e+14
5.019415839479800781e+13
5.019415839479800781e+13
5.019415839479800781e+13
5.019415839479800781e+13
5.019126362708742969e+13
5.007816433638185938e+13
5.007816433638185938e+13
5.007816433638185938e+13
5.007816396049689062e+13
5.007816396049689062e+13
4.882029753700898438e+13
4.882029753700582812e+13
4.882029753700582812e+13
4.882029753700582812e+13
4.882029753700582812e+13
4.443851245604408594e+13
2.600554012747194922e+13
2.600554012747194922e+13
2.600554012747194922e+13
2.600554012747194922e+13
2.600554012747194922e+13
1.528927842681659375e+13
1.528927842681659375e+13
1.528927842039807227e+13
1.528188029159800586e+13
1.528187803764826953e+13
1.528187803764826953e+13
1.528187803764741992e+13
1.528187803764741992e+13
1.528186402239741602e+13
1.528186402239741602e+13
1.528186402239741602e+13
1.400991524254566211e+13
1.400991524250724023e+13
1.400991524250724023e+13
1.400521425833825391e+13
1.400521425833825391e+13
1.400521425833825391e+13
1.400521425833825391e+13
6.810487909230997070e+12
6.810487909230997070e+12
6.717223738640944336e+12
6.717223738640944336e+12
6.717223738640944336e+12
6.717223738640944336e+12
6.717202559746250000e+12
6.717202559746250000e+12
6.687799576559363281e+12
6.687799576559363281e+12
6.687799576559363281e+12
6.687799575577383789e+12
4.989020170380734375e+12
4.989020170380734375e+12
3.975836304036448242e+12
3.975836304036448242e+12
3.975836304036446777e+12
3.975836303992539551e+12
3.975836115423824219e+12
3.975836115423824219e+12
3.975836115423824219e+12
3.975836115423821289e+12
3.975690403965362793e+12
1.941754378655375732e+12
1.941754378655375732e+12
1.941754378655375732e+12
1.941754378655375732e+12
1.941754378655375732e+12
1.941754378655375732e+12
1.941754378655375732e+12
1.936126275620689209e+12
1.936061791603425781e+12
1.936061784602293213e+12
1.898841376693233154e+12
1.898841376693233154e+12
1.898841376693178955e+12
1.898841376693178955e+12
1.898841376693178955e+12
1.898841376693178955e+12
1.898841376693178955e+12
1.898841376693178955e+12
1.898841376693178955e+12
1.898841376693178955e+12
1.898841376693178955e+12
1.898841376693178955e+12
1.898841376693178955e+12
1.898841376693178955e+12
1.898841376693178955e+12
1.898841376693178955e+12
1.898841376693178955e+12
1.898841376693178955e+12
1.898841376693178955e+12
1.898841376693178955e+12
1.898841376693178955e+12
1.898841376693178955e+12
1.898841376693178955e+12
1.898841376693178955e+12
1.898841376693178955e+12
1.898841376693178955e+12
1.898841376693178955e+12
1.898841376693178955e+12
1.898841376693178955e+12
1.898841376693178955e+12
1.898841376693178955e+12
1.898841376693178955e+12
1.898841376693178955e+12
1.898841376693178955e+12
1.898841376693178955e+12
1.898841376693178955e+12
1.898841376693178955e+12
1.898841376693178955e+12
1.898841376693178955e+12
1.898841376693178955e+12
1.898841376693178955e+12
1.898841376693178955e+12
1.898841376693178955e+12
1.898841376693178955e+12
1.898841376693178955e+12
1.898841376693178955e+12
1.898841376693178955e+12
1.898841376693178955e+12
1.898841376693178955e+12
1.898841376693178955e+12
1.898841376693178955e+12
1.898841376693178955e+12
1.898841376693178955e+12
1.898841376693178955e+12
1.898841376693178955e+12
1.898841376693178955e+12
1.898841376693178955e+12
1.898841376693178955e+12
1.898841376693178955e+12
1.898841376693178955e+12
1.898841376693178955e+12
1.898841376693178955e+12
1.898841376693178955e+12
1.898841376693178955e+12
1.898841376693178955e+12
1.898841376693178955e+12
1.898841376693178955e+12
1.898841376693178955e+12
1.898841376693178955e+12
1.898841376693178955e+12
1.898841376693178955e+12
1.898841376693178955e+12
1.898841376693178955e+12
1.898841376693178955e+12
1.898841376693178955e+12
1.898841376693178955e+12
1.898841376693178955e+12
1.898841376693178955e+12
1.898841376693178955e+12
1.898841376693178955e+12
1.898841376693178955e+12
1.898841376693178955e+12
1.898841376693178955e+12
1.898841376693178955e+12
1.898841376693178955e+12
1.898841376693178955e+12
1.898841376693178955e+12
1.898841376693178955e+12
1.898841376693178955e+12
1.898841376693178955e+12
1.898841376693178955e+12
1.898841376693178955e+12
1.898841376693178955e+12
1.898841376693178955e+12
1.898841376693178955e+12
1.898841376693178955e+12
1.898841376693178955e+12
1.898841376693178955e+12
1.898841376693178955e+12
1.898841376693178955e+12
1.898841376693178955e+12
1.898841376693178955e+12
1.898841376693178955e+12
1.898841376693178955e+12
1.898841376693178955e+12
1.898841376693178955e+12
1.898841376693178955e+12
1.898841376693178955e+12
1.898841376693178955e+12
1.898841376693178955e+12
1.898841376693178955e+12
1.898841376693178955e+12
1.898841376693178955e+12
1.898841376693178955e+12
1.898841376693178955e+12
1.898841376693178955e+12
1.898841376693178955e+12
1.898841376693178955e+12
1.898841376693178955e+12
1.898841376693178955e+12
1.898841376693178955e+12
1.898841376693178955e+12
1.898841376693178955e+12
1.898841376693178955e+12
1.898841376693178955e+12
1.898841376693178955e+12
1.898841376693178955e+12
1.898841376693178955e+12
1.898841376693178955e+12
1.898841376693178955e+12
1.898841376693178955e+12
1.898841376693178955e+12
1.898841376693178955e+12
1.898841376693178955e+12
1.898841376693178955e+12
1.898841376693178955e+12
1.898841376693178955e+12
1.898841376693178955e+12
1.898841376693178955e+12
1.898841376693178955e+12
1.898841376693178955e+12
1.898841376693178955e+12
1.898841376693178955e+12
1.898841376693178955e+12
1.898841376693178955e+12
1.898841376693178955e+12
1.898841376693178955e+12
1.898841376693178955e+12
1.898841376693178955e+12
1.898841376693178955e+12
1.898841376693178955e+12
1.898841376693178955e+12
1.898841376693178955e+12
1.898841376693178955e+12
1.898841376693178955e+12
1.898841376693178955e+12
1.898841376693178955e+12
1.898841376693178955e+12
1.898841376693178955e+12
1.898841376693178955e+12
1.898841376693178955e+12
1.898841376693178955e+12
1.898841376693178955e+12
1.898841376693178955e+12
1.898841376693178955e+12
1.898841376693178955e+12
1.898841376693178955e+12
1.898841376693178955e+12
1.898841376693178955e+12
1.898841376693178955e+12
1.898841376693178955e+12
1.898841376693178955e+12
1.898841376693178955e+12
1.898841376693178955e+12
1.898841376693178955e+12
1.898841376693178955e+12
1.898841376693178955e+12
1.898841376693178955e+12
1.898841376693178955e+12
1.898841376693178955e+12
1.898841376693178955e+12
1.898841376693178955e+12
1.898841376693178955e+12
1.898841376693178955e+12
1.898841376693178955e+12
1.898841376693178955e+12
1.898841376693178955e+12
1.898841376693178955e+12
1.898841376693178955e+12
1.898841376693178955e+12
1.898841376693178955e+12
1.898841376693178955e+12
1.898841376693178955e+12
1.898841376693178955e+12
1.898841376693178955e+12
1.898841376693178955e+12
1.898841376693178955e+12
1.898841376693178955e+12
1.898841376693178955e+12
1.898841376693178955e+12
1.898841376693178955e+12
1.898841376693178955e+12
1.898841376693178955e+12
1.898841376693178955e+12
1.898841376693178955e+12
1.898841376693178955e+12
1.898841376693178955e+12
1.898841376693178955e+12
1.898841376693178955e+12
1.898841376693178955e+12
1.898841376693178955e+12
1.898841376693178955e+12
1.898841376693178955e+12
1.898841376693178955e+12
1.898841376693178955e+12
1.898841376693178955e+12
1.898841376693178955e+12
1.898841376693178955e+12
1.898841376693178955e+12
1.898841376693178955e+12
1.898841376693178955e+12
1.898841376693178955e+12
1.898841376693178955e+12
1.898841376693178955e+12
1.898841376693178955e+12
1.898841376693178955e+12
1.898841376693178955e+12
1.898841376693178955e+12
1.898841376693178955e+12
1.898841376693178955e+12
1.898841376693178955e+12
1.898841376693178955e+12
1.898841376693178955e+12
1.898841376693178955e+12
1.898841376693178955e+12
1.898841376693178955e+12
1.898841376693178955e+12
1.898841376693178955e+12
1.898841376693178955e+12
1.898841376693178955e+12
1.898841376693178955e+12
1.898841376693178955e+12
1.898841376693178955e+12
1.898841376693178955e+12
1.898841376693178955e+12
1.898841376693178955e+12
1.898841376693178955e+12
1.898841376693178955e+12
1.898841376693178955e+12
1.898841376693178955e+12
1.898841376693178955e+12
1.898841376693178955e+12
1.898841376693178955e+12
1.898841376693178955e+12
1.898841376693178955e+12
1.898841376693178955e+12
1.898841376693178955e+12
1.898841376693178955e+12
1.898841376693178955e+12
1.898841376693178955e+12
1.898841376693178955e+12
1.898841376693178955e+12
1.898841376693178955e+12
1.898841376693178955e+12
1.898841376693178955e+12
1.898841376693178955e+12
1.898841376693178955e+12
1.898841376693178955e+12
1.898841376693178955e+12
1.898841376693178955e+12
1.898841376693178955e+12
1.898841376693178955e+12
1.898841376693178955e+12
1.898841376693178955e+12
1.898841376693178955e+12
1.898841376693178955e+12
1.898841376693178955e+12
1.898841376693178955e+12
1.898841376693178955e+12
1.898841376693178955e+12
1.898841376693178955e+12
1.898841376693178955e+12
1.898841376693178955e+12
1.898841376693178955e+12
1.898841376693178955e+12
1.898841376693178955e+12
1.898841376693178955e+12
1.898841376693178955e+12
1.898841376693178955e+12
1.898841376693178955e+12
1.898841376693178955e+12
1.898841376693178955e+12
1.898841376693178955e+12
1.898841376693178955e+12
1.898841376693178955e+12
1.898841376693178955e+12
1.898841376693178955e+12
1.898841376693178955e+12
1.898841376693178955e+12
1.898841376693178955e+12
1.898841376693178955e+12
1.898841376693178955e+12
1.898841376693178955e+12
1.898841376693178955e+12
1.898841376693178955e+12
1.898841376693178955e+12
1.898841376693178955e+12
1.898841376693178955e+12
1.898841376693178955e+12
1.898841376693178955e+12
1.898841376693178955e+12
1.898841376693178955e+12
1.898841376693178955e+12
1.898841376693178955e+12
1.898841376693178955e+12
1.898841376693178955e+12
1.898841376693178955e+12
1.898841376693178955e+12
1.898841376693178955e+12
1.898841376693178955e+12
1.898841376693178955e+12
1.898841376693178955e+12
1.898841376693178955e+12
1.898841376693178955e+12
1.898841376693178955e+12
1.898841376693178955e+12
1.898841376693178955e+12
1.898841376693178955e+12
1.898841376693178955e+12
1.898841376693178955e+12
1.898841376693178955e+12
1.898841376693178955e+12
1.898841376693178955e+12
1.898841376693178955e+12
1.898841376693178955e+12
1.898841376693178955e+12
1.898841376693178955e+12
1.898841376693178955e+12
1.898841376693178955e+12
1.898841376693178955e+12
1.898841376693178955e+12
1.898841376693178955e+12
1.898841376693178955e+12
1.898841376693178955e+12
1.898841376693178955e+12
1.898841376693178955e+12
1.898841376693178955e+12
1.898841376693178955e+12
1.898841376693178955e+12
1.898841376693178955e+12
1.898841376693178955e+12
1.898841376693178955e+12
1.898841376693178955e+12
1.898841376693178955e+12
1.898841376693178955e+12
1.898841376693178955e+12
1.898841376693178955e+12
1.898841376693178955e+12
1.898841376693178955e+12
1.898841376693178955e+12
1.898841376693178955e+12
1.898841376693178955e+12
1.898841376693178955e+12
1.898841376693178955e+12
1.898841376693178955e+12
1.898841376693178955e+12
1.898841376693178955e+12
1.898841376693178955e+12
1.898841376693178955e+12
1.898841376693178955e+12
1.898841376693178955e+12
1.898841376693178955e+12
1.898841376693178955e+12
1.898841376693178955e+12
1.898841376693178955e+12
1.898841376693178955e+12
1.898841376693178955e+12
1.898841376693178955e+12
1.898841376693178955e+12
1.898841376693178955e+12
1.898841376693178955e+12
1.898841376693178955e+12
1.898841376693178955e+12
1.898841376693178955e+12
1.898841376693178955e+12
1.898841376693178955e+12
1.898841376693178955e+12
1.898841376693178955e+12
1.898841376693178955e+12
1.898841376693178955e+12
1.898841376693178955e+12
1.898841376693178955e+12
1.898841376693178955e+12
1.898841376693178955e+12
1.898841376693178955e+12
1.898841376693178955e+12
1.898841376693178955e+12
1.898841376693178955e+12
1.898841376693178955e+12
1.898841376693178955e+12
1.898841376693178955e+12
1.898841376693178955e+12
1.898841376693178955e+12
1.898841376693178955e+12
1.898841376693178955e+12
1.898841376693178955e+12
1.898841376693178955e+12
1.898841376693178955e+12
1.898841376693178955e+12
1.898841376693178955e+12
1.898841376693177979e+12
1.898841376693173828e+12
1.898841376693160400e+12
1.898841376693135742e+12
1.898841376693124023e+12
1.898841376693123535e+12
1.898841376693123535e+12
1.898841376693123535e+12
1.898841376693123535e+12
1.898841376693123535e+12
1.898841376693123535e+12
1.898841376693123535e+12
1.898841376693123535e+12
1.898841376693123535e+12
1.898841376693123535e+12
1.898841376693123535e+12
1.898841376693123535e+12
1.898841376693123535e+12
1.898841376693123535e+12
1.898841376693123535e+12
1.898841376693123535e+12
1.898841376693123535e+12
1.898841376693123535e+12
1.898841376693123535e+12
1.898841376693123535e+12
1.898841376693123291e+12
1.898841376693121338e+12
1.898841376693106934e+12
1.898841376693009277e+12
1.898841376692488037e+12
1.898841376690197510e+12
1.898841376682629639e+12
1.898841376668897217e+12
1.898841376662330811e+12
1.898841376662126953e+12
1.898841376662126953e+12
1.898841376662126953e+12
1.898841376662126953e+12
1.898841376662126953e+12
1.898841376662126953e+12
1.898841376662126953e+12
1.898841376662126953e+12
1.898841376662126953e+12
1.898841376662126953e+12
1.898841376662126953e+12
1.898841376662126953e+12
1.898841376662126953e+12
1.898841376662126953e+12
1.898841376662126953e+12
1.898841376662126953e+12
1.898841376662126953e+12
1.898841376662126221e+12
1.898841376662118896e+12
1.898841376662036865e+12
1.898841376661301758e+12
1.898841376655748047e+12
1.898841376618999268e+12
1.898841376422388428e+12
1.898841375558628906e+12
1.898841372704559326e+12
1.898841367525646973e+12
1.898841365049323730e+12
1.898841364972497803e+12
1.898841364972481445e+12
1.898841364972481445e+12
1.898841364972481445e+12
1.898841364972481445e+12
1.898841364972481445e+12
1.898841364972481445e+12
1.898841364972481445e+12
1.898841364972481445e+12
1.898841364972481445e+12
1.898841364972481445e+12
1.898841364972481445e+12
1.898841364972481445e+12
1.898841364972481445e+12
1.898841364972481445e+12
1.898841364972480957e+12
1.898841364972471191e+12
1.898841364972322266e+12
1.898841364970468506e+12
1.898841364949458252e+12
1.898841364761093262e+12
1.898841363338167725e+12
1.898841353923030518e+12
1.898841303550764648e+12
1.898841082253035156e+12
1.898840351032450928e+12
1.898839024182104980e+12
1.898838389742474854e+12
1.898838370059505371e+12
1.898838370055299072e+12
1.898838370055299072e+12
1.898838370055299072e+12
1.898838370055299072e+12
1.898838370055299072e+12
1.898838370055299072e+12
1.898838370055299072e+12
1.898838370055299072e+12
1.898838370055299072e+12
1.898838370055299072e+12
1.898838370055299072e+12
1.898838370055299072e+12
1.898838370055294678e+12
1.898838370055206055e+12
1.898838370053467041e+12
1.898838370027431152e+12
1.898838369702986084e+12
1.898838366026035645e+12
1.898838333060882080e+12
1.898838084039290283e+12
1.898836436328253662e+12
1.898827620898291260e+12
1.898788893514560791e+12
1.898660940152092041e+12
1.898428803701849609e+12
1.898317826528528076e+12
1.898314383759028320e+12
1.898314383023255371e+12
1.898314383023255371e+12
1.898314383023255371e+12
1.898314383023255371e+12
1.898314383023255371e+12
1.898314383023255371e+12
1.898314383023255371e+12
1.898314383023255371e+12
1.898314383023255371e+12
1.898314383023254639e+12
1.898314383023233887e+12
1.898314383022714600e+12
1.898314383012100098e+12
1.898314382803227295e+12
1.898314379676076172e+12
1.898314340706961182e+12
1.898313899068432861e+12
1.898309939632821533e+12
1.898280030246772461e+12
1.898082151176259277e+12
1.897024171587534180e+12
1.892390145280632568e+12
1.877237913123434082e+12
1.850353860749902100e+12
1.837769381835540283e+12
1.837381695676395508e+12
1.837381612839207275e+12
1.837381612839207275e+12
1.837381612839207275e+12
1.837381612839207275e+12
1.837381612839207275e+12
1.837381612839207275e+12
1.837381612839207275e+12
1.837381612839207275e+12
1.837381612839206055e+12
1.837381612839159912e+12
1.837381612837555664e+12
1.837381612797218262e+12
1.837381611972417725e+12
1.837381595741744141e+12
1.837381352743429688e+12
1.837378324615630127e+12
1.837344007411912354e+12
1.837036398861360596e+12
1.834716020849434082e+12
1.819509155341925537e+12
1.742250645446859619e+12
1.468342480062453125e+12
9.663475251102414551e+11
5.963771297024803467e+11
5.040954982678174438e+11
5.016871034479636230e+11
5.016865911954990234e+11
5.016865911954981689e+11
5.016865911954981689e+11
5.016865911954981689e+11
5.016865911954981689e+11
5.016865911954981689e+11
5.016865911954981079e+11
5.016865911954921875e+11
5.016865911952948608e+11
5.016865911884149780e+11
5.016865910154040527e+11
5.016865874777617188e+11
5.016865178629937744e+11
5.016854756242913818e+11
5.016724880883273926e+11
5.015253467702697144e+11
5.002100187226240845e+11
4.904924969025462036e+11
4.346246456757167358e+11
2.700557228769888306e+11
1.013918516057086029e+11
3.309489478673304749e+10
1.489228532923072052e+10
1.179128058786377335e+10
1.171559626274073410e+10
1.171558019164577103e+10
1.171558019164574432e+10
1.171558019164574432e+10
1.171558019164574432e+10
1.171558019164574432e+10
1.171558019164574432e+10
1.171558019164574051e+10
1.171558019164561081e+10
1.171558019164129639e+10
1.171558019149087524e+10
1.171558018770817566e+10
1.171558011036139488e+10
1.171557858830864716e+10
1.171555580086637115e+10
1.171527184168028831e+10
1.171205468185312653e+10
1.168329045018903732e+10
1.147048467127400780e+10
1.023674226468357086e+10
6.497662580763441086e+09
2.494610533791097641e+09
8.217681092626334429e+08
3.706968379738302827e+08
2.936303403257485628e+08
2.917486159552236795e+08
2.917482163786777854e+08
2.917482163786771297e+08
2.917482163786771297e+08
2.917482163786771297e+08
2.917482163786771297e+08
2.917482163786770701e+08
2.917482163786748052e+08
2.917482163785997033e+08
2.917482163759814501e+08
2.917482163101377487e+08
2.917482149637987614e+08
2.917481884701421261e+08
2.917477918195990324e+08
2.917428490334929824e+08
2.916868439304214716e+08
2.911856973652618527e+08
2.874549175253833532e+08
2.649900611068122089e+08
1.868603898491684496e+08
8.140984025844475627e+07
2.841852074426284432e+07
1.302919781173925847e+07
1.034940000433151051e+07
1.028377979935537279e+07
1.028376586421692744e+07
1.028376586421690509e+07
1.028376586421690509e+07
1.028376586421690509e+07
1.028376586421690509e+07
1.028376586421690509e+07
1.028376586421684921e+07
1.028376586421500705e+07
1.028376586415079609e+07
1.028376586253603920e+07
1.028376582951830514e+07
1.028376517978556082e+07
1.028375545228879713e+07
1.028363423424326628e+07
1.028226066465699859e+07
1.026996250178577937e+07
1.017800309279256314e+07
9.608708805768847466e+06
7.395561811840837821e+06
3.675938341709982604e+06
1.380956059634002391e+06
6.474597776606163243e+05
5.163268936167758075e+05
5.131028293320825906e+05
5.131021446018970455e+05
5.131021446018959396e+05
5.131021446018959396e+05
5.131021446018959396e+05
5.131021446018959396e+05
5.131021446018940187e+05
5.131021446018301649e+05
5.131021445996019174e+05
5.131021445435673231e+05
5.131021433977982961e+05
5.131021208510153810e+05
5.131017832909535500e+05
5.130975768100282294e+05
5.130499094022548525e+05
5.126229496337411110e+05
5.094204750063540414e+05
4.891987826098625665e+05
4.035040963516221382e+05
2.280224577126999793e+05
9.356704172014447977e+04
4.520195875088214962e+04
3.624391876929507271e+04
3.602244140348318615e+04
3.602239435956617672e+04
3.602239435956610396e+04
3.602239435956610396e+04
3.602239435956610396e+04
3.602239435956610396e+04
3.602239435956600937e+04
3.602239435956289526e+04
3.602239435945433070e+04
3.602239435672421678e+04
3.602239430090010137e+04
3.602239320237664651e+04
3.602237675578529888e+04
3.602217180719066528e+04
3.601984927901378978e+04
3.599904036766859645e+04
3.584262147877794632e+04
3.484093333559062012e+04
3.030912977522038636e+04
1.928754926550698656e+04
8.760892853510738860e+03
4.401691122179540798e+03
3.555720905806179417e+03
3.534645215784101765e+03
3.534640738278751996e+03
3.534640738278744720e+03
3.534640738278744720e+03
3.534640738278744720e+03
3.534640738278738354e+03
3.534640738278526896e+03
3.534640738271169994e+03
3.534640738086159672e+03
3.534640734303162390e+03
3.534640659860228880e+03
3.534639545334469858e+03
3.534625656686211641e+03
3.534468263671673412e+03
3.533057805832705071e+03
3.522439346499123985e+03
3.453756705574660373e+03
3.127495798732790718e+03
2.210228358226734599e+03
1.122453177446837799e+03
5.929335724934709333e+02
4.838020273962455917e+02
4.810551479893878764e+02
4.810545642715746908e+02
4.810545642715737813e+02
4.810545642715737813e+02
4.810545642715737813e+02
4.810545642715737813e+02
4.810545642715732129e+02
4.810545642715535450e+02
4.810545642708679566e+02
4.810545642536283140e+02
4.810545639011201047e+02
4.810545569643593353e+02
4.810544531103188888e+02
4.810531589328111295e+02
4.810384924506582820e+02
4.809070422172034682e+02
4.799163721070528936e+02
4.734628278794316998e+02
4.416859550385421471e+02
3.411080169041117074e+02
1.946496023765795087e+02
1.094086751598620992e+02
9.046572841380520913e+01
8.998238728239554973e+01
8.998228453676004790e+01
8.998228453675987737e+01
8.998228453675987737e+01
8.998228453675987737e+01
8.998228453675987737e+01
8.998228453675739047e+01
8.998228453667080373e+01
8.998228453449367237e+01
8.998228448997650730e+01
8.998228361395457853e+01
8.998227049855010762e+01
8.998210706073487586e+01
8.998025485450938277e+01
8.996365257968976437e+01
8.983843522619559963e+01
8.901860728444250981e+01
8.487475821350666649e+01
7.046429949145694138e+01
4.514018534462059762e+01
2.732229445406438018e+01
2.298426591811968223e+01
2.287160524341928536e+01
2.287158128409313207e+01
2.287158128409309299e+01
2.287158128409309299e+01
2.287158128409309299e+01
2.287158128409309299e+01
2.287158128409267732e+01
2.287158128407813962e+01
2.287158128371256538e+01
2.287158127623747106e+01
2.287158112914034547e+01
2.287157892686855831e+01
2.287155148320633913e+01
2.287124046761688234e+01
2.286845248124227581e+01
2.284741373114085405e+01
2.270917523525633541e+01
2.199710580885404809e+01
1.933378546670618547e+01
1.380921495391502596e+01
9.093935049604148446e+00
7.817559457013496527e+00
7.783666355015436800e+00
7.783659142933825770e+00
7.783659142933814223e+00
7.783659142933814223e+00
7.783659142933814223e+00
7.783659142933814223e+00
7.783659142930652308e+00
7.783659142851133694e+00
7.783659141225167666e+00
7.783659109228906026e+00
7.783658630195285255e+00
7.783652660703649140e+00
7.783585008840753439e+00
7.782978538616776021e+00
7.778400261677711036e+00
7.748242167549369341e+00
7.590784040019098455e+00
6.968634063004485846e+00
5.483574505775191454e+00
3.954415833333010166e+00
3.489172598856193463e+00
3.476483279164711782e+00
3.476480577120874216e+00
3.476480577120869331e+00
3.476480577120869331e+00
3.476480577120869331e+00
3.476480577120869331e+00
3.476480577120010462e+00
3.476480577098408187e+00
3.476480576656698851e+00
3.476480567964613577e+00
3.476480437830628656e+00
3.476478816161604257e+00
3.476460437823251315e+00
3.476295678233574105e+00
3.475051574404434795e+00
3.466842041411141828e+00
3.423570603358295994e+00
3.245600182893594976e+00
2.769833645514917730e+00
2.187871550015295430e+00
1.988135773576422682e+00
1.982520741455977786e+00
1.982519544824617341e+00
1.982519544824615565e+00
1.982519544824615565e+00
1.982519544824615565e+00
1.982519544824615565e+00
1.982519544824338897e+00
1.982519544817379131e+00
1.982519544675068968e+00
1.982519541874645741e+00
1.982519499947970720e+00
1.982518977477186084e+00
1.982513056312791289e+00
1.982459972570658202e+00
1.982059065210889814e+00
1.979410443474764580e+00
1.965359348891015490e+00
1.905921266554509996e+00
1.732766470652523871e+00
1.487537635440638883e+00
1.393255161455778435e+00
1.390520894017315268e+00
1.390520310808117888e+00
1.390520310808116999e+00
1.390520310808116999e+00
1.390520310808116999e+00
1.390520310808116999e+00
1.390520310805641424e+00
1.390520310755020805e+00
1.390520309758893847e+00
1.390520294845329463e+00
1.390520108999377502e+00
1.390518002802766606e+00
1.390499120294130808e+00
1.390356496755136062e+00
1.389413529756961863e+00
1.384390177034353187e+00
1.362744944137560976e+00
1.295800642739197484e+00
1.189746536645602148e+00
1.144940053753572995e+00
1.143603881372337483e+00
1.143603596144471934e+00
1.143603596144471490e+00
1.143603596144471490e+00
1.143603596144471490e+00
1.143603596144471490e+00
1.143603596143585088e+00
1.143603596125460031e+00
1.143603595768793113e+00
1.143603590428934336e+00
1.143603523886074669e+00
1.143602769753556014e+00
1.143596008734624192e+00
1.143544937994549038e+00
1.143207130776605851e+00
1.141403201042582749e+00
1.133545074469414438e+00
1.108332245879082079e+00
1.065334777488683882e+00
1.045932821364048193e+00
1.045342187484004759e+00
1.045342061327488858e+00
1.045342061327488414e+00
1.045342061327488414e+00
1.045342061327488414e+00
1.045342061327488414e+00
1.045342061321601568e+00
1.045342061205757345e+00
1.045342059471386698e+00
1.045342037858458806e+00
1.045341792918290436e+00
1.045339596948628325e+00
1.045323008701610101e+00
1.045213261745524091e+00
1.044626491813727132e+00
1.042056452776422226e+00
1.033653626475311338e+00
1.018747165196853377e+00
1.011770460691407747e+00
1.011555542036561173e+00
1.011555496114800778e+00
1.011555496114800556e+00
1.011555496114800556e+00
1.011555496114800556e+00
1.011555496114800556e+00
1.011555496113222485e+00
1.011555496082165773e+00
1.011555495617200817e+00
1.011555489823019904e+00
1.011555424157326355e+00
1.011554835441660138e+00
1.011550388254646604e+00
1.011520963331988820e+00
1.011363565062032732e+00
1.010672655639108575e+00
1.008396422316067520e+00
1.004292110797744275e+00
1.002341397263034173e+00
1.002280999144861129e+00
1.002280986237604976e+00
1.002280986237604976e+00
1.002280986237604976e+00
1.002280986237604976e+00
1.002280986237604976e+00
1.002280986237277238e+00
1.002280986230829951e+00
1.002280986134304053e+00
1.002280984931443575e+00
1.002280971299373658e+00
1.002280849083088343e+00
1.002279925851641496e+00
1.002273817106287934e+00
1.002241135751241075e+00
1.002097583760948929e+00
1.001623545726886055e+00
1.000764514255322757e+00
1.000354284464087140e+00
1.000341562795541206e+00
1.000341560076753789e+00
1.000341560076753789e+00
1.000341560076753789e+00
1.000341560076753789e+00
1.000341560076753789e+00
1.000341560075747926e+00
1.000341560060688861e+00
1.000341559873030972e+00
1.000341557746294407e+00
1.000341538679354381e+00
1.000341394646061532e+00
1.000340441615355846e+00
1.000335342802081584e+00
1.000312943076257621e+00
1.000238936124862033e+00
1.000104673205205241e+00
1.000040487439928683e+00
1.000038496260258647e+00
1.000038495834713048e+00
1.000038495834713048e+00
1.000038495834713048e+00
1.000038495834713048e+00
1.000038495834713048e+00
1.000038495834596031e+00
1.000038495832845653e+00
1.000038495811032657e+00
1.000038495563823737e+00
1.000038493347510826e+00
1.000038476605290771e+00
1.000038365826282805e+00
1.000037773143914954e+00
1.000035169352729403e+00
1.000026565896486419e+00
1.000010954690927045e+00
1.000003490285318319e+00
1.000003258709955878e+00
1.000003258660464578e+00
1.000003258660464578e+00
1.000003258660464578e+00
1.000003258660464578e+00
1.000003258660312921e+00
1.000003258658423988e+00
1.000003258637016890e+00
1.000003258445093302e+00
1.000003256995285694e+00
1.000003247402276862e+00
1.000003196078375511e+00
1.000002970599908503e+00
1.000002225565516767e+00
1.000000873650431110e+00
1.000000227226604199e+00
1.000000207171841238e+00
1.000000207167555333e+00
1.000000207167555333e+00
1.000000207167555333e+00
1.000000207167555333e+00
1.000000207167545563e+00
1.000000207167423438e+00
1.000000207166039434e+00
1.000000207153632248e+00
1.000000207059907664e+00
1.000000206439754846e+00
1.000000203121853115e+00
1.000000188545494773e+00
1.000000140381702041e+00
1.000000052985084542e+00
1.000000011195949945e+00
1.000000009899475684e+00
1.000000009899198572e+00
1.000000009899198572e+00
1.000000009899198572e+00
1.000000009899198572e+00
1.000000009899198128e+00
1.000000009899192355e+00
1.000000009899125297e+00
1.000000009898525111e+00
1.000000009893990960e+00
1.000000009863989847e+00
1.000000009703480019e+00
1.000000008998320755e+00
1.000000006668304575e+00
1.000000002440324387e+00
1.000000000418693968e+00
1.000000000355974361e+00
1.000000000355961038e+00
1.000000000355961038e+00
1.000000000355961038e+00
1.000000000355961038e+00
1.000000000355960816e+00
1.000000000355958374e+00
1.000000000355936614e+00
1.000000000355772078e+00
1.000000000354683394e+00
1.000000000348858498e+00
1.000000000323268967e+00
1.000000000238715270e+00
1.000000000085286223e+00
1.000000000011923351e+00
1.000000000009647394e+00
1.000000000009646950e+00
1.000000000009646950e+00
1.000000000009646950e+00
1.000000000009646950e+00
1.000000000009646950e+00
1.000000000009646728e+00
1.000000000009646284e+00
1.000000000009641843e+00
1.000000000009612089e+00
1.000000000009453105e+00
1.000000000008754775e+00
1.000000000006447731e+00
1.000000000002261524e+00
1.000000000000259792e+00
1.000000000000197620e+00
1.000000000000197620e+00
1.000000000000197620e+00
1.000000000000197620e+00
1.000000000000197620e+00
1.000000000000197620e+00
1.000000000000197620e+00
1.000000000000197620e+00
1.000000000000197620e+00
1.000000000000196954e+00
1.000000000000193623e+00
1.000000000000179412e+00
1.000000000000131894e+00
1.000000000000045963e+00
1.000000000000004663e+00
1.000000000000003331e+00
1.000000000000003331e+00
1.000000000000003331e+00
1.000000000000003331e+00
1.000000000000003331e+00
1.000000000000003331e+00
1.000000000000003331e+00
1.000000000000003331e+00
1.000000000000003331e+00
1.000000000000003331e+00
1.000000000000003109e+00
1.000000000000002442e+00
1.000000000000001110e+00
1.000000000000000444e+00
1.000000000000000444e+00
1.000000000000000444e+00
1.000000000000000444e+00
1.000000000000000444e+00
1.000000000000000444e+00
1.000000000000000444e+00
1.000000000000000444e+00
1.000000000000000444e+00
1.000000000000000444e+00
1.000000000000000444e+00
1.000000000000000444e+00
1.000000000000000444e+00
1.000000000000000444e+00
1.000000000000000444e+00
1.000000000000000444e+00
1.000000000000000444e+00
1.000000000000000444e+00
1.000000000000000444e+00
1.000000000000000444e+00
1.000000000000000444e+00
1.000000000000000444e+00
1.000000000000000444e+00
1.000000000000000444e+00
1.000000000000000444e+00
1.000000000000000444e+00
1.000000000000000444e+00
1.000000000000000444e+00
1.000000000000000444e+00
1.000000000000000444e+00
1.000000000000000444e+00
1.000000000000000444e+00
1.000000000000000444e+00
1.000000000000000444e+00
1.000000000000000444e+00
1.000000000000000444e+00
1.000000000000000444e+00
1.000000000000000444e+00
1.000000000000000444e+00
1.000000000000000444e+00
1.000000000000000444e+00
1.000000000000000444e+00
1.000000000000000444e+00
1.000000000000000444e+00
1.000000000000000444e+00
1.000000000000000444e+00
1.000000000000000444e+00
1.000000000000000444e+00
1.000000000000000444e+00
1.000000000000000444e+00
1.000000000000000444e+00
1.000000000000000444e+00
1.000000000000000444e+00
1.000000000000000444e+00
1.000000000000000444e+00
1.000000000000000444e+00
1.000000000000000444e+00
1.000000000000000444e+00
1.000000000000000444e+00
1.000000000000000444e+00
1.000000000000000444e+00
1.000000000000000444e+00
1.000000000000000444e+00
1.000000000000000444e+00
1.000000000000000444e+00
1.000000000000000444e+00
1.000000000000000444e+00
1.000000000000000444e+00
1.000000000000000444e+00
1.000000000000000444e+00
1.000000000000000444e+00
1.000000000000000444e+00
1.000000000000000444e+00
1.000000000000000444e+00
1.000000000000000444e+00
1.000000000000000444e+00
1.000000000000000444e+00
1.000000000000000444e+00
1.000000000000000444e+00
1.000000000000000444e+00
1.000000000000000444e+00
1.000000000000000444e+00
1.000000000000000444e+00
1.000000000000000444e+00
1.000000000000000444e+00
1.000000000000000444e+00
1.000000000000000444e+00
1.000000000000000444e+00
1.000000000000000444e+00
1.000000000000000444e+00
1.000000000000000444e+00
1.000000000000000444e+00
1.000000000000000444e+00
1.000000000000000444e+00
1.000000000000000444e+00
1.000000000000000444e+00
1.000000000000000444e+00
1.000000000000000444e+00
1.000000000000000444e+00
1.000000000000000444e+00
1.000000000000000444e+00
1.000000000000000444e+00
1.000000000000000444e+00
1.000000000000000444e+00
1.000000000000000444e+00
1.000000000000000444e+00
1.000000000000000444e+00
1.000000000000000444e+00
1.000000000000000444e+00
1.000000000000000444e+00
1.000000000000000444e+00
1.000000000000000444e+00
1.000000000000000444e+00
1.000000000000000444e+00
1.000000000000000444e+00
1.000000000000000444e+00
1.000000000000000444e+00
1.000000000000000444e+00
1.000000000000000444e+00
1.000000000000000444e+00
1.000000000000000444e+00
1.000000000000000444e+00
1.000000000000000444e+00
1.000000000000000444e+00
1.000000000000000444e+00
1.000000000000000444e+00
1.000000000000000444e+00
1.000000000000000444e+00
1.000000000000000444e+00
1.000000000000000444e+00
1.000000000000000444e+00
1.000000000000000444e+00
1.000000000000000444e+00
1.000000000000000444e+00
1.000000000000000444e+00
1.000000000000000444e+00
1.000000000000000444e+00
1.000000000000000444e+00
1.000000000000000444e+00
1.000000000000000444e+00
1.000000000000000444e+00
1.000000000000000444e+00
1.000000000000000444e+00
1.000000000000000444e+00
1.000000000000000444e+00
1.000000000000000444e+00
1.000000000000000444e+00
1.000000000000000444e+00
1.000000000000000444e+00
1.000000000000000444e+00
1.000000000000000444e+00
1.000000000000000444e+00
1.000000000000000444e+00
1.000000000000000444e+00
1.000000000000000444e+00
1.000000000000000444e+00
1.000000000000000444e+00
1.000000000000000444e+00
1.000000000000000444e+00
1.000000000000000444e+00
1.000000000000000444e+00
1.000000000000000444e+00
1.000000000000000444e+00
1.000000000000000444e+00
1.000000000000000444e+00
1.000000000000000444e+00
1.000000000000000444e+00
1.000000000000000444e+00
1.000000000000000444e+00
1.000000000000000444e+00
1.000000000000000444e+00
1.000000000000000444e+00
1.000000000000000444e+00
1.000000000000000444e+00
1.000000000000000444e+00
1.000000000000000444e+00
1.000000000000000444e+00
1.000000000000000444e+00
1.000000000000000444e+00
1.000000000000000444e+00
1.000000000000000444e+00
1.000000000000000444e+00
1.000000000000000444e+00
1.000000000000000444e+00
1.000000000000000444e+00
1.000000000000000444e+00
1.000000000000000444e+00
1.000000000000000444e+00
1.000000000000000444e+00
1.000000000000000444e+00
1.000000000000000444e+00
1.000000000000000444e+00
1.000000000000000444e+00
1.000000000000000444e+00
1.000000000000000444e+00
1.000000000000000444e+00
1.000000000000000444e+00
1.000000000000000444e+00
1.000000000000000444e+00
1.000000000000000444e+00
1.000000000000000444e+00
1.000000000000000444e+00
1.000000000000000444e+00
1.000000000000000444e+00
1.000000000000000444e+00
1.000000000000000444e+00
1.000000000000000444e+00
1.000000000000000444e+00
1.000000000000000444e+00
1.000000000000000444e+00
1.000000000000000444e+00
1.000000000000000444e+00
1.000000000000000444e+00
1.000000000000000444e+00
1.000000000000000444e+00
1.000000000000000444e+00
1.000000000000000444e+00
1.000000000000000444e+00
1.000000000000000444e+00
1.000000000000000444e+00
1.000000000000000444e+00
1.000000000000000444e+00
1.000000000000000444e+00
1.000000000000000444e+00
1.000000000000000444e+00
1.000000000000000444e+00
1.000000000000000444e+00
1.000000000000000444e+00
1.000000000000000444e+00
1.000000000000000444e+00
1.000000000000000444e+00
1.000000000000000444e+00
1.000000000000000444e+00
1.000000000000000444e+00
1.000000000000000444e+00
1.000000000000000444e+00
1.000000000000000444e+00
1.000000000000000444e+00
