2.163090211001414928e+78
9.742413552810678945e+74
9.742413552592649591e+74
9.554397429048545527e+74
9.548655983335532969e+74
3.892294280895953629e+74
3.892294280398567638e+74
3.892294280373638505e+74
3.892262634913380683e+74
3.892262634878903827e+74
3.752737679365185446e+74
3.752737674110917854e+74
3.740776505292415633e+74
3.740776505292093743e+74
3.740776505271535481e+74
3.740776494643847850e+74
3.740595287022649654e+74
3.740595286981716924e+74
2.426526683329450297e+74
2.426526492326018370e+74
2.426526492177922458e+74
2.404800669980840720e+74
2.404800433954578724e+74
2.404800422825942720e+74
2.404800422825942218e+74
2.404781995793590059e+74
2.404589356751234590e+74
2.404589356751232079e+74
2.404589356746195333e+74
2.404589356746194328e+74
2.404589317288207780e+74
2.404589317287034715e+74
2.404589234713128790e+74
2.404589234637773439e+74
2.404588524685083769e+74
2.404585699031026935e+74
2.404585699029029311e+74
2.404585699027563984e+74
2.404585699005199926e+74
1.931713515862052322e+74
1.931334516778447408e+74
1.931334516778086098e+74
1.931334479607404868e+74
1.931332452645214027e+74
1.931332452645213525e+74
1.931332452645212018e+74
3.000862777606095081e+72
3.000862443732510538e+72
3.000862309032224023e+72
3.000862309031918014e+72
3.000862309031918014e+72
3.000862309024718178e+72
3.000862290474917446e+72
3.000862290473952342e+72
3.000862289283903694e+72
3.000862289045017210e+72
3.000862289045015248e+72
3.000862289045014856e+72
3.000862289044934038e+72
3.000833801995978486e+72
3.000833800835104629e+72
2.821282752733150169e+72
2.821282752733149384e+72
2.821282752733149384e+72
2.720838439608324098e+72
2.719863075041346323e+72
2.719863075013138205e+72
2.719863074921646308e+72
2.719863074894894478e+72
2.719863074894894085e+72
2.719863074894894085e+72
2.376846861648262880e+72
2.376846861647935294e+72
2.376846861600525129e+72
2.376846861600524344e+72
2.376846861600523952e+72
2.376846861591451186e+72
2.376846861591442555e+72
2.376841511751342421e+72
2.376841511751342421e+72
2.376841511751342421e+72
2.376839183112822131e+72
2.376839183112821347e+72
2.376771582009964814e+72
2.376769503523318039e+72
2.376769503523317646e+72
2.376769499439265776e+72
2.376769499439265776e+72
2.376769499438708290e+72
2.376769498422086155e+72
2.376764581677642762e+72
2.376764581677642762e+72
2.376763978986531822e+72
2.376763978986529861e+72
2.376763978986522014e+72
2.376763978712832140e+72
2.376763978712832140e+72
2.376763977705664105e+72
1.982988993159208388e+72
1.982988993159142086e+72
1.982871942762740320e+72
1.982871911937757212e+72
1.981560956930771124e+72
1.981560956930764454e+72
5.084392717330881714e+71
4.920396976390449941e+71
4.920396976277973105e+71
4.920396976277965259e+71
4.920396976277965259e+71
4.920058665990176171e+71
4.917981856811130602e+71
4.917981819484451059e+71
1.717774626300900712e+71
1.717774626300900467e+71
1.717774626300834263e+71
1.717774626280071278e+71
1.608597501490311125e+71
1.063302189401319086e+71
1.061532981155908979e+71
1.061532882157776774e+71
2.522420446533631351e+70
2.522420197169181924e+70
1.384772794952033677e+70
1.384741703949870489e+70
1.384741703947439031e+70
1.358774899434732681e+70
1.334593604076750363e+70
5.214527160813197766e+69
5.214527160813197766e+69
5.214527160813197766e+69
5.214506510378916754e+69
5.214506510378180389e+69
1.516759586929314903e+69
1.516759585445154463e+69
1.516759585318633164e+69
1.153057868229995334e+69
1.153054886850911353e+69
1.153054886850910970e+69
1.049178916897108346e+69
2.396405733998231511e+68
2.396341374080311169e+68
2.394304407170342397e+68
1.044369475123871267e+68
1.044369473131257230e+68
1.044369473131257230e+68
1.044369473131256392e+68
1.044369473131239031e+68
9.470944633658570918e+67
9.470944633350455506e+67
6.786789728115213679e+67
6.781004654949701163e+67
6.781003614167662439e+67
1.229961300997399701e+67
1.229961230811182826e+67
1.229961230811182826e+67
7.829676615956315102e+66
7.829265495768005635e+66
7.829265495762505712e+66
7.624218085451010122e+66
7.562557355202947564e+66
3.505363382347192379e+66
3.505363382347192379e+66
3.505363382347192379e+66
3.505352335582473991e+66
3.505352335582473991e+66
7.605623200712549686e+65
7.605623200711785496e+65
7.605623191097242958e+65
7.605623190872152998e+65
6.206611949526515711e+65
6.206576219006733367e+65
6.206576219006733367e+65
5.952182966973639683e+65
1.695632626480071381e+65
1.695594482189282319e+65
1.693057686972007846e+65
5.619671169697425465e+64
5.619671165615242105e+64
5.619671165615242105e+64
5.619671165615242105e+64
5.619671165615230413e+64
5.619671165615208198e+64
5.209368703728610341e+64
5.209368703488445284e+64
4.435542562567518139e+64
4.432616883347839833e+64
4.432615043810894765e+64
9.112535980644232995e+63
9.112535708058356877e+63
9.112535708058356877e+63
4.718075281904321538e+63
4.717703716540518535e+63
4.717703716539603635e+63
4.611206681971024411e+63
4.584444879805397011e+63
2.933680037777009757e+63
2.933680037777009757e+63
2.933680037777009757e+63
2.933674563195233672e+63
2.933674563195233672e+63
5.919217026720091619e+62
5.919217026718898668e+62
5.919217002630712761e+62
5.919217002568239960e+62
4.269776564609985616e+62
4.269776564609985616e+62
4.269734475048428737e+62
4.269734475048428737e+62
4.126122854008372895e+62
1.722392651147894346e+62
1.722364803470687276e+62
1.718636980668637406e+62
4.675016875930935090e+61
4.675016874636409444e+61
4.675016874636409444e+61
4.675016874636409444e+61
4.675016874636388892e+61
4.675016874636378615e+61
4.085528825144132673e+61
4.085528825144132673e+61
4.085528824533116518e+61
3.516042517403619568e+61
3.514741380073401408e+61
3.514738501280439950e+61
1.016600650367557353e+61
1.016600634822255225e+61
1.016600634822255225e+61
4.305714341205900643e+60
4.305273339830124672e+60
4.305273339829635126e+60
4.305273339829635126e+60
4.114320326647888570e+60
4.099213663205532797e+60
2.569071468445939316e+60
2.569071468445939316e+60
2.569071468445939316e+60
2.569069544681602074e+60
2.569069544681602074e+60
6.799270633219467426e+59
6.799270633212955608e+59
6.799270633212955608e+59
6.799270554102120856e+59
6.799270554049127149e+59
4.299974703734850495e+59
4.299974703734850495e+59
4.299913869458290023e+59
4.299913869458290023e+59
4.195854165076602974e+59
1.565635654250694706e+59
1.565625110777266389e+59
1.558856876111655433e+59
5.290131597734817452e+58
5.290131596669160732e+58
5.290131596669160732e+58
5.290131596669160732e+58
5.290131596669051458e+58
5.290131596669046998e+58
4.358102134376139741e+58
4.358102134376139741e+58
4.358102132645581285e+58
3.883375531723176402e+58
3.882648109403793265e+58
3.882643102908086103e+58
3.882643102908086103e+58
9.214906904283806926e+57
9.214906822169286642e+57
9.214906822169286642e+57
4.631979828145783707e+57
4.630856110067079342e+57
4.630856110066857728e+57
4.630856110066857728e+57
4.346630066780376703e+57
4.338889465108742491e+57
3.000498630582536431e+57
3.000498630582536431e+57
3.000498630582535734e+57
3.000496943539763629e+57
3.000496943539763629e+57
6.197586570203577373e+56
6.197586570190112427e+56
6.197586570190112427e+56
6.197586476517890684e+56
6.197586476500689492e+56
4.349527621528988544e+56
4.349527621528988544e+56
4.349390555884717566e+56
4.349390555884717566e+56
4.299963000834580518e+56
1.938534305444032408e+56
1.938523913673945837e+56
1.924968945716180637e+56
5.005488086731268623e+55
5.005488086358549997e+55
5.005488086358549997e+55
5.005488086358549997e+55
5.005488086358307171e+55
5.005488086358306082e+55
4.306598951629859591e+55
4.306598951629859591e+55
4.306598949221537000e+55
4.080717142438081944e+55
4.080200717899204194e+55
4.080188542715413316e+55
4.080188542715413316e+55
1.203828835300253470e+55
1.203828835300253470e+55
1.203828829825413854e+55
1.203828829825413854e+55
4.758031329703741983e+54
4.756478354712896465e+54
4.756478354712834534e+54
4.756478354712834534e+54
4.513370984742809713e+54
4.508002295535324714e+54
3.718375519820413820e+54
3.718375519820413820e+54
3.718375519820411098e+54
3.718374507659125960e+54
3.718374507659125960e+54
8.512266477636541265e+53
8.512266477600340326e+53
8.512266477600340326e+53
8.512266088473270783e+53
8.512266088464661639e+53
5.034397615511980751e+53
5.034397615511980751e+53
5.034157093622771142e+53
5.034157093622771142e+53
5.034157093622771142e+53
4.991462758877563747e+53
3.028901645453243577e+53
3.028891734448797788e+53
3.002399565965113182e+53
7.251379160774708531e+52
7.251379160567156491e+52
7.251379160567156491e+52
7.251379160567156491e+52
7.251379160567156491e+52
7.251379160566429137e+52
7.251379160566428074e+52
5.672662118778958447e+52
5.672662118778958447e+52
5.672662109577535026e+52
5.418664763626360395e+52
5.418309010457765864e+52
5.418280887482240184e+52
5.418280887482240184e+52
2.208032140337894545e+52
2.208032140337894545e+52
2.208032135450815551e+52
2.208032135450815551e+52
7.395332161136085105e+51
7.392323647650398838e+51
7.392323647650398838e+51
7.392323647650345669e+51
7.392323647650345669e+51
6.725813590584884035e+51
6.721153700962749117e+51
5.584447607948825072e+51
5.584447607948825072e+51
5.584447607948817097e+51
5.584447002189069106e+51
5.584447002189069106e+51
1.683097778460845633e+51
1.683097778429678892e+51
1.683097778429678892e+51
1.683097579159687790e+51
1.683097579158500457e+51
8.559005797160486378e+50
8.559005797160486378e+50
8.558448277296710425e+50
8.558448277296710425e+50
8.558448277296710425e+50
8.510103518355546792e+50
4.976067658887264383e+50
4.976060561191903325e+50
4.892111353632261032e+50
1.462630587945294544e+50
1.462630587915509245e+50
1.462630587915509245e+50
1.462630587915509245e+50
1.462630587915509245e+50
1.462630587914857092e+50
1.462630587914857092e+50
1.046844825691488055e+50
1.046844825691488055e+50
1.046844821586914250e+50
1.012624461372763153e+50
1.012591494930185824e+50
1.012583617894353959e+50
1.012583617894353959e+50
3.686416522447610562e+49
3.686416522447610562e+49
3.686416517642582723e+49
3.686416517642582723e+49
1.463381962005440182e+49
1.461988214144249396e+49
1.461988214144249396e+49
1.461988214144244982e+49
1.461988214144244982e+49
1.283944402814041918e+49
1.283493665413712855e+49
1.114286546580753536e+49
1.114286546580753536e+49
1.114286546580746007e+49
1.114286461509602595e+49
1.114286461509602595e+49
2.804324240504370657e+48
2.804324240391040016e+48
2.804324240391040016e+48
2.804323796740200721e+48
2.804323796739476396e+48
1.613658527876843525e+48
1.613658527876843525e+48
1.613658527876843525e+48
1.613423958413755857e+48
1.613423958413755857e+48
1.613423958413755857e+48
1.608852225459071390e+48
1.055310702467817923e+48
1.055309576426944911e+48
1.028817933080910586e+48
2.467118901208539112e+47
2.467118901189917832e+47
2.467118901189917832e+47
2.467118901189917832e+47
2.467118901189917832e+47
2.467118901189917832e+47
2.467118901187487593e+47
2.467118901187487593e+47
2.467118901187487593e+47
1.887642213354366682e+47
1.887642202651392680e+47
1.857607444030426765e+47
1.857568311616025177e+47
1.857568311616025177e+47
1.857536931883309706e+47
8.248932320624795286e+46
8.248932320624795286e+46
8.248932315338211590e+46
8.248932315338211590e+46
2.589645032530586208e+46
2.586557575526422926e+46
2.586557575526422926e+46
2.586557575526420897e+46
2.586557575526420897e+46
2.325168772171250459e+46
2.324647284904499490e+46
2.166541159194998042e+46
2.166541159194998042e+46
2.166541159194960773e+46
2.166541088528240150e+46
2.166541088528240150e+46
2.166541087985754399e+46
6.648724641955808880e+45
6.648724641955808880e+45
6.648724641955808880e+45
6.648721689857842576e+45
6.648721689857210018e+45
3.129286314701828559e+45
3.129286314701828559e+45
3.129286314701828559e+45
3.128662190255115660e+45
3.128662190255115660e+45
3.128662190255115660e+45
3.122592888237264221e+45
2.458491419658926909e+45
2.458490076820921198e+45
2.392720583471156748e+45
6.166379750795346682e+44
6.166379750777263646e+44
6.166379750777263646e+44
6.166379750777263646e+44
6.166379750777263646e+44
6.166379750777263646e+44
6.166379750765087862e+44
6.166379750765087862e+44
6.166379750765087862e+44
4.129411416201572098e+44
4.129411355568337762e+44
4.078526277010066710e+44
4.078484826244354453e+44
4.078484826244354453e+44
4.078377795344103293e+44
2.358413619751756487e+44
2.358413619751756487e+44
2.358413619080000308e+44
2.358413619080000308e+44
6.854086947252159778e+43
6.844179014376223052e+43
6.844179014376223052e+43
6.844179014376220081e+43
6.844179014376220081e+43
5.745439774522336199e+43
5.744740064082809062e+43
5.744740064082809062e+43
5.401158016742141359e+43
5.401158016742141359e+43
5.401158016741956163e+43
5.401157948469266881e+43
5.401157948469266881e+43
5.401157948469266881e+43
5.401157944478122446e+43
2.165655442985262415e+43
2.165655442985262415e+43
2.165653226889988511e+43
2.165653226889857289e+43
8.907971605417296864e+42
8.907971605417296864e+42
8.907971605417296864e+42
8.905654288501301415e+42
8.905654288501301415e+42
8.905654288501301415e+42
8.894840913585030877e+42
6.996005864455555831e+42
6.996004174096833167e+42
6.661041878539157494e+42
2.129795590585240149e+42
2.129795590585240149e+42
2.129795590581023725e+42
2.129795590581023725e+42
2.129795590581023725e+42
2.129795590581023106e+42
2.129795590563829666e+42
2.129795590563829666e+42
2.129795590563829666e+42
1.278702377857329167e+42
1.278702336720647891e+42
1.267938693701854100e+42
1.267932466154966389e+42
1.267932466154966389e+42
1.267885066799166562e+42
1.267885066799166562e+42
7.044884393173213644e+41
7.044884393173213644e+41
7.044884392001576126e+41
7.044884392001576126e+41
2.400603011021971219e+41
2.392803289828439209e+41
2.392803289828439209e+41
2.392803289828438823e+41
2.392803289828438823e+41
1.897254463058643951e+41
1.897135847708796943e+41
1.813428312474708095e+41
1.813428312474708095e+41
1.813428312474460507e+41
1.813428312474460507e+41
1.813428312474460507e+41
1.813428297431004639e+41
1.813428297431004639e+41
1.813428294247685156e+41
6.548202859371170317e+40
6.548202859371170317e+40
6.548193575537730969e+40
6.548193575537580095e+40
3.048245744892309617e+40
3.048245744892309617e+40
3.048245744892309617e+40
3.046501803680588915e+40
3.046501803680588915e+40
3.046501803680588915e+40
3.044533592747132069e+40
2.528404095953868611e+40
2.528403664389948734e+40
2.360789307653560645e+40
2.360789307653560645e+40
6.450657595226490667e+39
6.450657595221635621e+39
6.450657595221635621e+39
6.450657595221635621e+39
6.450657595221630785e+39
6.450657595110033634e+39
6.450657595110033634e+39
6.450657595110033634e+39
4.202664025929664180e+39
4.202663822313054405e+39
4.184514788225710392e+39
4.184514788225710392e+39
4.184501530011077373e+39
4.184169643887430585e+39
4.184169643887430585e+39
2.648355671244265721e+39
2.648355671244265721e+39
2.648355671036394856e+39
2.648355671036394856e+39
2.648355671036394856e+39
7.428007593745070734e+38
7.398853979396088030e+38
7.398853979396088030e+38
7.398853979396088030e+38
6.093119938005509216e+38
6.093119938005509216e+38
6.092880797651313211e+38
5.955632029027509311e+38
5.955632029027509311e+38
5.955632029025618098e+38
5.955632029025618098e+38
5.955632029025618098e+38
5.955632029025618098e+38
5.955632008655283017e+38
5.955631992922384358e+38
2.615751641973115587e+38
2.615751641973115587e+38
2.615742118073990494e+38
2.615742118073968205e+38
9.992015303783146844e+37
9.992015303783146844e+37
9.984695958514120505e+37
9.984695958514120505e+37
9.984695958514120505e+37
9.984695958514120505e+37
9.980562506760144208e+37
9.980562506760144208e+37
9.040158100851437990e+37
9.040157408223681889e+37
8.469669182526833936e+37
8.469669182526833936e+37
2.735025431846602899e+37
2.735025431845799624e+37
2.735025431845799624e+37
2.735025431845799624e+37
2.735025431845793957e+37
2.735025431753866955e+37
2.735025431753866955e+37
2.735024877350093262e+37
1.519479711080362963e+37
1.519479711080362963e+37
1.514836504517472050e+37
1.514836504517472050e+37
1.514836504517472050e+37
1.514666593021997020e+37
1.514664412174406867e+37
1.141993652946285957e+37
1.141993652946285957e+37
1.141993652910728190e+37
1.141993652910728190e+37
1.141993652910728190e+37
3.328760805756385765e+36
3.313237385222696786e+36
3.313237385222696786e+36
3.313237385222696786e+36
2.475346294342624429e+36
2.475346294342624429e+36
2.475346294342624429e+36
2.475296743695095545e+36
2.430812095880637462e+36
2.430812095880637462e+36
2.430812095879193894e+36
2.430812095879193894e+36
2.430812095879193894e+36
2.430812095879193894e+36
2.430812079029367041e+36
2.430812075907534816e+36
1.342900005857314454e+36
1.342900005857314454e+36
1.342890199416562148e+36
1.342890199416555950e+36
4.753531631296439162e+35
4.753531631296439162e+35
4.749137105016365230e+35
4.749137105016365230e+35
4.749137105016365230e+35
4.749137105016365230e+35
4.749137105016365230e+35
4.747962908806370990e+35
4.329196528009837532e+35
4.329196381884074625e+35
3.886945693831202019e+35
3.886945693831202019e+35
1.557382326496193161e+35
1.557382326495908343e+35
1.557382326495908343e+35
1.557382326495908343e+35
1.557382326495899858e+35
1.557382326304275634e+35
1.557382326304275634e+35
1.557381624044667673e+35
7.783299750573304939e+34
7.783299750573304939e+34
7.783299750573304939e+34
7.783299750573304939e+34
7.767987984754780025e+34
7.766802523312837393e+34
7.766797248094874226e+34
5.852523911164082865e+34
5.852523911164082865e+34
5.852523911061961690e+34
5.852523911061961690e+34
5.852523911061961690e+34
5.852523911061961690e+34
1.993077777854620828e+34
1.973549094042476161e+34
1.973549094042476161e+34
1.973549094042476161e+34
1.367636279755283752e+34
1.367636279755283752e+34
1.367622364626280031e+34
1.350479580611242241e+34
1.350479580608378154e+34
1.350479580608378154e+34
1.350479580608378154e+34
1.350479580608378154e+34
1.350479580608378154e+34
1.350479560290769677e+34
1.350479559237091425e+34
7.184349125648906553e+33
7.184349125648906553e+33
7.184274653436513592e+33
7.184274653436500910e+33
2.853426584832900050e+33
2.853426584832900050e+33
2.847846859547365025e+33
2.847846859547365025e+33
2.847846859547365025e+33
2.847846859547365025e+33
2.847846859547365025e+33
2.847458389983924351e+33
2.654156233373834041e+33
2.654156173313138234e+33
2.301407569901046193e+33
2.301407569901046193e+33
8.426475007202767249e+32
8.426475007202161965e+32
8.426475007202161965e+32
8.426475007202003439e+32
8.426475007202003439e+32
8.426475005010432244e+32
8.426475005010432244e+32
8.426475005010432244e+32
8.426469549998993219e+32
4.574952233199999183e+32
4.574952233199999183e+32
4.574952233199999183e+32
4.574952233199999183e+32
4.574952233199999183e+32
4.570081124955315910e+32
4.568634035373240604e+32
4.568632039403616800e+32
3.679791559092531880e+32
3.679791559092531880e+32
3.679791559063186425e+32
3.679791559063186425e+32
3.679791559063186425e+32
3.679791559063186425e+32
1.088735653946128562e+32
1.075956256189187362e+32
1.075956256189187362e+32
1.075956256189187362e+32
7.822447066678452395e+31
7.770544889704638335e+31
7.770495767728500781e+31
7.770495767728500781e+31
7.770495767691455072e+31
7.770495767691455072e+31
7.770495767691453270e+31
7.770495767691453270e+31
7.770495589210996096e+31
7.770495589210996096e+31
7.770495586675328093e+31
4.751138994041038176e+31
4.751138994041038176e+31
4.751024110613986153e+31
4.751024110613983451e+31
1.604028316429990067e+31
1.604028316429990067e+31
1.600155772881261336e+31
1.600155772881261336e+31
1.600155772881261336e+31
1.600155772881261336e+31
1.600155772881261336e+31
1.600021652030444200e+31
1.541969438299810219e+31
1.541969423564751238e+31
1.354476563025095503e+31
1.354476563025095503e+31
5.942978636808556256e+30
5.942978636808390749e+30
5.942978636808083378e+30
5.942978636808083378e+30
5.942978633915613866e+30
5.942978633915613866e+30
5.942978633915613866e+30
5.942978633915613866e+30
5.942969062851543350e+30
2.750630521129293131e+30
2.750630521129293131e+30
2.750630521129293131e+30
2.750630521129293131e+30
2.750630521129293131e+30
2.748704314882441152e+30
2.747554171567892484e+30
2.747553646836834891e+30
2.423663814028789534e+30
2.423663814028789534e+30
2.423663814021799385e+30
2.423663814021799385e+30
2.423663814021799385e+30
2.423663814021799385e+30
2.327980283816449342e+30
8.054758321129630159e+29
8.054758321129630159e+29
8.054758321129630159e+29
5.198540598680494319e+29
5.198540598680494319e+29
5.198540598636501188e+29
5.173428871250137057e+29
5.173413044410071666e+29
5.173413044410071666e+29
5.173413044410068852e+29
5.173412765351077716e+29
5.173412765351077716e+29
5.173412765351077716e+29
3.723935124983111986e+29
3.723935124663333894e+29
3.723935124663333894e+29
3.723780046348277130e+29
3.723780046348276427e+29
1.270684835184810131e+29
1.270684835184810131e+29
1.266909134856427223e+29
1.266909134856427223e+29
1.266909134856427223e+29
1.266909134856427223e+29
1.266909134856427223e+29
1.266848020799859010e+29
1.266848020799859010e+29
1.266848020799859010e+29
1.226857148898437514e+29
1.226857143776458297e+29
1.226857143776458297e+29
1.009525754395714195e+29
5.378272100163827587e+28
5.378272100163744904e+28
5.378272100163075521e+28
5.378272091807153947e+28
5.378272091807153947e+28
5.378272091807153947e+28
5.378272091807153947e+28
5.378254867995467894e+28
5.378254867995467894e+28
2.319621693178397630e+28
2.319621693178397630e+28
2.319621693178397630e+28
2.319621693178397630e+28
2.319621693178397630e+28
2.318348583687762810e+28
2.317353690367393900e+28
2.317353485403014408e+28
2.063074145322913032e+28
2.063074145319786460e+28
2.063074145319786460e+28
2.063074145319786460e+28
2.063074145319786460e+28
1.931017534706846653e+28
7.906320054380753310e+27
7.906320054380753310e+27
7.906320054380753310e+27
7.906320054380753310e+27
4.714392072084218491e+27
4.714392072084218491e+27
4.714392071956596527e+27
4.714392071956591579e+27
4.699355680289048539e+27
4.699348509548545833e+27
4.699348509548545833e+27
4.699348003596297180e+27
4.699348003596297180e+27
4.699348003596297180e+27
3.389043503536287318e+27
3.389043503536287318e+27
3.389043503372801483e+27
3.388843845778356984e+27
3.388843845778356435e+27
3.388843845778356435e+27
1.295306025791001718e+27
1.287659551690198162e+27
1.287659551690198162e+27
1.287659551690198162e+27
1.287659551690198162e+27
1.287659551690198162e+27
1.287659551690198162e+27
1.287624885110082534e+27
1.257345346882702483e+27
1.257345346882702483e+27
1.257345346882702483e+27
1.257345343561907712e+27
9.846178211262095715e+26
5.087413168635965839e+26
5.087413168635934229e+26
5.087413168633822479e+26
5.087413152205417953e+26
5.087413152205417953e+26
5.087413152205417953e+26
5.087413152205417953e+26
5.087389195379463496e+26
2.369053709760028666e+26
2.369053709760028666e+26
2.369053709760028666e+26
2.369053709760028666e+26
2.369053709760028666e+26
2.369053709760028666e+26
2.366459426422262009e+26
2.365890116771760439e+26
2.365889984895694995e+26
2.167625176013137629e+26
2.167625176013137629e+26
2.167625176011668750e+26
2.167625176011668750e+26
1.988269862055346053e+26
1.988269862055346053e+26
7.577187565145259590e+25
7.577187565145259590e+25
7.577187565145259590e+25
7.577187565145259590e+25
7.577187565145259590e+25
4.744838407619306670e+25
4.744838407335246982e+25
4.744838407335228084e+25
4.736463024817550668e+25
4.736458528271882236e+25
4.736457729295649208e+25
4.736457729295649208e+25
4.736457729295649208e+25
4.736457729295649208e+25
4.736457729295649208e+25
3.690978118542734976e+25
3.690978118542734976e+25
3.690978118460210615e+25
3.690515248297152038e+25
3.690515248297152038e+25
3.690515248297152038e+25
1.261832517651638491e+25
1.252734554072193676e+25
1.252734554072193676e+25
1.252734554072193676e+25
1.252734554072193676e+25
1.252734554072193676e+25
1.252714299887801348e+25
1.252714299887801348e+25
1.252714299887801348e+25
1.236802939617234020e+25
1.236802939617234020e+25
9.889263623411729634e+24
9.889263614669287196e+24
5.876326345147173877e+24
5.876326345140982681e+24
5.876326345140968723e+24
5.876326311068361803e+24
5.876326311068361803e+24
5.876326311068361803e+24
5.876326311068361803e+24
5.876263834369274998e+24
2.399156008132957079e+24
2.399156008132957079e+24
2.399156008132957079e+24
2.399156008132957079e+24
2.399156008132957079e+24
2.399156008132957079e+24
2.395816741012520296e+24
2.395456511009672179e+24
2.395456453475559981e+24
2.279538279463565771e+24
2.279538279463565771e+24
2.279538279463025411e+24
2.279538279463025411e+24
2.096570187872516170e+24
9.339805171239134838e+23
9.339805171239134838e+23
9.339805171239134838e+23
9.339805171239134838e+23
9.339805171239134838e+23
9.339805171239134838e+23
5.175552574687938987e+23
5.175552574162561139e+23
5.175552574162513491e+23
5.175552574162513491e+23
5.169397846538284717e+23
5.169395986251958746e+23
5.169393706841644466e+23
5.169393706841644466e+23
5.169393706841644466e+23
4.419229918525838884e+23
4.419229918525838884e+23
4.419229918525838884e+23
4.419229918486480206e+23
4.418396932533252291e+23
4.418396932533252291e+23
1.651749239096152393e+23
1.651749239096152393e+23
1.637428866749706745e+23
1.637428866749706745e+23
1.637428866749706745e+23
1.637428866749706745e+23
1.637428866749706745e+23
1.637428866749706745e+23
1.637414140348558182e+23
1.637414140348558182e+23
1.620592428466610152e+23
1.192361539557977741e+23
1.192361539557977741e+23
1.192361539135142070e+23
8.211200039471452416e+22
8.211200039452663611e+22
8.211199909411636956e+22
8.211199909411626890e+22
8.211199909411625212e+22
8.211046761289471335e+22
8.211046761289471335e+22
8.211046761289471335e+22
8.211046761289471335e+22
8.211046761289471335e+22
3.321565990168234557e+22
3.321565990168234557e+22
3.321565990168234557e+22
3.321565990168234557e+22
3.315680008533835147e+22
3.315386367507441071e+22
3.315386330841076675e+22
3.177348404771233255e+22
3.177348404771233255e+22
3.177348404771233255e+22
3.177348404770867092e+22
2.804323967782222404e+22
2.804323967782222404e+22
1.464985721386286291e+22
1.464985721386286291e+22
1.464985721386286291e+22
1.464985721386286291e+22
1.464985721386286291e+22
1.464985721386286291e+22
1.464985720563477722e+22
7.640647708477746053e+21
7.640647708477581427e+21
7.640647708477581427e+21
7.640642606298046661e+21
7.634931514151946682e+21
7.634929859891018334e+21
7.634929859891018334e+21
7.634929859891018334e+21
6.611704166376436400e+21
6.611704166376436400e+21
6.611704166345720463e+21
6.609989005583625224e+21
6.609989005583625224e+21
6.609989005583625224e+21
6.609989005583625224e+21
2.782068057700039655e+21
2.782068057700039655e+21
2.782068057700039655e+21
2.737965010781781098e+21
2.737965010781781098e+21
2.737965010781781098e+21
2.737965010781781098e+21
2.737965010781781098e+21
2.737951312062082187e+21
2.717875867725923877e+21
2.717875867725923877e+21
1.890284481433921651e+21
1.890284481063423574e+21
1.890284481063423574e+21
1.310479028337147904e+21
1.310479028327793295e+21
1.310478986744114446e+21
1.310478986744114184e+21
1.310478986744113660e+21
1.310478986744113660e+21
1.310443101237179056e+21
1.310443101237179056e+21
1.310443101237179056e+21
1.310443101237179056e+21
5.722464533926951649e+20
5.722464533926951649e+20
5.722464533926951649e+20
5.722464533926951649e+20
5.703390400556848906e+20
5.703101329320131953e+20
5.703101329320131953e+20
5.703101291493491999e+20
5.527310402147245097e+20
5.527310402147245097e+20
4.731483847170765619e+20
4.731483847170561802e+20
2.423719399347881902e+20
2.423719399347881902e+20
2.423719399347881902e+20
2.423719399347881902e+20
2.423719399347881902e+20
2.423719399347881902e+20
2.423719399347881902e+20
2.423719399347881902e+20
2.423719396520448819e+20
2.423719396520125399e+20
1.322003141760637174e+20
1.322001736604715745e+20
1.322001736604715745e+20
1.321432737032257864e+20
1.321432564265607987e+20
1.321432564265607987e+20
1.186214927425943798e+20
1.185611365800667546e+20
1.185611365798183895e+20
1.185611365798183895e+20
1.185611365798183895e+20
1.185611365798183895e+20
1.185611365798183895e+20
4.698428886449837670e+19
4.698428886449837670e+19
4.607324896673275904e+19
4.607324896673275904e+19
4.607324896673275904e+19
4.607324896673275904e+19
4.607324896673275904e+19
4.607324896673275904e+19
4.607311372871476019e+19
4.588337174648582963e+19
3.263749355176103526e+19
3.263749355176103526e+19
3.263749354898350490e+19
3.263749354898350490e+19
2.463025540295376896e+19
2.463025540253891379e+19
2.463025540253891379e+19
2.463025405119805850e+19
2.463025405119803392e+19
2.463025405119802982e+19
2.463025405119802982e+19
2.463025405119802982e+19
2.462886790386332877e+19
2.462886790386332877e+19
9.865064529152931840e+18
9.865064529152931840e+18
9.865064529152931840e+18
9.823895066380707840e+18
9.823895066380707840e+18
9.823895066380707840e+18
9.823895066380707840e+18
9.823596052786497536e+18
9.823596052786497536e+18
9.647755545677600768e+18
9.647755518455484416e+18
8.308388091904001024e+18
8.308388091903873024e+18
4.854329110881818624e+18
4.854329110881818624e+18
4.854329110881818624e+18
4.854329110881818624e+18
4.854329110881818624e+18
4.854329110881818624e+18
4.854329110881818624e+18
4.854329110881818624e+18
4.854329100447827968e+18
4.854329100446197760e+18
2.390931919457814016e+18
2.390926893501491200e+18
2.390926893501491200e+18
2.390277922068450304e+18
2.390277779914046976e+18
2.236831186259842816e+18
2.235271481791187712e+18
2.235271481791187712e+18
2.235271481789382400e+18
2.235271481789382400e+18
2.235271481789382400e+18
2.235271481789382400e+18
2.235271481789382400e+18
1.005834413157277568e+18
1.005834413157277568e+18
9.829858386710611200e+17
9.829858386710611200e+17
9.829858386710611200e+17
9.829858386710611200e+17
9.829858386710611200e+17
9.829858386710611200e+17
9.829842906034292480e+17
9.799699251766602240e+17
6.383909222278371840e+17
6.383909222278371840e+17
6.383909222061082880e+17
6.383909222061082880e+17
6.383909222061082880e+17
5.269162841032826240e+17
5.269162840858161280e+17
5.269162164564240640e+17
5.269162164564226560e+17
5.269162164564226560e+17
5.269162164564226560e+17
5.269162164564226560e+17
5.268701055005493120e+17
5.268701055005493120e+17
2.230159042022033600e+17
2.230159042022033600e+17
2.230159042022033600e+17
2.218617620415572800e+17
2.218617620415572800e+17
2.218617620415572800e+17
2.218617620415572800e+17
2.218617620415572800e+17
2.218579268432261440e+17
2.187191536263511360e+17
2.187191533402739520e+17
1.784597868145910720e+17
1.784597868145910720e+17
1.183042881686678560e+17
1.183042881686673280e+17
1.183042881686673280e+17
1.183042881686673280e+17
1.183042881686673280e+17
1.183042881686673280e+17
1.183042881686673280e+17
1.183042874909974880e+17
1.183042874909084160e+17
1.183042874909084160e+17
5.719082844223817600e+16
5.719061941670467200e+16
5.719061941670467200e+16
5.718128078476706400e+16
5.718127912131000000e+16
5.712532773404647200e+16
5.403667540689316800e+16
5.403667540689316800e+16
5.403667540689316800e+16
5.403667540687240800e+16
5.403667540687240800e+16
5.403667540687240800e+16
5.403667540687240800e+16
5.403667540687240800e+16
2.724886267542672400e+16
2.622932351673553600e+16
2.622932351673553600e+16
2.622932351673553600e+16
2.622932351673553600e+16
2.622932351673553600e+16
2.622930097900370000e+16
2.622930097900370000e+16
1.629688338704300800e+16
1.627601048711057200e+16
1.627601048711057200e+16
1.627601048711057200e+16
1.627601048683263400e+16
1.627601048501022800e+16
1.369977691881968600e+16
1.369977691881968600e+16
1.369977359572945800e+16
1.369977359572937200e+16
1.369977359572937200e+16
1.369977359572937200e+16
1.369806207965943800e+16
1.369806207965943800e+16
1.369806207965943800e+16
6.287793335039565000e+15
6.287793335039565000e+15
6.287793335039565000e+15
6.287793335039565000e+15
6.231376805408895000e+15
6.231376805408895000e+15
6.231376805408895000e+15
6.231376805408895000e+15
6.231314941915068000e+15
6.168787397588044000e+15
6.168787393109914000e+15
6.168787393109914000e+15
4.854343536176640000e+15
3.275059594579283000e+15
3.275059594579277500e+15
3.275059594579277500e+15
3.275059594579277500e+15
3.275059594579277500e+15
3.275059594579277500e+15
3.275059594579277500e+15
3.275059594571813000e+15
3.275059556821675000e+15
3.275059556821675000e+15
1.650575775623330000e+15
1.650566215444210500e+15
1.650566215444210500e+15
1.650407152529042000e+15
1.650407125259768750e+15
1.647532135150207750e+15
1.581951958725238750e+15
1.581951958725238750e+15
1.581951958725238750e+15
1.581951958725238750e+15
1.581951958724972500e+15
1.581951958724972500e+15
1.581951958724972500e+15
1.581951958724972500e+15
1.581951958724972500e+15
7.896377212550793750e+14
7.535166072633555000e+14
7.535166072633555000e+14
7.535166072633555000e+14
7.535166072633555000e+14
7.535166072633555000e+14
7.535166072633555000e+14
4.761512689717966875e+14
4.761511228167945000e+14
4.757865975821773125e+14
4.757865975821773125e+14
4.757865975821773125e+14
4.757865974689801250e+14
4.757865974654243125e+14
4.757865974654243125e+14
4.180024738079631250e+14
4.180024738079543750e+14
4.180023039357847500e+14
4.180023039357847500e+14
4.180023039357847500e+14
4.179039601990664375e+14
4.179039601990664375e+14
4.179039601990664375e+14
1.854454931197627188e+14
1.854454931197627188e+14
1.854454931197627188e+14
1.833618594690147188e+14
1.833618594690147188e+14
1.833618594690147188e+14
1.833618594690147188e+14
1.833618594690147188e+14
1.833608053885489688e+14
1.822493178539530938e+14
1.822493177954342500e+14
1.822493177954342500e+14
1.439396210532273438e+14
1.058713593618176719e+14
1.058713593618176094e+14
1.058713593618176094e+14
1.058713593618176094e+14
1.058713593618176094e+14
1.058713593618176094e+14
1.058713593612506094e+14
1.058713571951104219e+14
1.058713571951104219e+14
1.058713571951103906e+14
5.019470414231567969e+13
5.019470414231567969e+13
5.019415839479800781e+13
5.019126362708742969e+13
5.019126362708742969e+13
5.019126324950271094e+13
5.007816396049689062e+13
5.007816396049689062e+13
4.882029753700898438e+13
4.882029753700898438e+13
4.882029753700898438e+13
4.882029753700898438e+13
4.882029753700898438e+13
4.882029753700582812e+13
4.882029753700582812e+13
4.882029753700582812e+13
2.744717285633555469e+13
2.600554012747195312e+13
2.600554012747195312e+13
2.600554012747195312e+13
2.600554012747195312e+13
2.600554012747195312e+13
1.528927842681659570e+13
1.528927842681659570e+13
1.528927617068400391e+13
1.528187804406058008e+13
1.528187804406058008e+13
1.528187803764827148e+13
1.528187803764827148e+13
1.528187803764827148e+13
1.528187803764742383e+13
1.528186402239741797e+13
1.528186402235170312e+13
1.528186402235170312e+13
1.400991524250724219e+13
1.400991524250724219e+13
1.400991524250724219e+13
1.400521425833825586e+13
1.400521425833825586e+13
1.400521425833825586e+13
6.810487909230999023e+12
6.717223738640945312e+12
6.717223738640945312e+12
6.717223738640945312e+12
6.717223738640945312e+12
6.717223738640945312e+12
6.717202559746251953e+12
6.717202559746251953e+12
6.717202559746251953e+12
6.687799576559364258e+12
6.687799575577384766e+12
4.989020170380734375e+12
4.989020170380734375e+12
4.989020170380734375e+12
3.975836304036448730e+12
3.975836304036447266e+12
3.975836304036447266e+12
3.975836304036447266e+12
3.975836304036447266e+12
3.975836303992540527e+12
3.975836115423825195e+12
3.975836115423821777e+12
3.975836115423821777e+12
3.975690403965363770e+12
1.941754378655376221e+12
1.941754378655376221e+12
1.941689519203817139e+12
1.941689519203817139e+12
1.936061791603426025e+12
1.936061791603426025e+12
1.936061784602293457e+12
1.936061784602293457e+12
1.936061784602293457e+12
1.936061784602293457e+12
1.898841376693233643e+12
1.898841376693179443e+12
1.898841376693179443e+12
1.898841376693179443e+12
1.898841376693179443e+12
1.172633172126787842e+12
1.083192512635902710e+12
1.083192512635902710e+12
1.083192512635902710e+12
1.083192512635902710e+12
1.083192512635902710e+12
6.246214270194281006e+11
6.246214270194281006e+11
6.244365299343568115e+11
6.244364830380128174e+11
6.244364823771361084e+11
6.244364823771361084e+11
6.244364823770583496e+11
6.244364823770583496e+11
6.244364823770583496e+11
6.244354865231937256e+11
6.244354865231937256e+11
6.244354865223287354e+11
5.819520092737668457e+11
5.819520092737668457e+11
5.816821811754512939e+11
5.816821811754512939e+11
5.816821811754512939e+11
5.816821811754512939e+11
3.066059903990457764e+11
3.066059903990457764e+11
3.000668379871668701e+11
3.000668379871668701e+11
3.000668379871668701e+11
3.000668379871668701e+11
3.000668379871668701e+11
3.000663113251647949e+11
2.991865885370313721e+11
2.991865885370313721e+11
2.991865885147590332e+11
2.163211711204824219e+11
2.163211711204824219e+11
2.163211711204824219e+11
1.776858954234812622e+11
1.776858954234812622e+11
1.776858954234812317e+11
1.776858954180679321e+11
1.776858793896549377e+11
1.776858793896549377e+11
1.776858793896549377e+11
1.776858793896546326e+11
1.776761969331235046e+11
9.078108307312698364e+10
9.078108307312698364e+10
9.078108307312698364e+10
9.078108307312698364e+10
9.078108307312698364e+10
9.078108307312698364e+10
9.078108307312698364e+10
9.035298039922459412e+10
9.035123036130677795e+10
9.035123036130677795e+10
9.035123036130677795e+10
9.035123036130677795e+10
9.035123036130677795e+10
9.035123036130677795e+10
9.035123036130677795e+10
9.035123036130677795e+10
9.035123036130677795e+10
9.035123036130677795e+10
9.035123036130677795e+10
9.035123036130677795e+10
9.035123036130677795e+10
9.035123036130677795e+10
9.035123036130677795e+10
9.035123036130677795e+10
9.035123036130677795e+10
9.035123036130677795e+10
9.035123036130677795e+10
9.035123036130677795e+10
9.035123036130677795e+10
9.035123036130677795e+10
9.035123036130677795e+10
9.035123036130677795e+10
9.035123036130677795e+10
9.035123036130677795e+10
9.035123036130677795e+10
9.035123036130677795e+10
9.035123036130677795e+10
9.035123036130677795e+10
9.035123036130677795e+10
9.035123036130677795e+10
9.035123036130677795e+10
9.035123036130677795e+10
9.035123036130677795e+10
9.035123036130677795e+10
9.035123036130677795e+10
9.035123036130677795e+10
9.035123036130677795e+10
9.035123036130677795e+10
9.035123036130677795e+10
9.035123036130677795e+10
9.035123036130677795e+10
9.035123036130677795e+10
9.035123036130677795e+10
9.035123036130677795e+10
9.035123036130677795e+10
9.035123036130677795e+10
9.035123036130677795e+10
9.035123036130677795e+10
9.035123036130677795e+10
9.035123036130677795e+10
9.035123036130677795e+10
9.035123036130677795e+10
9.035123036130677795e+10
9.035123036130677795e+10
9.035123036130677795e+10
9.035123036130677795e+10
9.035123036130677795e+10
9.035123036130677795e+10
9.035123036130677795e+10
9.035123036130677795e+10
9.035123036130677795e+10
9.035123036130677795e+10
9.035123036130677795e+10
9.035123036130677795e+10
9.035123036130677795e+10
9.035123036130677795e+10
9.035123036130677795e+10
9.035123036130677795e+10
9.035123036130677795e+10
9.035123036130677795e+10
9.035123036130677795e+10
9.035123036130677795e+10
9.035123036130677795e+10
9.035123036130677795e+10
9.035123036130677795e+10
9.035123036130677795e+10
9.035123036130677795e+10
9.035123036130677795e+10
9.035123036130677795e+10
9.035123036130677795e+10
9.035123036130677795e+10
9.035123036130677795e+10
9.035123036130677795e+10
9.035123036130677795e+10
9.035123036130677795e+10
9.035123036130677795e+10
9.035123036130677795e+10
9.035123036130677795e+10
9.035123036130677795e+10
9.035123036130677795e+10
9.035123036130677795e+10
9.035123036130677795e+10
9.035123036130677795e+10
9.035123036130677795e+10
9.035123036130677795e+10
9.035123036130677795e+10
9.035123036130677795e+10
9.035123036130677795e+10
9.035123036130677795e+10
9.035123036130677795e+10
9.035123036130677795e+10
9.035123036130677795e+10
9.035123036130677795e+10
9.035123036130677795e+10
9.035123036130677795e+10
9.035123036130677795e+10
9.035123036130677795e+10
9.035123036130677795e+10
9.035123036130677795e+10
9.035123036130677795e+10
9.035123036130677795e+10
9.035123036130677795e+10
9.035123036130677795e+10
9.035123036130677795e+10
9.035123036130677795e+10
9.035123036130677795e+10
9.035123036130677795e+10
9.035123036130677795e+10
9.035123036130677795e+10
9.035123036130677795e+10
9.035123036130677795e+10
9.035123036130677795e+10
9.035123036130677795e+10
9.035123036130677795e+10
9.035123036130677795e+10
9.035123036130677795e+10
9.035123036130677795e+10
9.035123036130677795e+10
9.035123036130677795e+10
9.035123036130677795e+10
9.035123036130677795e+10
9.035123036130677795e+10
9.035123036130677795e+10
9.035123036130677795e+10
9.035123036130677795e+10
9.035123036130677795e+10
9.035123036130677795e+10
9.035123036130677795e+10
9.035123036130677795e+10
9.035123036130677795e+10
9.035123036130677795e+10
9.035123036130677795e+10
9.035123036130677795e+10
9.035123036130677795e+10
9.035123036130677795e+10
9.035123036130677795e+10
9.035123036130677795e+10
9.035123036130677795e+10
9.035123036130677795e+10
9.035123036130677795e+10
9.035123036130677795e+10
9.035123036130677795e+10
9.035123036130677795e+10
9.035123036130677795e+10
9.035123036130677795e+10
9.035123036130677795e+10
9.035123036130677795e+10
9.035123036130677795e+10
9.035123036130677795e+10
9.035123036130677795e+10
9.035123036130677795e+10
9.035123036130677795e+10
9.035123036130677795e+10
9.035123036130677795e+10
9.035123036130677795e+10
9.035123036130677795e+10
9.035123036130677795e+10
9.035123036130677795e+10
9.035123036130677795e+10
9.035123036130677795e+10
9.035123036130677795e+10
9.035123036130677795e+10
9.035123036130677795e+10
9.035123036130677795e+10
9.035123036130677795e+10
9.035123036130677795e+10
9.035123036130677795e+10
9.035123036130677795e+10
9.035123036130677795e+10
9.035123036130677795e+10
9.035123036130677795e+10
9.035123036130677795e+10
9.035123036130677795e+10
9.035123036130677795e+10
9.035123036130677795e+10
9.035123036130677795e+10
9.035123036130677795e+10
9.035123036130677795e+10
9.035123036130677795e+10
9.035123036130677795e+10
9.035123036130677795e+10
9.035123036130677795e+10
9.035123036130677795e+10
9.035123036130677795e+10
9.035123036130677795e+10
9.035123036130677795e+10
9.035123036130677795e+10
9.035123036130677795e+10
9.035123036130677795e+10
9.035123036130677795e+10
9.035123036130677795e+10
9.035123036130677795e+10
9.035123036130677795e+10
9.035123036130677795e+10
9.035123036130677795e+10
9.035123036130677795e+10
9.035123036130677795e+10
9.035123036130677795e+10
9.035123036130677795e+10
9.035123036130677795e+10
9.035123036130677795e+10
9.035123036130677795e+10
9.035123036130677795e+10
9.035123036130677795e+10
9.035123036130677795e+10
9.035123036130677795e+10
9.035123036130677795e+10
9.035123036130677795e+10
9.035123036130677795e+10
9.035123036130677795e+10
9.035123036130677795e+10
9.035123036130677795e+10
9.035123036130677795e+10
9.035123036130677795e+10
9.035123036130677795e+10
9.035123036130677795e+10
9.035123036130677795e+10
9.035123036130677795e+10
9.035123036130677795e+10
9.035123036130677795e+10
9.035123036130677795e+10
9.035123036130677795e+10
9.035123036130677795e+10
9.035123036130677795e+10
9.035123036130677795e+10
9.035123036130677795e+10
9.035123036130677795e+10
9.035123036130677795e+10
9.035123036130677795e+10
9.035123036130677795e+10
9.035123036130677795e+10
9.035123036130677795e+10
9.035123036130677795e+10
9.035123036130677795e+10
9.035123036130677795e+10
9.035123036130677795e+10
9.035123036130677795e+10
9.035123036130677795e+10
9.035123036130677795e+10
9.035123036130677795e+10
9.035123036130677795e+10
9.035123036130677795e+10
9.035123036130677795e+10
9.035123036130677795e+10
9.035123036130677795e+10
9.035123036130677795e+10
9.035123036130677795e+10
9.035123036130677795e+10
9.035123036130677795e+10
9.035123036130677795e+10
9.035123036130677795e+10
9.035123036130677795e+10
9.035123036130677795e+10
9.035123036130677795e+10
9.035123036130677795e+10
9.035123036130677795e+10
9.035123036130677795e+10
9.035123036130677795e+10
9.035123036130677795e+10
9.035123036130677795e+10
9.035123036130677795e+10
9.035123036130677795e+10
9.035123036130677795e+10
9.035123036130677795e+10
9.035123036130677795e+10
9.035123036130677795e+10
9.035123036130677795e+10
9.035123036130677795e+10
9.035123036130677795e+10
9.035123036130677795e+10
9.035123036130677795e+10
9.035123036130677795e+10
9.035123036130677795e+10
9.035123036130677795e+10
9.035123036130677795e+10
9.035123036130677795e+10
9.035123036130677795e+10
9.035123036130677795e+10
9.035123036130677795e+10
9.035123036130677795e+10
9.035123036130677795e+10
9.035123036130677795e+10
9.035123036130677795e+10
9.035123036130677795e+10
9.035123036130677795e+10
9.035123036130677795e+10
9.035123036130677795e+10
9.035123036130677795e+10
9.035123036130677795e+10
9.035123036130677795e+10
9.035123036130677795e+10
9.035123036130677795e+10
9.035123036130677795e+10
9.035123036130677795e+10
9.035123036130677795e+10
9.035123036130677795e+10
9.035123036130677795e+10
9.035123036130677795e+10
9.035123036130677795e+10
9.035123036130677795e+10
9.035123036130677795e+10
9.035123036130677795e+10
9.035123036130677795e+10
9.035123036130677795e+10
9.035123036130677795e+10
9.035123036130677795e+10
9.035123036130677795e+10
9.035123036130677795e+10
9.035123036130677795e+10
9.035123036130677795e+10
9.035123036130677795e+10
9.035123036130677795e+10
9.035123036130677795e+10
9.035123036130677795e+10
9.035123036130677795e+10
9.035123036130677795e+10
9.035123036130677795e+10
9.035123036130677795e+10
9.035123036130677795e+10
9.035123036130677795e+10
9.035123036130677795e+10
9.035123036130677795e+10
9.035123036130677795e+10
9.035123036130677795e+10
9.035123036130677795e+10
9.035123036130677795e+10
9.035123036130677795e+10
9.035123036130677795e+10
9.035123036130677795e+10
9.035123036130677795e+10
9.035123036130677795e+10
9.035123036130677795e+10
9.035123036130677795e+10
9.035123036130677795e+10
9.035123036130677795e+10
9.035123036130677795e+10
9.035123036130677795e+10
9.035123036130677795e+10
9.035123036130677795e+10
9.035123036130677795e+10
9.035123036130677795e+10
9.035123036130677795e+10
9.035123036130677795e+10
9.035123036130677795e+10
9.035123036130677795e+10
9.035123036130677795e+10
9.035123036130677795e+10
9.035123036130677795e+10
9.035123036130677795e+10
9.035123036130677795e+10
9.035123036130677795e+10
9.035123036130677795e+10
9.035123036130677795e+10
9.035123036130677795e+10
9.035123036130677795e+10
9.035123036130677795e+10
9.035123036130677795e+10
9.035123036130677795e+10
9.035123036130677795e+10
9.035123036130677795e+10
9.035123036130677795e+10
9.035123036130677795e+10
9.035123036130677795e+10
9.035123036130677795e+10
9.035123036130677795e+10
9.035123036130677795e+10
9.035123036130677795e+10
9.035123036130677795e+10
9.035123036130677795e+10
9.035123036130677795e+10
9.035123036130677795e+10
9.035123036130677795e+10
9.035123036130677795e+10
9.035123036130677795e+10
9.035123036130677795e+10
9.035123036130677795e+10
9.035123036130677795e+10
9.035123036130677795e+10
9.035123036130677795e+10
9.035123036130677795e+10
9.035123036130677795e+10
9.035123036130677795e+10
9.035123036130677795e+10
9.035123036130677795e+10
9.035123036130677795e+10
9.035123036130677795e+10
9.035123036130677795e+10
9.035123036130677795e+10
9.035123036130676270e+10
9.035123036130673218e+10
9.035123036130668640e+10
9.035123036130665588e+10
9.035123036130665588e+10
9.035123036130665588e+10
9.035123036130665588e+10
9.035123036130665588e+10
9.035123036130665588e+10
9.035123036130665588e+10
9.035123036130665588e+10
9.035123036130665588e+10
9.035123036130665588e+10
9.035123036130665588e+10
9.035123036130665588e+10
9.035123036130665588e+10
9.035123036130665588e+10
9.035123036130665588e+10
9.035123036130665588e+10
9.035123036130665588e+10
9.035123036130665588e+10
9.035123036130665588e+10
9.035123036130665588e+10
9.035123036130665588e+10
9.035123036130665588e+10
9.035123036130662537e+10
9.035123036130639648e+10
9.035123036130522156e+10
9.035123036130003357e+10
9.035123036128289795e+10
9.035123036125181580e+10
9.035123036123695374e+10
9.035123036123649597e+10
9.035123036123649597e+10
9.035123036123649597e+10
9.035123036123649597e+10
9.035123036123649597e+10
9.035123036123649597e+10
9.035123036123649597e+10
9.035123036123649597e+10
9.035123036123649597e+10
9.035123036123649597e+10
9.035123036123649597e+10
9.035123036123649597e+10
9.035123036123649597e+10
9.035123036123649597e+10
9.035123036123649597e+10
9.035123036123649597e+10
9.035123036123649597e+10
9.035123036123648071e+10
9.035123036123629761e+10
9.035123036123463440e+10
9.035123036122206116e+10
9.035123036113885498e+10
9.035123036069371033e+10
9.035123035873809814e+10
9.035123035227627563e+10
9.035123034055082703e+10
9.035123033494425964e+10
9.035123033477030945e+10
9.035123033477026367e+10
9.035123033477026367e+10
9.035123033477026367e+10
9.035123033477026367e+10
9.035123033477026367e+10
9.035123033477026367e+10
9.035123033477026367e+10
9.035123033477026367e+10
9.035123033477026367e+10
9.035123033477026367e+10
9.035123033477026367e+10
9.035123033477026367e+10
9.035123033477026367e+10
9.035123033477026367e+10
9.035123033477024841e+10
9.035123033476989746e+10
9.035123033476570129e+10
9.035123033471813965e+10
9.035123033429167175e+10
9.035123033107006836e+10
9.035123030975347900e+10
9.035123019570690918e+10
9.035122969467219543e+10
9.035122803913301086e+10
9.035122503503950500e+10
9.035122359861689758e+10
9.035122355405303955e+10
9.035122355404351807e+10
9.035122355404351807e+10
9.035122355404351807e+10
9.035122355404351807e+10
9.035122355404351807e+10
9.035122355404351807e+10
9.035122355404351807e+10
9.035122355404351807e+10
9.035122355404351807e+10
9.035122355404351807e+10
9.035122355404351807e+10
9.035122355404350281e+10
9.035122355404330444e+10
9.035122355403936768e+10
9.035122355398040771e+10
9.035122355324584961e+10
9.035122354492092896e+10
9.035122347028512573e+10
9.035122290647982788e+10
9.035121917592341614e+10
9.035119921694352722e+10
9.035111153233718872e+10
9.035082180250743103e+10
9.035029607185913086e+10
9.035004469322048950e+10
9.035003689442398071e+10
9.035003689275724792e+10
9.035003689275724792e+10
9.035003689275724792e+10
9.035003689275724792e+10
9.035003689275724792e+10
9.035003689275724792e+10
9.035003689275724792e+10
9.035003689275724792e+10
9.035003689275724792e+10
9.035003689275724792e+10
9.035003689275720215e+10
9.035003689275602722e+10
9.035003689273197937e+10
9.035003689225883484e+10
9.035003688517498779e+10
9.035003679689932251e+10
9.035003579646759033e+10
9.035002682724606323e+10
9.034995907302705383e+10
9.034951076311328125e+10
9.034711231956745911e+10
9.033657687519190979e+10
9.030178269765130615e+10
9.023871458280296326e+10
9.020858936281286621e+10
9.020765507392308044e+10
9.020765487425282288e+10
9.020765487425282288e+10
9.020765487425282288e+10
9.020765487425282288e+10
9.020765487425282288e+10
9.020765487425282288e+10
9.020765487425282288e+10
9.020765487425282288e+10
9.020765487425271606e+10
9.020765487424885559e+10
9.020765487415162659e+10
9.020765487216352844e+10
9.020765483304119873e+10
9.020765424731941223e+10
9.020764694832467651e+10
9.020756422858908081e+10
9.020682262383245850e+10
9.020122087118266296e+10
9.016417301978593445e+10
8.996647779919160461e+10
8.910812661040885925e+10
8.638483911199375916e+10
8.184597174003395081e+10
7.984011493113795471e+10
7.977945608388124084e+10
7.977944312997654724e+10
7.977944312997653198e+10
7.977944312997653198e+10
7.977944312997653198e+10
7.977944312997653198e+10
7.977944312997653198e+10
7.977944312997637939e+10
7.977944312997138977e+10
7.977944312979740906e+10
7.977944312542228699e+10
7.977944303596186829e+10
7.977944127553312683e+10
7.977941491919468689e+10
7.977908648009230042e+10
7.977536445474520874e+10
7.974201069567880249e+10
7.949095177964863586e+10
7.786878191860641479e+10
7.020391204278552246e+10
4.900998250985647583e+10
2.453540869562607193e+10
1.287164590691944313e+10
1.048770871786580086e+10
1.042779124099108505e+10
1.042777850885137177e+10
1.042777850885135078e+10
1.042777850885135078e+10
1.042777850885135078e+10
1.042777850885135078e+10
1.042777850885134697e+10
1.042777850885124397e+10
1.042777850884782600e+10
1.042777850872865677e+10
1.042777850573185539e+10
1.042777844445475197e+10
1.042777723862580872e+10
1.042775918553023720e+10
1.042753422140234756e+10
1.042498537154746819e+10
1.040218957713257217e+10
1.023315682243877029e+10
9.239701118433069229e+09
6.081142696871957779e+09
2.430692104908467293e+09
8.147106872781957388e+08
3.692539340919359326e+08
2.927242884231722355e+08
2.908541219863722920e+08
2.908537248562520146e+08
2.908537248562513590e+08
2.908537248562513590e+08
2.908537248562513590e+08
2.908537248562512994e+08
2.908537248562490940e+08
2.908537248561744690e+08
2.908537248535721898e+08
2.908537247881316543e+08
2.908537234500356913e+08
2.908536971185874939e+08
2.908533028965519667e+08
2.908483903725599647e+08
2.907927281240161061e+08
2.902946465838496089e+08
2.865865193750633597e+08
2.642519170605138540e+08
1.864930455696453750e+08
8.134003716680805385e+07
2.841001002540613338e+07
1.302740856967066973e+07
1.034827105004324578e+07
1.028266511514338665e+07
1.028265118302570470e+07
1.028265118302568235e+07
1.028265118302568235e+07
1.028265118302568235e+07
1.028265118302568048e+07
1.028265118302562460e+07
1.028265118302378245e+07
1.028265118295958452e+07
1.028265118134517968e+07
1.028265114833460376e+07
1.028265049874270335e+07
1.028264077335459553e+07
1.028251958158566803e+07
1.028114630972834490e+07
1.026885081078139693e+07
1.017691122022798844e+07
9.607735656485944986e+06
7.394985308436802588e+06
3.675795907930871937e+06
1.380935957285984186e+06
6.474553587419030955e+05
5.163240833954936243e+05
5.131000540964748361e+05
5.130993693736963323e+05
5.130993693736952264e+05
5.130993693736952264e+05
5.130993693736952264e+05
5.130993693736933055e+05
5.130993693736294517e+05
5.130993693714012625e+05
5.130993693153672502e+05
5.130993681696106214e+05
5.130993456230715965e+05
5.130990080666613067e+05
5.130948016312390100e+05
5.130471347390754963e+05
5.126201795867730980e+05
5.094177394614380901e+05
4.891962599314844701e+05
4.035023800744028413e+05
2.280219096281119273e+05
9.356694943352062546e+04
4.520193721276714496e+04
3.624390492204549082e+04
3.602242772495053214e+04
3.602238068106925493e+04
3.602238068106918217e+04
3.602238068106918217e+04
3.602238068106918217e+04
3.602238068106908759e+04
3.602238068106597348e+04
3.602238068095740891e+04
3.602238067822729499e+04
3.602238062240322324e+04
3.602237952388060512e+04
3.602236307730175031e+04
3.602215812886276399e+04
3.601983560244964610e+04
3.599902670690197556e+04
3.584260793646777165e+04
3.484092053963305807e+04
3.030912009154584302e+04
1.928754534405052254e+04
8.760892044433307092e+03
4.401690917943446038e+03
3.555720772531175044e+03
3.534645084084327209e+03
3.534640606579310770e+03
3.534640606579303494e+03
3.534640606579303494e+03
3.534640606579303494e+03
3.534640606579092037e+03
3.534640606571734679e+03
3.534640606386724357e+03
3.534640602603727530e+03
3.534640528160799931e+03
3.534639413635124129e+03
3.534625524987900462e+03
3.534468131985090622e+03
3.533057674251203025e+03
3.522439215707358471e+03
3.453756579833681371e+03
3.127495695626104862e+03
2.210228306731427438e+03
1.122453164165866838e+03
5.929335687874706764e+02
4.838020249289070875e+02
4.810551455499874010e+02
4.810545618321801840e+02
4.810545618321792745e+02
4.810545618321792745e+02
4.810545618321792745e+02
4.810545618321792745e+02
4.810545618321596066e+02
4.810545618314740182e+02
4.810545618142343756e+02
4.810545614617261663e+02
4.810545545249655106e+02
4.810544506709260872e+02
4.810531564934314019e+02
4.810384900114273137e+02
4.809070397793054212e+02
4.799163696791886764e+02
4.734628255164245161e+02
4.416859529820812895e+02
3.411080156775846604e+02
1.946496019771866486e+02
1.094086750336802822e+02
9.046572832753487603e+01
8.998238719704461630e+01
8.998228445140929921e+01
8.998228445140912868e+01
8.998228445140912868e+01
8.998228445140912868e+01
8.998228445140912868e+01
8.998228445132255615e+01
8.998228444914541058e+01
8.998228440462824551e+01
8.998228352860631674e+01
8.998227041320188846e+01
8.998210697538695513e+01
8.998025476916497212e+01
8.996365249437684497e+01
8.983843514112001571e+01
8.901860720091256951e+01
8.487475813757241383e+01
7.046429943911871874e+01
4.514018532314192811e+01
2.732229444619546399e+01
2.298426591255113749e+01
2.287160523790519662e+01
2.287158127857905399e+01
2.287158127857901491e+01
2.287158127857901491e+01
2.287158127857901491e+01
2.287158127857901491e+01
2.287158127856447720e+01
2.287158127819890296e+01
2.287158127072380864e+01
2.287158112362668660e+01
2.287157892135489590e+01
2.287155147769269448e+01
2.287124046210338335e+01
2.286845247573012330e+01
2.284741372563883743e+01
2.270917522982069769e+01
2.199710580375394642e+01
1.933378546276631482e+01
1.380921495190507287e+01
9.093935048732479487e+00
7.817559456369341575e+00
7.783666354376855168e+00
7.783659142295245026e+00
7.783659142295233480e+00
7.783659142295233480e+00
7.783659142295233480e+00
7.783659142295233480e+00
7.783659142215714866e+00
7.783659140589748837e+00
7.783659108593486309e+00
7.783658629559866426e+00
7.783652660068231199e+00
7.783585008205346156e+00
7.782978537981468214e+00
7.778400261043150188e+00
7.748242166919719232e+00
7.590784039414780082e+00
6.968634062495169701e+00
5.483574505459821502e+00
3.954415833169005356e+00
3.489172598728509378e+00
3.476483279037954510e+00
3.476480576994116944e+00
3.476480576994112059e+00
3.476480576994112059e+00
3.476480576994112059e+00
3.476480576994112059e+00
3.476480576972509784e+00
3.476480576530800448e+00
3.476480567838715174e+00
3.476480437704730253e+00
3.476478816035705854e+00
3.476460437697354244e+00
3.476295678107689024e+00
3.475051574278639865e+00
3.466842041285940645e+00
3.423570603236200771e+00
3.245600182783863641e+00
2.769833645434998992e+00
2.187871549965431761e+00
1.988135773535247619e+00
1.982520741415034760e+00
1.982519544783674537e+00
1.982519544783672760e+00
1.982519544783672760e+00
1.982519544783672760e+00
1.982519544783672760e+00
1.982519544776712994e+00
1.982519544634402830e+00
1.982519541833979604e+00
1.982519499907304583e+00
1.982518977436519947e+00
1.982513056272125374e+00
1.982459972529994285e+00
1.982059065170242551e+00
1.979410443434225897e+00
1.965359348851050125e+00
1.905921266516925616e+00
1.732766470621458499e+00
1.487537635417744308e+00
1.393255161435693834e+00
1.390520893997309715e+00
1.390520310788112113e+00
1.390520310788111447e+00
1.390520310788111447e+00
1.390520310788111447e+00
1.390520310788111447e+00
1.390520310737490828e+00
1.390520309741363869e+00
1.390520294827799264e+00
1.390520108981847303e+00
1.390518002785236629e+00
1.390499120276601275e+00
1.390356496737610081e+00
1.389413529739459641e+00
1.384390177016977308e+00
1.362744944120724222e+00
1.295800642723974327e+00
1.189746536632768859e+00
1.144940053741688057e+00
1.143603881360480301e+00
1.143603596132614753e+00
1.143603596132614308e+00
1.143603596132614308e+00
1.143603596132614308e+00
1.143603596132614308e+00
1.143603596114489251e+00
1.143603595757822333e+00
1.143603590417963556e+00
1.143603523875103889e+00
1.143602769742585235e+00
1.143596008723653634e+00
1.143544937983579368e+00
1.143207130765642621e+00
1.141403201031654158e+00
1.133545074458635726e+00
1.108332245868777655e+00
1.065334777479163275e+00
1.045932821354871312e+00
1.045342187474838314e+00
1.045342061318322191e+00
1.045342061318321969e+00
1.045342061318321969e+00
1.045342061318321969e+00
1.045342061318321969e+00
1.045342061202477746e+00
1.045342059468107099e+00
1.045342037855179207e+00
1.045341792915010837e+00
1.045339596945348726e+00
1.045323008698330725e+00
1.045213261742245381e+00
1.044626491810451974e+00
1.042056452773163278e+00
1.033653626472104570e+00
1.018747165193738535e+00
1.011770460688335316e+00
1.011555542033490296e+00
1.011555496111729679e+00
1.011555496111729679e+00
1.011555496111729679e+00
1.011555496111729679e+00
1.011555496111729679e+00
1.011555496080672967e+00
1.011555495615708011e+00
1.011555489821527098e+00
1.011555424155833549e+00
1.011554835440167333e+00
1.011550388253153576e+00
1.011520963330496015e+00
1.011363565060540592e+00
1.010672655637618433e+00
1.008396422314584040e+00
1.004292110796272786e+00
1.002341397261568456e+00
1.002280999143395412e+00
1.002280986236139260e+00
1.002280986236139260e+00
1.002280986236139260e+00
1.002280986236139260e+00
1.002280986236139260e+00
1.002280986229691973e+00
1.002280986133166074e+00
1.002280984930305596e+00
1.002280971298235679e+00
1.002280849081950365e+00
1.002279925850503517e+00
1.002273817105149956e+00
1.002241135750103096e+00
1.002097583759811394e+00
1.001623545725749631e+00
1.000764514254188109e+00
1.000354284462953602e+00
1.000341562794407668e+00
1.000341560075620251e+00
1.000341560075620251e+00
1.000341560075620251e+00
1.000341560075620251e+00
1.000341560075620251e+00
1.000341560060561186e+00
1.000341559872903296e+00
1.000341557746166732e+00
1.000341538679226705e+00
1.000341394645933857e+00
1.000340441615228171e+00
1.000335342801953908e+00
1.000312943076129946e+00
1.000238936124734357e+00
1.000104673205077788e+00
1.000040487439801229e+00
1.000038496260131193e+00
1.000038495834585373e+00
1.000038495834585373e+00
1.000038495834585373e+00
1.000038495834585373e+00
1.000038495834585373e+00
1.000038495832834995e+00
1.000038495811021999e+00
1.000038495563813079e+00
1.000038493347500168e+00
1.000038476605280113e+00
1.000038365826272146e+00
1.000037773143904296e+00
1.000035169352718745e+00
1.000026565896475761e+00
1.000010954690916387e+00
1.000003490285307661e+00
1.000003258709945220e+00
1.000003258660453920e+00
1.000003258660453920e+00
1.000003258660453920e+00
1.000003258660453920e+00
1.000003258660302263e+00
1.000003258658413330e+00
1.000003258637006232e+00
1.000003258445082643e+00
1.000003256995275036e+00
1.000003247402266204e+00
1.000003196078364853e+00
1.000002970599897845e+00
1.000002225565506109e+00
1.000000873650420452e+00
1.000000227226593541e+00
1.000000207171830580e+00
1.000000207167544675e+00
1.000000207167544675e+00
1.000000207167544675e+00
1.000000207167544675e+00
1.000000207167422550e+00
1.000000207166038546e+00
1.000000207153631360e+00
1.000000207059906776e+00
1.000000206439753958e+00
1.000000203121852227e+00
1.000000188545493884e+00
1.000000140381701152e+00
1.000000052985083654e+00
1.000000011195949057e+00
1.000000009899474795e+00
1.000000009899197684e+00
1.000000009899197684e+00
1.000000009899197684e+00
1.000000009899197684e+00
1.000000009899191911e+00
1.000000009899124853e+00
1.000000009898524667e+00
1.000000009893990516e+00
1.000000009863989403e+00
1.000000009703479575e+00
1.000000008998320311e+00
1.000000006668304131e+00
1.000000002440323943e+00
1.000000000418693524e+00
1.000000000355973917e+00
1.000000000355960594e+00
1.000000000355960594e+00
1.000000000355960594e+00
1.000000000355960594e+00
1.000000000355958152e+00
1.000000000355936391e+00
1.000000000355771856e+00
1.000000000354683172e+00
1.000000000348858276e+00
1.000000000323268745e+00
1.000000000238715048e+00
1.000000000085286000e+00
1.000000000011923129e+00
1.000000000009647172e+00
1.000000000009646728e+00
1.000000000009646728e+00
1.000000000009646728e+00
1.000000000009646728e+00
1.000000000009646506e+00
1.000000000009646062e+00
1.000000000009641621e+00
1.000000000009611867e+00
1.000000000009452883e+00
1.000000000008754553e+00
1.000000000006447509e+00
1.000000000002261302e+00
1.000000000000259570e+00
1.000000000000197398e+00
1.000000000000197398e+00
1.000000000000197398e+00
1.000000000000197398e+00
1.000000000000197398e+00
1.000000000000197398e+00
1.000000000000197398e+00
1.000000000000197398e+00
1.000000000000196732e+00
1.000000000000193401e+00
1.000000000000179190e+00
1.000000000000131672e+00
1.000000000000045741e+00
1.000000000000004441e+00
1.000000000000003109e+00
1.000000000000003109e+00
1.000000000000003109e+00
1.000000000000003109e+00
1.000000000000003109e+00
1.000000000000003109e+00
1.000000000000003109e+00
1.000000000000003109e+00
1.000000000000003109e+00
1.000000000000003109e+00
1.000000000000002887e+00
1.000000000000002220e+00
1.000000000000000888e+00
1.000000000000000222e+00
1.000000000000000222e+00
1.000000000000000222e+00
1.000000000000000222e+00
1.000000000000000222e+00
1.000000000000000222e+00
1.000000000000000222e+00
1.000000000000000222e+00
1.000000000000000222e+00
1.000000000000000222e+00
1.000000000000000222e+00
1.000000000000000222e+00
1.000000000000000222e+00
1.000000000000000222e+00
1.000000000000000222e+00
1.000000000000000222e+00
1.000000000000000222e+00
1.000000000000000222e+00
1.000000000000000222e+00
1.000000000000000222e+00
1.000000000000000222e+00
1.000000000000000222e+00
1.000000000000000222e+00
1.000000000000000222e+00
1.000000000000000222e+00
1.000000000000000222e+00
1.000000000000000222e+00
1.000000000000000222e+00
1.000000000000000222e+00
1.000000000000000222e+00
1.000000000000000222e+00
1.000000000000000222e+00
1.000000000000000222e+00
1.000000000000000222e+00
1.000000000000000222e+00
1.000000000000000222e+00
1.000000000000000222e+00
1.000000000000000222e+00
1.000000000000000222e+00
1.000000000000000222e+00
1.000000000000000222e+00
1.000000000000000222e+00
1.000000000000000222e+00
1.000000000000000222e+00
1.000000000000000222e+00
1.000000000000000222e+00
1.000000000000000222e+00
1.000000000000000222e+00
1.000000000000000222e+00
1.000000000000000222e+00
1.000000000000000222e+00
1.000000000000000222e+00
1.000000000000000222e+00
1.000000000000000222e+00
1.000000000000000222e+00
1.000000000000000222e+00
1.000000000000000222e+00
1.000000000000000222e+00
1.000000000000000222e+00
1.000000000000000222e+00
1.000000000000000222e+00
1.000000000000000222e+00
1.000000000000000222e+00
1.000000000000000222e+00
1.000000000000000222e+00
1.000000000000000222e+00
1.000000000000000222e+00
1.000000000000000222e+00
1.000000000000000222e+00
1.000000000000000222e+00
1.000000000000000222e+00
1.000000000000000222e+00
1.000000000000000222e+00
1.000000000000000222e+00
1.000000000000000222e+00
1.000000000000000222e+00
1.000000000000000222e+00
1.000000000000000222e+00
1.000000000000000222e+00
1.000000000000000222e+00
1.000000000000000222e+00
1.000000000000000222e+00
1.000000000000000222e+00
1.000000000000000222e+00
1.000000000000000222e+00
1.000000000000000222e+00
1.000000000000000222e+00
1.000000000000000222e+00
1.000000000000000222e+00
1.000000000000000222e+00
1.000000000000000222e+00
1.000000000000000222e+00
1.000000000000000222e+00
1.000000000000000222e+00
1.000000000000000222e+00
1.000000000000000222e+00
1.000000000000000222e+00
1.000000000000000222e+00
1.000000000000000222e+00
1.000000000000000222e+00
1.000000000000000222e+00
1.000000000000000222e+00
1.000000000000000222e+00
1.000000000000000222e+00
1.000000000000000222e+00
1.000000000000000222e+00
1.000000000000000222e+00
1.000000000000000222e+00
1.000000000000000222e+00
1.000000000000000222e+00
1.000000000000000222e+00
1.000000000000000222e+00
1.000000000000000222e+00
1.000000000000000222e+00
1.000000000000000222e+00
1.000000000000000222e+00
1.000000000000000222e+00
1.000000000000000222e+00
1.000000000000000222e+00
1.000000000000000222e+00
1.000000000000000222e+00
1.000000000000000222e+00
1.000000000000000222e+00
1.000000000000000222e+00
1.000000000000000222e+00
1.000000000000000222e+00
1.000000000000000222e+00
1.000000000000000222e+00
1.000000000000000222e+00
1.000000000000000222e+00
1.000000000000000222e+00
1.000000000000000222e+00
1.000000000000000222e+00
1.000000000000000222e+00
1.000000000000000222e+00
1.000000000000000222e+00
1.000000000000000222e+00
1.000000000000000222e+00
1.000000000000000222e+00
1.000000000000000222e+00
1.000000000000000222e+00
1.000000000000000222e+00
1.000000000000000222e+00
1.000000000000000222e+00
1.000000000000000222e+00
1.000000000000000222e+00
1.000000000000000222e+00
1.000000000000000222e+00
1.000000000000000222e+00
1.000000000000000222e+00
1.000000000000000222e+00
1.000000000000000222e+00
1.000000000000000222e+00
1.000000000000000222e+00
1.000000000000000222e+00
1.000000000000000222e+00
1.000000000000000222e+00
1.000000000000000222e+00
1.000000000000000222e+00
1.000000000000000222e+00
1.000000000000000222e+00
1.000000000000000222e+00
1.000000000000000222e+00
1.000000000000000222e+00
1.000000000000000222e+00
1.000000000000000222e+00
1.000000000000000222e+00
1.000000000000000222e+00
1.000000000000000222e+00
1.000000000000000222e+00
1.000000000000000222e+00
1.000000000000000222e+00
1.000000000000000222e+00
1.000000000000000222e+00
1.000000000000000222e+00
1.000000000000000222e+00
1.000000000000000222e+00
1.000000000000000222e+00
1.000000000000000222e+00
1.000000000000000222e+00
1.000000000000000222e+00
1.000000000000000222e+00
1.000000000000000222e+00
1.000000000000000222e+00
1.000000000000000222e+00
1.000000000000000222e+00
1.000000000000000222e+00
1.000000000000000222e+00
1.000000000000000222e+00
1.000000000000000222e+00
1.000000000000000222e+00
1.000000000000000222e+00
1.000000000000000222e+00
1.000000000000000222e+00
1.000000000000000222e+00
1.000000000000000222e+00
1.000000000000000222e+00
1.000000000000000222e+00
1.000000000000000222e+00
1.000000000000000222e+00
1.000000000000000222e+00
1.000000000000000222e+00
1.000000000000000222e+00
1.000000000000000222e+00
1.000000000000000222e+00
1.000000000000000222e+00
1.000000000000000222e+00
1.000000000000000222e+00
1.000000000000000222e+00
1.000000000000000222e+00
1.000000000000000222e+00
1.000000000000000222e+00
1.000000000000000222e+00
1.000000000000000222e+00
1.000000000000000222e+00
1.000000000000000222e+00
1.000000000000000222e+00
1.000000000000000222e+00
