1.114623769635011692e+79
1.114623757591158878e+79
3.136695216604801667e+71
3.136695216604801667e+71
3.136695216448647482e+71
3.136695216447860393e+71
3.136695216447860393e+71
2.392867671984343201e+68
2.392867671984286690e+68
2.375686157465440854e+68
2.375686157204523431e+68
2.375686157183598163e+68
2.375686157183367809e+68
2.375686157183367809e+68
2.375686157174925196e+68
2.375686157174924717e+68
2.375686136161819497e+68
2.375686136161814708e+68
2.375686136161814708e+68
1.975303558373069065e+67
1.975303558373069065e+67
1.975303558373069065e+67
1.970755057081834998e+67
1.970607941771200402e+67
1.970607941771200402e+67
1.970607941771200402e+67
1.845670567882166781e+67
1.845670567882166781e+67
8.373566192759646445e+64
8.373566192759570447e+64
8.373566192759570447e+64
8.373566192759570447e+64
8.373566192759570447e+64
8.373566192759561093e+64
8.373566191594146826e+64
8.373566191594146826e+64
8.373566191594146826e+64
8.373566190021839981e+64
8.373565222361179145e+64
8.373565222361176807e+64
8.373565222361176807e+64
8.373565222361173299e+64
8.373565222361173299e+64
8.373565222361158100e+64
8.373565222361158100e+64
8.373565222361158100e+64
8.372875715061217852e+64
8.372873226174768688e+64
8.372872949182851263e+64
8.372872948463590186e+64
8.372872948463590186e+64
8.372872948463590186e+64
8.372872889891495331e+64
8.372872889891495331e+64
8.372872889891495331e+64
8.372872889891495331e+64
8.372872889891495331e+64
8.372872889891495331e+64
8.372872880829585379e+64
8.372872880826837756e+64
8.372872880814030325e+64
8.372872880814030325e+64
8.372872880814030325e+64
8.372872880721630684e+64
8.326472168455705747e+64
8.326472168455705747e+64
8.326472168455705747e+64
8.326472168455705747e+64
8.326472168455259112e+64
8.326472168455256774e+64
8.326472168455256774e+64
8.325730810296043415e+64
8.325730810296043415e+64
8.325730809701088314e+64
8.325730809701088314e+64
8.325730809701088314e+64
8.325730809700832259e+64
8.325406742522920441e+64
8.323175627102007212e+64
8.323175626099078020e+64
8.323175626098846518e+64
7.666252124254488925e+64
7.666252124254488925e+64
7.666244736436333649e+64
7.666244736436333649e+64
7.666244736436333649e+64
7.666244736436333649e+64
7.666244736380194448e+64
7.666244736380117281e+64
7.666244735859995739e+64
7.666244735859483629e+64
7.666244735777351914e+64
7.666244735759855986e+64
7.666239233344767512e+64
7.666238374021078234e+64
7.666238373998208656e+64
7.666238373993202136e+64
5.793187280339865141e+64
5.793187280339523734e+64
5.793187280339523734e+64
5.793187280339313278e+64
5.793187280339313278e+64
5.793187280339313278e+64
5.793187280339017470e+64
5.793187279579379195e+64
5.793187169479195941e+64
5.793187169479195941e+64
5.793158352495790687e+64
5.793158352495790687e+64
5.793158348104352412e+64
5.793158347762694251e+64
5.793158347762694251e+64
5.793158347762683728e+64
5.793158347762683728e+64
5.742246219207960799e+64
5.742246219207960799e+64
5.742246219207960799e+64
5.742246219207960799e+64
5.742246212214968934e+64
5.742177641933312696e+64
5.742177604979462437e+64
5.742177604979450745e+64
5.742177604979315117e+64
5.742177604979315117e+64
5.742177604979002941e+64
5.742177604979002941e+64
5.742177604979002941e+64
5.742177604979002941e+64
5.742166865971363306e+64
5.742166848476199563e+64
5.742166846946449307e+64
5.742166846946449307e+64
5.742164635607041490e+64
5.742164635607041490e+64
5.742164635607041490e+64
5.742161577281605655e+64
5.742161576746994203e+64
5.742161576636982882e+64
5.742161576636982882e+64
5.742161576636982882e+64
5.742161576636982882e+64
5.742161576636982882e+64
5.742161576636982882e+64
5.742161576636869470e+64
5.742161576636869470e+64
5.742161576135057621e+64
5.742161554520609422e+64
5.742161258091279098e+64
5.742161258084619328e+64
5.742161258084619328e+64
5.742161258084619328e+64
5.742161258084619328e+64
5.740381768452094421e+64
5.740381768452094421e+64
5.740381768448150705e+64
5.740381768448150705e+64
5.740381768448150705e+64
5.740381768448149536e+64
5.740381768447107777e+64
5.740381768447107777e+64
5.740381768447104270e+64
5.717779843567490119e+64
5.717779843567490119e+64
5.717779843567472581e+64
5.717779843567472581e+64
5.717779843567472581e+64
5.717779843567430490e+64
5.717779838443023420e+64
5.717779838443023420e+64
5.717779838443023420e+64
5.622502656349206749e+64
5.622502656349206749e+64
5.622502656349206749e+64
5.211801734235852432e+64
5.211801372027259923e+64
5.211801372027259923e+64
5.211801371820970721e+64
5.211801371820970721e+64
5.211765334832214847e+64
5.211765334832214847e+64
5.209366162759822252e+64
5.209366162759822252e+64
5.209366162759822252e+64
5.209366162759822252e+64
5.209366162759802960e+64
4.435540720601457384e+64
9.113771806184165015e+63
9.112535980644231533e+63
9.111150016010769231e+63
4.717703789601615293e+63
4.717703716540519266e+63
4.717703716540519266e+63
4.717703716540519266e+63
4.717703716540519266e+63
4.611206681971899120e+63
4.611206681964658841e+63
4.611206681963784132e+63
2.944615960161697827e+63
2.933680037774079446e+63
2.933679978604149089e+63
5.919219231347854747e+62
5.919217002630712761e+62
5.919217002630712761e+62
4.269776564642492153e+62
4.269734475080935273e+62
4.269734475048428737e+62
4.246898544154473100e+62
4.246898544154473100e+62
4.104793415363514782e+62
1.718664707930356487e+62
1.718664707930356487e+62
1.718664707930356487e+62
1.718664707930356487e+62
1.718636980668637178e+62
1.718636980668609318e+62
4.675016875930914538e+61
4.675016875130854858e+61
4.675016873836329783e+61
4.085528824533124511e+61
4.085524934796615432e+61
4.085524934796615432e+61
4.085524934796607440e+61
3.516039636478839317e+61
1.016709473919813564e+61
1.016600650367557353e+61
1.016354845914540870e+61
4.305273367710579832e+60
4.305273339830124672e+60
4.305273339830124672e+60
4.305273339830124672e+60
4.305273339830123959e+60
4.305273339830123959e+60
4.114320326648335299e+60
4.114320326647887857e+60
4.114320326624046398e+60
2.574996938383828869e+60
2.569071468436642581e+60
2.569071355492511813e+60
6.799271901589028943e+59
6.799271901589028943e+59
6.799270554102120856e+59
6.799270554102120856e+59
4.299974703756045123e+59
4.299913869479484652e+59
4.299913869458290023e+59
4.249243650928002354e+59
4.249243650928002354e+59
4.147592988732794860e+59
1.558867328622447714e+59
1.558867328622447714e+59
1.558867328622447714e+59
1.558856876111655433e+59
1.558856876111655433e+59
1.558856876111560655e+59
5.290131597734707063e+58
5.290131597734707063e+58
5.290131595184799716e+58
5.290131594119144111e+58
4.358102132645584631e+58
4.358095824923880419e+58
4.358095824923880419e+58
4.358095824923877074e+58
3.883370523351339326e+58
9.215316589613576771e+57
9.214906904283806926e+57
9.210460573982889393e+57
4.630856130804782732e+57
4.630856110067080039e+57
4.630856110067080039e+57
4.630856110067080039e+57
4.630856110067078645e+57
4.346630066780571137e+57
4.346630066780571137e+57
4.346630066780376006e+57
4.346630066714140702e+57
3.004198321824632290e+57
3.000498630550973559e+57
3.000498410991361736e+57
6.197587196272928826e+56
6.197587196272928826e+56
6.197586476517891555e+56
6.197586476517891555e+56
4.349527621537461085e+56
4.349390555893189236e+56
4.349390555884717566e+56
4.281742923609924510e+56
4.281742923609924510e+56
4.233832472415875427e+56
1.924979192666793079e+56
1.924979192666793079e+56
1.924979192666793079e+56
1.924968945716180202e+56
1.924968945716180202e+56
1.924968945715820210e+56
5.005488086731024709e+55
5.005488086731024709e+55
5.005488083477616032e+55
5.005488083104897406e+55
4.306598949221538089e+55
4.306585385425259284e+55
4.306585385425259284e+55
4.306585385425258739e+55
4.080704964172113566e+55
1.203873785802610404e+55
1.203828835300253470e+55
1.202835210290723756e+55
4.756478363259883010e+54
4.756478354712897146e+54
4.756478354712897146e+54
4.756478354712897146e+54
4.756478354712897146e+54
4.756478354712893062e+54
4.513370984742862797e+54
4.513370984742862797e+54
4.513370984742806990e+54
4.513370984641033298e+54
3.722027394844949250e+54
3.718375519751333777e+54
3.718374777232542267e+54
3.718374777232542267e+54
8.512266618910203605e+53
8.512266618910203605e+53
8.512266088473272484e+53
8.512266088473272484e+53
5.034397615514993101e+53
5.034157093625782641e+53
5.034157093622771993e+53
4.961396543618234830e+53
4.961396543618234830e+53
4.919922360489128938e+53
3.002409304354498459e+53
3.002409304354498459e+53
3.002409304354498459e+53
3.002399565965113182e+53
3.002399565965113182e+53
3.002399565963865622e+53
7.251379160773980114e+52
7.251379160773980114e+52
7.251379145738322998e+52
7.251379145530772022e+52
5.672662109577536090e+52
5.672631284267354120e+52
5.672631284267354120e+52
5.672631284267354120e+52
5.672631284267354120e+52
5.672631284267354120e+52
5.418636636957749123e+52
2.208091216887879279e+52
2.208032140337894545e+52
2.205352375481851564e+52
7.392323653128128800e+51
7.392323647650398838e+51
7.392323647650398838e+51
7.392323647650398838e+51
7.392323647650398838e+51
7.392323647650382888e+51
6.725813590584914607e+51
6.725813590584914607e+51
6.725813590584870743e+51
6.725813590087179867e+51
5.587664210856229277e+51
5.584447607605708127e+51
5.584445413873910647e+51
5.584445413873910647e+51
1.683097634184506605e+51
1.683097634184506605e+51
1.683097579159687458e+51
1.683097579159687458e+51
8.559005797163556895e+50
8.558448277299780942e+50
8.558448277296710425e+50
8.313094714480541914e+50
8.313094714480541914e+50
8.267474730279225032e+50
4.892118213862599163e+50
4.892118213862599163e+50
4.892118213862599163e+50
4.892111353632261032e+50
4.892111353632261032e+50
4.892111353624966894e+50
1.462630587944642392e+50
1.462630587944642392e+50
1.462630579932056033e+50
1.462630579902270734e+50
1.046844821586914250e+50
1.046836402620552128e+50
1.046836402620552128e+50
1.046836402620552128e+50
1.046836402620552128e+50
1.046836402620552128e+50
1.012616583824027274e+50
3.686460214591019119e+49
3.686416522447611082e+49
3.677584712108175907e+49
1.461988214899993655e+49
1.461988214144249655e+49
1.461988214144249655e+49
1.461988214144249655e+49
1.461988214144249655e+49
1.461988214144236675e+49
1.461988214144236675e+49
1.283944402814035687e+49
1.283944402814032053e+49
1.283944402576465779e+49
1.114626257553907683e+49
1.114286546401814784e+49
1.114285845949741005e+49
1.114285845949741005e+49
2.804323850622341685e+48
2.804323850622341685e+48
2.804323796740200072e+48
2.804323796740200072e+48
1.613658527877083344e+48
1.613423958413995677e+48
1.613423958413995677e+48
1.613423958413755857e+48
1.552313108849931750e+48
1.552313108849931750e+48
1.548080685377409115e+48
1.028819003296902739e+48
1.028819003296902739e+48
1.028819003296902577e+48
1.028819003296902577e+48
1.028817933080910424e+48
1.028817933080910424e+48
1.028817933076684381e+48
2.467118901206108874e+47
2.467118901206108874e+47
2.467118882923201273e+47
2.467118882904580398e+47
1.887642202651392680e+47
1.887609798631465595e+47
1.887609798631465595e+47
1.887609798631465595e+47
1.887609798631465595e+47
1.887609798631465595e+47
1.857576062975588226e+47
8.249009488661464241e+46
8.248932320624795286e+46
8.217686936919681897e+46
2.586557576046207842e+46
2.586557576046207842e+46
2.586557575526422418e+46
2.586557575526422418e+46
2.586557575526422418e+46
2.586557575526422418e+46
2.586557575526369684e+46
2.586557575526369684e+46
2.325168772171209387e+46
2.325168771546377307e+46
2.325168771546375786e+46
2.166994115506372721e+46
2.166541158652475530e+46
2.166538024013537748e+46
2.166538024013537748e+46
6.648721756409270911e+45
6.648721756409270911e+45
6.648721689857842576e+45
6.648721689857842576e+45
3.129286314701968634e+45
3.128662190255255736e+45
3.128662190255255736e+45
3.128662190255115660e+45
3.022919746647328212e+45
3.022919746647328212e+45
3.017253400358948424e+45
2.392721855423002897e+45
2.392721855423002897e+45
2.392721855423002580e+45
2.392721855423002580e+45
2.392721855423002580e+45
2.392720583471156432e+45
2.392720583452824619e+45
6.166379750783170898e+44
6.166379750783170898e+44
6.166379615577483122e+44
6.166379615559400086e+44
4.129411355568337762e+44
4.129301635105806410e+44
4.129301635105806410e+44
4.129301635105806410e+44
4.129301635105806410e+44
4.129301635105806410e+44
4.078419243934264083e+44
2.358427480061723061e+44
2.358413619751756487e+44
2.346724168978043337e+44
6.844179014941959669e+43
6.844179014941959669e+43
6.844179014376223052e+43
6.844179014376223052e+43
6.844179014376223052e+43
6.844179014376223052e+43
6.844179014375924956e+43
6.844179014375924956e+43
5.745439774522128225e+43
5.745439770005959553e+43
5.745439770005956582e+43
5.401776524836789263e+43
5.401158012750811727e+43
5.401158012750811727e+43
5.401144228511424315e+43
2.165653237866165300e+43
2.165653237866165300e+43
2.165653226889988511e+43
2.165653226889988511e+43
2.165653226889988511e+43
8.907971605417519693e+42
8.905654288501524245e+42
8.905654288501524245e+42
8.905654288501301415e+42
8.369872004937760870e+42
8.369872004937760870e+42
8.360319902830130698e+42
6.661043410907186469e+42
6.661043410907186469e+42
6.661043410907181517e+42
6.661043410907181517e+42
6.661043410907181517e+42
6.661041878539153780e+42
6.661041878370973436e+42
6.661041878370973436e+42
2.129795590568045781e+42
2.129795590568045781e+42
2.129795476446894014e+42
2.129795476442677590e+42
1.278702336720647582e+42
1.278654128736192981e+42
1.278654128736192981e+42
1.278654128736192981e+42
1.278654128736192981e+42
1.278654128736192981e+42
1.267891293880450633e+42
7.044903618403687697e+41
7.044884393173212097e+41
6.978132312730601612e+41
2.392803289963602532e+41
2.392803289963602532e+41
2.392803289828438823e+41
2.392803289828438823e+41
2.392803289828438823e+41
2.392803289828438823e+41
2.392803289828007478e+41
2.392803289828007478e+41
1.897254463058372765e+41
1.897254459573951447e+41
1.897254459573951447e+41
1.813536687911333809e+41
1.813536687911333809e+41
1.813529567014530317e+41
1.813421189245412798e+41
6.548193595152800948e+40
6.548193595152800948e+40
6.548193575537731936e+40
6.548193575537731936e+40
6.548193575537731936e+40
3.048245744892342984e+40
3.046501803680622281e+40
3.046501803680622281e+40
3.046501803680589398e+40
2.806418759890226197e+40
2.804748454732025179e+40
2.360789683895116693e+40
2.360789683895116693e+40
2.360789683895110407e+40
2.360789683895110407e+40
2.360789683895110407e+40
2.360789683895110407e+40
2.360789683745637852e+40
2.360789683745637852e+40
2.360789307504082770e+40
6.450657595114889889e+39
6.450657595114889889e+39
6.450657115412562516e+39
6.450657115407706260e+39
4.202663822313054405e+39
4.202329049033985019e+39
4.202329049033985019e+39
4.202329049033985019e+39
4.202329049033985019e+39
4.202329049033985019e+39
4.184182899999041031e+39
2.648360981918944062e+39
2.648355671244266326e+39
2.611665522293308343e+39
7.398853979558333431e+38
7.398853979558333431e+38
7.398853979396089541e+38
7.398853979396089541e+38
7.398853979396089541e+38
7.398853979396089541e+38
7.398853979393169985e+38
7.398853979393169985e+38
7.398853979393169985e+38
7.398853955111311592e+38
6.093119921535847339e+38
6.093119921535847339e+38
5.955860500996108260e+38
5.955860500996108260e+38
5.955811125805109835e+38
5.955582641890044207e+38
5.955582641890044207e+38
2.615742122003445955e+38
2.615742118073991250e+38
2.615742118073991250e+38
2.615742118073991250e+38
2.615742118073991250e+38
9.992015303783180845e+37
9.984695958514154506e+37
9.984695958514154506e+37
9.984695958514122394e+37
9.293326359138025780e+37
8.472646308849627275e+37
8.469669790494944821e+37
8.469669790494944821e+37
8.469669790494890986e+37
8.469669790494890986e+37
8.469669790494890986e+37
8.469669790494890986e+37
8.469669789613328111e+37
8.469669789613328111e+37
8.469669181645219115e+37
2.735025431754670229e+37
2.735025431754670229e+37
2.735024877350896536e+37
2.735024877350093262e+37
1.519479711080362963e+37
1.519479711080362963e+37
1.519308756437652086e+37
1.519308756437652086e+37
1.519308756437652086e+37
1.519308756437652086e+37
1.514666593021997020e+37
1.514666593021997020e+37
1.141994892655128929e+37
1.141993652946285957e+37
1.123927967310145418e+37
1.123927967310145418e+37
3.313237385252627144e+36
3.313237385222696786e+36
3.313237385222696786e+36
3.313237385222696786e+36
3.313237385222696786e+36
3.313237385220015072e+36
3.313237385220015072e+36
3.313237385220015072e+36
3.313237353916163095e+36
2.475346276868243358e+36
2.475346276868243358e+36
2.475346276868243358e+36
2.430859864669533052e+36
2.430827732404952642e+36
2.430827732404952642e+36
2.430779948028072496e+36
1.342890200369331757e+36
1.342890199416562443e+36
1.342890199416562443e+36
1.342890199416562443e+36
1.342890199416562443e+36
4.753531631296448017e+35
4.749137105016373346e+35
4.749137105016373346e+35
4.749137105016365230e+35
4.222148775573245806e+35
3.887732718855391969e+35
3.886945811626828002e+35
3.886945811626828002e+35
3.886945811626775614e+35
3.886945811626775614e+35
3.886945811626775614e+35
3.886945811626775614e+35
3.886945810433125912e+35
3.886945810433125912e+35
3.886945692637500667e+35
1.557382326304560821e+35
1.557382326304560821e+35
1.557381624044952860e+35
1.557381624044668042e+35
7.783299750573304939e+34
7.783299750573304939e+34
7.782109611470410592e+34
7.782109611470410592e+34
7.782109611470410592e+34
7.782109611470410592e+34
7.782109611470410592e+34
7.766802523312837393e+34
5.852526906481096071e+34
5.852523911164082865e+34
5.687271446192033173e+34
5.687271446192033173e+34
1.973549094054089078e+34
1.973549094042476161e+34
1.973549094042476161e+34
1.973549094042476161e+34
1.973549094036359682e+34
1.973549094036359682e+34
1.973549094036359682e+34
1.973549050646084147e+34
1.973549050646084147e+34
1.367636258915222900e+34
1.367636258915222900e+34
1.367636258915222900e+34
1.350493128759062842e+34
1.350493128759062842e+34
1.350466813951686239e+34
1.350453246012157464e+34
7.184274656418447065e+33
7.184274653436513592e+33
7.184274653436513592e+33
7.184274653436513592e+33
2.853426584832901779e+33
2.847846859547367331e+33
2.847846859547367331e+33
2.847846859547367331e+33
2.847846859547365025e+33
2.445636039522886128e+33
2.445636039522886128e+33
2.301661372012969008e+33
2.301407615057984221e+33
2.301407615057866047e+33
2.301407615057866047e+33
2.301407615057866047e+33
2.301407615057866047e+33
2.301407613423118469e+33
2.301407613423118469e+33
2.301407613423118469e+33
8.426475065549207706e+32
8.426475005011038969e+32
8.426475005011038969e+32
8.426469549999598502e+32
8.426469549998993219e+32
4.574952233199999183e+32
4.574952233199999183e+32
4.573502057647220687e+32
4.573502057647220687e+32
4.573502057647220687e+32
4.573502057647220687e+32
4.573502057647220687e+32
4.568634035373240604e+32
3.679792853967890176e+32
3.679792853967890176e+32
3.679791559092532600e+32
3.537772557624505495e+32
3.537772557624505495e+32
1.075956256191696227e+32
1.075956256189187362e+32
1.075956256189187002e+32
1.075956256182084465e+32
1.075956256182084465e+32
1.075956256182084465e+32
1.075956256182084465e+32
1.075956221961892704e+32
7.822446885765937031e+31
7.822446885765937031e+31
7.822446885765937031e+31
7.822446885765937031e+31
7.822446885765937031e+31
7.770544711184878248e+31
7.770237414295286007e+31
7.770188296206508834e+31
4.751024111561902001e+31
4.751024110613987054e+31
4.751024110613987054e+31
4.751024110613987054e+31
4.751024110613987054e+31
4.717210271124001790e+31
1.600155772881261561e+31
1.600155772881261561e+31
1.600155772881261336e+31
1.600155772881261336e+31
1.399168013289370601e+31
1.399168013289199914e+31
1.354572687362859109e+31
1.354476574394487482e+31
1.354476574394487482e+31
1.354476574394487482e+31
1.354476574394487482e+31
1.354476572892026298e+31
1.354476572892026298e+31
5.942978655803911948e+30
5.942978655803911948e+30
5.942978633915780499e+30
5.942978633915780499e+30
5.942969062851709983e+30
5.942969062851544476e+30
2.750630521129293694e+30
2.750630521129293694e+30
2.749478765618538453e+30
2.749478765618538453e+30
2.749478765618538453e+30
2.749478765618538453e+30
2.747554171567893047e+30
2.747554171567893047e+30
2.423664222337980521e+30
2.423664222337980521e+30
2.423663814028789534e+30
2.327980283822898497e+30
2.327980283822898497e+30
8.054758321137349611e+29
8.054758321129628752e+29
8.054758321129623122e+29
8.054758321024006674e+29
8.054758321024006674e+29
8.054758321024006674e+29
8.054758321024006674e+29
8.054757644556833330e+29
5.198540316860114035e+29
5.198540316860114035e+29
5.198540316860114035e+29
5.198540316860114035e+29
5.198540316860114035e+29
5.198540316860114035e+29
5.198238111243082016e+29
5.173129299065565646e+29
5.173113474058380158e+29
3.723780046668028482e+29
3.723780046348277130e+29
3.723780046348277130e+29
3.723780046348277130e+29
3.691539253407182929e+29
3.691539253407182929e+29
1.266909134856427223e+29
1.266909134856427223e+29
1.266909134856427047e+29
1.266909134856427047e+29
1.036488654496381602e+29
1.036488654496133200e+29
1.036488654496133200e+29
1.009564565985848002e+29
1.009564565985848002e+29
1.009525757863522500e+29
1.009525754919483008e+29
1.009525754919483008e+29
1.009525754919483008e+29
5.378272101650415687e+28
5.378272101650415687e+28
5.378272091807237510e+28
5.378272091807237510e+28
5.378254867995552337e+28
5.378254867995552337e+28
5.378254867995468774e+28
2.319621693178397630e+28
2.319621693178397630e+28
2.318348583687763250e+28
2.318348583687763250e+28
2.318348583687763250e+28
2.318348583687763250e+28
2.317353690367394340e+28
2.317353690367394340e+28
2.063074307774325351e+28
2.063074307774325351e+28
2.063074307774325351e+28
2.063074145322913471e+28
1.931017534709585976e+28
7.906320054385345970e+27
7.906320054380755509e+27
7.906320054380741216e+27
7.906320054021800147e+27
7.906320054021800147e+27
7.906320054021800147e+27
7.906320054021800147e+27
7.906318621890051099e+27
4.714391562759847940e+27
4.714391562759847940e+27
4.714391562759847940e+27
4.714391562759847940e+27
4.714391562759847940e+27
4.714391562759847940e+27
4.714005219942050275e+27
4.698971291941018576e+27
4.698964122373542494e+27
3.388843845941824127e+27
3.388843845778356984e+27
3.388843845778356984e+27
3.388843845778356984e+27
3.337000195557342031e+27
1.287659551690198437e+27
1.287659551690198437e+27
1.287659551690198437e+27
1.287659551690198437e+27
1.287659551690198437e+27
1.003110813938346905e+27
1.003110813938346905e+27
1.003110813937526120e+27
1.003110813937526120e+27
9.846380936828706309e+26
9.846178231618432001e+26
9.846178170081372037e+26
9.846178170081372037e+26
5.087413157642044593e+26
5.087413157642044593e+26
5.087413157642044593e+26
5.087413152205450251e+26
5.087413152205450251e+26
5.087389195379495794e+26
5.087389195379495794e+26
2.369053709760035881e+26
2.369053709760035881e+26
2.369053709760029009e+26
2.366459426422262352e+26
2.366459426422262352e+26
2.366459426422262352e+26
2.366459426422262352e+26
2.366459426422262352e+26
2.365890116771761126e+26
2.365890116771761126e+26
2.167625286712536623e+26
2.167625286712536623e+26
1.988269955194719031e+26
1.988269862056582316e+26
1.988269862056582316e+26
7.577187565147054027e+25
7.577187565145259590e+25
7.577187565145212345e+25
7.577187564420805122e+25
7.577187564420805122e+25
7.577187564420805122e+25
7.577187564420805122e+25
7.577185519660459453e+25
4.744837605529351202e+25
4.744837605529351202e+25
4.744837605529351202e+25
4.744837605529351202e+25
4.744837605529351202e+25
4.744837605529351202e+25
4.744072707747269929e+25
4.735700025785762150e+25
4.735695530688677095e+25
3.690515248379655783e+25
3.690515248379655783e+25
3.690515248297152038e+25
3.613756252859218106e+25
3.613756252859218106e+25
1.252734554072193891e+25
1.252734554072193891e+25
1.252734554072193891e+25
1.252734554072193891e+25
1.252734554072193891e+25
9.990857360339084771e+24
9.990857360339084771e+24
9.990857360321191938e+24
9.990857360321191938e+24
9.889389845993518264e+24
9.889389749492356959e+24
9.889263526895499436e+24
9.889263526895499436e+24
9.889263526895499436e+24
5.876326314155234256e+24
5.876326314155234256e+24
5.876326311068375762e+24
5.876326311068375762e+24
5.876263834369288957e+24
5.876263834369288957e+24
5.876263834369288957e+24
2.399156008132959227e+24
2.399156008132957079e+24
2.395816741012520296e+24
2.395816741012520296e+24
2.395816741012520296e+24
2.395816741012520296e+24
2.395816741012520296e+24
2.395456511009672179e+24
2.395456511009672179e+24
2.279538331564154840e+24
2.279538331564154840e+24
2.096570231945471254e+24
2.096570187872973315e+24
2.096570187872973315e+24
9.339805171240042150e+23
9.339805171239883773e+23
9.339805171238976461e+23
9.339805169528038658e+23
9.339805169528038658e+23
9.339799096918100222e+23
9.339799096918100222e+23
9.339799096918100222e+23
5.175550709443806773e+23
5.175550709443806773e+23
5.175550709443806773e+23
5.175550709443806773e+23
5.175550709443806773e+23
5.175550709443806773e+23
5.174408242586300470e+23
5.168256234704369143e+23
5.168253956299075197e+23
4.418396932572596205e+23
4.418396932572596205e+23
4.418396932533252291e+23
4.317393958766204860e+23
1.637428866749706409e+23
1.637428866749706409e+23
1.637428866749706409e+23
1.637428866749706409e+23
1.637428866749706409e+23
1.637428866749706409e+23
1.637428866749706409e+23
1.201450786861946419e+23
1.201450786857923914e+23
1.201450786857923746e+23
1.201450759017291422e+23
1.192369321114461431e+23
1.192361512133031310e+23
1.192361512133031310e+23
1.192361512133031310e+23
1.192361512133031310e+23
8.211199911416886723e+22
8.211199909411635279e+22
8.211046761289481401e+22
8.211046761289481401e+22
8.211046761289481401e+22
8.211046761289481401e+22
3.321565990168236655e+22
3.321565990168236655e+22
3.321565990168235396e+22
3.315680008533835566e+22
3.315680008533835566e+22
3.315680008533835566e+22
3.315680008533835566e+22
3.315680008533835566e+22
3.315680008533835566e+22
3.315386367507441490e+22
3.177348438447912020e+22
3.177348438447912020e+22
2.804323994015989603e+22
2.804323967782508036e+22
2.804323967782508036e+22
1.464985721386364305e+22
1.464985721386303698e+22
1.464985720563495128e+22
1.464985720563417324e+22
1.464985720563417324e+22
1.464983844869794641e+22
1.464983844869794641e+22
7.640642606298046661e+21
7.640642606298046661e+21
7.640642606298046661e+21
7.640642606298046661e+21
7.640642606298046661e+21
7.640642606298046661e+21
7.640642606298046661e+21
7.638352159305336095e+21
7.632644489412579688e+21
7.632642836142561952e+21
6.609989005614324384e+21
6.609989005614324384e+21
6.366340608872730853e+21
6.366340608844252578e+21
2.737965010781781098e+21
2.737965010781781098e+21
2.737965010781781098e+21
2.737965010781781098e+21
2.737965010781781098e+21
2.737965010781781098e+21
2.737965010781781098e+21
2.737965010740947452e+21
1.899980203193485492e+21
1.899980203193484968e+21
1.899980203193484968e+21
1.899980203193484968e+21
1.899980115783528743e+21
1.890290924427968774e+21
1.890284394894343012e+21
1.890284394894343012e+21
1.310478986922184933e+21
1.310478986922184933e+21
1.310443101415240630e+21
1.310443101237179843e+21
1.310443101237179843e+21
1.310443101237179843e+21
1.310443101237179843e+21
5.722464533926952305e+20
5.722464533926952305e+20
5.703390400556849562e+20
5.703390400556848906e+20
5.703390400556848906e+20
5.703390400556848906e+20
5.703390400556848906e+20
5.703390400556848906e+20
5.703390400556848906e+20
5.703101329320131953e+20
5.527310437677907968e+20
4.731483873206528901e+20
4.731483873206528901e+20
4.731483847170765619e+20
4.731483847170765619e+20
2.423719399347935314e+20
2.423719399347611894e+20
2.423719396520178811e+20
2.423719396520178811e+20
2.423719396520125399e+20
2.423714673456070984e+20
2.423714673456070984e+20
2.423714673456070984e+20
1.322001736604715745e+20
1.322001736604715745e+20
1.322001736604715745e+20
1.322001736604715745e+20
1.321252129651399557e+20
1.321252129651399557e+20
1.321252129651399557e+20
1.320683775030325412e+20
1.185611504877440041e+20
1.185611365800667546e+20
1.185611365800667546e+20
1.185611365800667546e+20
1.185611365800667546e+20
1.185611365800667546e+20
1.185611365800667546e+20
1.185611365800667546e+20
1.185611365800667546e+20
1.185611365800667546e+20
1.185611365800667546e+20
1.185611365800667546e+20
1.185611365800667546e+20
1.185611365800667546e+20
1.185611365800667546e+20
1.185611365800667546e+20
1.185611365800667546e+20
1.185611365800667546e+20
1.185611365800667546e+20
1.185611365800667546e+20
1.185611365800667546e+20
1.185611365800667546e+20
1.185611365800667546e+20
1.185611365800667546e+20
1.185611365800667546e+20
1.185611365800667546e+20
1.185611365800667546e+20
1.185611365800667546e+20
1.185611365800667546e+20
1.185611365800667546e+20
1.185611365800667546e+20
1.185611365800667546e+20
1.185611365800667546e+20
1.185611365800667546e+20
1.185611365800667546e+20
1.185611365800667546e+20
1.185611365800667546e+20
1.185611365800667546e+20
1.185611365800667546e+20
1.185611365800667546e+20
1.185611365800667546e+20
1.185611365800667546e+20
1.185611365800667546e+20
1.185611365800667546e+20
1.185611365800667546e+20
1.185611365800667546e+20
1.185611365800667546e+20
1.185611365800667546e+20
1.185611365800667546e+20
1.185611365800667546e+20
1.185611365800667546e+20
1.185611365800667546e+20
1.185611365800667546e+20
1.185611365800667546e+20
1.185611365800667546e+20
1.185611365800667546e+20
1.185611365800667546e+20
1.185611365800667546e+20
1.185611365800667546e+20
1.185611365800667546e+20
1.185611365800667546e+20
1.185611365800667546e+20
1.185611365800667546e+20
1.185611365800667546e+20
1.185611365800667546e+20
1.185611365800667546e+20
1.185611365800667546e+20
1.185611365800667546e+20
1.185611365800667546e+20
1.185611365800667546e+20
1.185611365800667546e+20
1.185611365800667546e+20
1.185611365800667546e+20
1.185611365800667546e+20
1.185611365800667546e+20
1.185611365800667546e+20
1.185611365800667546e+20
1.185611365800667546e+20
1.185611365800667546e+20
1.185611365800667546e+20
1.185611365800667546e+20
1.185611365800667546e+20
1.185611365800667546e+20
1.185611365800667546e+20
1.185611365800667546e+20
1.185611365800667546e+20
1.185611365800667546e+20
1.185611365800667546e+20
1.185611365800667546e+20
1.185611365800667546e+20
1.185611365800667546e+20
1.185611365800667546e+20
1.185611365800667546e+20
1.185611365800667546e+20
1.185611365800667546e+20
1.185611365800667546e+20
1.185611365800667546e+20
1.185611365800667546e+20
1.185611365800667546e+20
1.185611365800667546e+20
1.185611365800667546e+20
1.185611365800667546e+20
1.185611365800667546e+20
1.185611365800667546e+20
1.185611365800667546e+20
1.185611365800667546e+20
1.185611365800667546e+20
1.185611365800667546e+20
1.185611365800667546e+20
1.185611365800667546e+20
1.185611365800667546e+20
1.185611365800667546e+20
1.185611365800667546e+20
1.185611365800667546e+20
1.185611365800667546e+20
1.185611365800667546e+20
1.185611365800667546e+20
1.185611365800667546e+20
1.185611365800667546e+20
1.185611365800667546e+20
1.185611365800667546e+20
1.185611365800667546e+20
1.185611365800667546e+20
1.185611365800667546e+20
1.185611365800667546e+20
1.185611365800667546e+20
1.185611365800667546e+20
1.185611365800667546e+20
1.185611365800667546e+20
1.185611365800667546e+20
1.185611365800667546e+20
1.185611365800667546e+20
1.185611365800667546e+20
1.185611365800667546e+20
1.185611365800667546e+20
1.185611365800667546e+20
1.185611365800667546e+20
1.185611365800667546e+20
1.185611365800667546e+20
1.185611365800667546e+20
1.185611365800667546e+20
1.185611365800667546e+20
1.185611365800667546e+20
1.185611365800667546e+20
1.185611365800667546e+20
1.185611365800667546e+20
1.185611365800667546e+20
1.185611365800667546e+20
1.185611365800667546e+20
1.185611365800667546e+20
1.185611365800667546e+20
1.185611365800667546e+20
1.185611365800667546e+20
1.185611365800667546e+20
1.185611365800667546e+20
1.185611365800667546e+20
1.185611365800667546e+20
1.185611365800667546e+20
1.185611365800667546e+20
1.185611365800667546e+20
1.185611365800667546e+20
1.185611365800667546e+20
1.185611365800667546e+20
1.185611365800667546e+20
1.185611365800667546e+20
1.185611365800667546e+20
1.185611365800667546e+20
1.185611365800667546e+20
1.185611365800667546e+20
1.185611365800667546e+20
1.185611365800667546e+20
1.185611365800667546e+20
1.185611365800667546e+20
1.185611365800667546e+20
1.185611365800667546e+20
1.185611365800667546e+20
1.185611365800667546e+20
1.185611365800667546e+20
1.185611365800667546e+20
1.185611365800667546e+20
1.185611365800667546e+20
1.185611365800667546e+20
1.185611365800667546e+20
1.185611365800667546e+20
1.185611365800667546e+20
1.185611365800667546e+20
1.185611365800667546e+20
1.185611365800667546e+20
1.185611365800667546e+20
1.185611365800667546e+20
1.185611365800667546e+20
1.185611365800667546e+20
1.185611365800667546e+20
1.185611365800667546e+20
1.185611365800667546e+20
1.185611365800667546e+20
1.185611365800667546e+20
1.185611365800667546e+20
1.185611365800667546e+20
1.185611365800667546e+20
1.185611365800667546e+20
1.185611365800667546e+20
1.185611365800667546e+20
1.185611365800667546e+20
1.185611365800667546e+20
1.185611365800667546e+20
1.185611365800667546e+20
1.185611365800667546e+20
1.185611365800667546e+20
1.185611365800667546e+20
1.185611365800667546e+20
1.185611365800667546e+20
1.185611365800667546e+20
1.185611365800667546e+20
1.185611365800667546e+20
1.185611365800667546e+20
1.185611365800667546e+20
1.185611365800667546e+20
1.185611365800667546e+20
1.185611365800667546e+20
1.185611365800667546e+20
1.185611365800667546e+20
1.185611365800667546e+20
1.185611365800667546e+20
1.185611365800667546e+20
1.185611365800667546e+20
1.185611365800667546e+20
1.185611365800667546e+20
1.185611365800667546e+20
1.185611365800667546e+20
1.185611365800667546e+20
1.185611365800667546e+20
1.185611365800667546e+20
1.185611365800667546e+20
1.185611365800667546e+20
1.185611365800667546e+20
1.185611365800667546e+20
1.185611365800667546e+20
1.185611365800667546e+20
1.185611365800667546e+20
1.185611365800667546e+20
1.185611365800667546e+20
1.185611365800667546e+20
1.185611365800667546e+20
1.185611365800667546e+20
1.185611365800667546e+20
1.185611365800667546e+20
1.185611365800667546e+20
1.185611365800667546e+20
1.185611365800667546e+20
1.185611365800667546e+20
1.185611365800667546e+20
1.185611365800667546e+20
1.185611365800667546e+20
1.185611365800667546e+20
1.185611365800667546e+20
1.185611365800667546e+20
1.185611365800667546e+20
1.185611365800667546e+20
1.185611365800667546e+20
1.185611365800667546e+20
1.185611365800667546e+20
1.185611365800667546e+20
1.185611365800667546e+20
1.185611365800667546e+20
1.185611365800667546e+20
1.185611365800667546e+20
1.185611365800667546e+20
1.185611365800667546e+20
1.185611365800667546e+20
1.185611365800667546e+20
1.185611365800667546e+20
1.185611365800667546e+20
1.185611365800667546e+20
1.185611365800667546e+20
1.185611365800667546e+20
1.185611365800667546e+20
1.185611365800667546e+20
1.185611365800667546e+20
1.185611365800667546e+20
1.185611365800667546e+20
1.185611365800667546e+20
1.185611365800667546e+20
1.185611365800667546e+20
1.185611365800667546e+20
1.185611365800667546e+20
1.185611365800667546e+20
1.185611365800667546e+20
1.185611365800667546e+20
1.185611365800667546e+20
1.185611365800667546e+20
1.185611365800667546e+20
1.185611365800667546e+20
1.185611365800667546e+20
1.185611365800667546e+20
1.185611365800667546e+20
1.185611365800667546e+20
1.185611365800667546e+20
1.185611365800667546e+20
1.185611365800667546e+20
1.185611365800667546e+20
1.185611365800667546e+20
1.185611365800667546e+20
1.185611365800667546e+20
1.185611365800667546e+20
1.185611365800667546e+20
1.185611365800667546e+20
1.185611365800667546e+20
1.185611365800667546e+20
1.185611365800667546e+20
1.185611365800667546e+20
1.185611365800667546e+20
1.185611365800667546e+20
1.185611365800667546e+20
1.185611365800667546e+20
1.185611365800667546e+20
1.185611365800667546e+20
1.185611365800667546e+20
1.185611365800667546e+20
1.185611365800667546e+20
1.185611365800667546e+20
1.185611365800667546e+20
1.185611365800667546e+20
1.185611365800667546e+20
1.185611365800667546e+20
1.185611365800667546e+20
1.185611365800667546e+20
1.185611365800667546e+20
1.185611365800667546e+20
1.185611365800667546e+20
1.185611365800667546e+20
1.185611365800667546e+20
1.185611365800667546e+20
1.185611365800667218e+20
1.185611365800666890e+20
1.185611365800666726e+20
1.185611365800666726e+20
1.185611365800666726e+20
1.185611365800666726e+20
1.185611365800666726e+20
1.185611365800666726e+20
1.185611365800666726e+20
1.185611365800666726e+20
1.185611365800666726e+20
1.185611365800666726e+20
1.185611365800666726e+20
1.185611365800666726e+20
1.185611365800666726e+20
1.185611365800666726e+20
1.185611365800666726e+20
1.185611365800666726e+20
1.185611365800666726e+20
1.185611365800666726e+20
1.185611365800666726e+20
1.185611365800666726e+20
1.185611365800666726e+20
1.185611365800666726e+20
1.185611365800666726e+20
1.185611365800666726e+20
1.185611365800666726e+20
1.185611365800666726e+20
1.185611365800666726e+20
1.185611365800666726e+20
1.185611365800666726e+20
1.185611365800666399e+20
1.185611365800665416e+20
1.185611365800658862e+20
1.185611365800623636e+20
1.185611365800469299e+20
1.185611365799958938e+20
1.185611365799032750e+20
1.185611365798589891e+20
1.185611365798576128e+20
1.185611365798576128e+20
1.185611365798576128e+20
1.185611365798576128e+20
1.185611365798576128e+20
1.185611365798576128e+20
1.185611365798576128e+20
1.185611365798576128e+20
1.185611365798576128e+20
1.185611365798576128e+20
1.185611365798576128e+20
1.185611365798576128e+20
1.185611365798576128e+20
1.185611365798576128e+20
1.185611365798576128e+20
1.185611365798576128e+20
1.185611365798576128e+20
1.185611365798576128e+20
1.185611365798576128e+20
1.185611365798576128e+20
1.185611365798576128e+20
1.185611365798576128e+20
1.185611365798576128e+20
1.185611365798576128e+20
1.185611365798575964e+20
1.185611365798574326e+20
1.185611365798556140e+20
1.185611365798392300e+20
1.185611365797155308e+20
1.185611365788969861e+20
1.185611365745177559e+20
1.185611365552786964e+20
1.185611364917082030e+20
1.185611363763550618e+20
1.185611363211983421e+20
1.185611363194871480e+20
1.185611363194867876e+20
1.185611363194867876e+20
1.185611363194867876e+20
1.185611363194867876e+20
1.185611363194867876e+20
1.185611363194867876e+20
1.185611363194867876e+20
1.185611363194867876e+20
1.185611363194867876e+20
1.185611363194867876e+20
1.185611363194867876e+20
1.185611363194867876e+20
1.185611363194867876e+20
1.185611363194867876e+20
1.185611363194867876e+20
1.185611363194867876e+20
1.185611363194867876e+20
1.185611363194867876e+20
1.185611363194867876e+20
1.185611363194867876e+20
1.185611363194867876e+20
1.185611363194867384e+20
1.185611363194860175e+20
1.185611363194752860e+20
1.185611363193412977e+20
1.185611363178227958e+20
1.185611363042088714e+20
1.185611362013681746e+20
1.185611355208973517e+20
1.185611318802859622e+20
1.185611158861866762e+20
1.185610630378644931e+20
1.185609671409434952e+20
1.185609212873946399e+20
1.185609198648259707e+20
1.185609198645219328e+20
1.185609198645219328e+20
1.185609198645219328e+20
1.185609198645219328e+20
1.185609198645219328e+20
1.185609198645219328e+20
1.185609198645219328e+20
1.185609198645219328e+20
1.185609198645219328e+20
1.185609198645219328e+20
1.185609198645219328e+20
1.185609198645219328e+20
1.185609198645219328e+20
1.185609198645219328e+20
1.185609198645219328e+20
1.185609198645219328e+20
1.185609198645219328e+20
1.185609198645219328e+20
1.185609198645218836e+20
1.185609198645209006e+20
1.185609198645005189e+20
1.185609198640995860e+20
1.185609198580968489e+20
1.185609197832935178e+20
1.185609189355441684e+20
1.185609113351734886e+20
1.185608539213463716e+20
1.185604740300225085e+20
1.185584416010356982e+20
1.185495134657479639e+20
1.185200223180742492e+20
1.184665459839229624e+20
1.184409930510865039e+20
1.184402004683200266e+20
1.184402002989336658e+20
1.184402002989336658e+20
1.184402002989336658e+20
1.184402002989336658e+20
1.184402002989336658e+20
1.184402002989336658e+20
1.184402002989336658e+20
1.184402002989336658e+20
1.184402002989336658e+20
1.184402002989336658e+20
1.184402002989336658e+20
1.184402002989336658e+20
1.184402002989336658e+20
1.184402002989336658e+20
1.184402002989336658e+20
1.184402002989336494e+20
1.184402002989332234e+20
1.184402002989182976e+20
1.184402002985432678e+20
1.184402002908750152e+20
1.184402001399766385e+20
1.184401978807937925e+20
1.184401697279038259e+20
1.184398506709390459e+20
1.184369902897802445e+20
1.184153871856536125e+20
1.182726432787791053e+20
1.175147524155071037e+20
1.142970712817766236e+20
1.048141489137173463e+20
9.109915976211680461e+19
8.573499053808540058e+19
8.557865632706251981e+19
8.557862297690315162e+19
8.557862297690308608e+19
8.557862297690308608e+19
8.557862297690308608e+19
8.557862297690308608e+19
8.557862297690308608e+19
8.557862297690308608e+19
8.557862297690308608e+19
8.557862297690308608e+19
8.557862297690308608e+19
8.557862297690308608e+19
8.557862297690308608e+19
8.557862297690308608e+19
8.557862297690308608e+19
8.557862297690305331e+19
8.557862297690133299e+19
8.557862297684412006e+19
8.557862297484940083e+19
8.557862292468758938e+19
8.557862189900364186e+19
8.557860171529460122e+19
8.557829953501380608e+19
8.557453408237248512e+19
8.553188319305111962e+19
8.515139371944266957e+19
8.238296101197258752e+19
6.779804696189119693e+19
3.481862906251311514e+19
1.109922120942650982e+19
3.414157913788275200e+18
1.513097614344316416e+18
1.194948750266763520e+18
1.187204321963320320e+18
1.187202677585352960e+18
1.187202677585350144e+18
1.187202677585350144e+18
1.187202677585350144e+18
1.187202677585350144e+18
1.187202677585350144e+18
1.187202677585350144e+18
1.187202677585350144e+18
1.187202677585350144e+18
1.187202677585350144e+18
1.187202677585350144e+18
1.187202677585350144e+18
1.187202677585350144e+18
1.187202677585348864e+18
1.187202677585290752e+18
1.187202677583363840e+18
1.187202677516181504e+18
1.187202675826718464e+18
1.187202641281418752e+18
1.187201961489137664e+18
1.187191784037753088e+18
1.187064971955615744e+18
1.185629696231961856e+18
1.172915326158605568e+18
1.085020055557767680e+18
7.253573857723125760e+17
2.615347878509156480e+17
6.865839832576835200e+16
1.997737515629734800e+16
8.736755920837434000e+15
6.884526772766391000e+15
6.839541334700103000e+15
6.839531783434316000e+15
6.839531783434301000e+15
6.839531783434301000e+15
6.839531783434301000e+15
6.839531783434301000e+15
6.839531783434301000e+15
6.839531783434301000e+15
6.839531783434301000e+15
6.839531783434301000e+15
6.839531783434301000e+15
6.839531783434301000e+15
6.839531783434301000e+15
6.839531783434295000e+15
6.839531783434065000e+15
6.839531783426379000e+15
6.839531783158414000e+15
6.839531776419798000e+15
6.839531638631925000e+15
6.839528927202280000e+15
6.839488333153489000e+15
6.838982509208938000e+15
6.833255209214938000e+15
6.782333273629485000e+15
6.420878727387112000e+15
4.746959291022745000e+15
1.982213099895410000e+15
5.569993691732550000e+14
1.650000265490540000e+14
7.246249383076309375e+13
5.713962462471011719e+13
5.676721161453116406e+13
5.676713254282376562e+13
5.676713254282363281e+13
5.676713254282363281e+13
5.676713254282363281e+13
5.676713254282363281e+13
5.676713254282363281e+13
5.676713254282363281e+13
5.676713254282363281e+13
5.676713254282363281e+13
5.676713254282363281e+13
5.676713254282363281e+13
5.676713254282363281e+13
5.676713254282360156e+13
5.676713254282228125e+13
5.676713254277835938e+13
5.676713254124723438e+13
5.676713250274341406e+13
5.676713171543625000e+13
5.676711622257615625e+13
5.676688427145007031e+13
5.676399396221713281e+13
5.673125852166029688e+13
5.643945174789770312e+13
5.432847978194654688e+13
4.355050118972729688e+13
2.112677422415470312e+13
6.476553890878501953e+12
1.967777729981500977e+12
8.694484814493459473e+11
6.862880178973105469e+11
6.818318083723269043e+11
6.818308621949958496e+11
6.818308621949943848e+11
6.818308621949943848e+11
6.818308621949943848e+11
6.818308621949943848e+11
6.818308621949943848e+11
6.818308621949943848e+11
6.818308621949943848e+11
6.818308621949943848e+11
6.818308621949943848e+11
6.818308621949943848e+11
6.818308621949940186e+11
6.818308621949830322e+11
6.818308621946186523e+11
6.818308621819108887e+11
6.818308618623438721e+11
6.818308553279962158e+11
6.818307267431829834e+11
6.818288016349573975e+11
6.818048127337650146e+11
6.815330634159073486e+11
6.791063776267153320e+11
6.613186947111550293e+11
5.636346308123555908e+11
3.148314684921663208e+11
1.071112374658482819e+11
3.368193705303980255e+10
1.501000621657519341e+10
1.186495870374847603e+10
1.178832866616768074e+10
1.178831239490930176e+10
1.178831239490927505e+10
1.178831239490927505e+10
1.178831239490927505e+10
1.178831239490927505e+10
1.178831239490927505e+10
1.178831239490927505e+10
1.178831239490927505e+10
1.178831239490927505e+10
1.178831239490927505e+10
1.178831239490927505e+10
1.178831239490927124e+10
1.178831239490913963e+10
1.178831239490477180e+10
1.178831239475247765e+10
1.178831239092266464e+10
1.178831231261253929e+10
1.178831077160283661e+10
1.178828770034641838e+10
1.178800020453842545e+10
1.178474298204549026e+10
1.175562104853099251e+10
1.154019646826636124e+10
1.029222814489156532e+10
6.519973336478747368e+09
2.497892149646676540e+09
8.221239026440752745e+08
3.707692205209723711e+08
2.936757533397454023e+08
2.917934487329871058e+08
2.917930490336266160e+08
2.917930490336259604e+08
2.917930490336259604e+08
2.917930490336259604e+08
2.917930490336259604e+08
2.917930490336259604e+08
2.917930490336259604e+08
2.917930490336259604e+08
2.917930490336259604e+08
2.917930490336259604e+08
2.917930490336259007e+08
2.917930490336236358e+08
2.917930490335485339e+08
2.917930490309294462e+08
2.917930489650655389e+08
2.917930476183127165e+08
2.917930211165129542e+08
2.917926243440548182e+08
2.917876800387411714e+08
2.917316577238207459e+08
2.912303572901846170e+08
2.874984402967612147e+08
2.650270465722667873e+08
1.868787801378889680e+08
8.141333072701394558e+07
2.841894606909796596e+07
1.302928721423481591e+07
1.034945641276238114e+07
1.028383549473853223e+07
1.028382155944914557e+07
1.028382155944912322e+07
1.028382155944912322e+07
1.028382155944912322e+07
1.028382155944912322e+07
1.028382155944912322e+07
1.028382155944912322e+07
1.028382155944912322e+07
1.028382155944912322e+07
1.028382155944912322e+07
1.028382155944912136e+07
1.028382155944906548e+07
1.028382155944722332e+07
1.028382155938301235e+07
1.028382155776823685e+07
1.028382152475014701e+07
1.028382087501036562e+07
1.028381114740823396e+07
1.028368992804971524e+07
1.028231634358652495e+07
1.027001804760432616e+07
1.017805764832407981e+07
9.608757428972333670e+06
7.395590616009175777e+06
3.675945457917160355e+06
1.380957063952224329e+06
6.474599984290833818e+05
5.163270340147746028e+05
5.131029679822002654e+05
5.131022832516446942e+05
5.131022832516435883e+05
5.131022832516435883e+05
5.131022832516435883e+05
5.131022832516435883e+05
5.131022832516435883e+05
5.131022832516435883e+05
5.131022832516435883e+05
5.131022832516435883e+05
5.131022832516435883e+05
5.131022832516416674e+05
5.131022832515778136e+05
5.131022832493495662e+05
5.131022831933149137e+05
5.131022820475453045e+05
5.131022595007501659e+05
5.131019219405059703e+05
5.130977154573072912e+05
5.130500480237741140e+05
5.126230880246348679e+05
5.094206116735285614e+05
4.891989086422472028e+05
4.035041820963240461e+05
2.280224850947906089e+05
9.356704633074106823e+04
4.520195982691573590e+04
3.624391946109676064e+04
3.602244208685585181e+04
3.602239504293705977e+04
3.602239504293698701e+04
3.602239504293698701e+04
3.602239504293698701e+04
3.602239504293698701e+04
3.602239504293698701e+04
3.602239504293698701e+04
3.602239504293698701e+04
3.602239504293698701e+04
3.602239504293697973e+04
3.602239504293689242e+04
3.602239504293377831e+04
3.602239504282521375e+04
3.602239504009509255e+04
3.602239498427098442e+04
3.602239388574748591e+04
3.602237743915551255e+04
3.602217249055310822e+04
3.601984996228811360e+04
3.599904105015368259e+04
3.584262215534500865e+04
3.484093397487026232e+04
3.030913025901190485e+04
1.928754946142096014e+04
8.760892893931832077e+03
4.401691132383069998e+03
3.555720912464529192e+03
3.534645222363754328e+03
3.534640744858387734e+03
3.534640744858380003e+03
3.534640744858380003e+03
3.534640744858380003e+03
3.534640744858380003e+03
3.534640744858380003e+03
3.534640744858380003e+03
3.534640744858380003e+03
3.534640744858380003e+03
3.534640744858374092e+03
3.534640744858162634e+03
3.534640744850805277e+03
3.534640744665794955e+03
3.534640740882798127e+03
3.534640666439864162e+03
3.534639551914101048e+03
3.534625663265790990e+03
3.534468270250666592e+03
3.533057812406449102e+03
3.522439353033412772e+03
3.453756711856614402e+03
3.127495803883947247e+03
2.210228360799413622e+03
1.122453178110348290e+03
5.929335726786208625e+02
4.838020275195125350e+02
4.810551481112590295e+02
4.810545643934455597e+02
4.810545643934447071e+02
4.810545643934447071e+02
4.810545643934447071e+02
4.810545643934447071e+02
4.810545643934447071e+02
4.810545643934447071e+02
4.810545643934447071e+02
4.810545643934447071e+02
4.810545643934447071e+02
4.810545643934440818e+02
4.810545643934244140e+02
4.810545643927388255e+02
4.810545643754991829e+02
4.810545640229909736e+02
4.810545570862302043e+02
4.810544532321897009e+02
4.810531590546812595e+02
4.810384925725210223e+02
4.809070423389995881e+02
4.799163722283477682e+02
4.734628279974863290e+02
4.416859551412818519e+02
3.411080169653883445e+02
1.946496023965329414e+02
1.094086751661660628e+02
9.046572841811521926e+01
8.998238728665963038e+01
8.998228454102411433e+01
8.998228454102394380e+01
8.998228454102394380e+01
8.998228454102394380e+01
8.998228454102394380e+01
8.998228454102394380e+01
8.998228454102394380e+01
8.998228454102394380e+01
8.998228454102394380e+01
8.998228454102387275e+01
8.998228454102138585e+01
8.998228454093481332e+01
8.998228453875766775e+01
8.998228449424050268e+01
8.998228361821857391e+01
8.998227050281411721e+01
8.998210706499885703e+01
8.998025485877319340e+01
8.996365258395199760e+01
8.983843523044598101e+01
8.901860728861566940e+01
8.487475821730033942e+01
7.046429949407175286e+01
4.514018534569366636e+01
2.732229445445751281e+01
2.298426591839788813e+01
2.287160524369476988e+01
2.287158128436861659e+01
2.287158128436857751e+01
2.287158128436857751e+01
2.287158128436857751e+01
2.287158128436857751e+01
2.287158128436857751e+01
2.287158128436857751e+01
2.287158128436857751e+01
2.287158128436857751e+01
2.287158128436856686e+01
2.287158128436814764e+01
2.287158128435361348e+01
2.287158128398803569e+01
2.287158127651294492e+01
2.287158112941581933e+01
2.287157892714402863e+01
2.287155148348181299e+01
2.287124046789234555e+01
2.286845248151767152e+01
2.284741373141574172e+01
2.270917523552790840e+01
2.199710580910885938e+01
1.933378546690302713e+01
1.380921495401544696e+01
9.093935049647699387e+00
7.817559457045679672e+00
7.783666355047341945e+00
7.783659142965730027e+00
7.783659142965718480e+00
7.783659142965718480e+00
7.783659142965718480e+00
7.783659142965718480e+00
7.783659142965718480e+00
7.783659142965718480e+00
7.783659142965718480e+00
7.783659142965714928e+00
7.783659142965624333e+00
7.783659142962463307e+00
7.783659142882944693e+00
7.783659141256977776e+00
7.783659109260716136e+00
7.783658630227095365e+00
7.783652660735460138e+00
7.783585008872563549e+00
7.782978538648580802e+00
7.778400261709478514e+00
7.748242167580890793e+00
7.590784040049351589e+00
6.968634063029983672e+00
5.483574505790979714e+00
3.954415833341220488e+00
3.489172598862585239e+00
3.476483279171057372e+00
3.476480577127219362e+00
3.476480577127214922e+00
3.476480577127214922e+00
3.476480577127214922e+00
3.476480577127214922e+00
3.476480577127214922e+00
3.476480577127214922e+00
3.476480577127214922e+00
3.476480577127214033e+00
3.476480577127189164e+00
3.476480577126330296e+00
3.476480577104728020e+00
3.476480576663018685e+00
3.476480567970933411e+00
3.476480437836948489e+00
3.476478816167924091e+00
3.476460437829571148e+00
3.476295678239893050e+00
3.475051574410749300e+00
3.466842041417426579e+00
3.423570603364424869e+00
3.245600182899103459e+00
2.769833645518929632e+00
2.187871550017798761e+00
1.988135773578489696e+00
1.982520741458033031e+00
1.982519544826672586e+00
1.982519544826670810e+00
1.982519544826670810e+00
1.982519544826670810e+00
1.982519544826670810e+00
1.982519544826670810e+00
1.982519544826670810e+00
1.982519544826670810e+00
1.982519544826670366e+00
1.982519544826662594e+00
1.982519544826385927e+00
1.982519544819425938e+00
1.982519544677115775e+00
1.982519541876692770e+00
1.982519499950017750e+00
1.982518977479232891e+00
1.982513056314838096e+00
1.982459972572705009e+00
1.982059065212935955e+00
1.979410443476805170e+00
1.965359348893026992e+00
1.905921266556402038e+00
1.732766470654087732e+00
1.487537635441791295e+00
1.393255161456789404e+00
1.390520894018322240e+00
1.390520310809124860e+00
1.390520310809123972e+00
1.390520310809123972e+00
1.390520310809123972e+00
1.390520310809123972e+00
1.390520310809123972e+00
1.390520310809123972e+00
1.390520310809123972e+00
1.390520310809121307e+00
1.390520310809022719e+00
1.390520310806547144e+00
1.390520310755926525e+00
1.390520309759799567e+00
1.390520294846234961e+00
1.390520109000283000e+00
1.390518002803672326e+00
1.390499120295036528e+00
1.390356496756041560e+00
1.389413529757866028e+00
1.384390177035250913e+00
1.362744944138430947e+00
1.295800642739983966e+00
1.189746536646265174e+00
1.144940053754186948e+00
1.143603881372950104e+00
1.143603596145084556e+00
1.143603596145084111e+00
1.143603596145084111e+00
1.143603596145084111e+00
1.143603596145084111e+00
1.143603596145084111e+00
1.143603596145084111e+00
1.143603596145084111e+00
1.143603596145083001e+00
1.143603596145047696e+00
1.143603596144161294e+00
1.143603596126036459e+00
1.143603595769369319e+00
1.143603590429510541e+00
1.143603523886651097e+00
1.143602769754132220e+00
1.143596008735200620e+00
1.143544937995125244e+00
1.143207130777181613e+00
1.141403201043156734e+00
1.133545074469980651e+00
1.108332245879623423e+00
1.065334777489183926e+00
1.045932821364530252e+00
1.045342187484486374e+00
1.045342061327970251e+00
1.045342061327970029e+00
1.045342061327970029e+00
1.045342061327970029e+00
1.045342061327970029e+00
1.045342061327970029e+00
1.045342061327970029e+00
1.045342061327969585e+00
1.045342061327958261e+00
1.045342061327670269e+00
1.045342061321783422e+00
1.045342061205939199e+00
1.045342059471568552e+00
1.045342037858640660e+00
1.045341792918472290e+00
1.045339596948810179e+00
1.045323008701791956e+00
1.045213261745705946e+00
1.044626491813908764e+00
1.042056452776602971e+00
1.033653626475489196e+00
1.018747165197026128e+00
1.011770460691578055e+00
1.011555542036731481e+00
1.011555496114971087e+00
1.011555496114970865e+00
1.011555496114970865e+00
1.011555496114970865e+00
1.011555496114970865e+00
1.011555496114970865e+00
1.011555496114970865e+00
1.011555496114970865e+00
1.011555496114967756e+00
1.011555496114890484e+00
1.011555496113312413e+00
1.011555496082255923e+00
1.011555495617290745e+00
1.011555489823109832e+00
1.011555424157416283e+00
1.011554835441750066e+00
1.011550388254736532e+00
1.011520963332078749e+00
1.011363565062122660e+00
1.010672655639198503e+00
1.008396422316157004e+00
1.004292110797833093e+00
1.002341397263122547e+00
1.002280999144949503e+00
1.002280986237693128e+00
1.002280986237693128e+00
1.002280986237693128e+00
1.002280986237693128e+00
1.002280986237693128e+00
1.002280986237693128e+00
1.002280986237693128e+00
1.002280986237693128e+00
1.002280986237692462e+00
1.002280986237676474e+00
1.002280986237348737e+00
1.002280986230901449e+00
1.002280986134375773e+00
1.002280984931515073e+00
1.002280971299445378e+00
1.002280849083159842e+00
1.002279925851712994e+00
1.002273817106359433e+00
1.002241135751312573e+00
1.002097583761020427e+00
1.001623545726957554e+00
1.000764514255394033e+00
1.000354284464158416e+00
1.000341562795612482e+00
1.000341560076825065e+00
1.000341560076825065e+00
1.000341560076825065e+00
1.000341560076825065e+00
1.000341560076825065e+00
1.000341560076825065e+00
1.000341560076825065e+00
1.000341560076825065e+00
1.000341560076822400e+00
1.000341560076771330e+00
1.000341560075765468e+00
1.000341560060706403e+00
1.000341559873048514e+00
1.000341557746311949e+00
1.000341538679371922e+00
1.000341394646079074e+00
1.000340441615373388e+00
1.000335342802099126e+00
1.000312943076275163e+00
1.000238936124879574e+00
1.000104673205222783e+00
1.000040487439946224e+00
1.000038496260276188e+00
1.000038495834730590e+00
1.000038495834730590e+00
1.000038495834730590e+00
1.000038495834730590e+00
1.000038495834730590e+00
1.000038495834730590e+00
1.000038495834730590e+00
1.000038495834730590e+00
1.000038495834730146e+00
1.000038495834724150e+00
1.000038495834607355e+00
1.000038495832856977e+00
1.000038495811043759e+00
1.000038495563835061e+00
1.000038493347521928e+00
1.000038476605301874e+00
1.000038365826294129e+00
1.000037773143926279e+00
1.000035169352740505e+00
1.000026565896497743e+00
1.000010954690938147e+00
1.000003490285329422e+00
1.000003258709966980e+00
1.000003258660475680e+00
1.000003258660475680e+00
1.000003258660475680e+00
1.000003258660475680e+00
1.000003258660475680e+00
1.000003258660475680e+00
1.000003258660475680e+00
1.000003258660475236e+00
1.000003258660465022e+00
1.000003258660313588e+00
1.000003258658424654e+00
1.000003258637017334e+00
1.000003258445093746e+00
1.000003256995286138e+00
1.000003247402277307e+00
1.000003196078376178e+00
1.000002970599909169e+00
1.000002225565517433e+00
1.000000873650431776e+00
1.000000227226604865e+00
1.000000207171841904e+00
1.000000207167555777e+00
1.000000207167555777e+00
1.000000207167555777e+00
1.000000207167555777e+00
1.000000207167555777e+00
1.000000207167555777e+00
1.000000207167555777e+00
1.000000207167555777e+00
1.000000207167555111e+00
1.000000207167545341e+00
1.000000207167423216e+00
1.000000207166039434e+00
1.000000207153632248e+00
1.000000207059907442e+00
1.000000206439754624e+00
1.000000203121853115e+00
1.000000188545494773e+00
1.000000140381701819e+00
1.000000052985084320e+00
1.000000011195949723e+00
1.000000009899475684e+00
1.000000009899198572e+00
1.000000009899198572e+00
1.000000009899198572e+00
1.000000009899198572e+00
1.000000009899198572e+00
1.000000009899198572e+00
1.000000009899198572e+00
1.000000009899198572e+00
1.000000009899198572e+00
1.000000009899198128e+00
1.000000009899192133e+00
1.000000009899125297e+00
1.000000009898525111e+00
1.000000009893990960e+00
1.000000009863989847e+00
1.000000009703480019e+00
1.000000008998320533e+00
1.000000006668304353e+00
1.000000002440324165e+00
1.000000000418693746e+00
1.000000000355974361e+00
1.000000000355960816e+00
1.000000000355960816e+00
1.000000000355960816e+00
1.000000000355960816e+00
1.000000000355960816e+00
1.000000000355960816e+00
1.000000000355960816e+00
1.000000000355960816e+00
1.000000000355960816e+00
1.000000000355960594e+00
1.000000000355958152e+00
1.000000000355936391e+00
1.000000000355771856e+00
1.000000000354683172e+00
1.000000000348858498e+00
1.000000000323268967e+00
1.000000000238715048e+00
1.000000000085286223e+00
1.000000000011923351e+00
1.000000000009647172e+00
1.000000000009646728e+00
1.000000000009646728e+00
1.000000000009646728e+00
1.000000000009646728e+00
1.000000000009646728e+00
1.000000000009646728e+00
1.000000000009646728e+00
1.000000000009646728e+00
1.000000000009646728e+00
1.000000000009646728e+00
1.000000000009646728e+00
1.000000000009646062e+00
1.000000000009641621e+00
1.000000000009611867e+00
1.000000000009452883e+00
1.000000000008754775e+00
1.000000000006447731e+00
1.000000000002261302e+00
1.000000000000259570e+00
1.000000000000197620e+00
1.000000000000197620e+00
1.000000000000197620e+00
1.000000000000197620e+00
1.000000000000197620e+00
1.000000000000197620e+00
1.000000000000197620e+00
1.000000000000197620e+00
1.000000000000197620e+00
1.000000000000197620e+00
1.000000000000197620e+00
1.000000000000197620e+00
1.000000000000197620e+00
1.000000000000197398e+00
1.000000000000196732e+00
1.000000000000193623e+00
1.000000000000179190e+00
1.000000000000131894e+00
1.000000000000045741e+00
1.000000000000004663e+00
1.000000000000003331e+00
1.000000000000003331e+00
1.000000000000003331e+00
1.000000000000003331e+00
1.000000000000003331e+00
1.000000000000003331e+00
1.000000000000003331e+00
1.000000000000003331e+00
1.000000000000003331e+00
1.000000000000003331e+00
1.000000000000003331e+00
1.000000000000003331e+00
1.000000000000003331e+00
1.000000000000003331e+00
1.000000000000003331e+00
1.000000000000003109e+00
1.000000000000002220e+00
1.000000000000000888e+00
1.000000000000000222e+00
1.000000000000000222e+00
1.000000000000000222e+00
1.000000000000000222e+00
1.000000000000000222e+00
1.000000000000000222e+00
1.000000000000000222e+00
1.000000000000000222e+00
1.000000000000000222e+00
1.000000000000000222e+00
1.000000000000000222e+00
1.000000000000000222e+00
1.000000000000000222e+00
1.000000000000000222e+00
1.000000000000000222e+00
1.000000000000000222e+00
1.000000000000000222e+00
1.000000000000000222e+00
1.000000000000000222e+00
1.000000000000000222e+00
1.000000000000000222e+00
1.000000000000000222e+00
1.000000000000000222e+00
1.000000000000000222e+00
1.000000000000000222e+00
1.000000000000000222e+00
1.000000000000000222e+00
1.000000000000000222e+00
1.000000000000000222e+00
1.000000000000000222e+00
1.000000000000000222e+00
1.000000000000000222e+00
1.000000000000000222e+00
1.000000000000000222e+00
1.000000000000000222e+00
1.000000000000000222e+00
1.000000000000000222e+00
1.000000000000000222e+00
1.000000000000000222e+00
1.000000000000000222e+00
1.000000000000000222e+00
1.000000000000000222e+00
1.000000000000000222e+00
1.000000000000000222e+00
1.000000000000000222e+00
1.000000000000000222e+00
1.000000000000000222e+00
1.000000000000000222e+00
1.000000000000000222e+00
1.000000000000000222e+00
1.000000000000000222e+00
1.000000000000000222e+00
1.000000000000000222e+00
1.000000000000000222e+00
1.000000000000000222e+00
1.000000000000000222e+00
1.000000000000000222e+00
1.000000000000000222e+00
1.000000000000000222e+00
1.000000000000000222e+00
1.000000000000000222e+00
1.000000000000000222e+00
1.000000000000000222e+00
1.000000000000000222e+00
1.000000000000000222e+00
1.000000000000000222e+00
1.000000000000000222e+00
1.000000000000000222e+00
1.000000000000000222e+00
1.000000000000000222e+00
1.000000000000000222e+00
1.000000000000000222e+00
1.000000000000000222e+00
1.000000000000000222e+00
1.000000000000000222e+00
1.000000000000000222e+00
1.000000000000000222e+00
1.000000000000000222e+00
1.000000000000000222e+00
1.000000000000000222e+00
1.000000000000000222e+00
1.000000000000000222e+00
1.000000000000000222e+00
1.000000000000000222e+00
1.000000000000000222e+00
1.000000000000000222e+00
1.000000000000000222e+00
1.000000000000000222e+00
1.000000000000000222e+00
1.000000000000000222e+00
1.000000000000000222e+00
1.000000000000000222e+00
1.000000000000000222e+00
1.000000000000000222e+00
1.000000000000000222e+00
1.000000000000000222e+00
1.000000000000000222e+00
1.000000000000000222e+00
1.000000000000000222e+00
1.000000000000000222e+00
1.000000000000000222e+00
1.000000000000000222e+00
1.000000000000000222e+00
1.000000000000000222e+00
1.000000000000000222e+00
1.000000000000000222e+00
1.000000000000000222e+00
1.000000000000000222e+00
1.000000000000000222e+00
1.000000000000000222e+00
1.000000000000000222e+00
1.000000000000000222e+00
1.000000000000000222e+00
1.000000000000000222e+00
1.000000000000000222e+00
1.000000000000000222e+00
1.000000000000000222e+00
1.000000000000000222e+00
1.000000000000000222e+00
1.000000000000000222e+00
1.000000000000000222e+00
1.000000000000000222e+00
1.000000000000000222e+00
1.000000000000000222e+00
1.000000000000000222e+00
1.000000000000000222e+00
1.000000000000000222e+00
1.000000000000000222e+00
1.000000000000000222e+00
1.000000000000000222e+00
1.000000000000000222e+00
1.000000000000000222e+00
1.000000000000000222e+00
1.000000000000000222e+00
1.000000000000000222e+00
1.000000000000000222e+00
1.000000000000000222e+00
1.000000000000000222e+00
1.000000000000000222e+00
1.000000000000000222e+00
1.000000000000000222e+00
1.000000000000000222e+00
1.000000000000000222e+00
1.000000000000000222e+00
1.000000000000000222e+00
1.000000000000000222e+00
1.000000000000000222e+00
1.000000000000000222e+00
1.000000000000000222e+00
1.000000000000000222e+00
1.000000000000000222e+00
1.000000000000000222e+00
1.000000000000000222e+00
1.000000000000000222e+00
1.000000000000000222e+00
1.000000000000000222e+00
1.000000000000000222e+00
1.000000000000000222e+00
1.000000000000000222e+00
1.000000000000000222e+00
1.000000000000000222e+00
1.000000000000000222e+00
1.000000000000000222e+00
1.000000000000000222e+00
1.000000000000000222e+00
1.000000000000000222e+00
1.000000000000000222e+00
1.000000000000000222e+00
1.000000000000000222e+00
1.000000000000000222e+00
1.000000000000000222e+00
1.000000000000000222e+00
1.000000000000000222e+00
1.000000000000000222e+00
1.000000000000000222e+00
1.000000000000000222e+00
1.000000000000000222e+00
1.000000000000000222e+00
1.000000000000000222e+00
1.000000000000000222e+00
1.000000000000000222e+00
1.000000000000000222e+00
1.000000000000000222e+00
1.000000000000000222e+00
1.000000000000000222e+00
1.000000000000000222e+00
1.000000000000000222e+00
1.000000000000000222e+00
1.000000000000000222e+00
1.000000000000000222e+00
1.000000000000000222e+00
1.000000000000000222e+00
1.000000000000000222e+00
1.000000000000000222e+00
1.000000000000000222e+00
1.000000000000000222e+00
1.000000000000000222e+00
1.000000000000000222e+00
1.000000000000000222e+00
1.000000000000000222e+00
1.000000000000000222e+00
1.000000000000000222e+00
1.000000000000000222e+00
1.000000000000000222e+00
1.000000000000000222e+00
1.000000000000000222e+00
1.000000000000000222e+00
1.000000000000000222e+00
1.000000000000000222e+00
1.000000000000000222e+00
1.000000000000000222e+00
1.000000000000000222e+00
1.000000000000000222e+00
1.000000000000000222e+00
1.000000000000000222e+00
1.000000000000000222e+00
1.000000000000000222e+00
1.000000000000000222e+00
1.000000000000000222e+00
1.000000000000000222e+00
1.000000000000000222e+00
1.000000000000000222e+00
1.000000000000000222e+00
1.000000000000000222e+00
1.000000000000000222e+00
1.000000000000000222e+00
1.000000000000000222e+00
1.000000000000000222e+00
1.000000000000000222e+00
1.000000000000000222e+00
1.000000000000000222e+00
1.000000000000000222e+00
1.000000000000000222e+00
1.000000000000000222e+00
1.000000000000000222e+00
1.000000000000000222e+00
1.000000000000000222e+00
1.000000000000000222e+00
1.000000000000000222e+00
1.000000000000000222e+00
1.000000000000000222e+00
1.000000000000000222e+00
1.000000000000000222e+00
1.000000000000000222e+00
1.000000000000000222e+00
1.000000000000000222e+00
1.000000000000000222e+00
1.000000000000000222e+00
1.000000000000000222e+00
1.000000000000000222e+00
1.000000000000000222e+00
1.000000000000000222e+00
1.000000000000000222e+00
1.000000000000000222e+00
1.000000000000000222e+00
1.000000000000000222e+00
1.000000000000000222e+00
1.000000000000000222e+00
1.000000000000000222e+00
1.000000000000000222e+00
1.000000000000000222e+00
1.000000000000000222e+00
1.000000000000000222e+00
1.000000000000000222e+00
1.000000000000000222e+00
1.000000000000000222e+00
1.000000000000000222e+00
1.000000000000000222e+00
1.000000000000000222e+00
1.000000000000000222e+00
1.000000000000000222e+00
1.000000000000000222e+00
1.000000000000000222e+00
1.000000000000000222e+00
1.000000000000000222e+00
1.000000000000000222e+00
1.000000000000000222e+00
1.000000000000000222e+00
1.000000000000000222e+00
1.000000000000000222e+00
1.000000000000000222e+00
1.000000000000000222e+00
1.000000000000000222e+00
1.000000000000000222e+00
1.000000000000000222e+00
1.000000000000000222e+00
1.000000000000000222e+00
1.000000000000000222e+00
1.000000000000000222e+00
1.000000000000000222e+00
1.000000000000000222e+00
1.000000000000000222e+00
1.000000000000000222e+00
1.000000000000000222e+00
1.000000000000000222e+00
1.000000000000000222e+00
1.000000000000000222e+00
1.000000000000000222e+00
1.000000000000000222e+00
1.000000000000000222e+00
1.000000000000000222e+00
1.000000000000000222e+00
1.000000000000000222e+00
1.000000000000000222e+00
1.000000000000000222e+00
1.000000000000000222e+00
1.000000000000000222e+00
1.000000000000000222e+00
1.000000000000000222e+00
1.000000000000000222e+00
1.000000000000000222e+00
1.000000000000000222e+00
1.000000000000000222e+00
1.000000000000000222e+00
1.000000000000000222e+00
1.000000000000000222e+00
1.000000000000000222e+00
1.000000000000000222e+00
1.000000000000000222e+00
1.000000000000000222e+00
1.000000000000000222e+00
1.000000000000000222e+00
1.000000000000000222e+00
1.000000000000000222e+00
1.000000000000000222e+00
1.000000000000000222e+00
1.000000000000000222e+00
1.000000000000000222e+00
1.000000000000000222e+00
1.000000000000000222e+00
1.000000000000000222e+00
1.000000000000000222e+00
1.000000000000000222e+00
1.000000000000000222e+00
1.000000000000000222e+00
1.000000000000000222e+00
1.000000000000000222e+00
1.000000000000000222e+00
1.000000000000000222e+00
1.000000000000000222e+00
1.000000000000000222e+00
1.000000000000000222e+00
1.000000000000000222e+00
1.000000000000000222e+00
1.000000000000000222e+00
1.000000000000000222e+00
1.000000000000000222e+00
1.000000000000000222e+00
1.000000000000000222e+00
1.000000000000000222e+00
1.000000000000000222e+00
1.000000000000000222e+00
