5.928347545205716710e+85
1.454535825052605918e+71
6.191779655900217499e+70
6.191158107698768438e+70
6.191158095485146777e+70
2.067484205671539941e+69
2.067474620530592995e+69
2.065807979254975516e+69
2.065807979253590906e+69
2.065807979220133463e+69
2.065807979220133463e+69
2.065807977247232802e+69
2.065807973532870106e+69
2.551566643561163102e+68
2.551566616796666291e+68
2.551566616796666291e+68
2.422997298566255298e+68
2.422804712769251415e+68
2.422804712553272987e+68
2.422804712037573391e+68
2.422804712037468511e+68
2.422797124406478120e+68
2.417313870008386853e+68
2.417313870008386853e+68
2.417313675045591920e+68
1.369892264482630758e+67
1.369892264482528691e+67
1.369892264482528093e+67
1.369892264482526297e+67
1.369892264480095855e+67
8.142468262944409876e+63
8.123189353027682065e+63
8.123189353027682065e+63
8.123189353025225281e+63
3.564873852664196324e+59
3.564873852664196324e+59
3.564873852664196324e+59
3.564873852664195878e+59
3.564873852664195878e+59
3.564873852664195878e+59
3.564873852664195878e+59
3.564873833753474822e+59
3.564873833753474822e+59
3.564873833753474822e+59
3.564873833753474822e+59
3.564873833753474822e+59
3.564873639256724531e+59
3.564873639256724531e+59
3.564873639256724531e+59
3.564867417976169338e+59
3.564867417976026613e+59
3.564867417976024383e+59
3.545187669095814873e+59
3.545187669095814873e+59
3.545187669095814873e+59
3.545187669095814873e+59
3.545187669095781422e+59
3.545174436273386098e+59
3.545174436273386098e+59
3.545174436273386098e+59
3.510659450496757542e+59
3.510659450456616646e+59
3.510659450456616646e+59
3.510659450456616646e+59
3.510659450456616646e+59
3.510659450293103122e+59
3.510659450293103122e+59
3.510659450293101784e+59
3.510659448439246634e+59
3.510659448439246634e+59
3.510659448437545533e+59
3.510659448437545533e+59
3.510659448437545533e+59
3.510659332744018421e+59
3.510659332744018421e+59
3.510659332744018421e+59
3.510659332744018421e+59
2.544550119924553727e+59
2.544550076831117773e+59
2.544550076831117773e+59
2.544550076831117773e+59
2.544550076831116435e+59
2.544550076831116435e+59
2.544550070931639835e+59
2.544550070929187199e+59
2.544547340246271555e+59
6.090825264018335615e+58
6.090825264018335615e+58
6.090825264018335615e+58
6.090792922432768476e+58
6.064965849323268656e+58
4.879949308575360451e+58
4.879949308575360451e+58
4.879949308575360451e+58
4.879949308575360451e+58
4.879949308575356548e+58
4.879949308575356548e+58
4.879214441550737764e+58
4.879214441550737764e+58
4.879214441550737764e+58
4.879214441399303439e+58
4.879214441399303439e+58
4.879214441397706705e+58
4.879214441397706705e+58
4.879195035012587510e+58
4.879195035011716108e+58
4.879195035011716108e+58
4.879192204852770987e+58
4.879192204852770987e+58
4.879192204852770987e+58
4.879192204849778227e+58
4.879192204849778227e+58
4.879192203943252934e+58
4.879192203943252934e+58
4.879167870972425928e+58
4.879167870717838949e+58
4.879167870717835604e+58
4.879167869432635295e+58
4.879167869432634180e+58
4.879167869432634180e+58
4.879167624337809411e+58
4.879167624337793243e+58
4.879167624337793243e+58
4.879167624337793243e+58
4.879167624337792686e+58
4.879159791602122834e+58
4.878354728689909414e+58
4.878354728689150631e+58
4.878354728689150631e+58
4.878354728689150631e+58
4.878354724616678861e+58
4.878344488126639755e+58
4.878344488126639755e+58
4.878344488126639755e+58
4.878344488126639755e+58
4.878344488098832956e+58
4.878344488098832956e+58
4.878344488098832956e+58
4.878344488098832956e+58
4.864656893738907304e+58
4.864656893738907304e+58
4.864656893737505144e+58
4.864656893737492321e+58
4.864656594153631085e+58
4.864656594153631085e+58
4.864656594153631085e+58
4.864656594153631085e+58
4.864655801623369091e+58
4.864655801623369091e+58
4.864655797672943724e+58
4.864655797672943724e+58
4.864655797672943724e+58
4.864655797672943724e+58
4.864655797672943724e+58
4.864655797672943724e+58
4.864655786688697181e+58
9.678611633763580977e+57
9.665020024791676462e+57
9.665020024791676462e+57
9.665020024699808542e+57
9.665020024699800179e+57
9.665020024699800179e+57
9.665020024699800179e+57
9.665020024699800179e+57
9.665020024699800179e+57
9.665020024699800179e+57
9.665020024699800179e+57
9.664013120960362543e+57
9.664013120960362543e+57
9.664013120960362543e+57
9.664013120960362543e+57
9.664013120960362543e+57
9.664013120960362543e+57
9.664013120960361149e+57
9.664013120960361149e+57
9.664013120960361149e+57
9.664013118783958948e+57
9.664013117958668301e+57
9.664013117958668301e+57
9.664013117958668301e+57
9.664013117958668301e+57
9.663952167144799966e+57
9.584770266122282185e+57
9.584770266122282185e+57
9.572486539608123530e+57
9.572486539608123530e+57
9.572486539607993906e+57
9.572486539607957668e+57
9.572486539607957668e+57
9.572486539607957668e+57
9.572486539607957668e+57
9.572486539607957668e+57
9.572486539607836407e+57
9.572485385635382078e+57
9.572485257208026149e+57
9.572403181320926538e+57
9.572403181320926538e+57
9.572403181320926538e+57
9.572403181320926538e+57
9.572403181320926538e+57
9.572403181320926538e+57
9.572403181320926538e+57
9.572403181320926538e+57
9.572401001424463241e+57
9.215770648808777444e+57
9.215770648808777444e+57
9.215770623638088019e+57
9.215433935096757745e+57
9.215433935096757745e+57
9.215433935096757745e+57
9.215433934823319946e+57
9.215433934816027602e+57
9.215433934816026208e+57
9.215433934816026208e+57
9.215433934816026208e+57
9.215433934816026208e+57
9.215433934815723754e+57
9.215433934815599707e+57
9.215433934815599707e+57
9.215433932854950246e+57
9.215319410296062183e+57
9.215319410296062183e+57
9.215319410295089313e+57
9.215319409940462863e+57
9.215319409940461469e+57
9.215319409940461469e+57
9.215319409940461469e+57
9.215316589616496775e+57
9.215316589616496775e+57
9.215316589616496775e+57
9.215316589613929402e+57
9.215316589613929402e+57
9.215316589613929402e+57
9.215316589613929402e+57
9.215316589613929402e+57
9.215316589613649248e+57
9.215316589613649248e+57
9.215316589613649248e+57
9.215316589613649248e+57
9.215316589613649248e+57
9.215316589613649248e+57
9.215316589613649248e+57
9.215316589613649248e+57
9.215316589613649248e+57
9.215316589613649248e+57
9.215316589613649248e+57
9.215316589613649248e+57
9.215316589613649248e+57
9.215316589613649248e+57
9.215316589613649248e+57
9.215316589613649248e+57
9.215316589613649248e+57
9.215316589613649248e+57
9.215316589613649248e+57
9.215316589613649248e+57
9.215316589613649248e+57
9.215316589613649248e+57
9.215316589613649248e+57
9.215316589613649248e+57
9.215316589613649248e+57
9.215316589613573983e+57
9.215316589613573983e+57
9.210869864040670186e+57
9.210460573982886605e+57
9.210460573982886605e+57
4.630856130804781338e+57
4.630856130804781338e+57
4.630856130804779247e+57
4.630856130804779247e+57
4.630856130804779247e+57
4.630856110067077251e+57
4.630856109991897257e+57
4.346630066714335136e+57
4.346630066714335136e+57
4.346629605958403735e+57
4.346629605958208603e+57
3.004198101723240240e+57
6.199164078398070356e+56
6.197587196272928826e+56
6.197308915050742211e+56
4.349390910376932036e+56
4.349390555893190107e+56
4.349390555893190107e+56
4.349390555893190107e+56
4.349390555884718437e+56
4.349390555884718437e+56
4.349390555884718437e+56
4.281742923609925381e+56
4.281742923608144806e+56
4.281742923608144806e+56
1.934822548437255910e+56
1.924979192666433523e+56
5.005495015216981875e+55
5.005495011963564487e+55
5.005495011963564487e+55
5.005488083477616032e+55
5.005488083477616032e+55
4.306598949497440666e+55
4.306585385701160227e+55
4.306585385425259284e+55
4.306585385425259284e+55
4.080704964172114110e+55
1.203873785802610404e+55
1.202880086619174929e+55
1.202880086619174929e+55
1.202835210290723756e+55
4.756478363259883010e+54
4.756478363259883010e+54
4.756478363259878927e+54
4.756478363259878927e+54
4.756478354712893062e+54
4.756478354599860788e+54
4.756478354599860788e+54
4.513370984641089105e+54
4.513370984641089105e+54
4.513370984641089105e+54
4.513369890677162268e+54
4.513369890677106462e+54
3.722026650866962977e+54
8.514178985272447273e+53
8.512266618910205306e+53
8.511579019203228752e+53
5.034157279148412203e+53
5.034157093625782641e+53
5.034157093625782641e+53
5.034157093625782641e+53
5.034157093622771993e+53
5.034157093622771993e+53
5.034157093622771993e+53
4.961396543618234830e+53
4.961396543614827753e+53
4.961396543614827753e+53
3.017804194951634016e+53
3.002409304353250898e+53
7.251384841323082990e+52
7.251384826287402480e+52
7.251384826287402480e+52
7.251379145738322998e+52
7.251379145738322998e+52
7.251379145738322998e+52
5.672662109704551800e+52
5.672631284394368767e+52
5.672631284267354120e+52
5.672631284267354120e+52
5.418636636957750187e+52
5.418636636957750187e+52
2.208091216887879811e+52
2.205411308721143327e+52
2.205411308721143327e+52
2.205352375481852096e+52
7.392323653128128800e+51
7.392323653128128800e+51
7.392323653128112849e+51
7.392323653128112849e+51
7.392323647650382888e+51
7.392323647049165090e+51
7.392323647049165090e+51
6.725813590087223732e+51
6.725813590087223732e+51
6.725813590087223732e+51
6.725810407995406727e+51
6.725810407995362862e+51
5.587662014596553847e+51
1.683389700149931328e+51
1.683097634184506605e+51
1.682882055913858709e+51
8.558448419575269621e+50
8.558448277299780942e+50
8.558448277299780942e+50
8.558448277299780942e+50
8.558448277296710425e+50
8.558448277296710425e+50
8.558448277296710425e+50
8.313094714480541914e+50
8.313094714459476973e+50
8.313094714459476973e+50
4.908055925731522027e+50
4.892118213855304194e+50
1.462631201162659092e+50
1.462631193150066087e+50
1.462631193150066087e+50
1.462630579932056033e+50
1.462630579932056033e+50
1.462630579932056033e+50
1.046844821602172541e+50
1.046836402635810004e+50
1.046836402620552128e+50
1.046836402620552128e+50
1.012616583824027482e+50
1.012616583824027482e+50
3.686460214591019119e+49
3.677628195148376855e+49
3.677628195148376855e+49
3.677584712108175907e+49
1.461988214899993655e+49
1.461988214899993655e+49
1.461988214899980675e+49
1.461988214899980675e+49
1.461988214144236675e+49
1.461988213836215606e+49
1.461988213836215606e+49
1.283944402576469154e+49
1.283944402576469154e+49
1.283944402576469154e+49
1.283943472589108129e+49
1.283943472589104754e+49
1.114625556674677011e+49
1.114625556674677011e+49
2.804538966908657951e+48
2.804323850622341685e+48
2.803615484227078507e+48
1.613423976249505854e+48
1.613423958413995677e+48
1.613423958413995677e+48
1.613423958413995677e+48
1.613423958413755857e+48
1.613423958413755857e+48
1.613423958413755857e+48
1.552313108849931750e+48
1.552313108840310748e+48
1.552313108840310748e+48
1.030686594420136076e+48
1.028819003292676696e+48
2.467119516629788443e+47
2.467119498346871918e+47
2.467119498346871918e+47
2.467118882923201273e+47
2.467118882923201273e+47
2.467118882923201273e+47
2.467118882923201273e+47
1.887642202662293664e+47
1.887609798642366173e+47
1.887609798631465595e+47
1.887609798631465595e+47
1.887609798631465595e+47
1.857576062975588226e+47
1.857576062975588226e+47
8.249009488661464241e+46
8.217763521465169386e+46
8.217763521465169386e+46
8.217686936919681897e+46
2.586557576046207842e+46
2.586557576046207842e+46
2.586557576046154601e+46
2.586557576046154601e+46
2.586557575526369684e+46
2.586557574753157581e+46
2.586557574753157581e+46
2.325168771546377307e+46
2.325168771546377307e+46
2.325168771546377307e+46
2.325165161086250877e+46
2.325165161086248849e+46
2.166990979556586863e+46
2.166990979556586863e+46
6.649148273399374172e+45
6.648721756409270911e+45
6.645904933770190515e+45
3.128662204991894252e+45
3.128662190255255736e+45
3.128662190255255736e+45
3.128662190255255736e+45
3.128662190255115660e+45
3.128662190255114393e+45
3.128662190255114393e+45
3.022919746647327578e+45
3.022919746618067667e+45
3.022919746618067667e+45
2.396283865855386732e+45
2.392721855404670451e+45
6.166380595569857105e+44
6.166380460364132092e+44
6.166380460364132092e+44
6.166379615577483122e+44
6.166379615577483122e+44
6.166379615577483122e+44
6.166379615577483122e+44
4.129411355576446764e+44
4.129301635113915413e+44
4.129301635105806410e+44
4.129301635105806410e+44
4.129301635105806410e+44
4.078419243934264083e+44
2.358427480061723061e+44
2.358427480061723061e+44
2.346737892231170379e+44
2.346737892231170379e+44
2.346724168978043337e+44
6.844179014941959669e+43
6.844179014941959669e+43
6.844179014941661573e+43
6.844179014941661573e+43
6.844179014375924956e+43
6.844179007967277732e+43
6.844179007967277732e+43
5.745439770005959553e+43
5.745439770005959553e+43
5.745439770005959553e+43
5.745424172486977037e+43
5.745424172486974066e+43
5.401762737440228899e+43
5.401762737440228899e+43
2.165752669018278124e+43
2.165653237866164805e+43
2.164284110138876157e+43
8.905654307062672307e+42
8.905654288501521769e+42
8.905654288501521769e+42
8.905654288501521769e+42
8.905654288501521769e+42
8.905654288501521769e+42
8.905654288501514341e+42
8.905654288501291512e+42
8.905654288501291512e+42
8.369872004937752204e+42
8.369872004672214066e+42
8.369872004672214066e+42
6.667105702702771475e+42
6.661043410739001173e+42
2.129795747226750960e+42
2.129795633105582481e+42
2.129795633105582481e+42
2.129795476446893704e+42
2.129795476446893704e+42
2.129795476446893704e+42
2.129795476446893704e+42
1.278702336722167463e+42
1.278654128737712861e+42
1.278654128736192981e+42
1.278654128736192981e+42
1.278654128736192981e+42
1.267891293880450633e+42
7.044903618403687697e+41
6.978151175358692475e+41
6.978151175358692475e+41
6.978151175358692475e+41
6.978132312730601612e+41
2.392803289963602532e+41
2.392803289963602532e+41
2.392803289963171187e+41
2.392803289963171187e+41
2.392803289828007478e+41
2.392803284285663653e+41
2.392803284285663653e+41
1.897254459573951447e+41
1.897254459573951447e+41
1.897254459573951447e+41
1.897246666064143012e+41
1.897246666064143012e+41
1.897246666064143012e+41
1.813529567014530317e+41
6.548334903974113907e+40
6.548193595152799981e+40
6.540151120161008117e+40
3.046501807926325271e+40
3.046501803680621314e+40
3.046501803680621314e+40
3.046501803680621314e+40
3.046501803680621314e+40
3.046501803680621314e+40
3.046501803680611159e+40
3.046501803680611159e+40
3.046501803680578760e+40
2.806418759890217009e+40
2.806418759678989138e+40
2.806418759678989138e+40
2.361972947735827242e+40
2.360789683745637368e+40
6.450657876020381959e+39
6.450657396318013482e+39
6.450657396318013482e+39
6.450657396318013482e+39
6.450657115412562516e+39
6.450657115412562516e+39
6.450657115412562516e+39
4.202663822315115019e+39
4.202329049036045633e+39
4.202329049033984415e+39
4.202329049033984415e+39
4.202329049033984415e+39
4.184182899999040427e+39
4.093329133616423793e+39
2.611670686839637971e+39
2.611670686839637971e+39
2.611670686839637971e+39
2.611665522293307739e+39
7.398853979558331920e+38
7.398853979558331920e+38
7.398853979555413875e+38
7.398853979555413875e+38
7.398853979555413875e+38
7.398853979393169985e+38
7.398853955111310080e+38
7.398853955111310080e+38
6.093119921535847339e+38
6.093119921535847339e+38
6.093119921535847339e+38
6.093068244318174839e+38
6.093068244318174839e+38
6.093068244318174839e+38
6.093068244318174839e+38
5.955811125805109835e+38
2.615786196527309207e+38
2.615742122003445955e+38
2.610732078115825579e+38
9.984695964239636632e+37
9.984695958514152617e+37
9.984695958514152617e+37
9.984695958514152617e+37
9.984695958514152617e+37
9.984695958514152617e+37
9.984695958514077059e+37
9.984695958514077059e+37
9.984695958514044947e+37
9.293326359137957777e+37
9.293326358076598355e+37
9.293326358076598355e+37
8.472646307967389102e+37
8.469669789613326222e+37
8.469664472986081205e+37
2.735024940748149942e+37
2.735024940748149942e+37
2.735024940748149942e+37
2.735024877350896536e+37
2.735024877350896536e+37
2.735024877350896536e+37
2.735024877350896536e+37
1.519479711080610887e+37
1.519308756437900246e+37
1.519308756437652322e+37
1.519308756437652322e+37
1.519308756437652322e+37
1.514666593021997256e+37
1.483049283510058865e+37
1.123929168106242308e+37
1.123929168106242308e+37
1.123929168106242308e+37
1.123927967310145655e+37
1.123927967310145418e+37
3.313237385252627144e+36
3.313237385249945430e+36
3.313237385249945430e+36
3.313237385249945430e+36
3.313237353946093454e+36
3.313237353916163095e+36
3.313237353916163095e+36
2.475346276868243358e+36
2.475346276868243358e+36
2.475346276868243358e+36
2.475312957764928093e+36
2.475312957764928093e+36
2.475312957764928093e+36
2.475312957764928093e+36
2.430827732404952642e+36
1.342904784207122002e+36
1.342890200369331462e+36
1.339388909643771149e+36
4.749137106207988741e+35
4.749137105016373346e+35
4.749137105016373346e+35
4.749137105016373346e+35
4.749137105016373346e+35
4.749137105016373346e+35
4.749137105016295132e+35
4.749137105016295132e+35
4.749137105016287016e+35
4.222148775573183825e+35
4.222148774164781556e+35
4.222148774164781556e+35
3.887732717661205836e+35
3.886945810433125174e+35
3.886941435978813643e+35
1.557381642955421885e+35
1.557381642955421885e+35
1.557381642955421885e+35
1.557381624044952860e+35
1.557381624044952860e+35
1.557381624044952860e+35
1.557381624044952860e+35
7.783299750574016983e+34
7.782109611471122636e+34
7.782109611470412437e+34
7.782109611470412437e+34
7.782109611470412437e+34
7.492620731673125086e+34
7.478430248801884853e+34
5.687274274744949618e+34
5.687274274744949618e+34
5.687274274744949618e+34
5.687271446192034096e+34
5.687271446192033173e+34
1.973549094054089078e+34
1.973549094047972368e+34
1.973549094047972368e+34
1.973549094047972368e+34
1.973549050657696833e+34
1.973549050646084147e+34
1.973549050646084147e+34
1.367636258915222900e+34
1.367636258915222900e+34
1.367636258915222900e+34
1.367609271795054691e+34
1.367609271795054691e+34
1.367609271795054691e+34
1.350466813951686239e+34
1.350466813951686239e+34
7.184313055302697186e+33
7.184274656418445912e+33
7.149008492450853463e+33
7.149008492450853463e+33
2.847846860015926736e+33
2.847846859547366755e+33
2.847846859547366755e+33
2.847846859547366755e+33
2.847846859547366755e+33
2.847846859547366755e+33
2.847846859547185746e+33
2.847846859547185746e+33
2.847846859547184017e+33
2.445636039522752677e+33
2.445636037676686406e+33
2.445636037676686406e+33
2.301661370377742680e+33
2.301407613423118469e+33
2.301403544397762699e+33
8.426469610537689417e+32
8.426469610537689417e+32
8.426469610537689417e+32
8.426469549999598502e+32
8.426469549999598502e+32
8.426469549999598502e+32
8.426469549999598502e+32
4.574952233200178606e+32
4.573502057647400110e+32
4.573502057647221407e+32
4.573502057647221407e+32
4.573502057647221407e+32
4.573502057647221407e+32
4.573502057647221407e+32
4.573502057647221407e+32
4.573502057647221407e+32
4.573502057647221407e+32
4.573502057647221407e+32
4.573502057647221407e+32
4.573502057647221407e+32
4.573502057647221407e+32
4.573502057647221407e+32
4.573502057647221407e+32
4.573502057647221407e+32
4.573502057647221407e+32
4.573502057647221407e+32
4.573502057647221407e+32
4.573502057647221407e+32
4.573502057647221407e+32
4.573502057647221407e+32
4.573502057647221407e+32
4.573502057647221407e+32
4.573502057647221407e+32
4.573502057647221407e+32
4.573502057647221407e+32
4.573502057647221407e+32
4.573502057647221407e+32
4.573502057647221407e+32
4.573502057647221407e+32
4.573502057647221407e+32
4.573502057647221407e+32
4.573502057647221407e+32
4.573502057647221407e+32
4.573502057647221407e+32
4.573502057647221407e+32
4.573502057647221407e+32
4.573502057647221407e+32
4.573502057647221407e+32
4.573502057647221407e+32
4.573502057647221407e+32
4.573502057647221407e+32
4.573502057647221407e+32
4.573502057647221407e+32
4.573502057647221407e+32
4.573502057647221407e+32
4.573502057647221407e+32
4.573502057647221407e+32
4.573502057647221407e+32
4.573502057647221407e+32
4.573502057647221407e+32
4.573502057647221407e+32
4.573502057647221407e+32
4.573502057647221407e+32
4.573502057647221407e+32
4.573502057647221407e+32
4.573502057647221407e+32
4.573502057647221407e+32
4.573502057647221407e+32
4.573502057647221407e+32
4.573502057647221407e+32
4.573502057647221407e+32
4.573502057647221407e+32
4.573502057647221407e+32
4.573502057647221407e+32
4.573502057647221407e+32
4.573502057647221407e+32
4.573502057647221407e+32
4.573502057647221407e+32
4.573502057647221407e+32
4.573502057647221407e+32
4.573502057647221407e+32
4.573502057647221407e+32
4.573502057647221407e+32
4.573502057647221407e+32
4.573502057647221407e+32
4.573502057647221407e+32
4.573502057647221407e+32
4.573502057647221407e+32
4.573502057647221407e+32
4.573502057647221407e+32
4.573502057647221407e+32
4.573502057647221407e+32
4.573502057647221407e+32
4.573502057647221407e+32
4.573502057647221407e+32
4.573502057647221407e+32
4.573502057647221407e+32
4.573502057647221407e+32
4.573502057647221407e+32
4.573502057647221407e+32
4.573502057647221407e+32
4.573502057647221407e+32
4.573502057647221407e+32
4.573502057647221407e+32
4.573502057647221407e+32
4.573502057647221407e+32
4.573502057647221407e+32
4.573502057647221407e+32
4.573502057647221407e+32
4.573502057647221407e+32
4.573502057647221407e+32
4.573502057647221407e+32
4.573502057647221407e+32
4.573502057647221407e+32
4.573502057647221407e+32
4.573502057647221407e+32
4.573502057647221407e+32
4.573502057647221407e+32
4.573502057647221407e+32
4.573502057647221407e+32
4.573502057647221407e+32
4.573502057647221407e+32
4.573502057647221407e+32
4.573502057647221407e+32
4.573502057647221407e+32
4.573502057647221407e+32
4.573502057647221407e+32
4.573502057647221407e+32
4.573502057647221407e+32
4.573502057647221407e+32
4.573502057647221407e+32
4.573502057647221407e+32
4.573502057647221407e+32
4.573502057647221407e+32
4.573502057647221407e+32
4.573502057647221407e+32
4.573502057647221407e+32
4.573502057647221407e+32
4.573502057647221407e+32
4.573502057647221407e+32
4.573502057647221407e+32
4.573502057647221407e+32
4.573502057647221407e+32
4.573502057647221407e+32
4.573502057647221407e+32
4.573502057647221407e+32
4.573502057647221407e+32
4.573502057647221407e+32
4.573502057647221407e+32
4.573502057647221407e+32
4.573502057647221407e+32
4.573502057647221407e+32
4.573502057647221407e+32
4.573502057647221407e+32
4.573502057647221407e+32
4.573502057647221407e+32
4.573502057647221407e+32
4.573502057647221407e+32
4.573502057647221407e+32
4.573502057647221407e+32
4.573502057647221407e+32
4.573502057647221407e+32
4.573502057647221407e+32
4.573502057647221407e+32
4.573502057647221407e+32
4.573502057647221407e+32
4.573502057647221407e+32
4.573502057647221407e+32
4.573502057647221407e+32
4.573502057647221407e+32
4.573502057647221407e+32
4.573502057647221407e+32
4.573502057647221407e+32
4.573502057647221407e+32
4.573502057647221407e+32
4.573502057647221407e+32
4.573502057647221407e+32
4.573502057647221407e+32
4.573502057647221407e+32
4.573502057647221407e+32
4.573502057647221407e+32
4.573502057647221407e+32
4.573502057647221407e+32
4.573502057647221407e+32
4.573502057647221407e+32
4.573502057647221407e+32
4.573502057647221407e+32
4.573502057647221407e+32
4.573502057647221407e+32
4.573502057647221407e+32
4.573502057647221407e+32
4.573502057647221407e+32
4.573502057647221407e+32
4.573502057647221407e+32
4.573502057647221407e+32
4.573502057647221407e+32
4.573502057647221407e+32
4.573502057647221407e+32
4.573502057647221407e+32
4.573502057647221407e+32
4.573502057647221407e+32
4.573502057647221407e+32
4.573502057647221407e+32
4.573502057647221407e+32
4.573502057647221407e+32
4.573502057647221407e+32
4.573502057647221407e+32
4.573502057647221407e+32
4.573502057647221407e+32
4.573502057647221407e+32
4.573502057647221407e+32
4.573502057647221407e+32
4.573502057647221407e+32
4.573502057647221407e+32
4.573502057647221407e+32
4.573502057647221407e+32
4.573502057647221407e+32
4.573502057647221407e+32
4.573502057647221407e+32
4.573502057647221407e+32
4.573502057647221407e+32
4.573502057647221407e+32
4.573502057647221407e+32
4.573502057647221407e+32
4.573502057647221407e+32
4.573502057647221407e+32
4.573502057647221407e+32
4.573502057647221407e+32
4.573502057647220687e+32
4.573502057647217084e+32
4.573502057647201952e+32
4.573502057647153673e+32
4.573502057647065763e+32
4.573502057647023249e+32
4.573502057647021808e+32
4.573502057647021808e+32
4.573502057647021808e+32
4.573502057647021808e+32
4.573502057647021808e+32
4.573502057647021808e+32
4.573502057647021808e+32
4.573502057647021808e+32
4.573502057647021808e+32
4.573502057647021808e+32
4.573502057647021808e+32
4.573502057647021808e+32
4.573502057647021808e+32
4.573502057647021808e+32
4.573502057647021808e+32
4.573502057647021808e+32
4.573502057647021808e+32
4.573502057647021808e+32
4.573502057647021808e+32
4.573502057647021808e+32
4.573502057647021808e+32
4.573502057647021808e+32
4.573502057647021808e+32
4.573502057647021808e+32
4.573502057647021808e+32
4.573502057647021087e+32
4.573502057647011720e+32
4.573502057646928133e+32
4.573502057646294026e+32
4.573502057642100274e+32
4.573502057619660098e+32
4.573502057521075942e+32
4.573502057195329500e+32
4.573502056604238895e+32
4.573502056321605952e+32
4.573502056312837984e+32
4.573502056312835822e+32
4.573502056312835822e+32
4.573502056312835822e+32
4.573502056312835822e+32
4.573502056312835822e+32
4.573502056312835822e+32
4.573502056312835822e+32
4.573502056312835822e+32
4.573502056312835822e+32
4.573502056312835822e+32
4.573502056312835822e+32
4.573502056312835822e+32
4.573502056312835822e+32
4.573502056312835822e+32
4.573502056312835822e+32
4.573502056312835822e+32
4.573502056312835822e+32
4.573502056312835822e+32
4.573502056312835822e+32
4.573502056312835822e+32
4.573502056312835822e+32
4.573502056312835822e+32
4.573502056312835822e+32
4.573502056312835822e+32
4.573502056312835102e+32
4.573502056312815646e+32
4.573502056312527416e+32
4.573502056308930301e+32
4.573502056268160835e+32
4.573502055902655174e+32
4.573502053141590476e+32
4.573502034872327139e+32
4.573501937129280568e+32
4.573501507720073386e+32
4.573500088849292056e+32
4.573497514209540764e+32
4.573496283133388239e+32
4.573496244940257796e+32
4.573496244932095112e+32
4.573496244932095112e+32
4.573496244932095112e+32
4.573496244932095112e+32
4.573496244932095112e+32
4.573496244932095112e+32
4.573496244932095112e+32
4.573496244932095112e+32
4.573496244932095112e+32
4.573496244932095112e+32
4.573496244932095112e+32
4.573496244932095112e+32
4.573496244932095112e+32
4.573496244932095112e+32
4.573496244932095112e+32
4.573496244932095112e+32
4.573496244932095112e+32
4.573496244932095112e+32
4.573496244932095112e+32
4.573496244932095112e+32
4.573496244932095112e+32
4.573496244932095112e+32
4.573496244932095112e+32
4.573496244932089347e+32
4.573496244931952438e+32
4.573496244929159486e+32
4.573496244874201879e+32
4.573496244051403595e+32
4.573496233798065529e+32
4.573496117596560481e+32
4.573495075809445689e+32
4.573487206074639793e+32
4.573435134718851870e+32
4.573156566011518477e+32
4.571933147043115628e+32
4.567895327069948389e+32
4.560586599204738758e+32
4.557100152498256093e+32
4.556992073562024958e+32
4.556992050464392653e+32
4.556992050464392653e+32
4.556992050464392653e+32
4.556992050464392653e+32
4.556992050464392653e+32
4.556992050464392653e+32
4.556992050464392653e+32
4.556992050464392653e+32
4.556992050464392653e+32
4.556992050464392653e+32
4.556992050464392653e+32
4.556992050464392653e+32
4.556992050464392653e+32
4.556992050464392653e+32
4.556992050464392653e+32
4.556992050464392653e+32
4.556992050464392653e+32
4.556992050464392653e+32
4.556992050464392653e+32
4.556992050464392653e+32
4.556992050464392653e+32
4.556992050464392653e+32
4.556992050464384726e+32
4.556992050464093613e+32
4.556992050453967360e+32
4.556992050199315822e+32
4.556992044992335358e+32
4.556991942527833113e+32
4.556990408475910369e+32
4.556971291913300109e+32
4.556754654303806822e+32
4.554813341656022303e+32
4.540201769273274925e+32
4.445833914175711286e+32
4.000922164956254538e+32
2.779095410621555555e+32
1.383274711599872177e+32
7.237041652661756614e+31
5.893389705022275669e+31
5.859637903579388424e+31
5.859630731604784773e+31
5.859630731604773064e+31
5.859630731604773064e+31
5.859630731604773064e+31
5.859630731604773064e+31
5.859630731604773064e+31
5.859630731604773064e+31
5.859630731604773064e+31
5.859630731604773064e+31
5.859630731604773064e+31
5.859630731604773064e+31
5.859630731604773064e+31
5.859630731604773064e+31
5.859630731604773064e+31
5.859630731604773064e+31
5.859630731604773064e+31
5.859630731604773064e+31
5.859630731604773064e+31
5.859630731604773064e+31
5.859630731604773064e+31
5.859630731604773064e+31
5.859630731604772163e+31
5.859630731604729829e+31
5.859630731602932893e+31
5.859630731543116983e+31
5.859630729457719772e+31
5.859630677015317922e+31
5.859629604699299794e+31
5.859608503425407632e+31
5.859292602807159859e+31
5.855358849655713966e+31
5.811143805800018648e+31
5.442678530741249444e+31
3.680023028900330691e+31
1.170905355547690262e+31
2.519248296489026099e+30
5.663749418368346999e+29
1.590322369574328167e+29
6.899271755976812050e+28
5.429428754867995652e+28
5.393778611728345410e+28
5.393771042766007773e+28
5.393771042765995458e+28
5.393771042765995458e+28
5.393771042765995458e+28
5.393771042765995458e+28
5.393771042765995458e+28
5.393771042765995458e+28
5.393771042765995458e+28
5.393771042765995458e+28
5.393771042765995458e+28
5.393771042765995458e+28
5.393771042765995458e+28
5.393771042765995458e+28
5.393771042765995458e+28
5.393771042765995458e+28
5.393771042765995458e+28
5.393771042765995458e+28
5.393771042765995458e+28
5.393771042765995458e+28
5.393771042765995458e+28
5.393771042765995458e+28
5.393771042765994579e+28
5.393771042765964672e+28
5.393771042764698914e+28
5.393771042722564749e+28
5.393771041253605779e+28
5.393771004313070849e+28
5.393770248971425141e+28
5.393755385176789232e+28
5.393532860918953446e+28
5.390761405242919701e+28
5.359550276339249445e+28
5.095079511900296350e+28
3.711554243591067298e+28
1.327109294367128755e+28
2.990916234810782460e+27
6.792694139970430281e+26
1.911382591963873818e+26
8.296029984584168127e+25
6.529119379272344038e+25
6.486260666188621681e+25
6.486251566741550832e+25
6.486251566741536229e+25
6.486251566741536229e+25
6.486251566741536229e+25
6.486251566741536229e+25
6.486251566741536229e+25
6.486251566741536229e+25
6.486251566741536229e+25
6.486251566741536229e+25
6.486251566741536229e+25
6.486251566741536229e+25
6.486251566741536229e+25
6.486251566741536229e+25
6.486251566741536229e+25
6.486251566741536229e+25
6.486251566741536229e+25
6.486251566741536229e+25
6.486251566741536229e+25
6.486251566741536229e+25
6.486251566741536229e+25
6.486251566741536229e+25
6.486251566741512177e+25
6.486251566740489116e+25
6.486251566706472116e+25
6.486251565520525131e+25
6.486251535696992064e+25
6.486250925880246416e+25
6.486238925748166063e+25
6.486059270473407711e+25
6.483821323555344720e+25
6.458566083799959233e+25
6.240636261173116649e+25
4.973031806554708257e+25
2.121600326682150604e+25
5.215782113784851914e+24
1.209259810656690704e+24
3.417760130436977299e+23
1.484875760024036993e+23
1.168810244664412791e+23
1.161142406342961361e+23
1.161140778357535801e+23
1.161140778357533285e+23
1.161140778357533285e+23
1.161140778357533285e+23
1.161140778357533285e+23
1.161140778357533285e+23
1.161140778357533285e+23
1.161140778357533285e+23
1.161140778357533285e+23
1.161140778357533285e+23
1.161140778357533285e+23
1.161140778357533285e+23
1.161140778357533285e+23
1.161140778357533285e+23
1.161140778357533285e+23
1.161140778357533285e+23
1.161140778357533285e+23
1.161140778357533285e+23
1.161140778357533285e+23
1.161140778357533285e+23
1.161140778357533285e+23
1.161140778357530265e+23
1.161140778357406617e+23
1.161140778353295528e+23
1.161140778209966262e+23
1.161140774605605380e+23
1.161140700905425863e+23
1.161139250613262966e+23
1.161117537924061866e+23
1.160847032475181530e+23
1.157790167824536091e+23
1.131086893213334299e+23
9.632604613472901346e+22
4.860611650040507662e+22
1.331507402615007111e+22
3.177997927067473150e+21
9.039714682568149565e+20
3.933008899714990735e+20
3.096567568385883505e+20
3.076270396675356754e+20
3.076266087287730340e+20
3.076266087287723786e+20
3.076266087287723786e+20
3.076266087287723786e+20
3.076266087287723786e+20
3.076266087287723786e+20
3.076266087287723786e+20
3.076266087287723786e+20
3.076266087287723786e+20
3.076266087287723786e+20
3.076266087287723786e+20
3.076266087287723786e+20
3.076266087287723786e+20
3.076266087287723786e+20
3.076266087287723786e+20
3.076266087287723786e+20
3.076266087287723786e+20
3.076266087287723786e+20
3.076266087287723786e+20
3.076266087287723786e+20
3.076266087287717888e+20
3.076266087287496376e+20
3.076266087280103260e+20
3.076266087022354760e+20
3.076266080540631368e+20
3.076265948005579489e+20
3.076263339943705969e+20
3.076224293742390149e+20
3.075737801071849636e+20
3.070235093228408013e+20
3.021767052462327071e+20
2.699809301887246336e+20
1.583476018928078356e+20
4.929558904055432806e+19
1.224560605684758938e+19
3.515389178345055232e+18
1.532657654911970048e+18
1.207114967319279616e+18
1.199212559865656832e+18
1.199210882054638848e+18
1.199210882054636032e+18
1.199210882054636032e+18
1.199210882054636032e+18
1.199210882054636032e+18
1.199210882054636032e+18
1.199210882054636032e+18
1.199210882054636032e+18
1.199210882054636032e+18
1.199210882054636032e+18
1.199210882054636032e+18
1.199210882054636032e+18
1.199210882054636032e+18
1.199210882054636032e+18
1.199210882054636032e+18
1.199210882054636032e+18
1.199210882054636032e+18
1.199210882054636032e+18
1.199210882054636032e+18
1.199210882054634752e+18
1.199210882054575616e+18
1.199210882052609280e+18
1.199210881984061184e+18
1.199210880260248576e+18
1.199210845012583424e+18
1.199210151398962688e+18
1.199199767023548160e+18
1.199070376797908480e+18
1.197605940798708992e+18
1.184634818520293888e+18
1.095041399093725056e+18
7.298224416381269760e+17
2.621129846006929280e+17
6.869818123632093600e+16
1.998074188158342000e+16
8.737399778778170000e+15
6.884926561960485000e+15
6.839935916143689000e+15
6.839926363775823000e+15
6.839926363775808000e+15
6.839926363775808000e+15
6.839926363775808000e+15
6.839926363775808000e+15
6.839926363775808000e+15
6.839926363775808000e+15
6.839926363775808000e+15
6.839926363775808000e+15
6.839926363775808000e+15
6.839926363775808000e+15
6.839926363775808000e+15
6.839926363775808000e+15
6.839926363775808000e+15
6.839926363775808000e+15
6.839926363775808000e+15
6.839926363775808000e+15
6.839926363775808000e+15
6.839926363775808000e+15
6.839926363775802000e+15
6.839926363775572000e+15
6.839926363767885000e+15
6.839926363499889000e+15
6.839926356760496000e+15
6.839926218956724000e+15
6.839923507214220000e+15
6.839882908481475000e+15
6.839377026174657000e+15
6.833649065662529000e+15
6.782721281686437000e+15
6.421226479759405000e+15
4.747149357729251000e+15
1.982246240894048250e+15
5.570019859645894375e+14
1.650002561778129375e+14
7.246253811859948438e+13
5.713965216272442188e+13
5.676723879475184375e+13
5.676715972296872656e+13
5.676715972296859375e+13
5.676715972296859375e+13
5.676715972296859375e+13
5.676715972296859375e+13
5.676715972296859375e+13
5.676715972296859375e+13
5.676715972296859375e+13
5.676715972296859375e+13
5.676715972296859375e+13
5.676715972296859375e+13
5.676715972296859375e+13
5.676715972296859375e+13
5.676715972296859375e+13
5.676715972296859375e+13
5.676715972296859375e+13
5.676715972296859375e+13
5.676715972296859375e+13
5.676715972296856250e+13
5.676715972296724219e+13
5.676715972292332031e+13
5.676715972139219531e+13
5.676715968288833594e+13
5.676715889558042188e+13
5.676714340270548438e+13
5.676691145135728125e+13
5.676402113935666406e+13
5.673128566746308594e+13
5.643947861516062500e+13
5.432850467699353906e+13
4.355051718693266406e+13
2.112677798880036719e+13
6.476554244668570312e+12
1.967777762641016357e+12
8.694484878253026123e+11
6.862880218698707275e+11
6.818318122934653320e+11
6.818308661161232910e+11
6.818308661161218262e+11
6.818308661161218262e+11
6.818308661161218262e+11
6.818308661161218262e+11
6.818308661161218262e+11
6.818308661161218262e+11
6.818308661161218262e+11
6.818308661161218262e+11
6.818308661161218262e+11
6.818308661161218262e+11
6.818308661161218262e+11
6.818308661161218262e+11
6.818308661161218262e+11
6.818308661161218262e+11
6.818308661161218262e+11
6.818308661161218262e+11
6.818308661161218262e+11
6.818308661161215820e+11
6.818308661161105957e+11
6.818308661157460938e+11
6.818308661030383301e+11
6.818308657834713135e+11
6.818308592491235352e+11
6.818307306643088379e+11
6.818288055560611572e+11
6.818048166545928955e+11
6.815330673336103516e+11
6.791063815165689697e+11
6.613186983999052734e+11
5.636346334918507080e+11
3.148314693281809692e+11
1.071112375626153717e+11
3.368193706260847092e+10
1.501000621847548103e+10
1.186495870493585587e+10
1.178832866733977127e+10
1.178831239608139038e+10
1.178831239608136177e+10
1.178831239608136177e+10
1.178831239608136177e+10
1.178831239608136177e+10
1.178831239608136177e+10
1.178831239608136177e+10
1.178831239608136177e+10
1.178831239608136177e+10
1.178831239608136177e+10
1.178831239608136177e+10
1.178831239608136177e+10
1.178831239608136177e+10
1.178831239608136177e+10
1.178831239608136177e+10
1.178831239608136177e+10
1.178831239608136177e+10
1.178831239608135986e+10
1.178831239608122826e+10
1.178831239607686043e+10
1.178831239592456627e+10
1.178831239209475136e+10
1.178831231378462791e+10
1.178831077277492332e+10
1.178828770151850128e+10
1.178800020571045113e+10
1.178474298321686935e+10
1.175562104969658661e+10
1.154019646938962936e+10
1.029222814578502655e+10
6.519973336837295532e+09
2.497892149699302673e+09
8.221239026497761011e+08
3.707692205221318603e+08
2.936757533404728174e+08
2.917934487337052226e+08
2.917930490343447328e+08
2.917930490343440771e+08
2.917930490343440771e+08
2.917930490343440771e+08
2.917930490343440771e+08
2.917930490343440771e+08
2.917930490343440771e+08
2.917930490343440771e+08
2.917930490343440771e+08
2.917930490343440771e+08
2.917930490343440771e+08
2.917930490343440771e+08
2.917930490343440771e+08
2.917930490343440771e+08
2.917930490343440771e+08
2.917930490343440771e+08
2.917930490343440771e+08
2.917930490343440175e+08
2.917930490343417525e+08
2.917930490342666507e+08
2.917930490316475630e+08
2.917930489657836556e+08
2.917930476190308928e+08
2.917930211172310710e+08
2.917926243447729349e+08
2.917876800394592881e+08
2.917316577245386243e+08
2.912303572908999920e+08
2.874984402974583507e+08
2.650270465728592277e+08
1.868787801381835341e+08
8.141333072706986964e+07
2.841894606910477951e+07
1.302928721423624642e+07
1.034945641276328266e+07
1.028383549473942257e+07
1.028382155945003591e+07
1.028382155945001356e+07
1.028382155945001356e+07
1.028382155945001356e+07
1.028382155945001356e+07
1.028382155945001356e+07
1.028382155945001356e+07
1.028382155945001356e+07
1.028382155945001356e+07
1.028382155945001356e+07
1.028382155945001356e+07
1.028382155945001356e+07
1.028382155945001356e+07
1.028382155945001356e+07
1.028382155945001356e+07
1.028382155945001356e+07
1.028382155945001170e+07
1.028382155944995582e+07
1.028382155944811366e+07
1.028382155938390270e+07
1.028382155776912719e+07
1.028382152475103736e+07
1.028382087501125410e+07
1.028381114740912430e+07
1.028368992805060558e+07
1.028231634358741343e+07
1.027001804760521278e+07
1.017805764832495153e+07
9.608757428973110393e+06
7.395590616009636782e+06
3.675945457917274907e+06
1.380957063952240394e+06
6.474599984290869907e+05
5.163270340147768729e+05
5.131029679822025355e+05
5.131022832516469061e+05
5.131022832516458002e+05
5.131022832516458002e+05
5.131022832516458002e+05
5.131022832516458002e+05
5.131022832516458002e+05
5.131022832516458002e+05
5.131022832516458002e+05
5.131022832516458002e+05
5.131022832516458002e+05
5.131022832516458002e+05
5.131022832516458002e+05
5.131022832516458002e+05
5.131022832516458002e+05
5.131022832516458002e+05
5.131022832516458002e+05
5.131022832516458002e+05
5.131022832516439375e+05
5.131022832515800255e+05
5.131022832493517781e+05
5.131022831933171838e+05
5.131022820475475164e+05
5.131022595007524360e+05
5.131019219405081822e+05
5.130977154573095031e+05
5.130500480237763259e+05
5.126230880246371380e+05
5.094206116735307733e+05
4.891989086422492401e+05
4.035041820963254431e+05
2.280224850947910454e+05
9.356704633074115554e+04
4.520195982691575045e+04
3.624391946109676792e+04
3.602244208685585909e+04
3.602239504293706705e+04
3.602239504293699429e+04
3.602239504293699429e+04
3.602239504293699429e+04
3.602239504293699429e+04
3.602239504293699429e+04
3.602239504293699429e+04
3.602239504293699429e+04
3.602239504293699429e+04
3.602239504293699429e+04
3.602239504293699429e+04
3.602239504293699429e+04
3.602239504293699429e+04
3.602239504293699429e+04
3.602239504293699429e+04
3.602239504293699429e+04
3.602239504293689970e+04
3.602239504293378559e+04
3.602239504282522103e+04
3.602239504009510711e+04
3.602239498427099170e+04
3.602239388574749319e+04
3.602237743915552710e+04
3.602217249055311549e+04
3.601984996228812088e+04
3.599904105015368987e+04
3.584262215534501593e+04
3.484093397487027687e+04
3.030913025901191213e+04
1.928754946142096014e+04
8.760892893931832077e+03
4.401691132383069998e+03
3.555720912464529192e+03
3.534645222363754328e+03
3.534640744858387734e+03
3.534640744858380003e+03
3.534640744858380003e+03
3.534640744858380003e+03
3.534640744858380003e+03
3.534640744858380003e+03
3.534640744858380003e+03
3.534640744858380003e+03
3.534640744858380003e+03
3.534640744858380003e+03
3.534640744858380003e+03
3.534640744858380003e+03
3.534640744858380003e+03
3.534640744858380003e+03
3.534640744858380003e+03
3.534640744858380003e+03
3.534640744858374092e+03
3.534640744858162634e+03
3.534640744850805277e+03
3.534640744665794955e+03
3.534640740882798127e+03
3.534640666439864162e+03
3.534639551914101048e+03
3.534625663265790990e+03
3.534468270250666592e+03
3.533057812406449102e+03
3.522439353033412772e+03
3.453756711856614402e+03
3.127495803883947247e+03
2.210228360799413622e+03
1.122453178110348290e+03
5.929335726786208625e+02
4.838020275195125350e+02
4.810551481112590295e+02
4.810545643934455597e+02
4.810545643934447071e+02
4.810545643934447071e+02
4.810545643934447071e+02
4.810545643934447071e+02
4.810545643934447071e+02
4.810545643934447071e+02
4.810545643934447071e+02
4.810545643934447071e+02
4.810545643934447071e+02
4.810545643934447071e+02
4.810545643934447071e+02
4.810545643934447071e+02
4.810545643934447071e+02
4.810545643934447071e+02
4.810545643934447071e+02
4.810545643934440818e+02
4.810545643934244140e+02
4.810545643927388255e+02
4.810545643754991829e+02
4.810545640229909736e+02
4.810545570862302043e+02
4.810544532321897009e+02
4.810531590546812595e+02
4.810384925725210223e+02
4.809070423389995881e+02
4.799163722283477682e+02
4.734628279974863290e+02
4.416859551412818519e+02
3.411080169653883445e+02
1.946496023965329414e+02
1.094086751661660628e+02
9.046572841811521926e+01
8.998238728665963038e+01
8.998228454102411433e+01
8.998228454102394380e+01
8.998228454102394380e+01
8.998228454102394380e+01
8.998228454102394380e+01
8.998228454102394380e+01
8.998228454102394380e+01
8.998228454102394380e+01
8.998228454102394380e+01
8.998228454102394380e+01
8.998228454102394380e+01
8.998228454102394380e+01
8.998228454102394380e+01
8.998228454102394380e+01
8.998228454102394380e+01
8.998228454102394380e+01
8.998228454102387275e+01
8.998228454102138585e+01
8.998228454093481332e+01
8.998228453875766775e+01
8.998228449424050268e+01
8.998228361821857391e+01
8.998227050281411721e+01
8.998210706499885703e+01
8.998025485877319340e+01
8.996365258395199760e+01
8.983843523044598101e+01
8.901860728861566940e+01
8.487475821730033942e+01
7.046429949407175286e+01
4.514018534569366636e+01
2.732229445445751281e+01
2.298426591839788813e+01
2.287160524369476988e+01
2.287158128436861659e+01
2.287158128436857751e+01
2.287158128436857751e+01
2.287158128436857751e+01
2.287158128436857751e+01
2.287158128436857751e+01
2.287158128436857751e+01
2.287158128436857751e+01
2.287158128436857751e+01
2.287158128436857751e+01
2.287158128436857751e+01
2.287158128436857751e+01
2.287158128436857751e+01
2.287158128436857751e+01
2.287158128436857751e+01
2.287158128436856686e+01
2.287158128436814764e+01
2.287158128435361348e+01
2.287158128398803569e+01
2.287158127651294492e+01
2.287158112941581933e+01
2.287157892714402863e+01
2.287155148348181299e+01
2.287124046789234555e+01
2.286845248151767152e+01
2.284741373141574172e+01
2.270917523552790840e+01
2.199710580910885938e+01
1.933378546690302713e+01
1.380921495401544696e+01
9.093935049647699387e+00
7.817559457045679672e+00
7.783666355047341945e+00
7.783659142965730027e+00
7.783659142965718480e+00
7.783659142965718480e+00
7.783659142965718480e+00
7.783659142965718480e+00
7.783659142965718480e+00
7.783659142965718480e+00
7.783659142965718480e+00
7.783659142965718480e+00
7.783659142965718480e+00
7.783659142965718480e+00
7.783659142965718480e+00
7.783659142965718480e+00
7.783659142965718480e+00
7.783659142965718480e+00
7.783659142965714928e+00
7.783659142965624333e+00
7.783659142962463307e+00
7.783659142882944693e+00
7.783659141256977776e+00
7.783659109260716136e+00
7.783658630227095365e+00
7.783652660735460138e+00
7.783585008872563549e+00
7.782978538648580802e+00
7.778400261709478514e+00
7.748242167580890793e+00
7.590784040049351589e+00
6.968634063029983672e+00
5.483574505790979714e+00
3.954415833341220488e+00
3.489172598862585239e+00
3.476483279171057372e+00
3.476480577127219362e+00
3.476480577127214922e+00
3.476480577127214922e+00
3.476480577127214922e+00
3.476480577127214922e+00
3.476480577127214922e+00
3.476480577127214922e+00
3.476480577127214922e+00
3.476480577127214922e+00
3.476480577127214922e+00
3.476480577127214922e+00
3.476480577127214922e+00
3.476480577127214922e+00
3.476480577127214922e+00
3.476480577127214033e+00
3.476480577127189164e+00
3.476480577126330296e+00
3.476480577104728020e+00
3.476480576663018685e+00
3.476480567970933411e+00
3.476480437836948489e+00
3.476478816167924091e+00
3.476460437829571148e+00
3.476295678239893050e+00
3.475051574410749300e+00
3.466842041417426579e+00
3.423570603364424869e+00
3.245600182899103459e+00
2.769833645518929632e+00
2.187871550017798761e+00
1.988135773578489696e+00
1.982520741458033031e+00
1.982519544826672586e+00
1.982519544826670810e+00
1.982519544826670810e+00
1.982519544826670810e+00
1.982519544826670810e+00
1.982519544826670810e+00
1.982519544826670810e+00
1.982519544826670810e+00
1.982519544826670810e+00
1.982519544826670810e+00
1.982519544826670810e+00
1.982519544826670810e+00
1.982519544826670810e+00
1.982519544826670810e+00
1.982519544826670366e+00
1.982519544826662594e+00
1.982519544826385927e+00
1.982519544819425938e+00
1.982519544677115775e+00
1.982519541876692770e+00
1.982519499950017750e+00
1.982518977479232891e+00
1.982513056314838096e+00
1.982459972572705009e+00
1.982059065212935955e+00
1.979410443476805170e+00
1.965359348893026992e+00
1.905921266556402038e+00
1.732766470654087732e+00
1.487537635441791295e+00
1.393255161456789404e+00
1.390520894018322240e+00
1.390520310809124860e+00
1.390520310809123972e+00
1.390520310809123972e+00
1.390520310809123972e+00
1.390520310809123972e+00
1.390520310809123972e+00
1.390520310809123972e+00
1.390520310809123972e+00
1.390520310809123972e+00
1.390520310809123972e+00
1.390520310809123972e+00
1.390520310809123972e+00
1.390520310809123972e+00
1.390520310809123972e+00
1.390520310809123972e+00
1.390520310809121307e+00
1.390520310809022719e+00
1.390520310806547144e+00
1.390520310755926525e+00
1.390520309759799567e+00
1.390520294846234961e+00
1.390520109000283000e+00
1.390518002803672326e+00
1.390499120295036528e+00
1.390356496756041560e+00
1.389413529757866028e+00
1.384390177035250913e+00
1.362744944138430947e+00
1.295800642739983966e+00
1.189746536646265174e+00
1.144940053754186948e+00
1.143603881372950104e+00
1.143603596145084556e+00
1.143603596145084111e+00
1.143603596145084111e+00
1.143603596145084111e+00
1.143603596145084111e+00
1.143603596145084111e+00
1.143603596145084111e+00
1.143603596145084111e+00
1.143603596145084111e+00
1.143603596145084111e+00
1.143603596145084111e+00
1.143603596145084111e+00
1.143603596145084111e+00
1.143603596145084111e+00
1.143603596145083001e+00
1.143603596145047696e+00
1.143603596144161294e+00
1.143603596126036459e+00
1.143603595769369319e+00
1.143603590429510541e+00
1.143603523886651097e+00
1.143602769754132220e+00
1.143596008735200620e+00
1.143544937995125244e+00
1.143207130777181613e+00
1.141403201043156734e+00
1.133545074469980651e+00
1.108332245879623423e+00
1.065334777489183926e+00
1.045932821364530252e+00
1.045342187484486374e+00
1.045342061327970251e+00
1.045342061327970029e+00
1.045342061327970029e+00
1.045342061327970029e+00
1.045342061327970029e+00
1.045342061327970029e+00
1.045342061327970029e+00
1.045342061327970029e+00
1.045342061327970029e+00
1.045342061327970029e+00
1.045342061327970029e+00
1.045342061327970029e+00
1.045342061327970029e+00
1.045342061327970029e+00
1.045342061327969585e+00
1.045342061327958261e+00
1.045342061327670269e+00
1.045342061321783422e+00
1.045342061205939199e+00
1.045342059471568552e+00
1.045342037858640660e+00
1.045341792918472290e+00
1.045339596948810179e+00
1.045323008701791956e+00
1.045213261745705946e+00
1.044626491813908764e+00
1.042056452776602971e+00
1.033653626475489196e+00
1.018747165197026128e+00
1.011770460691578055e+00
1.011555542036731481e+00
1.011555496114971087e+00
1.011555496114970865e+00
1.011555496114970865e+00
1.011555496114970865e+00
1.011555496114970865e+00
1.011555496114970865e+00
1.011555496114970865e+00
1.011555496114970865e+00
1.011555496114970865e+00
1.011555496114970865e+00
1.011555496114970865e+00
1.011555496114970865e+00
1.011555496114970865e+00
1.011555496114970865e+00
1.011555496114967756e+00
1.011555496114890484e+00
1.011555496113312413e+00
1.011555496082255923e+00
1.011555495617290745e+00
1.011555489823109832e+00
1.011555424157416283e+00
1.011554835441750066e+00
1.011550388254736532e+00
1.011520963332078749e+00
1.011363565062122660e+00
1.010672655639198503e+00
1.008396422316157004e+00
1.004292110797833093e+00
1.002341397263122547e+00
1.002280999144949503e+00
1.002280986237693128e+00
1.002280986237693128e+00
1.002280986237693128e+00
1.002280986237693128e+00
1.002280986237693128e+00
1.002280986237693128e+00
1.002280986237693128e+00
1.002280986237693128e+00
1.002280986237693128e+00
1.002280986237693128e+00
1.002280986237693128e+00
1.002280986237693128e+00
1.002280986237693128e+00
1.002280986237693128e+00
1.002280986237692462e+00
1.002280986237676474e+00
1.002280986237348737e+00
1.002280986230901449e+00
1.002280986134375773e+00
1.002280984931515073e+00
1.002280971299445378e+00
1.002280849083159842e+00
1.002279925851712994e+00
1.002273817106359433e+00
1.002241135751312573e+00
1.002097583761020427e+00
1.001623545726957554e+00
1.000764514255394033e+00
1.000354284464158416e+00
1.000341562795612482e+00
1.000341560076825065e+00
1.000341560076825065e+00
1.000341560076825065e+00
1.000341560076825065e+00
1.000341560076825065e+00
1.000341560076825065e+00
1.000341560076825065e+00
1.000341560076825065e+00
1.000341560076825065e+00
1.000341560076825065e+00
1.000341560076825065e+00
1.000341560076825065e+00
1.000341560076825065e+00
1.000341560076825065e+00
1.000341560076825065e+00
1.000341560076822400e+00
1.000341560076771330e+00
1.000341560075765468e+00
1.000341560060706403e+00
1.000341559873048514e+00
1.000341557746311949e+00
1.000341538679371922e+00
1.000341394646079074e+00
1.000340441615373388e+00
1.000335342802099126e+00
1.000312943076275163e+00
1.000238936124879574e+00
1.000104673205222783e+00
1.000040487439946224e+00
1.000038496260276188e+00
1.000038495834730590e+00
1.000038495834730590e+00
1.000038495834730590e+00
1.000038495834730590e+00
1.000038495834730590e+00
1.000038495834730590e+00
1.000038495834730590e+00
1.000038495834730590e+00
1.000038495834730590e+00
1.000038495834730590e+00
1.000038495834730590e+00
1.000038495834730590e+00
1.000038495834730590e+00
1.000038495834730590e+00
1.000038495834730146e+00
1.000038495834724150e+00
1.000038495834607355e+00
1.000038495832856977e+00
1.000038495811043759e+00
1.000038495563835061e+00
1.000038493347521928e+00
1.000038476605301874e+00
1.000038365826294129e+00
1.000037773143926279e+00
1.000035169352740505e+00
1.000026565896497743e+00
1.000010954690938147e+00
1.000003490285329422e+00
1.000003258709966980e+00
1.000003258660475680e+00
1.000003258660475680e+00
1.000003258660475680e+00
1.000003258660475680e+00
1.000003258660475680e+00
1.000003258660475680e+00
1.000003258660475680e+00
1.000003258660475680e+00
1.000003258660475680e+00
1.000003258660475680e+00
1.000003258660475680e+00
1.000003258660475680e+00
1.000003258660475680e+00
1.000003258660475680e+00
1.000003258660475236e+00
1.000003258660465022e+00
1.000003258660313588e+00
1.000003258658424654e+00
1.000003258637017334e+00
1.000003258445093746e+00
1.000003256995286138e+00
1.000003247402277307e+00
1.000003196078376178e+00
1.000002970599909169e+00
1.000002225565517433e+00
1.000000873650431776e+00
1.000000227226604865e+00
1.000000207171841904e+00
1.000000207167555777e+00
1.000000207167555777e+00
1.000000207167555777e+00
1.000000207167555777e+00
1.000000207167555777e+00
1.000000207167555777e+00
1.000000207167555777e+00
1.000000207167555777e+00
1.000000207167555777e+00
1.000000207167555777e+00
1.000000207167555777e+00
1.000000207167555777e+00
1.000000207167555777e+00
1.000000207167555777e+00
1.000000207167555777e+00
1.000000207167555111e+00
1.000000207167545341e+00
1.000000207167423216e+00
1.000000207166039434e+00
1.000000207153632248e+00
1.000000207059907442e+00
1.000000206439754624e+00
1.000000203121853115e+00
1.000000188545494773e+00
1.000000140381701819e+00
1.000000052985084320e+00
1.000000011195949723e+00
1.000000009899475684e+00
1.000000009899198572e+00
1.000000009899198572e+00
1.000000009899198572e+00
1.000000009899198572e+00
1.000000009899198572e+00
1.000000009899198572e+00
1.000000009899198572e+00
1.000000009899198572e+00
1.000000009899198572e+00
1.000000009899198572e+00
1.000000009899198572e+00
1.000000009899198572e+00
1.000000009899198572e+00
1.000000009899198572e+00
1.000000009899198572e+00
1.000000009899198128e+00
1.000000009899192133e+00
1.000000009899125297e+00
1.000000009898525111e+00
1.000000009893990960e+00
1.000000009863989847e+00
1.000000009703480019e+00
1.000000008998320533e+00
1.000000006668304353e+00
1.000000002440324165e+00
1.000000000418693746e+00
1.000000000355974361e+00
1.000000000355960816e+00
1.000000000355960816e+00
1.000000000355960816e+00
1.000000000355960816e+00
1.000000000355960816e+00
1.000000000355960816e+00
1.000000000355960816e+00
1.000000000355960816e+00
1.000000000355960816e+00
1.000000000355960816e+00
1.000000000355960816e+00
1.000000000355960816e+00
1.000000000355960816e+00
1.000000000355960816e+00
1.000000000355960816e+00
1.000000000355960816e+00
1.000000000355960594e+00
1.000000000355958152e+00
1.000000000355936391e+00
1.000000000355771856e+00
1.000000000354683172e+00
1.000000000348858498e+00
1.000000000323268967e+00
1.000000000238715048e+00
1.000000000085286223e+00
1.000000000011923351e+00
1.000000000009647172e+00
1.000000000009646728e+00
1.000000000009646728e+00
1.000000000009646728e+00
1.000000000009646728e+00
1.000000000009646728e+00
1.000000000009646728e+00
1.000000000009646728e+00
1.000000000009646728e+00
1.000000000009646728e+00
1.000000000009646728e+00
1.000000000009646728e+00
1.000000000009646728e+00
1.000000000009646728e+00
1.000000000009646728e+00
1.000000000009646728e+00
1.000000000009646728e+00
1.000000000009646728e+00
1.000000000009646728e+00
1.000000000009646062e+00
1.000000000009641621e+00
1.000000000009611867e+00
1.000000000009452883e+00
1.000000000008754775e+00
1.000000000006447731e+00
1.000000000002261302e+00
1.000000000000259570e+00
1.000000000000197620e+00
1.000000000000197620e+00
1.000000000000197620e+00
1.000000000000197620e+00
1.000000000000197620e+00
1.000000000000197620e+00
1.000000000000197620e+00
1.000000000000197620e+00
1.000000000000197620e+00
1.000000000000197620e+00
1.000000000000197620e+00
1.000000000000197620e+00
1.000000000000197620e+00
1.000000000000197620e+00
1.000000000000197620e+00
1.000000000000197620e+00
1.000000000000197620e+00
1.000000000000197620e+00
1.000000000000197620e+00
1.000000000000197398e+00
1.000000000000196732e+00
1.000000000000193623e+00
1.000000000000179190e+00
1.000000000000131894e+00
1.000000000000045741e+00
1.000000000000004663e+00
1.000000000000003331e+00
1.000000000000003331e+00
1.000000000000003331e+00
1.000000000000003331e+00
1.000000000000003331e+00
1.000000000000003331e+00
1.000000000000003331e+00
1.000000000000003331e+00
1.000000000000003331e+00
1.000000000000003331e+00
1.000000000000003331e+00
1.000000000000003331e+00
1.000000000000003331e+00
1.000000000000003331e+00
1.000000000000003331e+00
1.000000000000003331e+00
1.000000000000003331e+00
1.000000000000003331e+00
1.000000000000003331e+00
1.000000000000003331e+00
1.000000000000003331e+00
1.000000000000003331e+00
1.000000000000003109e+00
1.000000000000002220e+00
1.000000000000000888e+00
1.000000000000000222e+00
1.000000000000000222e+00
1.000000000000000222e+00
1.000000000000000222e+00
1.000000000000000222e+00
1.000000000000000222e+00
1.000000000000000222e+00
1.000000000000000222e+00
1.000000000000000222e+00
1.000000000000000222e+00
1.000000000000000222e+00
1.000000000000000222e+00
1.000000000000000222e+00
1.000000000000000222e+00
1.000000000000000222e+00
1.000000000000000222e+00
1.000000000000000222e+00
1.000000000000000222e+00
1.000000000000000222e+00
1.000000000000000222e+00
1.000000000000000222e+00
1.000000000000000222e+00
1.000000000000000222e+00
1.000000000000000222e+00
1.000000000000000222e+00
1.000000000000000222e+00
1.000000000000000222e+00
1.000000000000000222e+00
1.000000000000000222e+00
1.000000000000000222e+00
1.000000000000000222e+00
1.000000000000000222e+00
1.000000000000000222e+00
1.000000000000000222e+00
1.000000000000000222e+00
1.000000000000000222e+00
1.000000000000000222e+00
1.000000000000000222e+00
1.000000000000000222e+00
1.000000000000000222e+00
1.000000000000000222e+00
1.000000000000000222e+00
1.000000000000000222e+00
1.000000000000000222e+00
1.000000000000000222e+00
1.000000000000000222e+00
1.000000000000000222e+00
1.000000000000000222e+00
1.000000000000000222e+00
1.000000000000000222e+00
1.000000000000000222e+00
1.000000000000000222e+00
1.000000000000000222e+00
1.000000000000000222e+00
1.000000000000000222e+00
1.000000000000000222e+00
1.000000000000000222e+00
1.000000000000000222e+00
1.000000000000000222e+00
1.000000000000000222e+00
1.000000000000000222e+00
1.000000000000000222e+00
1.000000000000000222e+00
1.000000000000000222e+00
1.000000000000000222e+00
1.000000000000000222e+00
1.000000000000000222e+00
1.000000000000000222e+00
1.000000000000000222e+00
1.000000000000000222e+00
1.000000000000000222e+00
1.000000000000000222e+00
1.000000000000000222e+00
1.000000000000000222e+00
1.000000000000000222e+00
1.000000000000000222e+00
1.000000000000000222e+00
1.000000000000000222e+00
1.000000000000000222e+00
1.000000000000000222e+00
1.000000000000000222e+00
1.000000000000000222e+00
1.000000000000000222e+00
1.000000000000000222e+00
1.000000000000000222e+00
1.000000000000000222e+00
1.000000000000000222e+00
1.000000000000000222e+00
1.000000000000000222e+00
1.000000000000000222e+00
1.000000000000000222e+00
1.000000000000000222e+00
1.000000000000000222e+00
1.000000000000000222e+00
1.000000000000000222e+00
1.000000000000000222e+00
1.000000000000000222e+00
1.000000000000000222e+00
1.000000000000000222e+00
1.000000000000000222e+00
1.000000000000000222e+00
1.000000000000000222e+00
1.000000000000000222e+00
1.000000000000000222e+00
1.000000000000000222e+00
1.000000000000000222e+00
1.000000000000000222e+00
1.000000000000000222e+00
1.000000000000000222e+00
1.000000000000000222e+00
1.000000000000000222e+00
1.000000000000000222e+00
1.000000000000000222e+00
1.000000000000000222e+00
1.000000000000000222e+00
1.000000000000000222e+00
1.000000000000000222e+00
1.000000000000000222e+00
1.000000000000000222e+00
1.000000000000000222e+00
1.000000000000000222e+00
1.000000000000000222e+00
1.000000000000000222e+00
1.000000000000000222e+00
1.000000000000000222e+00
1.000000000000000222e+00
1.000000000000000222e+00
1.000000000000000222e+00
1.000000000000000222e+00
1.000000000000000222e+00
1.000000000000000222e+00
1.000000000000000222e+00
1.000000000000000222e+00
1.000000000000000222e+00
1.000000000000000222e+00
1.000000000000000222e+00
1.000000000000000222e+00
1.000000000000000222e+00
1.000000000000000222e+00
1.000000000000000222e+00
1.000000000000000222e+00
1.000000000000000222e+00
1.000000000000000222e+00
1.000000000000000222e+00
1.000000000000000222e+00
1.000000000000000222e+00
1.000000000000000222e+00
1.000000000000000222e+00
1.000000000000000222e+00
1.000000000000000222e+00
1.000000000000000222e+00
1.000000000000000222e+00
1.000000000000000222e+00
1.000000000000000222e+00
1.000000000000000222e+00
1.000000000000000222e+00
1.000000000000000222e+00
1.000000000000000222e+00
1.000000000000000222e+00
1.000000000000000222e+00
1.000000000000000222e+00
1.000000000000000222e+00
1.000000000000000222e+00
1.000000000000000222e+00
1.000000000000000222e+00
1.000000000000000222e+00
1.000000000000000222e+00
1.000000000000000222e+00
1.000000000000000222e+00
1.000000000000000222e+00
1.000000000000000222e+00
1.000000000000000222e+00
1.000000000000000222e+00
1.000000000000000222e+00
1.000000000000000222e+00
1.000000000000000222e+00
1.000000000000000222e+00
1.000000000000000222e+00
1.000000000000000222e+00
1.000000000000000222e+00
1.000000000000000222e+00
1.000000000000000222e+00
1.000000000000000222e+00
1.000000000000000222e+00
1.000000000000000222e+00
1.000000000000000222e+00
1.000000000000000222e+00
1.000000000000000222e+00
1.000000000000000222e+00
1.000000000000000222e+00
1.000000000000000222e+00
1.000000000000000222e+00
1.000000000000000222e+00
1.000000000000000222e+00
1.000000000000000222e+00
1.000000000000000222e+00
1.000000000000000222e+00
1.000000000000000222e+00
1.000000000000000222e+00
1.000000000000000222e+00
1.000000000000000222e+00
1.000000000000000222e+00
1.000000000000000222e+00
1.000000000000000222e+00
1.000000000000000222e+00
1.000000000000000222e+00
1.000000000000000222e+00
1.000000000000000222e+00
1.000000000000000222e+00
1.000000000000000222e+00
1.000000000000000222e+00
1.000000000000000222e+00
1.000000000000000222e+00
1.000000000000000222e+00
1.000000000000000222e+00
1.000000000000000222e+00
1.000000000000000222e+00
1.000000000000000222e+00
1.000000000000000222e+00
1.000000000000000222e+00
1.000000000000000222e+00
1.000000000000000222e+00
1.000000000000000222e+00
1.000000000000000222e+00
1.000000000000000222e+00
1.000000000000000222e+00
1.000000000000000222e+00
1.000000000000000222e+00
1.000000000000000222e+00
1.000000000000000222e+00
1.000000000000000222e+00
1.000000000000000222e+00
1.000000000000000222e+00
1.000000000000000222e+00
1.000000000000000222e+00
1.000000000000000222e+00
1.000000000000000222e+00
1.000000000000000222e+00
1.000000000000000222e+00
1.000000000000000222e+00
1.000000000000000222e+00
1.000000000000000222e+00
1.000000000000000222e+00
1.000000000000000222e+00
1.000000000000000222e+00
1.000000000000000222e+00
1.000000000000000222e+00
1.000000000000000222e+00
1.000000000000000222e+00
1.000000000000000222e+00
1.000000000000000222e+00
1.000000000000000222e+00
1.000000000000000222e+00
1.000000000000000222e+00
1.000000000000000222e+00
1.000000000000000222e+00
1.000000000000000222e+00
1.000000000000000222e+00
1.000000000000000222e+00
1.000000000000000222e+00
1.000000000000000222e+00
1.000000000000000222e+00
1.000000000000000222e+00
1.000000000000000222e+00
1.000000000000000222e+00
1.000000000000000222e+00
1.000000000000000222e+00
1.000000000000000222e+00
1.000000000000000222e+00
1.000000000000000222e+00
1.000000000000000222e+00
1.000000000000000222e+00
1.000000000000000222e+00
1.000000000000000222e+00
1.000000000000000222e+00
1.000000000000000222e+00
1.000000000000000222e+00
1.000000000000000222e+00
1.000000000000000222e+00
1.000000000000000222e+00
1.000000000000000222e+00
1.000000000000000222e+00
1.000000000000000222e+00
1.000000000000000222e+00
1.000000000000000222e+00
1.000000000000000222e+00
1.000000000000000222e+00
1.000000000000000222e+00
1.000000000000000222e+00
1.000000000000000222e+00
1.000000000000000222e+00
1.000000000000000222e+00
1.000000000000000222e+00
1.000000000000000222e+00
1.000000000000000222e+00
1.000000000000000222e+00
1.000000000000000222e+00
1.000000000000000222e+00
1.000000000000000222e+00
1.000000000000000222e+00
1.000000000000000222e+00
1.000000000000000222e+00
1.000000000000000222e+00
1.000000000000000222e+00
1.000000000000000222e+00
1.000000000000000222e+00
1.000000000000000222e+00
1.000000000000000222e+00
1.000000000000000222e+00
1.000000000000000222e+00
1.000000000000000222e+00
1.000000000000000222e+00
1.000000000000000222e+00
1.000000000000000222e+00
1.000000000000000222e+00
1.000000000000000222e+00
1.000000000000000222e+00
1.000000000000000222e+00
1.000000000000000222e+00
1.000000000000000222e+00
1.000000000000000222e+00
1.000000000000000222e+00
1.000000000000000222e+00
1.000000000000000222e+00
1.000000000000000222e+00
1.000000000000000222e+00
1.000000000000000222e+00
1.000000000000000222e+00
1.000000000000000222e+00
1.000000000000000222e+00
1.000000000000000222e+00
1.000000000000000222e+00
1.000000000000000222e+00
1.000000000000000222e+00
1.000000000000000222e+00
1.000000000000000222e+00
1.000000000000000222e+00
1.000000000000000222e+00
1.000000000000000222e+00
1.000000000000000222e+00
1.000000000000000222e+00
1.000000000000000222e+00
1.000000000000000222e+00
1.000000000000000222e+00
1.000000000000000222e+00
1.000000000000000222e+00
1.000000000000000222e+00
1.000000000000000222e+00
1.000000000000000222e+00
1.000000000000000222e+00
1.000000000000000222e+00
1.000000000000000222e+00
1.000000000000000222e+00
1.000000000000000222e+00
1.000000000000000222e+00
1.000000000000000222e+00
1.000000000000000222e+00
1.000000000000000222e+00
1.000000000000000222e+00
1.000000000000000222e+00
1.000000000000000222e+00
1.000000000000000222e+00
1.000000000000000222e+00
1.000000000000000222e+00
1.000000000000000222e+00
1.000000000000000222e+00
1.000000000000000222e+00
1.000000000000000222e+00
1.000000000000000222e+00
1.000000000000000222e+00
1.000000000000000222e+00
1.000000000000000222e+00
1.000000000000000222e+00
1.000000000000000222e+00
1.000000000000000222e+00
1.000000000000000222e+00
1.000000000000000222e+00
1.000000000000000222e+00
1.000000000000000222e+00
1.000000000000000222e+00
1.000000000000000222e+00
1.000000000000000222e+00
1.000000000000000222e+00
1.000000000000000222e+00
1.000000000000000222e+00
1.000000000000000222e+00
1.000000000000000222e+00
1.000000000000000222e+00
1.000000000000000222e+00
1.000000000000000222e+00
1.000000000000000222e+00
1.000000000000000222e+00
1.000000000000000222e+00
1.000000000000000222e+00
1.000000000000000222e+00
1.000000000000000222e+00
1.000000000000000222e+00
1.000000000000000222e+00
1.000000000000000222e+00
1.000000000000000222e+00
1.000000000000000222e+00
1.000000000000000222e+00
1.000000000000000222e+00
1.000000000000000222e+00
1.000000000000000222e+00
1.000000000000000222e+00
1.000000000000000222e+00
1.000000000000000222e+00
1.000000000000000222e+00
1.000000000000000222e+00
1.000000000000000222e+00
1.000000000000000222e+00
1.000000000000000222e+00
1.000000000000000222e+00
1.000000000000000222e+00
1.000000000000000222e+00
1.000000000000000222e+00
1.000000000000000222e+00
1.000000000000000222e+00
1.000000000000000222e+00
1.000000000000000222e+00
1.000000000000000222e+00
1.000000000000000222e+00
1.000000000000000222e+00
1.000000000000000222e+00
1.000000000000000222e+00
1.000000000000000222e+00
1.000000000000000222e+00
1.000000000000000222e+00
1.000000000000000222e+00
1.000000000000000222e+00
1.000000000000000222e+00
1.000000000000000222e+00
1.000000000000000222e+00
1.000000000000000222e+00
1.000000000000000222e+00
1.000000000000000222e+00
1.000000000000000222e+00
1.000000000000000222e+00
1.000000000000000222e+00
1.000000000000000222e+00
1.000000000000000222e+00
1.000000000000000222e+00
1.000000000000000222e+00
1.000000000000000222e+00
1.000000000000000222e+00
1.000000000000000222e+00
1.000000000000000222e+00
1.000000000000000222e+00
1.000000000000000222e+00
1.000000000000000222e+00
1.000000000000000222e+00
1.000000000000000222e+00
1.000000000000000222e+00
1.000000000000000222e+00
1.000000000000000222e+00
1.000000000000000222e+00
1.000000000000000222e+00
1.000000000000000222e+00
1.000000000000000222e+00
1.000000000000000222e+00
1.000000000000000222e+00
1.000000000000000222e+00
1.000000000000000222e+00
1.000000000000000222e+00
1.000000000000000222e+00
1.000000000000000222e+00
1.000000000000000222e+00
1.000000000000000222e+00
1.000000000000000222e+00
1.000000000000000222e+00
1.000000000000000222e+00
1.000000000000000222e+00
1.000000000000000222e+00
1.000000000000000222e+00
1.000000000000000222e+00
1.000000000000000222e+00
1.000000000000000222e+00
1.000000000000000222e+00
1.000000000000000222e+00
1.000000000000000222e+00
1.000000000000000222e+00
1.000000000000000222e+00
1.000000000000000222e+00
1.000000000000000222e+00
1.000000000000000222e+00
1.000000000000000222e+00
1.000000000000000222e+00
