1.000000000000153655e+00
1.000000000000078160e+00
1.000000000000071942e+00
1.000000000000071942e+00
1.000000000000071942e+00
1.000000000000071942e+00
1.000000000000071942e+00
1.000000000000071942e+00
1.000000000000071942e+00
1.000000000000071942e+00
1.000000000000071942e+00
1.000000000000027978e+00
1.000000000000027978e+00
1.000000000000027978e+00
1.000000000000027978e+00
1.000000000000028200e+00
1.000000000000028200e+00
1.000000000000024425e+00
1.000000000000024425e+00
1.000000000000024425e+00
1.000000000000023759e+00
1.000000000000023759e+00
1.000000000000023759e+00
1.000000000000023759e+00
1.000000000000023759e+00
1.000000000000023759e+00
1.000000000000023759e+00
1.000000000000023759e+00
1.000000000000023759e+00
1.000000000000023759e+00
1.000000000000023759e+00
1.000000000000021538e+00
1.000000000000021538e+00
1.000000000000021538e+00
1.000000000000021538e+00
1.000000000000021538e+00
1.000000000000021538e+00
1.000000000000021538e+00
1.000000000000021316e+00
1.000000000000021316e+00
1.000000000000021316e+00
1.000000000000021538e+00
1.000000000000021538e+00
1.000000000000021538e+00
1.000000000000021538e+00
1.000000000000021538e+00
1.000000000000021538e+00
1.000000000000021538e+00
1.000000000000021538e+00
1.000000000000021538e+00
1.000000000000021538e+00
1.000000000000021538e+00
1.000000000000021538e+00
1.000000000000021316e+00
1.000000000000021316e+00
1.000000000000021538e+00
1.000000000000021538e+00
1.000000000000021538e+00
1.000000000000021538e+00
1.000000000000021538e+00
1.000000000000021538e+00
1.000000000000021538e+00
1.000000000000021538e+00
1.000000000000021538e+00
1.000000000000018430e+00
1.000000000000018430e+00
1.000000000000018430e+00
1.000000000000018430e+00
1.000000000000018430e+00
1.000000000000018430e+00
1.000000000000018430e+00
1.000000000000018430e+00
1.000000000000018430e+00
1.000000000000018430e+00
1.000000000000018430e+00
1.000000000000018430e+00
1.000000000000018430e+00
1.000000000000018430e+00
1.000000000000018430e+00
1.000000000000018430e+00
1.000000000000018430e+00
1.000000000000018430e+00
1.000000000000018430e+00
1.000000000000018430e+00
1.000000000000018430e+00
1.000000000000018430e+00
1.000000000000018430e+00
1.000000000000018430e+00
1.000000000000018430e+00
1.000000000000018430e+00
1.000000000000018430e+00
1.000000000000018430e+00
1.000000000000018430e+00
1.000000000000018430e+00
1.000000000000018430e+00
1.000000000000018430e+00
1.000000000000018430e+00
1.000000000000018430e+00
1.000000000000018430e+00
1.000000000000018430e+00
1.000000000000018430e+00
1.000000000000018430e+00
1.000000000000018430e+00
1.000000000000018430e+00
1.000000000000018430e+00
1.000000000000018430e+00
1.000000000000018430e+00
1.000000000000018430e+00
1.000000000000018430e+00
1.000000000000018430e+00
1.000000000000018430e+00
1.000000000000018430e+00
1.000000000000018430e+00
1.000000000000018430e+00
1.000000000000018430e+00
1.000000000000018430e+00
1.000000000000018430e+00
1.000000000000018430e+00
1.000000000000018430e+00
1.000000000000018430e+00
1.000000000000018430e+00
1.000000000000018430e+00
1.000000000000018430e+00
1.000000000000018430e+00
1.000000000000018430e+00
1.000000000000018430e+00
1.000000000000018430e+00
1.000000000000018430e+00
1.000000000000017319e+00
1.000000000000017319e+00
1.000000000000017319e+00
1.000000000000017319e+00
1.000000000000017319e+00
1.000000000000017319e+00
1.000000000000017542e+00
1.000000000000017542e+00
1.000000000000017319e+00
1.000000000000017542e+00
1.000000000000017542e+00
1.000000000000017542e+00
1.000000000000017542e+00
1.000000000000017542e+00
1.000000000000017542e+00
1.000000000000017542e+00
1.000000000000017542e+00
1.000000000000017542e+00
1.000000000000017542e+00
1.000000000000012434e+00
1.000000000000011990e+00
1.000000000000011990e+00
1.000000000000011990e+00
1.000000000000011990e+00
1.000000000000011990e+00
1.000000000000011990e+00
1.000000000000011990e+00
1.000000000000011768e+00
1.000000000000011990e+00
1.000000000000011990e+00
1.000000000000011990e+00
1.000000000000011990e+00
1.000000000000011990e+00
1.000000000000011990e+00
1.000000000000011990e+00
1.000000000000011768e+00
1.000000000000011768e+00
1.000000000000011768e+00
1.000000000000011768e+00
1.000000000000011990e+00
1.000000000000011990e+00
1.000000000000011990e+00
1.000000000000011990e+00
1.000000000000011990e+00
1.000000000000011990e+00
1.000000000000011990e+00
1.000000000000011990e+00
1.000000000000011990e+00
1.000000000000011990e+00
1.000000000000011990e+00
1.000000000000011990e+00
1.000000000000011990e+00
1.000000000000011990e+00
1.000000000000011990e+00
1.000000000000011990e+00
1.000000000000011990e+00
1.000000000000011990e+00
1.000000000000011990e+00
1.000000000000011990e+00
1.000000000000011990e+00
1.000000000000011990e+00
1.000000000000011768e+00
1.000000000000011768e+00
1.000000000000011990e+00
1.000000000000011990e+00
1.000000000000011990e+00
1.000000000000011990e+00
1.000000000000011990e+00
1.000000000000011990e+00
1.000000000000011768e+00
1.000000000000011990e+00
1.000000000000011990e+00
1.000000000000011990e+00
1.000000000000011990e+00
1.000000000000011990e+00
1.000000000000011990e+00
1.000000000000011990e+00
1.000000000000011990e+00
1.000000000000011990e+00
1.000000000000011990e+00
1.000000000000011990e+00
1.000000000000011768e+00
1.000000000000011768e+00
1.000000000000011768e+00
1.000000000000011768e+00
1.000000000000011768e+00
1.000000000000011768e+00
1.000000000000011768e+00
1.000000000000011768e+00
1.000000000000011768e+00
1.000000000000011768e+00
1.000000000000011768e+00
1.000000000000011768e+00
1.000000000000011768e+00
1.000000000000011768e+00
1.000000000000011768e+00
1.000000000000011768e+00
1.000000000000011768e+00
1.000000000000011768e+00
1.000000000000011768e+00
1.000000000000011768e+00
1.000000000000011768e+00
1.000000000000011768e+00
1.000000000000011768e+00
1.000000000000011768e+00
1.000000000000011768e+00
1.000000000000011768e+00
1.000000000000011768e+00
1.000000000000011768e+00
1.000000000000011768e+00
1.000000000000011768e+00
1.000000000000011768e+00
1.000000000000011768e+00
1.000000000000011768e+00
1.000000000000011768e+00
1.000000000000011768e+00
1.000000000000011768e+00
1.000000000000011768e+00
1.000000000000011768e+00
1.000000000000011768e+00
1.000000000000011768e+00
1.000000000000011768e+00
1.000000000000011768e+00
1.000000000000011768e+00
1.000000000000011768e+00
1.000000000000011768e+00
1.000000000000011768e+00
1.000000000000011768e+00
1.000000000000011768e+00
1.000000000000011768e+00
1.000000000000011768e+00
1.000000000000011768e+00
1.000000000000006439e+00
9.999999999999656941e-01
9.999999999999656941e-01
9.999999999999656941e-01
9.999999999999656941e-01
9.999999999999655831e-01
9.999999999997976063e-01
9.999999999997976063e-01
9.999999999997976063e-01
9.999999999997976063e-01
9.999999999997974953e-01
9.999999999997974953e-01
9.999999999987795318e-01
9.999999999987795318e-01
9.999999999987796429e-01
9.999999999987796429e-01
9.999999998951738522e-01
9.999999994665867975e-01
9.999999994665362824e-01
9.999999994664137137e-01
9.999999994664132696e-01
9.999999979995820576e-01
9.999999979995820576e-01
9.999999979995820576e-01
9.999999979995820576e-01
9.999999979995820576e-01
9.999999979995820576e-01
9.999999952623416233e-01
9.999999952623416233e-01
9.999999952623416233e-01
9.999996920981614190e-01
9.999996900165001312e-01
9.999988947559249608e-01
9.999988947559248498e-01
9.999988947559248498e-01
9.999988947538784867e-01
9.999988947538784867e-01
9.999975549305352152e-01
9.999975548900038591e-01
9.999975548900028599e-01
9.999975548900028599e-01
9.999885828051904291e-01
9.998618824281355622e-01
9.998618272551393904e-01
9.998618272551393904e-01
9.998618191426910107e-01
9.996407760720384950e-01
9.996407760720384950e-01
9.996407760720384950e-01
9.996407760720384950e-01
9.996407760702121781e-01
9.996407760701794265e-01
9.996407760701794265e-01
9.995131526796984245e-01
9.995131526796984245e-01
9.995131526796984245e-01
9.995131513434536430e-01
9.995131513434535320e-01
9.978036571944024491e-01
9.891921702669940197e-01
9.891914463484265951e-01
9.891902679924602371e-01
9.891902667563722273e-01
9.810212521770843574e-01
9.810212521770843574e-01
9.810212521770843574e-01
9.810212521770438343e-01
9.810212521770438343e-01
9.810212521770438343e-01
9.797807680486860793e-01
9.797807680486145809e-01
9.797807680486145809e-01
9.291057259268692414e-01
9.286450089174616007e-01
8.344746706370023137e-01
8.344746705575392109e-01
8.344746705575392109e-01
8.344746182469587881e-01
8.344746182469587881e-01
8.344746182469587881e-01
7.975662371782057392e-01
7.975653544950638274e-01
7.975653544908809511e-01
7.975653544908809511e-01
7.800351335846543721e-01
7.800351335846543721e-01
5.526452170980431511e-01
5.524466140991100005e-01
5.524466140991100005e-01
5.524407870231280437e-01
3.846440749837357620e-01
3.846440749837357620e-01
3.846440749837354844e-01
3.846440749837354844e-01
3.846440748524420083e-01
3.846440748363595952e-01
3.846440748363595952e-01
3.633188106983348264e-01
3.633188106983348264e-01
3.633188106983348264e-01
3.633186850462161721e-01
3.633186850462143958e-01
3.134165136675821639e-01
1.335617609227094660e-01
1.335479414918120944e-01
1.335349531635955933e-01
1.335349496712692208e-01
8.096312844420165689e-02
8.096312844420165689e-02
8.096312844420165689e-02
8.096312844417524746e-02
8.096312844417524746e-02
8.096312844417524746e-02
7.879806698604456539e-02
7.879806698585521685e-02
7.879806698585521685e-02
4.769602470285769225e-02
4.754914644320023392e-02
1.535514916899259619e-02
1.535514909296948824e-02
1.535514909296948824e-02
1.535514310396573871e-02
1.535514310396573871e-02
1.535514310396573871e-02
1.109506644910580875e-02
1.109497943199706967e-02
1.109497943183849339e-02
1.109497943183849339e-02
1.073316782872430972e-02
1.073316782872430972e-02
3.922637432203345681e-03
3.913292547650223420e-03
3.913292547650223420e-03
3.913246414967330028e-03
1.560200195781876690e-03
1.560200195781876690e-03
1.560200195781862812e-03
1.560200195781862812e-03
1.560200194976331606e-03
1.560200194647900747e-03
1.560200194647900747e-03
1.370270672973052106e-03
1.370270672973052106e-03
1.370270672973052106e-03
1.370269680579405463e-03
1.370269680579401777e-03
1.189575320439543397e-03
1.189575320439543397e-03
2.993370186143660136e-04
2.993140608698631466e-04
2.992384566372168733e-04
2.992384508892027210e-04
1.722075851034611375e-04
1.722075851034611375e-04
1.722075851034611375e-04
1.722075851034355774e-04
1.722075851034355503e-04
1.722075851034355503e-04
1.656849684661621999e-04
1.656849684651353250e-04
1.656849684651353250e-04
1.100095634809347467e-04
1.098102275662033697e-04
2.633262068938048897e-05
2.633262049423915139e-05
2.633262049423915139e-05
2.633261392556001805e-05
2.633261392556001805e-05
2.633261392556001805e-05
2.633261392556001805e-05
2.014761179959449107e-05
2.014726593764659085e-05
2.014726593753024241e-05
2.014726593753024241e-05
2.014726593753024241e-05
1.982670304378543965e-05
1.982670304378543965e-05
8.804520299860866042e-06
8.771170143964914298e-06
8.771170143964914298e-06
8.771088402007130998e-06
2.760743422247059879e-06
2.760743422247059879e-06
2.760743422247002704e-06
2.760743422247002704e-06
2.760743421692214335e-06
2.760743420866931924e-06
2.760743420866931924e-06
2.481751982290554100e-06
2.481751982290554100e-06
2.481751982290554100e-06
2.481748128692189379e-06
2.481748128692187261e-06
2.312922066101749109e-06
2.312922066101749109e-06
7.096920064464115310e-07
7.096464824655881786e-07
7.093458309492834261e-07
3.339354856375583290e-07
3.339354840646539331e-07
3.339354840646539331e-07
3.339354840646539331e-07
3.339354840646390041e-07
3.339354840646388453e-07
3.339354840646388453e-07
3.226491412302068805e-07
3.226491412270838701e-07
3.226491412270838701e-07
2.557656161132094462e-07
2.553854275176467626e-07
6.581641493677875301e-08
6.581641349367027134e-08
6.581641349367027134e-08
6.581640447690139508e-08
6.581640447690139508e-08
6.581640447690139508e-08
6.581640447690139508e-08
4.407497185926601210e-08
4.407380076588682420e-08
4.407380076580027464e-08
4.407380076580027464e-08
4.407380076580027464e-08
4.353071126322761650e-08
4.353071126322761650e-08
2.517250423004406402e-08
2.504773626427037748e-08
2.504773626427037748e-08
2.504758979012592712e-08
7.305084708404787419e-09
7.305084708404787419e-09
7.305084708404468955e-09
7.305084708404468955e-09
7.305084707800633725e-09
7.305084700960410888e-09
7.305084700960410888e-09
6.132353364121814419e-09
6.132353364121814419e-09
6.132353364121814419e-09
6.132336716223335904e-09
6.132336716223332596e-09
5.765532182246702197e-09
5.765532182246702197e-09
2.311600364352311410e-09
2.311494237235055036e-09
2.310032908710094626e-09
9.505385372713611333e-10
9.505385352902503313e-10
9.505385352902503313e-10
9.505385352902503313e-10
9.505385352902503313e-10
9.505385352902503313e-10
9.505385352902265499e-10
9.505385352902257227e-10
9.505385352902257227e-10
8.933522028148557127e-10
8.933522027865137132e-10
8.933522027865137132e-10
7.116086796064814375e-10
7.109616252815472527e-10
2.273222005316531748e-10
2.273221883510132330e-10
2.273221883510132330e-10
2.273221716301619744e-10
2.273221716301619744e-10
2.273221716301619744e-10
2.273221716301619744e-10
1.364813641811177761e-10
1.364762187369484470e-10
1.364762187367862162e-10
1.364762187367862162e-10
1.364762187367862162e-10
1.353274553839849408e-10
7.519326654465474715e-11
7.519326654465474715e-11
7.448078919730296558e-11
7.448078919730296558e-11
7.448058786841351801e-11
2.553941193760842855e-11
2.553941193760842855e-11
2.553941193760382735e-11
2.553941193760382735e-11
2.553941193616116620e-11
2.553941187700536085e-11
2.553941187700536085e-11
2.025020752719746728e-11
2.025020752719746728e-11
2.025020752719746728e-11
2.025012434373718318e-11
2.025012434373718318e-11
1.935657597399963168e-11
1.935657597399963168e-11
6.989317647609819823e-12
6.989166822666829222e-12
6.980582745460198640e-12
3.251661553945906771e-12
3.251661549414285431e-12
3.251661549414285431e-12
3.251661549414285431e-12
3.251661549414285431e-12
3.251661549414285431e-12
3.251661549414274525e-12
3.251661549414239790e-12
3.251661549414239790e-12
2.995410658239219762e-12
2.995410658013767404e-12
2.995410658013767404e-12
2.521034652147696984e-12
2.519771703931136327e-12
6.885062782021198840e-13
6.885062270014363989e-13
6.885062270014363989e-13
6.885061970191972983e-13
6.885061970191972983e-13
6.885061970191972983e-13
6.885061970191972983e-13
4.485682673690339190e-13
4.485325355865019903e-13
4.485325355862820180e-13
4.485325355862820180e-13
4.485325355862820180e-13
4.465957195628815939e-13
2.826708838140468433e-13
2.787547718458246438e-13
2.787547718458246438e-13
2.787547718458246438e-13
2.787542206117271455e-13
7.897112998913840949e-14
7.897112998913840949e-14
7.897112998910725895e-14
7.897112998910725895e-14
7.897112998737556411e-14
7.897112998737556411e-14
7.897112972820489362e-14
7.897112972820489362e-14
6.503447245917128685e-14
6.503447245917128685e-14
6.503447245917128685e-14
6.503392088614584741e-14
6.503392088614584741e-14
6.503392088614584741e-14
6.503392088614584741e-14
6.356891701149486469e-14
2.791940377800011706e-14
2.791893335177426536e-14
2.786545901261395133e-14
1.065709263992074324e-14
1.065709263380969025e-14
1.065709263380969025e-14
1.065709263380969025e-14
1.065709263380969025e-14
1.065709263380969025e-14
1.065709263380960820e-14
1.065709263380960820e-14
1.065709263380957507e-14
9.919164318779809724e-15
9.919164317646975487e-15
9.919164317646975487e-15
9.043217433227777353e-15
9.040040468004471401e-15
9.040034793341039139e-15
2.919208984473713562e-15
2.919208984473713562e-15
2.919208984473713562e-15
2.919208916807116011e-15
2.919208916807116011e-15
2.919208916807116011e-15
2.919208916807116011e-15
1.621805621669646607e-15
1.621623154474739860e-15
1.621623154474475197e-15
1.621623154474475197e-15
1.621623154474475197e-15
1.616668375105381557e-15
1.582921869683427704e-15
1.199617625625861919e-15
1.199617625625861919e-15
1.199617625625861919e-15
1.199616343964879029e-15
1.199616343964878832e-15
3.536359833003181209e-16
3.536359833000319123e-16
3.536359833000319123e-16
3.536359833000319123e-16
3.536359832968373215e-16
3.536359799556434336e-16
3.536359799556434336e-16
2.642042850673489025e-16
2.642042850673489025e-16
2.642042850673489025e-16
2.642007287770824830e-16
2.642007287770824830e-16
2.642007287770824830e-16
2.642007287770824830e-16
2.594526305929520082e-16
1.433339657326053901e-16
1.433324091372825486e-16
1.429587014174357734e-16
5.068956959912589838e-17
5.068956958640727889e-17
5.068956958640727889e-17
5.068956958640727889e-17
5.068956958640727889e-17
5.068956958640727889e-17
5.068956958640644689e-17
5.068956958640644689e-17
5.068956958640635445e-17
4.506479796877612289e-17
4.506479795374364494e-17
4.506479795374364494e-17
4.149543248963762084e-17
4.148703349255377191e-17
4.148698680213373525e-17
1.662259973075887611e-17
1.662259973075887611e-17
1.662259973075887611e-17
1.662259952891935951e-17
1.662259952891935951e-17
1.662259952891935951e-17
1.662259952891935951e-17
8.307448397348972044e-18
8.306178111030853248e-18
8.306178111030095202e-18
8.306178111030095202e-18
8.306178111030095202e-18
7.997194260016910528e-18
7.982048151301568766e-18
6.070270845669219523e-18
6.070270845669219523e-18
6.070270845669219523e-18
6.070267826633831700e-18
6.070267826633830930e-18
2.106453276103110010e-18
2.106453276096581493e-18
2.106453276096581493e-18
2.106453276096581493e-18
2.106453229784286077e-18
2.106453229771891562e-18
2.106453229771891562e-18
1.459736617036199614e-18
1.459736617036199614e-18
1.459736617036199614e-18
1.459707812529708203e-18
1.459707812529708203e-18
1.459707812529708203e-18
1.459707812529708203e-18
1.441410934791315548e-18
7.668124303310565889e-19
7.668083318540654245e-19
7.630442234845834324e-19
7.630442234845834324e-19
3.039628639689716701e-19
3.039628639189602769e-19
3.039628639189602769e-19
3.039628639189602769e-19
3.039628639189602769e-19
3.039628639189602769e-19
3.039628639189409694e-19
3.039628639189409694e-19
3.039628639189407769e-19
2.610331844862303116e-19
2.610331842891917893e-19
2.610331842891917893e-19
2.456661528572691739e-19
2.456390682932209747e-19
2.456386339887581447e-19
8.993931070971341634e-20
8.993931070971341634e-20
8.993931070971341634e-20
8.993931006356449778e-20
8.993931006356449778e-20
8.993931006356449778e-20
8.993931006356449778e-20
4.883042002184738236e-20
4.881494167852530178e-20
4.881494167852339391e-20
4.881494167852339391e-20
4.649514555903067196e-20
4.649514555903067196e-20
4.644800572005108803e-20
3.776017094120264783e-20
3.776017094120264783e-20
3.776017094120264783e-20
3.776015816666365990e-20
3.776015816666362981e-20
1.148414086899080962e-20
1.148414086891500020e-20
1.148414086891500020e-20
1.148414086891500020e-20
1.148414086891500020e-20
1.148414050366827087e-20
1.148414050366827087e-20
1.148414050366827087e-20
1.148414050366827087e-20
1.148414050366827087e-20
1.148414050366827087e-20
1.148414050366827087e-20
1.148414050366827087e-20
1.148414050366827087e-20
1.148414050366827087e-20
1.148414050366827087e-20
1.148414050366827087e-20
1.148414050366827087e-20
1.148414050366827087e-20
1.148414050366827087e-20
1.148414050366827087e-20
1.148414050366827087e-20
1.148414050366827087e-20
1.148414050366827087e-20
1.148414050366827087e-20
1.148414050366827087e-20
1.148414050366827087e-20
1.148414050366827087e-20
1.148414050366827087e-20
1.148414050366827087e-20
1.148414050366827087e-20
1.148414050366827087e-20
1.148414050366827087e-20
1.148414050366827087e-20
1.148414050366827087e-20
1.148414050366827087e-20
1.148414050366827087e-20
1.148414050366827087e-20
1.148414050366827087e-20
1.148414050366827087e-20
1.148414050366827087e-20
1.148414050366827087e-20
1.148414050366827087e-20
1.148414050366827087e-20
1.148414050366827087e-20
1.148414050366827087e-20
1.148414050366827087e-20
1.148414050366827087e-20
1.148414050366827087e-20
1.148414050366827087e-20
1.148414050366827087e-20
1.148414050366827087e-20
1.148414050366827087e-20
1.148414050366827087e-20
1.148414050366827087e-20
1.148414050366827087e-20
1.148414050366827087e-20
1.148414050366827087e-20
1.148414050366827087e-20
1.148414050366827087e-20
1.148414050366827087e-20
1.148414050366827087e-20
1.148414050366827087e-20
1.148414050366827087e-20
1.148414050366827087e-20
1.148414050366827087e-20
1.148414050366827087e-20
1.148414050366827087e-20
1.148414050366827087e-20
1.148414050366827087e-20
1.148414050366827087e-20
1.148414050366827087e-20
1.148414050366827087e-20
1.148414050366827087e-20
1.148414050366827087e-20
1.148414050366827087e-20
1.148414050366827087e-20
1.148414050366827087e-20
1.148414050366827087e-20
1.148414050366827087e-20
1.148414050366827087e-20
1.148414050366827087e-20
1.148414050366827087e-20
1.148414050366827087e-20
1.148414050366827087e-20
1.148414050366827087e-20
1.148414050366827087e-20
1.148414050366827087e-20
1.148414050366827087e-20
1.148414050366827087e-20
1.148414050366827087e-20
1.148414050366827087e-20
1.148414050366827087e-20
1.148414050366827087e-20
1.148414050366827087e-20
1.148414050366827087e-20
1.148414050366827087e-20
1.148414050366827087e-20
1.148414050366827087e-20
1.148414050366827087e-20
1.148414050366827087e-20
1.148414050366827087e-20
1.148414050366827087e-20
1.148414050366827087e-20
1.148414050366827087e-20
1.148414050366827087e-20
1.148414050366827087e-20
1.148414050366827087e-20
1.148414050366827087e-20
1.148414050366827087e-20
1.148414050366827087e-20
1.148414050366827087e-20
1.148414050366827087e-20
1.148414050366827087e-20
1.148414050366827087e-20
1.148414050366827087e-20
1.148414050366827087e-20
1.148414050366827087e-20
1.148414050366827087e-20
1.148414050366827087e-20
1.148414050366827087e-20
1.148414050366827087e-20
1.148414050366827087e-20
1.148414050366827087e-20
1.148414050366827087e-20
1.148414050366827087e-20
1.148414050366827087e-20
1.148414050366827087e-20
1.148414050366827087e-20
1.148414050366827087e-20
1.148414050366827087e-20
1.148414050366827087e-20
1.148414050366827087e-20
1.148414050366827087e-20
1.148414050366827087e-20
1.148414050366827087e-20
1.148414050366827087e-20
1.148414050366827087e-20
1.148414050366827087e-20
1.148414050366827087e-20
1.148414050366827087e-20
1.148414050366827087e-20
1.148414050366827087e-20
1.148414050366827087e-20
1.148414050366827087e-20
1.148414050366827087e-20
1.148414050366827087e-20
1.148414050366827087e-20
1.148414050366827087e-20
1.148414050366827087e-20
1.148414050366827087e-20
1.148414050366827087e-20
1.148414050366827087e-20
1.148414050366827087e-20
1.148414050366827087e-20
1.148414050366827087e-20
1.148414050366827087e-20
1.148414050366827087e-20
1.148414050366827087e-20
1.148414050366827087e-20
1.148414050366827087e-20
1.148414050366827087e-20
1.148414050366827087e-20
1.148414050366827087e-20
1.148414050366827087e-20
1.148414050366827087e-20
1.148414050366827087e-20
1.148414050366827087e-20
1.148414050366827087e-20
1.148414050366827087e-20
1.148414050366827087e-20
1.148414050366827087e-20
1.148414050366827087e-20
1.148414050366827087e-20
1.148414050366827087e-20
1.148414050366827087e-20
1.148414050366827087e-20
1.148414050366827087e-20
1.148414050366827087e-20
1.148414050366827087e-20
1.148414050366827087e-20
1.148414050366827087e-20
1.148414050366827087e-20
1.148414050366827087e-20
1.148414050366827087e-20
1.148414050366827087e-20
1.148414050366827087e-20
1.148414050366827087e-20
1.148414050366827087e-20
1.148414050366827087e-20
1.148414050366827087e-20
1.148414050366827087e-20
1.148414050366827087e-20
1.148414050366827087e-20
1.148414050366827087e-20
1.148414050366827087e-20
1.148414050366827087e-20
1.148414050366827087e-20
1.148414050366827087e-20
1.148414050366827087e-20
1.148414050366827087e-20
1.148414050366827087e-20
1.148414050366827087e-20
1.148414050366827087e-20
1.148414050366827087e-20
1.148414050366827087e-20
1.148414050366827087e-20
1.148414050366827087e-20
1.148414050366827087e-20
1.148414050366827087e-20
1.148414050366827087e-20
1.148414050366827087e-20
1.148414050366827087e-20
1.148414050366827087e-20
1.148414050366827087e-20
1.148414050366827087e-20
1.148414050366827087e-20
1.148414050366827087e-20
1.148414050366827087e-20
1.148414050366827087e-20
1.148414050366827087e-20
1.148414050366827087e-20
1.148414050366827087e-20
1.148414050366827087e-20
1.148414050366826936e-20
1.148414050366826184e-20
1.148414050366823325e-20
1.148414050366818059e-20
1.148414050366815351e-20
1.148414050366815351e-20
1.148414050366815351e-20
1.148414050366815351e-20
1.148414050366815351e-20
1.148414050366815351e-20
1.148414050366815351e-20
1.148414050366815351e-20
1.148414050366815351e-20
1.148414050366815351e-20
1.148414050366815351e-20
1.148414050366815351e-20
1.148414050366815351e-20
1.148414050366815351e-20
1.148414050366815351e-20
1.148414050366815351e-20
1.148414050366815351e-20
1.148414050366815351e-20
1.148414050366815351e-20
1.148414050366815351e-20
1.148414050366815351e-20
1.148414050366815351e-20
1.148414050366815351e-20
1.148414050366815351e-20
1.148414050366815351e-20
1.148414050366815351e-20
1.148414050366815351e-20
1.148414050366815050e-20
1.148414050366809934e-20
1.148414050366772770e-20
1.148414050366524806e-20
1.148414050365199375e-20
1.148414050359375544e-20
1.148414050340132494e-20
1.148414050305214331e-20
1.148414050288518324e-20
1.148414050288000429e-20
1.148414050288000128e-20
1.148414050288000128e-20
1.148414050288000128e-20
1.148414050288000128e-20
1.148414050288000128e-20
1.148414050288000128e-20
1.148414050288000128e-20
1.148414050288000128e-20
1.148414050288000128e-20
1.148414050288000128e-20
1.148414050288000128e-20
1.148414050288000128e-20
1.148414050288000128e-20
1.148414050288000128e-20
1.148414050288000128e-20
1.148414050288000128e-20
1.148414050288000128e-20
1.148414050288000128e-20
1.148414050288000128e-20
1.148414050288000128e-20
1.148414050288000128e-20
1.148414050288000128e-20
1.148414050288000128e-20
1.148414050288000128e-20
1.148414050288000128e-20
1.148414050287999075e-20
1.148414050287981922e-20
1.148414050287769468e-20
1.148414050285361003e-20
1.148414050263769071e-20
1.148414050100662365e-20
1.148414049021426595e-20
1.148414043247367348e-20
1.148414017880505600e-20
1.148413934062298074e-20
1.148413781968227049e-20
1.148413709243682797e-20
1.148413706987462789e-20
1.148413706986980554e-20
1.148413706986980554e-20
1.148413706986980554e-20
1.148413706986980554e-20
1.148413706986980554e-20
1.148413706986980554e-20
1.148413706986980554e-20
1.148413706986980554e-20
1.148413706986980554e-20
1.148413706986980554e-20
1.148413706986980554e-20
1.148413706986980554e-20
1.148413706986980554e-20
1.148413706986980554e-20
1.148413706986980554e-20
1.148413706986980554e-20
1.148413706986980554e-20
1.148413706986980554e-20
1.148413706986980554e-20
1.148413706986980554e-20
1.148413706986980554e-20
1.148413706986980554e-20
1.148413706986980554e-20
1.148413706986980102e-20
1.148413706986972128e-20
1.148413706986807070e-20
1.148413706983560524e-20
1.148413706934954415e-20
1.148413706329248996e-20
1.148413699464764176e-20
1.148413637922246369e-20
1.148413173024946162e-20
1.148410096926963148e-20
1.148393639663578410e-20
1.148321344442821301e-20
1.148082528351310717e-20
1.147649433122218091e-20
1.147442461874085641e-20
1.147436041952499080e-20
1.147436040580467791e-20
1.147436040580467791e-20
1.147436040580467791e-20
1.147436040580467791e-20
1.147436040580467791e-20
1.147436040580467791e-20
1.147436040580467791e-20
1.147436040580467791e-20
1.147436040580467791e-20
1.147436040580467791e-20
1.147436040580467791e-20
1.147436040580467791e-20
1.147436040580467791e-20
1.147436040580467791e-20
1.147436040580467791e-20
1.147436040580467791e-20
1.147436040580467791e-20
1.147436040580467791e-20
1.147436040580467791e-20
1.147436040580467791e-20
1.147436040580467791e-20
1.147436040580467791e-20
1.147436040580467190e-20
1.147436040580450187e-20
1.147436040579848635e-20
1.147436040564721960e-20
1.147436040255420319e-20
1.147436034168887215e-20
1.147435943044059131e-20
1.147434807489590683e-20
1.147421938359542230e-20
1.147306574974779446e-20
1.146435858895895355e-20
1.140707688473435010e-20
1.111008246258390151e-20
9.969721164837162198e-21
7.444791020372502279e-21
5.100716015168207495e-21
4.433275556962743360e-21
4.415351055420941441e-21
4.415347240162846455e-21
4.415347240162841189e-21
4.415347240162841189e-21
4.415347240162841189e-21
4.415347240162841189e-21
4.415347240162841189e-21
4.415347240162841189e-21
4.415347240162841189e-21
4.415347240162841189e-21
4.415347240162841189e-21
4.415347240162841189e-21
4.415347240162841189e-21
4.415347240162841189e-21
4.415347240162841189e-21
4.415347240162841189e-21
4.415347240162841189e-21
4.415347240162841189e-21
4.415347240162841189e-21
4.415347240162841189e-21
4.415347240162841189e-21
4.415347240162841189e-21
4.415347240162839684e-21
4.415347240162817867e-21
4.415347240161860920e-21
4.415347240130041699e-21
4.415347239020677463e-21
4.415347211123008953e-21
4.415346640685394485e-21
4.415335415474237848e-21
4.415167363482343038e-21
4.413074249347884802e-21
4.389490849870679979e-21
4.188802397312550967e-21
3.113484440883620678e-21
1.153739978141903848e-21
2.641601668219307193e-22
6.020924299771605640e-23
1.695502541407564137e-23
7.360278291182594281e-24
5.792825856924406733e-24
5.754804190210543327e-24
5.754796117724233338e-24
5.754796117724220114e-24
5.754796117724220114e-24
5.754796117724220114e-24
5.754796117724220114e-24
5.754796117724220114e-24
5.754796117724220114e-24
5.754796117724220114e-24
5.754796117724220114e-24
5.754796117724220114e-24
5.754796117724220114e-24
5.754796117724220114e-24
5.754796117724220114e-24
5.754796117724220114e-24
5.754796117724220114e-24
5.754796117724220114e-24
5.754796117724220114e-24
5.754796117724220114e-24
5.754796117724220114e-24
5.754796117724220114e-24
5.754796117724220114e-24
5.754796117724218644e-24
5.754796117724187788e-24
5.754796117722836704e-24
5.754796117677899759e-24
5.754796116111219255e-24
5.754796076713220554e-24
5.754795271122596713e-24
5.754779418516443296e-24
5.754542090864608890e-24
5.751586263872671509e-24
5.718298731692128743e-24
5.436227421295435484e-24
3.960455665134420439e-24
1.416346859232932819e-24
3.192264835192667140e-25
7.250097698397026095e-26
2.040097540579158122e-26
8.854702063494193113e-27
6.968804863086505674e-27
6.923059969614537550e-27
6.923050257394822207e-27
6.923050257394806423e-27
6.923050257394806423e-27
6.923050257394806423e-27
6.923050257394806423e-27
6.923050257394806423e-27
6.923050257394806423e-27
6.923050257394806423e-27
6.923050257394806423e-27
6.923050257394806423e-27
6.923050257394806423e-27
6.923050257394806423e-27
6.923050257394806423e-27
6.923050257394806423e-27
6.923050257394806423e-27
6.923050257394806423e-27
6.923050257394806423e-27
6.923050257394806423e-27
6.923050257394806423e-27
6.923050257394806423e-27
6.923050257394806423e-27
6.923050257394782029e-27
6.923050257393690048e-27
6.923050257357382023e-27
6.923050256091571767e-27
6.923050224259669753e-27
6.923049573376800379e-27
6.923036765134885179e-27
6.922845011560422844e-27
6.920456357391227914e-27
6.893500385662540368e-27
6.660894783973394604e-27
5.307927464272593087e-27
2.264474341317449705e-27
5.567026909452972922e-28
1.290694655429996207e-28
3.647921416242030280e-29
1.584871344437887530e-29
1.247521115329011120e-29
1.239336903862083433e-29
1.239335166243679232e-29
1.239335166243676570e-29
1.239335166243676570e-29
1.239335166243676570e-29
1.239335166243676570e-29
1.239335166243676570e-29
1.239335166243676570e-29
1.239335166243676570e-29
1.239335166243676570e-29
1.239335166243676570e-29
1.239335166243676570e-29
1.239335166243676570e-29
1.239335166243676570e-29
1.239335166243676570e-29
1.239335166243676570e-29
1.239335166243676570e-29
1.239335166243676570e-29
1.239335166243676570e-29
1.239335166243676570e-29
1.239335166243676570e-29
1.239335166243673347e-29
1.239335166243541344e-29
1.239335166239153458e-29
1.239335166086172023e-29
1.239335162239083793e-29
1.239335083575733084e-29
1.239333535616940304e-29
1.239310360736029976e-29
1.239021638712456528e-29
1.235758916459058308e-29
1.207257370505422215e-29
1.028129048965426625e-29
5.187938501962094994e-30
1.421174744818189481e-30
3.392012980542297433e-31
9.648473739710701045e-32
4.197868452669519849e-32
3.305098879343083990e-32
3.283434840696217044e-32
3.283430241102666758e-32
3.283430241102659094e-32
3.283430241102659094e-32
3.283430241102659094e-32
3.283430241102659094e-32
3.283430241102659094e-32
3.283430241102659094e-32
3.283430241102659094e-32
3.283430241102659094e-32
3.283430241102659094e-32
3.283430241102659094e-32
3.283430241102659094e-32
3.283430241102659094e-32
3.283430241102659094e-32
3.283430241102659094e-32
3.283430241102659094e-32
3.283430241102659094e-32
3.283430241102659094e-32
3.283430241102659094e-32
3.283430241102659094e-32
3.283430241102653621e-32
3.283430241102416604e-32
3.283430241094525542e-32
3.283430240819419453e-32
3.283430233901199629e-32
3.283430092440875043e-32
3.283427308744997267e-32
3.283385633065922945e-32
3.282866378651253700e-32
3.276993103444100911e-32
3.225261092537880265e-32
2.881621828378627076e-32
1.690111615539365102e-32
5.261528854018259131e-33
1.307025858846230002e-33
3.752125079539180658e-34
1.635871004202802818e-34
1.288405383582053951e-34
1.279970806443873393e-34
1.279969015644482745e-34
1.279969015644479752e-34
1.279969015644479752e-34
1.279969015644479752e-34
1.279969015644479752e-34
1.279969015644479752e-34
1.279969015644479752e-34
1.279969015644479752e-34
1.279969015644479752e-34
1.279969015644479752e-34
1.279969015644479752e-34
1.279969015644479752e-34
1.279969015644479752e-34
1.279969015644479752e-34
1.279969015644479752e-34
1.279969015644479752e-34
1.279969015644479752e-34
1.279969015644479752e-34
1.279969015644479752e-34
1.279969015644478255e-34
1.279969015644414964e-34
1.279969015642316523e-34
1.279969015569152048e-34
1.279969013729253109e-34
1.279968976107914184e-34
1.279968235784459448e-34
1.279957152096864196e-34
1.279819048380307950e-34
1.278255993264298717e-34
1.264411360211885896e-34
1.168784475409798921e-34
7.789706766322081948e-35
2.797643883219052422e-35
7.332450424646355030e-36
2.132629956976306289e-36
9.325800125307366713e-37
7.348576306444549999e-37
7.300555867753508147e-37
7.300545672103120563e-37
7.300545672103104693e-37
7.300545672103104693e-37
7.300545672103104693e-37
7.300545672103104693e-37
7.300545672103104693e-37
7.300545672103104693e-37
7.300545672103104693e-37
7.300545672103104693e-37
7.300545672103104693e-37
7.300545672103104693e-37
7.300545672103104693e-37
7.300545672103104693e-37
7.300545672103104693e-37
7.300545672103104693e-37
7.300545672103104693e-37
7.300545672103104693e-37
7.300545672103104693e-37
7.300545672103104693e-37
7.300545672103098011e-37
7.300545672102853286e-37
7.300545672094647899e-37
7.300545671808604443e-37
7.300545664615362710e-37
7.300545517531508703e-37
7.300542623172863709e-37
7.300499290410656258e-37
7.299959340608682842e-37
7.293845643603367722e-37
7.239488243666211798e-37
6.853649395214149223e-37
5.066835351026487035e-37
2.115736112546843270e-37
5.945120198255839530e-38
1.761118237345864341e-38
7.734236319458237995e-39
6.098759228041997652e-39
6.059009957988676942e-39
6.059001518319398236e-39
6.059001518319383881e-39
6.059001518319383881e-39
6.059001518319383881e-39
6.059001518319383881e-39
6.059001518319383881e-39
6.059001518319383881e-39
6.059001518319383881e-39
6.059001518319383881e-39
6.059001518319383881e-39
6.059001518319383881e-39
6.059001518319383881e-39
6.059001518319383881e-39
6.059001518319383881e-39
6.059001518319383881e-39
6.059001518319383881e-39
6.059001518319383881e-39
6.059001518319383881e-39
6.059001518319381270e-39
6.059001518319240324e-39
6.059001518314552545e-39
6.059001518151128905e-39
6.059001514041446474e-39
6.059001430008708651e-39
6.058999776387967564e-39
6.058975019229466102e-39
6.058666523879590645e-39
6.055172527088594054e-39
6.024026713530450070e-39
5.798713445103671646e-39
4.648332786895691344e-39
2.254951287611187308e-39
6.912703082808494614e-40
2.100293287482015734e-40
9.279995218260879431e-41
7.325045302260372858e-41
7.277482273352189981e-41
7.277472174397125890e-41
7.277472174397109576e-41
7.277472174397109576e-41
7.277472174397109576e-41
7.277472174397109576e-41
7.277472174397109576e-41
7.277472174397109576e-41
7.277472174397109576e-41
7.277472174397109576e-41
7.277472174397109576e-41
7.277472174397109576e-41
7.277472174397109576e-41
7.277472174397109576e-41
7.277472174397109576e-41
7.277472174397109576e-41
7.277472174397109576e-41
7.277472174397109576e-41
7.277472174397109576e-41
7.277472174397107537e-41
7.277472174396990286e-41
7.277472174393099573e-41
7.277472174257463982e-41
7.277472170846588438e-41
7.277472101102702795e-41
7.277470728662032185e-41
7.277450181159122922e-41
7.277194137363505550e-41
7.274293640744560623e-41
7.248392586117744994e-41
7.058537043692848720e-41
6.015913279386325265e-41
3.360330796860971494e-41
1.143244006196716124e-41
3.595017062650576278e-42
1.602082100135948118e-42
1.266397740504106447e-42
1.258218689158057120e-42
1.258216952457124340e-42
1.258216952457121313e-42
1.258216952457121313e-42
1.258216952457121313e-42
1.258216952457121313e-42
1.258216952457121313e-42
1.258216952457121313e-42
1.258216952457121313e-42
1.258216952457121313e-42
1.258216952457121313e-42
1.258216952457121313e-42
1.258216952457121313e-42
1.258216952457121313e-42
1.258216952457121313e-42
1.258216952457121313e-42
1.258216952457121313e-42
1.258216952457121313e-42
1.258216952457121154e-42
1.258216952457107135e-42
1.258216952456640837e-42
1.258216952440385883e-42
1.258216952031613314e-42
1.258216943673239304e-42
1.258216779194688928e-42
1.258214316700909536e-42
1.258183631044871952e-42
1.257835973770306437e-42
1.254727665370222799e-42
1.231734479423753034e-42
1.098533487786411229e-42
6.959046135139842643e-43
2.666107024111419822e-43
8.774879699302948539e-44
3.957378317063725637e-44
3.134526800472557385e-44
3.114436159112302976e-44
3.114431892950240231e-44
3.114431892950233261e-44
3.114431892950233261e-44
3.114431892950233261e-44
3.114431892950233261e-44
3.114431892950233261e-44
3.114431892950233261e-44
3.114431892950233261e-44
3.114431892950233261e-44
3.114431892950233261e-44
3.114431892950233261e-44
3.114431892950233261e-44
3.114431892950233261e-44
3.114431892950233261e-44
3.114431892950233261e-44
3.114431892950233261e-44
3.114431892950232763e-44
3.114431892950208867e-44
3.114431892949406845e-44
3.114431892921452562e-44
3.114431892218458938e-44
3.114431877843991121e-44
3.114431594978957448e-44
3.114427360056974542e-44
3.114374587373703667e-44
3.113776637268712353e-44
3.108426043539215805e-44
3.068593698852863597e-44
2.828746911801072312e-44
1.994637072076002200e-44
8.689592660510840456e-45
3.033275545615724517e-45
1.390671497375180294e-45
1.104641705252358217e-45
1.097637704279253319e-45
1.097636216906272737e-45
1.097636216906270404e-45
1.097636216906270404e-45
1.097636216906270404e-45
1.097636216906270404e-45
1.097636216906270404e-45
1.097636216906270404e-45
1.097636216906270404e-45
1.097636216906270404e-45
1.097636216906270404e-45
1.097636216906270404e-45
1.097636216906270404e-45
1.097636216906270404e-45
1.097636216906270404e-45
1.097636216906270404e-45
1.097636216906270404e-45
1.097636216906270092e-45
1.097636216906264181e-45
1.097636216906067533e-45
1.097636216899214127e-45
1.097636216726862118e-45
1.097636213202700424e-45
1.097636143853196939e-45
1.097635105584656524e-45
1.097622167324562099e-45
1.097475558785599952e-45
1.096162909105881164e-45
1.086347582751990835e-45
1.025583737770740111e-45
7.893629871557661077e-46
3.923493657155494569e-46
1.473954481438506302e-46
6.910617217203545912e-47
5.510979056045820133e-47
5.476567221665059125e-47
5.476559913243259809e-47
5.476559913243247169e-47
5.476559913243247169e-47
5.476559913243247169e-47
5.476559913243247169e-47
5.476559913243247169e-47
5.476559913243247169e-47
5.476559913243247169e-47
5.476559913243247169e-47
5.476559913243247169e-47
5.476559913243247169e-47
5.476559913243247169e-47
5.476559913243247169e-47
5.476559913243247169e-47
5.476559913243247169e-47
5.476559913243247169e-47
5.476559913243227722e-47
5.476559913242545135e-47
5.476559913218762521e-47
5.476559912620681163e-47
5.476559900391392395e-47
5.476559659739814107e-47
5.476556056815091217e-47
5.476511159222517988e-47
5.476002384336542525e-47
5.471445257829473105e-47
5.437263859344101467e-47
5.221428982335159988e-47
4.306772549306623060e-47
2.433781415421587012e-47
9.986810658649842970e-48
4.824598316330420755e-48
3.868468391166971152e-48
3.844829164660873462e-48
3.844824143462406257e-48
3.844824143462398964e-48
3.844824143462398964e-48
3.844824143462398964e-48
3.844824143462398964e-48
3.844824143462398964e-48
3.844824143462398964e-48
3.844824143462398964e-48
3.844824143462398964e-48
3.844824143462398964e-48
3.844824143462398964e-48
3.844824143462398964e-48
3.844824143462398964e-48
3.844824143462398964e-48
3.844824143462398964e-48
3.844824143462398964e-48
3.844824143462388633e-48
3.844824143462056212e-48
3.844824143450468885e-48
3.844824143159071941e-48
3.844824137200725635e-48
3.844824019950618887e-48
3.844822264535583330e-48
3.844800389495520482e-48
3.844552496129838739e-48
3.842331472023076819e-48
3.825636215015949988e-48
3.718721755388276389e-48
3.235022980795518436e-48
2.058642568022047762e-48
9.350875330951044789e-49
4.698113025987996525e-49
3.795172862704559223e-49
3.772677878114277577e-49
3.772673099081480305e-49
3.772673099081471948e-49
3.772673099081471948e-49
3.772673099081471948e-49
3.772673099081471948e-49
3.772673099081471948e-49
3.772673099081471948e-49
3.772673099081471948e-49
3.772673099081471948e-49
3.772673099081471948e-49
3.772673099081471948e-49
3.772673099081471948e-49
3.772673099081471948e-49
3.772673099081471948e-49
3.772673099081471948e-49
3.772673099081465871e-49
3.772673099081240257e-49
3.772673099073387042e-49
3.772673098875917975e-49
3.772673094838163281e-49
3.772673015382039524e-49
3.772671825801069486e-49
3.772657001853278536e-49
3.772489009562970773e-49
3.770983567638213045e-49
3.759650032231929998e-49
3.686342114555007513e-49
3.338109906633776982e-49
2.359071170597558598e-49
1.198042238435488328e-49
6.328633376506069687e-50
5.163825764072294986e-50
5.134507146430562859e-50
5.134500916160922873e-50
5.134500916160913377e-50
5.134500916160913377e-50
5.134500916160913377e-50
5.134500916160913377e-50
5.134500916160913377e-50
5.134500916160913377e-50
5.134500916160913377e-50
5.134500916160913377e-50
5.134500916160913377e-50
5.134500916160913377e-50
5.134500916160913377e-50
5.134500916160913377e-50
5.134500916160913377e-50
5.134500916160913377e-50
5.134500916160913377e-50
5.134500916160906730e-50
5.134500916160696878e-50
5.134500916153379594e-50
5.134500915969373532e-50
5.134500912206901994e-50
5.134500838167890247e-50
5.134499729689340873e-50
5.134485916379802625e-50
5.134329374748846719e-50
5.132926350238942193e-50
5.122352504843319951e-50
5.053471069724574680e-50
4.714302927751668581e-50
3.640791617530872525e-50
2.077578378443456037e-50
1.167765539414319467e-50
9.655793746176262538e-51
9.604204681941810927e-51
9.604193715461109084e-51
9.604193715461091280e-51
9.604193715461091280e-51
9.604193715461091280e-51
9.604193715461091280e-51
9.604193715461091280e-51
9.604193715461091280e-51
9.604193715461091280e-51
9.604193715461091280e-51
9.604193715461091280e-51
9.604193715461091280e-51
9.604193715461091280e-51
9.604193715461091280e-51
9.604193715461091280e-51
9.604193715461091280e-51
9.604193715461082972e-51
9.604193715460818283e-51
9.604193715451577908e-51
9.604193715219201188e-51
9.604193710467693865e-51
9.604193616966130857e-51
9.604192217102972300e-51
9.604174772686593946e-51
9.603977078801814340e-51
9.602205047070085653e-51
9.588840063887637182e-51
9.501336324603307148e-51
9.059045606918745884e-51
7.520955772764279881e-51
4.818004861992655838e-51
2.916225232888404973e-51
2.453208911219888398e-51
2.441184156019657771e-51
2.441181598738401277e-51
2.441181598738397122e-51
2.441181598738397122e-51
2.441181598738397122e-51
2.441181598738397122e-51
2.441181598738397122e-51
2.441181598738397122e-51
2.441181598738397122e-51
2.441181598738397122e-51
2.441181598738397122e-51
2.441181598738397122e-51
2.441181598738397122e-51
2.441181598738397122e-51
2.441181598738397122e-51
2.441181598738397122e-51
2.441181598738396232e-51
2.441181598738351425e-51
2.441181598736800087e-51
2.441181598697780425e-51
2.441181597899931962e-51
2.441181582199627313e-51
2.441181347141748963e-51
2.441178417962416416e-51
2.441145221939610241e-51
2.440847648241020135e-51
2.438602092545910209e-51
2.423847307198852039e-51
2.347845094707037578e-51
2.063577534449538720e-51
1.473916517604535717e-51
9.706345454345351436e-52
8.344015245953340196e-52
8.307839689968039088e-52
8.307831992205168775e-52
8.307831992205155422e-52
8.307831992205155422e-52
8.307831992205155422e-52
8.307831992205155422e-52
8.307831992205155422e-52
8.307831992205155422e-52
8.307831992205155422e-52
8.307831992205155422e-52
8.307831992205155422e-52
8.307831992205155422e-52
8.307831992205155422e-52
8.307831992205155422e-52
8.307831992205155422e-52
8.307831992205155422e-52
8.307831992205152454e-52
8.307831992205054531e-52
8.307831992201680637e-52
8.307831992116808066e-52
8.307831990381343209e-52
8.307831956230366155e-52
8.307831444937314645e-52
8.307825073443821696e-52
8.307752865719846782e-52
8.307105554135850818e-52
8.302218963532994716e-52
8.270029941040681377e-52
8.101968153478795648e-52
7.437920899084015726e-52
5.852853378352454564e-52
4.220716987639999031e-52
3.724143004046222205e-52
3.710599150935970066e-52
3.710596266929126138e-52
3.710596266929121687e-52
3.710596266929121687e-52
3.710596266929121687e-52
3.710596266929121687e-52
3.710596266929121687e-52
3.710596266929121687e-52
3.710596266929121687e-52
3.710596266929121687e-52
3.710596266929121687e-52
3.710596266929121687e-52
3.710596266929121687e-52
3.710596266929121687e-52
3.710596266929121687e-52
3.710596266929120203e-52
3.710596266929094238e-52
3.710596266928177323e-52
3.710596266905120155e-52
3.710596266433665217e-52
3.710596257156230692e-52
3.710596118258668088e-52
3.710594387382025930e-52
3.710574771396211523e-52
3.710398916446115619e-52
3.709071031269807011e-52
3.700308645919899819e-52
3.654123191135393785e-52
3.464167756853022801e-52
2.956361802420944836e-52
2.335208791163455258e-52
2.122022262435505619e-52
2.116029098727951939e-52
2.116027821512170130e-52
2.116027821512168276e-52
2.116027821512168276e-52
2.116027821512168276e-52
2.116027821512168276e-52
2.116027821512168276e-52
2.116027821512168276e-52
2.116027821512168276e-52
2.116027821512168276e-52
2.116027821512168276e-52
2.116027821512168276e-52
2.116027821512168276e-52
2.116027821512168276e-52
2.116027821512168276e-52
2.116027821512167534e-52
2.116027821512159374e-52
2.116027821511864121e-52
2.116027821504435323e-52
2.116027821352541847e-52
2.116027818363530370e-52
2.116027773613398818e-52
2.116027215958005593e-52
2.116020896046240797e-52
2.115964237500040437e-52
2.115536331944539601e-52
2.112709344792287007e-52
2.097712011152091686e-52
2.034271206137165234e-52
1.849455693718299386e-52
1.587712479483501135e-52
1.487080766392014853e-52
1.484162365922093020e-52
1.484161743437996809e-52
1.484161743437995696e-52
1.484161743437995696e-52
1.484161743437995696e-52
1.484161743437995696e-52
1.484161743437995696e-52
1.484161743437995696e-52
1.484161743437995696e-52
1.484161743437995696e-52
1.484161743437995696e-52
1.484161743437995696e-52
1.484161743437995696e-52
1.484161743437995696e-52
1.484161743437995696e-52
1.484161743437992914e-52
1.484161743437887758e-52
1.484161743435245505e-52
1.484161743381215910e-52
1.484161742318007019e-52
1.484161726400122228e-52
1.484161528038796777e-52
1.484159280005158274e-52
1.484139125896858162e-52
1.483986897699510294e-52
1.482980428730206031e-52
1.477618789725909654e-52
1.454515907773345745e-52
1.383063394419589770e-52
1.269867315386970660e-52
1.222043441654600534e-52
1.220617287778634294e-52
1.220616983342745887e-52
1.220616983342745331e-52
1.220616983342745331e-52
1.220616983342745331e-52
1.220616983342745331e-52
1.220616983342745331e-52
1.220616983342745331e-52
1.220616983342745331e-52
1.220616983342745331e-52
1.220616983342745331e-52
1.220616983342745331e-52
1.220616983342745331e-52
1.220616983342745331e-52
1.220616983342745331e-52
1.220616983342744218e-52
1.220616983342706570e-52
1.220616983341760537e-52
1.220616983322414987e-52
1.220616982941728959e-52
1.220616977242269613e-52
1.220616906218232413e-52
1.220616101300371561e-52
1.220608884975973485e-52
1.220554374992883065e-52
1.220193818914966226e-52
1.218268407629508509e-52
1.209881093367111881e-52
1.182970364090605550e-52
1.137077328833435073e-52
1.116368792033050109e-52
1.115738383255612373e-52
1.115738248603372151e-52
1.115738248603371965e-52
1.115738248603371965e-52
1.115738248603371965e-52
1.115738248603371965e-52
1.115738248603371965e-52
1.115738248603371965e-52
1.115738248603371965e-52
1.115738248603371965e-52
1.115738248603371965e-52
1.115738248603371965e-52
1.115738248603371965e-52
1.115738248603371965e-52
1.115738248603371965e-52
1.115738248603371409e-52
1.115738248603359354e-52
1.115738248603051861e-52
1.115738248596768651e-52
1.115738248473123191e-52
1.115738246621955212e-52
1.115738223553553865e-52
1.115737962118445999e-52
1.115735618266193798e-52
1.115717912921350086e-52
1.115600775305728506e-52
1.114974490685357463e-52
1.112231378205330583e-52
1.103262682648765150e-52
1.087352379586265279e-52
1.079905844759145465e-52
1.079676452895542472e-52
1.079676403881285459e-52
1.079676403881285088e-52
1.079676403881285088e-52
1.079676403881285088e-52
1.079676403881285088e-52
1.079676403881285088e-52
1.079676403881285088e-52
1.079676403881285088e-52
1.079676403881285088e-52
1.079676403881285088e-52
1.079676403881285088e-52
1.079676403881285088e-52
1.079676403881285088e-52
1.079676403881285088e-52
1.079676403881281935e-52
1.079676403881199405e-52
1.079676403879515055e-52
1.079676403846367178e-52
1.079676403350089860e-52
1.079676397165713012e-52
1.079676327077912456e-52
1.079675698716526614e-52
1.079670952043802631e-52
1.079639545566548851e-52
1.079471547667535066e-52
1.078734110518495215e-52
1.076304589431362717e-52
1.071923882374229758e-52
1.069841802466357388e-52
1.069777336974072767e-52
1.069777323197606530e-52
1.069777323197606530e-52
1.069777323197606530e-52
1.069777323197606530e-52
1.069777323197606530e-52
1.069777323197606530e-52
1.069777323197606530e-52
1.069777323197606530e-52
1.069777323197606530e-52
1.069777323197606530e-52
1.069777323197606530e-52
1.069777323197606530e-52
1.069777323197606530e-52
1.069777323197606530e-52
1.069777323197605789e-52
1.069777323197588726e-52
1.069777323197238948e-52
1.069777323190357443e-52
1.069777323087331461e-52
1.069777321803466903e-52
1.069777307253376362e-52
1.069777176806712708e-52
1.069776191402340512e-52
1.069769671277403314e-52
1.069734789070716279e-52
1.069581569897627070e-52
1.069075608848642856e-52
1.068158727853382989e-52
1.067720872068438567e-52
1.067707293688013726e-52
1.067707290786135767e-52
1.067707290786135767e-52
1.067707290786135767e-52
1.067707290786135767e-52
1.067707290786135767e-52
1.067707290786135767e-52
1.067707290786135767e-52
1.067707290786135767e-52
1.067707290786135767e-52
1.067707290786135767e-52
1.067707290786135767e-52
1.067707290786135767e-52
1.067707290786135767e-52
1.067707290786135767e-52
1.067707290786132986e-52
1.067707290786078460e-52
1.067707290785004830e-52
1.067707290768931727e-52
1.067707290568636450e-52
1.067707288298679623e-52
1.067707267947719854e-52
1.067707114214831908e-52
1.067706097004437593e-52
1.067700654823162110e-52
1.067676746638669654e-52
1.067597755857193080e-52
1.067454451306106839e-52
1.067385943096225792e-52
1.067383817825082551e-52
1.067383817370879502e-52
1.067383817370879502e-52
1.067383817370879502e-52
1.067383817370879502e-52
1.067383817370879502e-52
1.067383817370879502e-52
1.067383817370879502e-52
1.067383817370879502e-52
1.067383817370879502e-52
1.067383817370879502e-52
1.067383817370879502e-52
1.067383817370879502e-52
1.067383817370879502e-52
1.067383817370879502e-52
1.067383817370879131e-52
1.067383817370872640e-52
1.067383817370748010e-52
1.067383817368879683e-52
1.067383817345597552e-52
1.067383817081741133e-52
1.067383814716175437e-52
1.067383796846488566e-52
1.067383678607320130e-52
1.067383046012104139e-52
1.067380266874513845e-52
1.067371084038047902e-52
1.067354421531300908e-52
1.067346454452247235e-52
1.067346207281968032e-52
1.067346207229143744e-52
1.067346207229143744e-52
1.067346207229143744e-52
1.067346207229143744e-52
1.067346207229143744e-52
1.067346207229143744e-52
1.067346207229143744e-52
1.067346207229143744e-52
1.067346207229143744e-52
1.067346207229143744e-52
1.067346207229143744e-52
1.067346207229143744e-52
1.067346207229143744e-52
1.067346207229143744e-52
1.067346207229143373e-52
1.067346207229132431e-52
1.067346207228970710e-52
1.067346207226954571e-52
1.067346207204105675e-52
1.067346206999257347e-52
1.067346205451815859e-52
1.067346195212787629e-52
1.067346140432594877e-52
1.067345899769792569e-52
1.067345104562751558e-52
1.067343661606014466e-52
1.067342971650242867e-52
1.067342950244937540e-52
1.067342950240362791e-52
1.067342950240362791e-52
1.067342950240362791e-52
1.067342950240362791e-52
1.067342950240362791e-52
1.067342950240362791e-52
1.067342950240362791e-52
1.067342950240362791e-52
1.067342950240362791e-52
1.067342950240362791e-52
1.067342950240362791e-52
1.067342950240362791e-52
1.067342950240362791e-52
1.067342950240362791e-52
1.067342950240362049e-52
1.067342950240351663e-52
1.067342950240221285e-52
1.067342950238744279e-52
1.067342950225501486e-52
1.067342950125465123e-52
1.067342949463549496e-52
1.067342945922211445e-52
1.067342930364241313e-52
1.067342878956967140e-52
1.067342785674822852e-52
1.067342741071493890e-52
1.067342739687711850e-52
1.067342739687416041e-52
1.067342739687416041e-52
1.067342739687416041e-52
1.067342739687416041e-52
1.067342739687416041e-52
1.067342739687416041e-52
1.067342739687416041e-52
1.067342739687416041e-52
1.067342739687416041e-52
1.067342739687416041e-52
1.067342739687416041e-52
1.067342739687416041e-52
1.067342739687416041e-52
1.067342739687416041e-52
1.067342739687416041e-52
1.067342739687415484e-52
1.067342739687409179e-52
1.067342739687337776e-52
1.067342739686697197e-52
1.067342739681857610e-52
1.067342739649836219e-52
1.067342739478517260e-52
1.067342738725870370e-52
1.067342736238944456e-52
1.067342731726240611e-52
1.067342729568468167e-52
1.067342729501524971e-52
1.067342729501510505e-52
1.067342729501510505e-52
1.067342729501510505e-52
1.067342729501510505e-52
1.067342729501510505e-52
1.067342729501510505e-52
1.067342729501510505e-52
1.067342729501510505e-52
1.067342729501510505e-52
1.067342729501510505e-52
1.067342729501510505e-52
1.067342729501510505e-52
1.067342729501510505e-52
1.067342729501510505e-52
1.067342729501510505e-52
1.067342729501510505e-52
1.067342729501510320e-52
1.067342729501507723e-52
1.067342729501484541e-52
1.067342729501308910e-52
1.067342729500146815e-52
1.067342729493930000e-52
1.067342729466617075e-52
1.067342729376369122e-52
1.067342729212608042e-52
1.067342729134304660e-52
1.067342729131875130e-52
1.067342729131874759e-52
1.067342729131874759e-52
1.067342729131874759e-52
1.067342729131874759e-52
1.067342729131874759e-52
1.067342729131874759e-52
1.067342729131874759e-52
1.067342729131874759e-52
1.067342729131874759e-52
1.067342729131874759e-52
1.067342729131874759e-52
1.067342729131874759e-52
1.067342729131874759e-52
1.067342729131874759e-52
1.067342729131874759e-52
1.067342729131874759e-52
1.067342729131874759e-52
1.067342729131874017e-52
1.067342729131869195e-52
1.067342729131837481e-52
1.067342729131667785e-52
1.067342729130922791e-52
1.067342729128460249e-52
1.067342729123991954e-52
1.067342729121855451e-52
1.067342729121789242e-52
1.067342729121789242e-52
1.067342729121789242e-52
1.067342729121789242e-52
1.067342729121789242e-52
1.067342729121789242e-52
1.067342729121789242e-52
1.067342729121789242e-52
1.067342729121789242e-52
1.067342729121789242e-52
1.067342729121789242e-52
1.067342729121789242e-52
1.067342729121789242e-52
1.067342729121789242e-52
1.067342729121789242e-52
1.067342729121789242e-52
1.067342729121789242e-52
1.067342729121789242e-52
1.067342729121789242e-52
1.067342729121789056e-52
1.067342729121788315e-52
1.067342729121784976e-52
1.067342729121769583e-52
1.067342729121719138e-52
1.067342729121627150e-52
1.067342729121583381e-52
1.067342729121581897e-52
1.067342729121581897e-52
1.067342729121581897e-52
1.067342729121581897e-52
1.067342729121581897e-52
1.067342729121581897e-52
1.067342729121581897e-52
1.067342729121581897e-52
1.067342729121581897e-52
1.067342729121581897e-52
1.067342729121581897e-52
1.067342729121581897e-52
1.067342729121581897e-52
1.067342729121581897e-52
1.067342729121581897e-52
1.067342729121581897e-52
1.067342729121581897e-52
1.067342729121581897e-52
1.067342729121581897e-52
1.067342729121581897e-52
1.067342729121581897e-52
1.067342729121581897e-52
1.067342729121581712e-52
1.067342729121580785e-52
1.067342729121579301e-52
1.067342729121578559e-52
1.067342729121578559e-52
1.067342729121578559e-52
1.067342729121578559e-52
1.067342729121578559e-52
1.067342729121578559e-52
1.067342729121578559e-52
1.067342729121578559e-52
1.067342729121578559e-52
1.067342729121578559e-52
1.067342729121578559e-52
1.067342729121578559e-52
1.067342729121578559e-52
1.067342729121578559e-52
1.067342729121578559e-52
1.067342729121578559e-52
1.067342729121578559e-52
1.067342729121578559e-52
1.067342729121578559e-52
1.067342729121578559e-52
1.067342729121578559e-52
1.067342729121578559e-52
1.067342729121578559e-52
1.067342729121578559e-52
1.067342729121578559e-52
1.067342729121578559e-52
1.067342729121578559e-52
1.067342729121578559e-52
1.067342729121578559e-52
1.067342729121578559e-52
1.067342729121578559e-52
1.067342729121578559e-52
1.067342729121578559e-52
1.067342729121578559e-52
1.067342729121578559e-52
1.067342729121578559e-52
1.067342729121578559e-52
1.067342729121578559e-52
1.067342729121578559e-52
1.067342729121578559e-52
1.067342729121578559e-52
1.067342729121578559e-52
1.067342729121578559e-52
1.067342729121578559e-52
1.067342729121578559e-52
1.067342729121578559e-52
1.067342729121578559e-52
1.067342729121578559e-52
1.067342729121578559e-52
1.067342729121578559e-52
1.067342729121578559e-52
1.067342729121578559e-52
1.067342729121578559e-52
1.067342729121578559e-52
1.067342729121578559e-52
1.067342729121578559e-52
1.067342729121578559e-52
1.067342729121578559e-52
1.067342729121578559e-52
1.067342729121578559e-52
1.067342729121578559e-52
1.067342729121578559e-52
1.067342729121578559e-52
1.067342729121578559e-52
1.067342729121578559e-52
1.067342729121578559e-52
1.067342729121578559e-52
1.067342729121578559e-52
1.067342729121578559e-52
1.067342729121578559e-52
1.067342729121578559e-52
1.067342729121578559e-52
1.067342729121578559e-52
1.067342729121578559e-52
1.067342729121578559e-52
1.067342729121578559e-52
1.067342729121578559e-52
1.067342729121578559e-52
1.067342729121578559e-52
1.067342729121578559e-52
1.067342729121578559e-52
1.067342729121578559e-52
1.067342729121578559e-52
1.067342729121578559e-52
1.067342729121578559e-52
1.067342729121578559e-52
1.067342729121578559e-52
1.067342729121578559e-52
1.067342729121578559e-52
1.067342729121578559e-52
1.067342729121578559e-52
1.067342729121578559e-52
1.067342729121578559e-52
1.067342729121578559e-52
1.067342729121578559e-52
1.067342729121578559e-52
1.067342729121578559e-52
1.067342729121578559e-52
1.067342729121578559e-52
1.067342729121578559e-52
1.067342729121578559e-52
1.067342729121578559e-52
1.067342729121578559e-52
1.067342729121578559e-52
1.067342729121578559e-52
1.067342729121578559e-52
1.067342729121578559e-52
1.067342729121578559e-52
1.067342729121578559e-52
1.067342729121578559e-52
1.067342729121578559e-52
1.067342729121578559e-52
1.067342729121578559e-52
1.067342729121578559e-52
1.067342729121578559e-52
1.067342729121578559e-52
1.067342729121578559e-52
1.067342729121578559e-52
1.067342729121578559e-52
1.067342729121578559e-52
1.067342729121578559e-52
1.067342729121578559e-52
1.067342729121578559e-52
1.067342729121578559e-52
1.067342729121578559e-52
1.067342729121578559e-52
1.067342729121578559e-52
1.067342729121578559e-52
1.067342729121578559e-52
1.067342729121578559e-52
1.067342729121578559e-52
1.067342729121578559e-52
1.067342729121578559e-52
1.067342729121578559e-52
1.067342729121578559e-52
1.067342729121578559e-52
1.067342729121578559e-52
1.067342729121578559e-52
1.067342729121578559e-52
1.067342729121578559e-52
1.067342729121578559e-52
1.067342729121578559e-52
1.067342729121578559e-52
1.067342729121578559e-52
1.067342729121578559e-52
1.067342729121578559e-52
1.067342729121578559e-52
1.067342729121578559e-52
1.067342729121578559e-52
1.067342729121578559e-52
1.067342729121578559e-52
1.067342729121578559e-52
1.067342729121578559e-52
1.067342729121578559e-52
1.067342729121578559e-52
1.067342729121578559e-52
1.067342729121578559e-52
1.067342729121578559e-52
1.067342729121578559e-52
1.067342729121578559e-52
1.067342729121578559e-52
1.067342729121578559e-52
1.067342729121578559e-52
1.067342729121578559e-52
1.067342729121578559e-52
1.067342729121578559e-52
1.067342729121578559e-52
1.067342729121578559e-52
1.067342729121578559e-52
1.067342729121578559e-52
1.067342729121578559e-52
1.067342729121578559e-52
1.067342729121578559e-52
1.067342729121578559e-52
1.067342729121578559e-52
1.067342729121578559e-52
1.067342729121578559e-52
1.067342729121578559e-52
1.067342729121578559e-52
1.067342729121578559e-52
1.067342729121578559e-52
1.067342729121578559e-52
1.067342729121578559e-52
1.067342729121578559e-52
1.067342729121578559e-52
1.067342729121578559e-52
1.067342729121578559e-52
1.067342729121578559e-52
1.067342729121578559e-52
1.067342729121578559e-52
1.067342729121578559e-52
1.067342729121578559e-52
1.067342729121578559e-52
1.067342729121578559e-52
1.067342729121578559e-52
1.067342729121578559e-52
1.067342729121578559e-52
1.067342729121578559e-52
1.067342729121578559e-52
1.067342729121578559e-52
1.067342729121578559e-52
1.067342729121578559e-52
1.067342729121578559e-52
1.067342729121578559e-52
1.067342729121578559e-52
1.067342729121578559e-52
1.067342729121578559e-52
1.067342729121578559e-52
1.067342729121578559e-52
1.067342729121578559e-52
1.067342729121578559e-52
1.067342729121578559e-52
1.067342729121578559e-52
1.067342729121578559e-52
1.067342729121578559e-52
1.067342729121578559e-52
1.067342729121578559e-52
1.067342729121578559e-52
1.067342729121578559e-52
1.067342729121578559e-52
1.067342729121578559e-52
1.067342729121578559e-52
1.067342729121578559e-52
1.067342729121578559e-52
1.067342729121578559e-52
1.067342729121578559e-52
1.067342729121578559e-52
1.067342729121578559e-52
1.067342729121578559e-52
1.067342729121578559e-52
1.067342729121578559e-52
1.067342729121578559e-52
1.067342729121578559e-52
1.067342729121578559e-52
1.067342729121578559e-52
1.067342729121578559e-52
1.067342729121578559e-52
1.067342729121578559e-52
1.067342729121578559e-52
1.067342729121578559e-52
1.067342729121578559e-52
1.067342729121578559e-52
1.067342729121578559e-52
1.067342729121578559e-52
1.067342729121578559e-52
1.067342729121578559e-52
1.067342729121578559e-52
1.067342729121578559e-52
1.067342729121578559e-52
1.067342729121578559e-52
1.067342729121578559e-52
1.067342729121578559e-52
1.067342729121578559e-52
1.067342729121578559e-52
1.067342729121578559e-52
1.067342729121578559e-52
1.067342729121578559e-52
1.067342729121578559e-52
1.067342729121578559e-52
1.067342729121578559e-52
1.067342729121578559e-52
1.067342729121578559e-52
1.067342729121578559e-52
1.067342729121578559e-52
1.067342729121578559e-52
1.067342729121578559e-52
1.067342729121578559e-52
1.067342729121578559e-52
1.067342729121578559e-52
1.067342729121578559e-52
1.067342729121578559e-52
1.067342729121578559e-52
1.067342729121578559e-52
1.067342729121578559e-52
1.067342729121578559e-52
1.067342729121578559e-52
1.067342729121578559e-52
1.067342729121578559e-52
1.067342729121578559e-52
1.067342729121578559e-52
1.067342729121578559e-52
1.067342729121578559e-52
1.067342729121578559e-52
1.067342729121578559e-52
1.067342729121578559e-52
1.067342729121578559e-52
1.067342729121578559e-52
1.067342729121578559e-52
1.067342729121578559e-52
1.067342729121578559e-52
1.067342729121578559e-52
1.067342729121578559e-52
1.067342729121578559e-52
1.067342729121578559e-52
1.067342729121578559e-52
1.067342729121578559e-52
1.067342729121578559e-52
1.067342729121578559e-52
1.067342729121578559e-52
1.067342729121578559e-52
1.067342729121578559e-52
1.067342729121578559e-52
1.067342729121578559e-52
1.067342729121578559e-52
1.067342729121578559e-52
1.067342729121578559e-52
1.067342729121578559e-52
1.067342729121578559e-52
1.067342729121578559e-52
1.067342729121578559e-52
1.067342729121578559e-52
1.067342729121578559e-52
1.067342729121578559e-52
1.067342729121578559e-52
1.067342729121578559e-52
1.067342729121578559e-52
1.067342729121578559e-52
1.067342729121578559e-52
1.067342729121578559e-52
1.067342729121578559e-52
1.067342729121578559e-52
1.067342729121578559e-52
1.067342729121578559e-52
1.067342729121578559e-52
1.067342729121578559e-52
1.067342729121578559e-52
1.067342729121578559e-52
1.067342729121578559e-52
1.067342729121578559e-52
1.067342729121578559e-52
1.067342729121578559e-52
1.067342729121578559e-52
1.067342729121578559e-52
1.067342729121578559e-52
1.067342729121578559e-52
1.067342729121578559e-52
1.067342729121578559e-52
1.067342729121578559e-52
1.067342729121578559e-52
1.067342729121578559e-52
1.067342729121578559e-52
1.067342729121578559e-52
1.067342729121578559e-52
1.067342729121578559e-52
1.067342729121578559e-52
1.067342729121578559e-52
1.067342729121578559e-52
1.067342729121578559e-52
1.067342729121578559e-52
1.067342729121578559e-52
1.067342729121578559e-52
1.067342729121578559e-52
1.067342729121578559e-52
1.067342729121578559e-52
1.067342729121578559e-52
1.067342729121578559e-52
1.067342729121578559e-52
1.067342729121578559e-52
1.067342729121578559e-52
1.067342729121578559e-52
1.067342729121578559e-52
1.067342729121578559e-52
1.067342729121578559e-52
1.067342729121578559e-52
1.067342729121578559e-52
1.067342729121578559e-52
1.067342729121578559e-52
1.067342729121578559e-52
1.067342729121578559e-52
1.067342729121578559e-52
1.067342729121578559e-52
1.067342729121578559e-52
1.067342729121578559e-52
1.067342729121578559e-52
1.067342729121578559e-52
1.067342729121578559e-52
1.067342729121578559e-52
1.067342729121578559e-52
1.067342729121578559e-52
1.067342729121578559e-52
1.067342729121578559e-52
1.067342729121578559e-52
1.067342729121578559e-52
1.067342729121578559e-52
1.067342729121578559e-52
1.067342729121578559e-52
1.067342729121578559e-52
1.067342729121578559e-52
1.067342729121578559e-52
1.067342729121578559e-52
1.067342729121578559e-52
1.067342729121578559e-52
1.067342729121578559e-52
1.067342729121578559e-52
1.067342729121578559e-52
1.067342729121578559e-52
1.067342729121578559e-52
1.067342729121578559e-52
1.067342729121578559e-52
1.067342729121578559e-52
1.067342729121578559e-52
1.067342729121578559e-52
1.067342729121578559e-52
1.067342729121578559e-52
1.067342729121578559e-52
1.067342729121578559e-52
1.067342729121578559e-52
1.067342729121578559e-52
1.067342729121578559e-52
1.067342729121578559e-52
1.067342729121578559e-52
1.067342729121578559e-52
1.067342729121578559e-52
1.067342729121578559e-52
1.067342729121578559e-52
1.067342729121578559e-52
1.067342729121578559e-52
1.067342729121578559e-52
1.067342729121578559e-52
1.067342729121578559e-52
1.067342729121578559e-52
1.067342729121578559e-52
1.067342729121578559e-52
1.067342729121578559e-52
1.067342729121578559e-52
1.067342729121578559e-52
1.067342729121578559e-52
1.067342729121578559e-52
1.067342729121578559e-52
1.067342729121578559e-52
1.067342729121578559e-52
1.067342729121578559e-52
1.067342729121578559e-52
1.067342729121578559e-52
1.067342729121578559e-52
1.067342729121578559e-52
1.067342729121578559e-52
1.067342729121578559e-52
1.067342729121578559e-52
1.067342729121578559e-52
1.067342729121578559e-52
1.067342729121578559e-52
1.067342729121578559e-52
1.067342729121578559e-52
1.067342729121578559e-52
1.067342729121578559e-52
1.067342729121578559e-52
1.067342729121578559e-52
1.067342729121578559e-52
1.067342729121578559e-52
1.067342729121578559e-52
1.067342729121578559e-52
1.067342729121578559e-52
1.067342729121578559e-52
1.067342729121578559e-52
1.067342729121578559e-52
1.067342729121578559e-52
1.067342729121578559e-52
1.067342729121578559e-52
1.067342729121578559e-52
1.067342729121578559e-52
1.067342729121578559e-52
1.067342729121578559e-52
1.067342729121578559e-52
1.067342729121578559e-52
1.067342729121578559e-52
1.067342729121578559e-52
1.067342729121578559e-52
1.067342729121578559e-52
1.067342729121578559e-52
1.067342729121578559e-52
1.067342729121578559e-52
1.067342729121578559e-52
1.067342729121578559e-52
1.067342729121578559e-52
1.067342729121578559e-52
1.067342729121578559e-52
1.067342729121578559e-52
1.067342729121578559e-52
1.067342729121578559e-52
1.067342729121578559e-52
1.067342729121578559e-52
1.067342729121578559e-52
