1.000000000000031974e+00
1.000000000000032196e+00
1.000000000000028422e+00
1.000000000000028422e+00
1.000000000000028422e+00
1.000000000000028422e+00
1.000000000000028422e+00
1.000000000000028422e+00
1.000000000000028422e+00
1.000000000000028422e+00
1.000000000000028422e+00
1.000000000000028422e+00
1.000000000000025091e+00
1.000000000000025091e+00
1.000000000000025091e+00
1.000000000000025091e+00
1.000000000000025091e+00
1.000000000000025091e+00
1.000000000000025091e+00
1.000000000000025091e+00
1.000000000000025091e+00
1.000000000000025091e+00
1.000000000000025091e+00
1.000000000000025091e+00
1.000000000000025091e+00
1.000000000000025091e+00
1.000000000000025091e+00
1.000000000000025091e+00
1.000000000000025091e+00
1.000000000000025091e+00
1.000000000000025091e+00
1.000000000000025091e+00
1.000000000000025091e+00
1.000000000000025091e+00
1.000000000000025091e+00
1.000000000000025091e+00
1.000000000000025091e+00
1.000000000000025091e+00
1.000000000000025091e+00
1.000000000000025091e+00
1.000000000000025091e+00
1.000000000000025091e+00
1.000000000000025091e+00
1.000000000000025091e+00
1.000000000000025091e+00
1.000000000000025091e+00
1.000000000000025091e+00
1.000000000000025091e+00
1.000000000000025091e+00
1.000000000000025091e+00
1.000000000000025091e+00
1.000000000000025091e+00
1.000000000000025091e+00
1.000000000000025091e+00
1.000000000000025091e+00
1.000000000000025091e+00
1.000000000000025091e+00
1.000000000000025091e+00
1.000000000000025091e+00
1.000000000000025091e+00
1.000000000000025091e+00
1.000000000000025091e+00
1.000000000000025091e+00
1.000000000000025091e+00
1.000000000000025091e+00
1.000000000000025091e+00
1.000000000000025091e+00
1.000000000000025091e+00
1.000000000000024869e+00
1.000000000000024869e+00
1.000000000000024869e+00
1.000000000000025091e+00
1.000000000000024869e+00
1.000000000000024869e+00
1.000000000000024869e+00
1.000000000000024869e+00
1.000000000000024869e+00
1.000000000000024869e+00
1.000000000000024869e+00
1.000000000000024869e+00
1.000000000000024869e+00
1.000000000000024869e+00
1.000000000000024869e+00
1.000000000000024203e+00
1.000000000000024203e+00
1.000000000000024203e+00
1.000000000000024203e+00
1.000000000000024203e+00
1.000000000000023315e+00
1.000000000000023315e+00
1.000000000000023315e+00
1.000000000000023315e+00
1.000000000000023315e+00
1.000000000000023315e+00
1.000000000000023315e+00
1.000000000000023093e+00
1.000000000000023315e+00
1.000000000000023315e+00
1.000000000000023315e+00
1.000000000000023315e+00
1.000000000000022871e+00
1.000000000000023093e+00
1.000000000000023093e+00
1.000000000000023093e+00
1.000000000000022871e+00
1.000000000000022871e+00
1.000000000000023093e+00
1.000000000000023093e+00
1.000000000000023093e+00
1.000000000000022871e+00
1.000000000000022871e+00
1.000000000000022871e+00
1.000000000000023093e+00
1.000000000000023093e+00
1.000000000000022871e+00
1.000000000000022871e+00
1.000000000000023093e+00
1.000000000000023093e+00
1.000000000000023093e+00
1.000000000000022871e+00
1.000000000000022871e+00
1.000000000000022871e+00
1.000000000000022871e+00
1.000000000000022871e+00
1.000000000000022871e+00
1.000000000000022871e+00
1.000000000000022871e+00
1.000000000000011546e+00
1.000000000000011546e+00
1.000000000000011546e+00
1.000000000000011546e+00
1.000000000000011546e+00
1.000000000000011546e+00
1.000000000000011546e+00
1.000000000000011546e+00
1.000000000000011546e+00
1.000000000000011546e+00
1.000000000000011546e+00
1.000000000000011546e+00
1.000000000000011546e+00
1.000000000000011546e+00
1.000000000000011546e+00
1.000000000000011546e+00
1.000000000000011546e+00
1.000000000000011546e+00
1.000000000000011546e+00
1.000000000000011546e+00
1.000000000000011546e+00
1.000000000000011546e+00
1.000000000000011546e+00
1.000000000000010658e+00
1.000000000000010658e+00
1.000000000000010658e+00
1.000000000000010658e+00
1.000000000000010658e+00
1.000000000000010658e+00
1.000000000000010658e+00
1.000000000000010658e+00
1.000000000000010658e+00
1.000000000000010658e+00
1.000000000000010658e+00
1.000000000000010658e+00
1.000000000000010658e+00
1.000000000000010658e+00
1.000000000000010658e+00
1.000000000000010658e+00
1.000000000000010658e+00
1.000000000000010658e+00
1.000000000000010658e+00
1.000000000000010658e+00
1.000000000000010658e+00
1.000000000000010658e+00
1.000000000000010658e+00
1.000000000000010658e+00
1.000000000000010658e+00
1.000000000000010214e+00
1.000000000000010214e+00
1.000000000000010214e+00
1.000000000000010436e+00
1.000000000000010436e+00
1.000000000000010436e+00
1.000000000000010436e+00
1.000000000000010436e+00
1.000000000000010436e+00
1.000000000000010436e+00
1.000000000000010436e+00
1.000000000000010436e+00
1.000000000000010214e+00
1.000000000000010214e+00
1.000000000000010214e+00
1.000000000000010436e+00
1.000000000000010436e+00
1.000000000000010436e+00
1.000000000000010436e+00
1.000000000000010436e+00
1.000000000000010436e+00
1.000000000000010436e+00
1.000000000000010436e+00
1.000000000000010436e+00
1.000000000000010436e+00
1.000000000000010214e+00
1.000000000000010214e+00
1.000000000000010214e+00
1.000000000000010214e+00
1.000000000000010436e+00
1.000000000000010436e+00
1.000000000000008882e+00
1.000000000000008882e+00
9.999999999997341016e-01
9.999999999997313260e-01
9.999999999997313260e-01
9.999999999997313260e-01
9.999999999997314371e-01
9.999999999997314371e-01
9.999999999989914734e-01
9.999999999989914734e-01
9.999999999989913624e-01
9.999999999989914734e-01
9.999999999977148279e-01
9.999999999977148279e-01
9.999999999977148279e-01
9.999999999977148279e-01
9.999999999806624684e-01
9.999999998792699074e-01
9.999999998792573619e-01
9.999999998792187261e-01
9.999999996268241764e-01
9.999999996268241764e-01
9.999999996268241764e-01
9.999999996268241764e-01
9.999999996268241764e-01
9.999999996268241764e-01
9.999999996268240654e-01
9.999999994170056805e-01
9.999999994170056805e-01
9.999999994170043482e-01
9.999999929815786004e-01
9.999999929420747558e-01
9.999999763775020423e-01
9.999999763774931605e-01
9.999999763774931605e-01
9.999999763774931605e-01
9.999999763755058613e-01
9.999999426434184047e-01
9.999999426434182936e-01
9.999999313664426071e-01
9.999999313664426071e-01
9.999990902916193747e-01
9.999990853863998108e-01
9.999990853863998108e-01
9.999990853863998108e-01
9.999990853863999218e-01
9.999990853863999218e-01
9.999978617504839962e-01
9.999978617487738086e-01
9.999978617487738086e-01
9.999978617487725874e-01
9.999978617487709220e-01
9.999962709427897556e-01
9.999962709228632507e-01
9.999962709228632507e-01
9.999962709228632507e-01
9.999911188919605731e-01
9.999519361028587072e-01
9.999519348550779396e-01
9.999519168673991487e-01
9.999112426213661031e-01
9.999112426209398885e-01
9.999112426209398885e-01
9.999112426209398885e-01
9.999112426209398885e-01
9.999112426209398885e-01
9.999112426209340043e-01
9.998862804495937118e-01
9.998862804495938228e-01
9.996042440478587476e-01
9.996042440015660002e-01
9.996032220312606187e-01
9.988214501672521006e-01
9.988214500470412593e-01
9.988214500470412593e-01
9.988214500470412593e-01
9.988213695153069782e-01
9.982765623150341439e-01
9.982765623150268164e-01
9.981494313081191727e-01
9.927410156633632576e-01
9.927410156633632576e-01
9.927172640941367421e-01
9.927172640941367421e-01
9.927172640941367421e-01
9.927172640941354098e-01
9.927172640941354098e-01
9.857306029085187715e-01
9.857305990586237021e-01
9.857305990586237021e-01
9.857305990533707929e-01
9.857305990520701666e-01
9.829920771499125465e-01
9.829919976241114909e-01
9.829919976241114909e-01
9.829919976241116020e-01
9.802216012294430181e-01
9.409965112135344478e-01
9.409955862249026470e-01
9.409712681070540041e-01
9.122967948514300041e-01
9.122967947870045391e-01
9.122967947870045391e-01
9.122967947870046501e-01
9.122967947870046501e-01
9.122967947870046501e-01
9.122967947870046501e-01
9.122967947847933079e-01
9.072280021174932152e-01
9.072280021174917719e-01
9.072280021174917719e-01
8.800435558430115268e-01
8.800435301955319423e-01
8.799015474807682091e-01
7.590767931476026797e-01
7.590767877657393914e-01
7.590767877657393914e-01
7.590767877657393914e-01
7.590669673549522711e-01
7.089026498725582437e-01
7.089026498724684267e-01
7.055064607711514224e-01
6.049749079750740277e-01
6.049749079750740277e-01
6.041652421740221213e-01
6.041652421740221213e-01
6.041652421740221213e-01
6.041652421739451828e-01
6.041652421739451828e-01
4.452248266166225488e-01
4.452247847462015296e-01
4.452247847462015296e-01
4.452247845480833965e-01
4.452247845438109808e-01
4.105194407437521287e-01
4.105194407437521287e-01
4.105185819667713232e-01
4.105185819667713232e-01
4.105185819667713232e-01
4.105185819667713232e-01
4.002235150328841695e-01
2.639240249680783190e-01
2.639211466269931750e-01
2.637820390375398838e-01
1.724479041249741829e-01
1.724479040780201589e-01
1.724479040780201589e-01
1.724479040780199646e-01
1.724479040780199646e-01
1.724479040780199646e-01
1.724479040780199646e-01
1.724479040696939580e-01
1.629436246421998857e-01
1.629436246421991918e-01
1.629436246421991918e-01
1.428195686011744514e-01
1.428195297284390597e-01
1.427599757876996944e-01
6.843403257568003717e-02
6.843403119588210848e-02
6.843403119588210848e-02
6.843403119588210848e-02
6.842795160460954373e-02
4.501883278752060596e-02
4.501883278750896944e-02
4.393264938849395645e-02
2.838165725954657978e-02
2.838165725954657978e-02
2.830849909364598418e-02
2.830849909364598418e-02
2.830849909364598418e-02
2.830849909361094624e-02
2.830849909361094624e-02
1.126283082407668508e-02
1.126282773726113191e-02
1.126282773726113191e-02
1.126282769088536063e-02
1.126282769069139600e-02
8.511851591503095601e-03
8.511851591503095601e-03
8.511792302606978333e-03
8.511792302606978333e-03
8.511792302606978333e-03
8.511792302606978333e-03
8.249412320134258750e-03
3.270498635017736033e-03
3.270463927070722636e-03
3.263367002284042837e-03
1.422899174707496339e-03
1.422899174048595887e-03
1.422899174048595887e-03
1.422899174048584178e-03
1.422899174048584178e-03
1.422899174048584178e-03
1.422899174048584178e-03
1.422899173760744981e-03
1.255870857654629901e-03
1.255870857654626648e-03
1.255870857654626648e-03
1.255869963462007827e-03
1.093059583512309176e-03
1.092731601404024451e-03
2.858316396448703361e-04
2.858316342972976910e-04
2.858316342972976910e-04
2.858316342972976910e-04
2.858316342972976910e-04
2.857606750015518064e-04
1.664941662398126011e-04
1.664941662397881523e-04
1.602126153442132639e-04
1.602126153442132368e-04
1.065333838074633414e-04
1.063411639060513736e-04
1.063411639060513736e-04
1.063411639060513736e-04
1.063411639056158767e-04
1.063411639056158767e-04
1.063411639056158767e-04
2.567464167903276651e-05
2.567463532880479569e-05
2.567463532880479569e-05
2.567463513945537115e-05
2.567463513926198675e-05
1.965495397806682877e-05
1.965495397806682877e-05
1.965461702454703480e-05
1.965461702454703480e-05
1.965461702454703480e-05
1.965461702454703480e-05
1.934199110792690952e-05
8.591994340397893169e-06
8.591913996213149286e-06
8.559380722149731606e-06
8.559380722149731606e-06
2.695176869310078746e-06
2.695176868768643851e-06
2.695176868768643851e-06
2.695176868768588794e-06
2.695176868768588794e-06
2.695176868768588794e-06
2.695176868768588794e-06
2.695176867962965594e-06
2.422828255115502703e-06
2.422828255115501009e-06
2.422828255115501009e-06
2.422824493078691616e-06
2.258009660346645393e-06
2.257537685676162047e-06
6.928142879331504773e-07
6.928142809983996233e-07
6.928142809983996233e-07
6.928142809983996233e-07
6.928142809983996233e-07
6.925207625724146696e-07
3.260170980730663972e-07
3.260170980730517859e-07
3.149983879048466784e-07
3.149983879048465726e-07
2.497008518813774689e-07
2.493296785732969588e-07
2.493296785732969588e-07
2.493296785732969588e-07
2.493296785713867407e-07
2.493296785713867407e-07
6.425579703382432309e-08
6.425579703382432309e-08
6.425578823086350339e-08
6.425578823086350339e-08
6.425578682197434545e-08
6.425578682178592033e-08
4.302988159962061277e-08
4.302988159962061277e-08
4.302873827484982030e-08
4.302873827484982030e-08
4.302873827484982030e-08
4.249852632291844355e-08
4.249852632291844355e-08
2.457562272325440118e-08
2.457547829407437782e-08
2.445367021074619704e-08
2.445367021074619704e-08
7.131869151682760238e-09
7.131869151093242678e-09
7.131869151093242678e-09
7.131869151092932485e-09
7.131869151092932485e-09
7.131869151092932485e-09
7.131869151092932485e-09
7.131869144414902395e-09
5.986945193984601975e-09
5.986945193984598667e-09
5.986945193984598667e-09
5.986928940835137219e-09
5.628821944817921714e-09
5.628177437311638678e-09
2.256684912500240525e-09
2.256684901062688050e-09
2.256684901062688050e-09
2.256684901062688050e-09
2.256684901062688050e-09
2.255258223051586592e-09
9.279997054715119017e-10
9.279997054715119017e-10
9.279997054714887406e-10
8.721693548609008112e-10
8.721693548609000874e-10
6.947352690975880795e-10
6.947352690975880795e-10
6.941035574933763395e-10
6.941035574933763395e-10
6.941035574933763395e-10
6.941035574758512774e-10
6.941035574758512774e-10
2.219320178072694422e-10
2.219320178072694422e-10
2.219320014828953120e-10
2.219320014828953120e-10
2.219319895910800861e-10
2.219319895906407239e-10
1.332451668817568971e-10
1.332451668817568971e-10
1.332401434445196317e-10
1.332401434445196317e-10
1.332401434445196317e-10
1.321186191575209243e-10
1.321186191575209243e-10
7.341031069885077152e-11
7.341011036535880760e-11
7.271453080451350294e-11
7.271453080451350294e-11
2.493383053510994210e-11
2.493383053370148939e-11
2.493383053370148939e-11
2.493383053369699483e-11
2.493383053369699483e-11
2.493383053369699483e-11
2.493383053369699483e-11
2.493383047594387130e-11
1.977004184816131634e-11
1.977004184816131634e-11
1.977004184816131634e-11
1.976996063711749709e-11
1.889759976677373934e-11
1.889647043326760035e-11
6.823442198423081451e-12
6.823442177983507484e-12
6.823442177983507484e-12
6.823442177983507484e-12
6.815061643395951938e-12
6.815061643395951938e-12
3.174559313608886666e-12
3.174559313608886666e-12
3.174559313608852739e-12
2.924384551925315288e-12
2.924384551925305998e-12
2.924384551925305998e-12
2.461256780200503203e-12
2.461256780200503203e-12
2.460023778560244337e-12
2.460023778404488812e-12
2.460023778404488812e-12
2.460023778404488812e-12
6.721806635559708215e-13
6.721806635559708215e-13
6.721806342846555921e-13
6.721806342846555921e-13
6.721805842980286867e-13
6.721805842975226041e-13
4.379319770292737313e-13
4.379319770292737313e-13
4.378970925059909100e-13
4.378970925059909100e-13
4.378970925059909100e-13
4.360062015714961501e-13
4.360062015714961501e-13
2.759682929053845355e-13
2.759677395148780713e-13
2.759677395148780713e-13
2.721445002202470488e-13
7.709859479637269911e-14
7.709859479468206291e-14
7.709859479468206291e-14
7.709859479465164443e-14
7.709859479465164443e-14
7.709859479465164443e-14
7.709859479465164443e-14
7.709859454162635186e-14
6.349239830574963790e-14
6.349239830574963790e-14
6.349239830574963790e-14
6.349239830574963790e-14
6.349239830574963790e-14
6.349185981142653254e-14
6.206159358473877868e-14
6.205921270401945065e-14
2.725692958846394683e-14
2.725692954751768293e-14
2.725692954751768293e-14
2.725692954751768293e-14
2.720472317292082086e-14
1.040439546445023341e-14
1.040439546445023341e-14
1.040439546445023341e-14
1.040439546445019870e-14
9.683964641729595320e-15
9.683964641729527478e-15
9.683964641729527478e-15
9.683964641729527478e-15
8.828787896392162811e-15
8.825686262231443670e-15
8.825686261312824612e-15
8.825686261312824612e-15
2.849990322704763374e-15
2.849990322704763374e-15
2.849990322704763374e-15
2.849990322704763374e-15
2.849990256642624892e-15
2.849989678934887943e-15
2.849989678934050961e-15
1.583349946756044796e-15
1.583349946756044796e-15
1.583171806158009665e-15
1.583171806158009665e-15
1.583171806158009665e-15
1.583171806158009665e-15
1.578334512745395229e-15
1.578334512745395229e-15
1.189997825765994398e-15
1.189997825765994398e-15
1.171172721492472335e-15
1.171171470221776203e-15
3.452506933310694630e-16
3.452506933279506028e-16
3.452506933279506028e-16
3.452506933276711488e-16
3.452506933276711488e-16
3.452506933276711488e-16
3.452506933276711488e-16
3.452506900657024630e-16
2.579395675441709702e-16
2.579395675441709702e-16
2.579395675441709702e-16
2.579395675441709702e-16
2.579395675441709702e-16
2.579360955793875393e-16
2.533005826013914419e-16
2.532956033055155309e-16
1.399337623101399165e-16
1.399337623101399165e-16
1.399337622108580737e-16
1.399337622108580737e-16
1.395689157153365455e-16
4.948763663990202554e-17
4.948763663990202554e-17
4.948763663990202554e-17
4.948763663990193926e-17
4.399623759534641857e-17
4.399623759534641857e-17
4.399623759534577146e-17
4.399623759534577146e-17
4.051150764642077220e-17
4.050330780334710053e-17
4.050330779090885946e-17
4.050330779090885946e-17
1.622845790827826284e-17
1.622845790827826284e-17
1.622845790827826284e-17
1.622845771122451575e-17
1.622845771122451575e-17
1.622845039343866582e-17
8.110465151848233396e-18
8.110465151848233396e-18
8.110465151847492298e-18
8.109224986104273784e-18
8.109224986104273784e-18
8.109224986104273784e-18
8.109224986104273784e-18
8.093274475516637960e-18
8.093274475516637960e-18
6.098533661352104399e-18
6.098533661352104399e-18
5.926334754217840685e-18
5.926331806768740420e-18
2.056505809326805227e-18
2.056505809314704224e-18
2.056505809314704224e-18
2.056505809308330551e-18
2.056505809308330551e-18
2.056505809308330551e-18
2.056505809308330551e-18
2.056505764094176123e-18
1.425123864401850689e-18
1.425123864401850689e-18
1.425123864401850689e-18
1.425123864401850689e-18
1.425123864401850689e-18
1.425095742897516054e-18
1.407232714180754390e-18
1.407218575922656082e-18
7.486260469139841709e-19
7.486260469139841709e-19
7.486260466032565596e-19
7.449511914283600695e-19
7.449511914283600695e-19
2.967554051924561611e-19
2.967554051924561611e-19
2.967554051924561611e-19
2.967554051924559203e-19
2.967554051924559203e-19
2.548436589660015391e-19
2.548436589660015391e-19
2.548436589659876242e-19
2.548436589659876242e-19
2.398410050658615779e-19
2.398145627212725799e-19
2.398145625509262429e-19
2.398145625509262429e-19
2.398145625509262429e-19
8.780675878121570354e-20
8.780675878121570354e-20
8.780675815038723269e-20
8.780675815038723269e-20
8.780670130729804137e-20
8.780670130729804137e-20
4.767257056495069882e-20
4.767257056494883909e-20
4.765745923856826968e-20
4.765745923856826968e-20
4.765745923856826968e-20
4.765745923856826968e-20
4.760673277771389684e-20
4.760673277771389684e-20
3.834470297244517634e-20
3.834470297244517634e-20
3.686481527158038929e-20
3.686480279994670375e-20
3.686480279994670375e-20
1.121183302764648610e-20
1.121183302764648460e-20
1.121183302762034010e-20
1.121183302754632872e-20
1.121183302754632872e-20
1.121183267096019940e-20
1.121183267096019940e-20
1.121183267096019940e-20
8.151257808683188592e-21
8.151257808683188592e-21
8.151257808683188592e-21
8.151257808683188592e-21
8.151257808683188592e-21
8.150933302949635116e-21
8.096853749668514145e-21
8.096802566936239667e-21
4.950729989497284436e-21
4.950729989497284436e-21
4.950729988509524620e-21
4.915494808621522526e-21
4.915494808621522526e-21
1.667417168730411856e-21
1.667417168730411856e-21
1.667417168730411856e-21
1.667417168730411668e-21
1.667417168730411668e-21
1.667417168730411668e-21
1.457981033369203185e-21
1.457981033369025262e-21
1.457981033369025262e-21
1.411511175024660817e-21
1.411511173458822409e-21
1.411411020451246091e-21
1.411411020451246091e-21
1.411411020451246091e-21
6.192787484835171415e-22
6.192787462026988698e-22
6.192787462026988698e-22
6.192787462026988698e-22
6.192777488650130448e-22
6.192777488650130448e-22
2.866251294713954048e-22
2.866251294713916903e-22
2.865051125989496083e-22
2.865051125989496083e-22
2.865051125989496083e-22
2.865051125989496083e-22
2.863045633013581532e-22
2.863045633013581532e-22
2.525541202958788306e-22
2.525541202958788306e-22
2.425835651518751467e-22
2.425835258977775780e-22
2.425835258977775780e-22
8.393334287983208679e-23
8.393334287983202801e-23
8.393334287873147143e-23
8.393334287865102059e-23
8.393334287865102059e-23
8.393333582963117950e-23
8.393333582963117950e-23
8.393333582963117950e-23
5.417057216287031608e-23
5.417057216287031608e-23
5.417057216287031608e-23
5.417057216287031608e-23
5.417057216287031608e-23
5.417057216287031608e-23
5.416742307674466041e-23
5.390578064654656010e-23
5.390561574454687159e-23
3.880306459920353707e-23
3.880306459920353707e-23
3.880306459587161597e-23
3.846710448127187380e-23
1.320162748203736032e-23
1.320162748203736032e-23
1.320162748203736032e-23
1.320162748203736032e-23
1.320162748203736032e-23
1.320162748203735739e-23
1.320162748203735739e-23
1.080056708847554810e-23
1.080056708847295907e-23
1.080056708847295907e-23
1.080056705613445415e-23
1.052000882592986830e-23
1.051960443199416087e-23
1.051960443199416087e-23
1.051960443199416087e-23
5.604343897249526861e-24
5.604343886992598088e-24
5.604325939190388963e-24
5.604325939190388963e-24
5.604325939190388963e-24
5.604325939190388963e-24
2.417125320993482501e-24
2.417125320993482501e-24
2.417125320993466705e-24
2.415798697261993323e-24
2.415798697261993323e-24
2.415798697261993323e-24
2.415798697261993323e-24
2.415798697261993323e-24
2.414761984317195880e-24
2.149794150950316590e-24
2.149794150950316590e-24
2.012186614809122450e-24
2.012186466506696199e-24
2.012186466506696199e-24
8.238656525559360585e-25
8.238656525559345891e-25
8.238656525185318283e-25
8.238656525180533653e-25
8.238656525180533653e-25
8.238655032850157869e-25
4.912557617880666341e-25
4.912557617880666341e-25
4.912557617880666341e-25
4.912557617880666341e-25
4.912557617880666341e-25
4.912557617880666341e-25
4.912557617880666341e-25
4.912557617880666341e-25
4.912155035420678181e-25
4.896489167080098128e-25
4.896481696145015219e-25
3.531291457140589538e-25
3.531291457140589538e-25
3.477268596403226881e-25
3.477268596238061200e-25
1.341785393869440234e-25
1.341785393869440234e-25
1.341785393869440234e-25
1.341785393869440234e-25
1.341785393869440234e-25
1.341785393869440234e-25
1.341785393869440234e-25
1.341785393868030789e-25
1.045275854791846773e-25
1.045275854791846773e-25
1.045275848136338955e-25
1.026026640628451708e-25
1.026005518050931226e-25
1.026005518050931226e-25
5.301258906939434470e-26
5.301258906939434470e-26
5.301233943105496012e-26
5.301233937440431725e-26
5.301233937440431725e-26
5.301233937440431725e-26
5.301233937440431725e-26
2.468635176802552347e-26
2.468635176802552347e-26
2.468635176802545172e-26
2.465931844632481357e-26
2.465931844632481357e-26
2.465931844632481357e-26
2.465931844632481357e-26
2.465931844632481357e-26
2.465931844632481357e-26
2.465338604460707165e-26
2.258739855014643119e-26
2.071845451266905366e-26
2.071845451266905366e-26
2.071845354213774346e-26
2.071845354213774346e-26
7.895689189101407381e-27
7.895689189101358594e-27
7.895689188346500949e-27
7.895689188346500949e-27
7.895689188344631236e-27
7.895687057634256807e-27
7.895687057634256807e-27
7.895687057634256807e-27
4.944283438137752978e-27
4.944283438137752978e-27
4.944283438137752978e-27
4.944283438137752978e-27
4.943486388428105645e-27
4.943486388428105645e-27
4.943486388428105645e-27
4.934761766808424713e-27
3.845646244426506052e-27
3.845643399785581130e-27
3.845643399785581130e-27
3.765657895235036835e-27
3.765657895152604433e-27
1.305392349121508160e-27
1.305392349121508160e-27
1.305392349121508160e-27
1.305392349121508160e-27
1.305392349121508160e-27
1.305392349121508160e-27
1.305392349121508160e-27
1.305392349118576598e-27
1.305392349118576598e-27
1.041081585634620730e-27
1.041081575371461272e-27
1.030508312754980272e-27
1.030508312754980272e-27
1.030495159927696306e-27
6.123333459992968508e-28
6.123333459992968508e-28
6.123268357130748654e-28
6.123268353914204123e-28
6.123268353914204123e-28
6.123268353914204123e-28
6.123268353914204123e-28
2.500002803614834192e-28
2.500002803614834192e-28
2.496523172805161389e-28
2.496523172805161389e-28
2.496523172805159147e-28
2.496523172805159147e-28
2.496523172805159147e-28
2.496523172805159147e-28
2.496523172805159147e-28
2.496147800793496435e-28
2.375357084132581127e-28
2.184698052177941334e-28
2.184698052177941334e-28
2.184698006252887670e-28
9.732397157234979267e-29
9.732397157234979267e-29
9.732397157234814474e-29
9.732397155451958133e-29
9.732397155451958133e-29
9.732397155451013097e-29
9.732390827583287435e-29
9.732390827583287435e-29
9.732390827583287435e-29
9.732390827583287435e-29
5.393101257274803901e-29
5.393101257274803901e-29
5.393101257274803901e-29
5.391910767645484282e-29
5.391910767645484282e-29
5.391910767645484282e-29
5.385500164541496098e-29
5.385500164541496098e-29
4.604122801741426403e-29
4.604121066520703709e-29
4.498872505468601522e-29
4.498872505429456530e-29
1.706257010264112870e-29
1.706257010264112870e-29
1.706257010264112870e-29
1.706257010264112870e-29
1.706257010264112870e-29
1.706257010264112870e-29
1.706257010264112870e-29
1.706257010256327256e-29
1.706257010256326975e-29
1.706257010256326975e-29
1.251952905675152338e-29
1.251952876664258986e-29
1.251952876664258986e-29
1.242489707057545071e-29
1.242481569831202823e-29
8.556351787876918080e-30
8.556192202283632469e-30
8.556192202283632469e-30
8.556192200194168940e-30
8.556192200194168940e-30
8.556192200194168940e-30
8.556192200194168940e-30
8.556192200194168940e-30
8.556192200194168940e-30
8.556192200194168940e-30
8.556192200194168940e-30
8.556192200194168940e-30
8.556192200194168940e-30
8.556192200194168940e-30
8.556192200194168940e-30
8.556192200194168940e-30
8.556192200194168940e-30
8.556192200194168940e-30
8.556192200194168940e-30
8.556192200194168940e-30
8.556192200194168940e-30
8.556192200194168940e-30
8.556192200194168940e-30
8.556192200194168940e-30
8.556192200194168940e-30
8.556192200194168940e-30
8.556192200194168940e-30
8.556192200194168940e-30
8.556192200194168940e-30
8.556192200194168940e-30
8.556192200194168940e-30
8.556192200194168940e-30
8.556192200194168940e-30
8.556192200194168940e-30
8.556192200194168940e-30
8.556192200194168940e-30
8.556192200194168940e-30
8.556192200194168940e-30
8.556192200194168940e-30
8.556192200194168940e-30
8.556192200194168940e-30
8.556192200194168940e-30
8.556192200194168940e-30
8.556192200194168940e-30
8.556192200194168940e-30
8.556192200194168940e-30
8.556192200194168940e-30
8.556192200194168940e-30
8.556192200194168940e-30
8.556192200194168940e-30
8.556192200194168940e-30
8.556192200194168940e-30
8.556192200194168940e-30
8.556192200194168940e-30
8.556192200194168940e-30
8.556192200194168940e-30
8.556192200194168940e-30
8.556192200194168940e-30
8.556192200194168940e-30
8.556192200194168940e-30
8.556192200194168940e-30
8.556192200194168940e-30
8.556192200194168940e-30
8.556192200194168940e-30
8.556192200194168940e-30
8.556192200194168940e-30
8.556192200194168940e-30
8.556192200194168940e-30
8.556192200194168940e-30
8.556192200194168940e-30
8.556192200194168940e-30
8.556192200194168940e-30
8.556192200194168940e-30
8.556192200194168940e-30
8.556192200194168940e-30
8.556192200194168940e-30
8.556192200194168940e-30
8.556192200194168940e-30
8.556192200194168940e-30
8.556192200194168940e-30
8.556192200194168940e-30
8.556192200194168940e-30
8.556192200194168940e-30
8.556192200194168940e-30
8.556192200194168940e-30
8.556192200194168940e-30
8.556192200194168940e-30
8.556192200194168940e-30
8.556192200194168940e-30
8.556192200194168940e-30
8.556192200194168940e-30
8.556192200194168940e-30
8.556192200194168940e-30
8.556192200194168940e-30
8.556192200194168940e-30
8.556192200194168940e-30
8.556192200194168940e-30
8.556192200194168940e-30
8.556192200194168940e-30
8.556192200194168940e-30
8.556192200194168940e-30
8.556192200194168940e-30
8.556192200194168940e-30
8.556192200194168940e-30
8.556192200194168940e-30
8.556192200194168940e-30
8.556192200194168940e-30
8.556192200194168940e-30
8.556192200194168940e-30
8.556192200194168940e-30
8.556192200194168940e-30
8.556192200194168940e-30
8.556192200194168940e-30
8.556192200194168940e-30
8.556192200194168940e-30
8.556192200194168940e-30
8.556192200194168940e-30
8.556192200194168940e-30
8.556192200194168940e-30
8.556192200194168940e-30
8.556192200194168940e-30
8.556192200194168940e-30
8.556192200194168940e-30
8.556192200194168940e-30
8.556192200194168940e-30
8.556192200194168940e-30
8.556192200194168940e-30
8.556192200194168940e-30
8.556192200194168940e-30
8.556192200194168940e-30
8.556192200194168940e-30
8.556192200194168940e-30
8.556192200194168940e-30
8.556192200194168940e-30
8.556192200194168940e-30
8.556192200194168940e-30
8.556192200194168940e-30
8.556192200194168940e-30
8.556192200194168940e-30
8.556192200194168940e-30
8.556192200194168940e-30
8.556192200194168940e-30
8.556192200194168940e-30
8.556192200194168940e-30
8.556192200194168940e-30
8.556192200194168940e-30
8.556192200194168940e-30
8.556192200194168940e-30
8.556192200194168940e-30
8.556192200194168940e-30
8.556192200194168940e-30
8.556192200194168940e-30
8.556192200194168940e-30
8.556192200194168940e-30
8.556192200194168940e-30
8.556192200194168940e-30
8.556192200194168940e-30
8.556192200194168940e-30
8.556192200194168940e-30
8.556192200194168940e-30
8.556192200194168940e-30
8.556192200194168940e-30
8.556192200194168940e-30
8.556192200194168940e-30
8.556192200194168940e-30
8.556192200194168940e-30
8.556192200194168940e-30
8.556192200194168940e-30
8.556192200194168940e-30
8.556192200194168940e-30
8.556192200194168940e-30
8.556192200194168940e-30
8.556192200194168940e-30
8.556192200194168940e-30
8.556192200194168940e-30
8.556192200194168940e-30
8.556192200194168940e-30
8.556192200194168940e-30
8.556192200194168940e-30
8.556192200194168940e-30
8.556192200194168940e-30
8.556192200194168940e-30
8.556192200194168940e-30
8.556192200194168940e-30
8.556192200194168940e-30
8.556192200194168940e-30
8.556192200194168940e-30
8.556192200194168940e-30
8.556192200194168940e-30
8.556192200194168940e-30
8.556192200194168940e-30
8.556192200194168940e-30
8.556192200194168940e-30
8.556192200194168940e-30
8.556192200194168940e-30
8.556192200194168940e-30
8.556192200194168940e-30
8.556192200194168940e-30
8.556192200194168940e-30
8.556192200194168940e-30
8.556192200194168940e-30
8.556192200194168940e-30
8.556192200194168940e-30
8.556192200194168940e-30
8.556192200194168940e-30
8.556192200194168940e-30
8.556192200194168940e-30
8.556192200194168940e-30
8.556192200194168940e-30
8.556192200194168940e-30
8.556192200194168940e-30
8.556192200194168940e-30
8.556192200194168940e-30
8.556192200194168940e-30
8.556192200194168940e-30
8.556192200194168940e-30
8.556192200194168940e-30
8.556192200194168940e-30
8.556192200194168940e-30
8.556192200194168940e-30
8.556192200194168940e-30
8.556192200194168940e-30
8.556192200194168940e-30
8.556192200194168940e-30
8.556192200194168940e-30
8.556192200194168940e-30
8.556192200194168940e-30
8.556192200194168940e-30
8.556192200194168940e-30
8.556192200194168940e-30
8.556192200194168940e-30
8.556192200194168940e-30
8.556192200194168940e-30
8.556192200194168940e-30
8.556192200194168940e-30
8.556192200194168940e-30
8.556192200194168940e-30
8.556192200194168940e-30
8.556192200194168940e-30
8.556192200194168940e-30
8.556192200194168940e-30
8.556192200194168940e-30
8.556192200194168940e-30
8.556192200194168940e-30
8.556192200194168940e-30
8.556192200194168940e-30
8.556192200194168940e-30
8.556192200194168940e-30
8.556192200194168940e-30
8.556192200194168940e-30
8.556192200194168940e-30
8.556192200194168940e-30
8.556192200194168940e-30
8.556192200194168940e-30
8.556192200194168940e-30
8.556192200194168940e-30
8.556192200194168940e-30
8.556192200194168940e-30
8.556192200194168940e-30
8.556192200194168940e-30
8.556192200194168940e-30
8.556192200194168940e-30
8.556192200194168940e-30
8.556192200194168940e-30
8.556192200194168940e-30
8.556192200194168940e-30
8.556192200194168940e-30
8.556192200194168940e-30
8.556192200194168940e-30
8.556192200194168940e-30
8.556192200194168940e-30
8.556192200194168940e-30
8.556192200194168940e-30
8.556192200194168940e-30
8.556192200194168940e-30
8.556192200194168940e-30
8.556192200194168940e-30
8.556192200194168940e-30
8.556192200194168940e-30
8.556192200194168940e-30
8.556192200194168940e-30
8.556192200194168940e-30
8.556192200194168940e-30
8.556192200194168940e-30
8.556192200194168940e-30
8.556192200194168940e-30
8.556192200194168940e-30
8.556192200194168940e-30
8.556192200194168940e-30
8.556192200194168940e-30
8.556192200194168940e-30
8.556192200194168940e-30
8.556192200194168940e-30
8.556192200194168940e-30
8.556192200194168940e-30
8.556192200194168940e-30
8.556192200194168940e-30
8.556192200194168940e-30
8.556192200194168940e-30
8.556192200194167539e-30
8.556192200194167539e-30
8.556192200194167539e-30
8.556192200194167539e-30
8.556192200194167539e-30
8.556192200194167539e-30
8.556192200194167539e-30
8.556192200194167539e-30
8.556192200194167539e-30
8.556192200194167539e-30
8.556192200194167539e-30
8.556192200194167539e-30
8.556192200194167539e-30
8.556192200194167539e-30
8.556192200194167539e-30
8.556192200194167539e-30
8.556192200194167539e-30
8.556192200194167539e-30
8.556192200194167539e-30
8.556192200194167539e-30
8.556192200194167539e-30
8.556192200194167539e-30
8.556192200194167539e-30
8.556192200194167539e-30
8.556192200194167539e-30
8.556192200194167539e-30
8.556192200194167539e-30
8.556192200194167539e-30
8.556192200194167539e-30
8.556192200194167539e-30
8.556192200194167539e-30
8.556192200194167539e-30
8.556192200194167539e-30
8.556192200194166138e-30
8.556192200194147921e-30
8.556192200194054034e-30
8.556192200193643453e-30
8.556192200192284194e-30
8.556192200189819310e-30
8.556192200188639417e-30
8.556192200188604384e-30
8.556192200188604384e-30
8.556192200188604384e-30
8.556192200188604384e-30
8.556192200188604384e-30
8.556192200188604384e-30
8.556192200188604384e-30
8.556192200188604384e-30
8.556192200188604384e-30
8.556192200188604384e-30
8.556192200188604384e-30
8.556192200188604384e-30
8.556192200188604384e-30
8.556192200188604384e-30
8.556192200188604384e-30
8.556192200188604384e-30
8.556192200188604384e-30
8.556192200188604384e-30
8.556192200188604384e-30
8.556192200188604384e-30
8.556192200188604384e-30
8.556192200188604384e-30
8.556192200188604384e-30
8.556192200188604384e-30
8.556192200188604384e-30
8.556192200188604384e-30
8.556192200188604384e-30
8.556192200188602983e-30
8.556192200188597378e-30
8.556192200188524510e-30
8.556192200187867301e-30
8.556192200182901099e-30
8.556192200150057466e-30
8.556192199974329033e-30
8.556192199202315874e-30
8.556192196651396354e-30
8.556192192022569813e-30
8.556192189809272138e-30
8.556192189740607112e-30
8.556192189740593099e-30
8.556192189740593099e-30
8.556192189740593099e-30
8.556192189740593099e-30
8.556192189740593099e-30
8.556192189740593099e-30
8.556192189740593099e-30
8.556192189740593099e-30
8.556192189740593099e-30
8.556192189740593099e-30
8.556192189740593099e-30
8.556192189740593099e-30
8.556192189740593099e-30
8.556192189740593099e-30
8.556192189740593099e-30
8.556192189740593099e-30
8.556192189740593099e-30
8.556192189740593099e-30
8.556192189740593099e-30
8.556192189740593099e-30
8.556192189740593099e-30
8.556192189740593099e-30
8.556192189740593099e-30
8.556192189740591698e-30
8.556192189740548258e-30
8.556192189739900858e-30
8.556192189731846194e-30
8.556192189640553000e-30
8.556192188822086797e-30
8.556192182639314147e-30
8.556192141729476073e-30
8.556191922856278662e-30
8.556190961292587220e-30
8.556187784056295878e-30
8.556182018740978815e-30
8.556179262028691167e-30
8.556179176503951051e-30
8.556179176485672514e-30
8.556179176485672514e-30
8.556179176485672514e-30
8.556179176485672514e-30
8.556179176485672514e-30
8.556179176485672514e-30
8.556179176485672514e-30
8.556179176485672514e-30
8.556179176485672514e-30
8.556179176485672514e-30
8.556179176485672514e-30
8.556179176485672514e-30
8.556179176485672514e-30
8.556179176485672514e-30
8.556179176485672514e-30
8.556179176485672514e-30
8.556179176485672514e-30
8.556179176485672514e-30
8.556179176485672514e-30
8.556179176485672514e-30
8.556179176485671112e-30
8.556179176485581429e-30
8.556179176483756939e-30
8.556179176447864080e-30
8.556179175910470323e-30
8.556179169213749040e-30
8.556179093319522303e-30
8.556178412901124737e-30
8.556173272965092967e-30
8.556139263468252253e-30
8.555957312619147955e-30
8.555158049428448921e-30
8.552518153071001289e-30
8.547732031316851561e-30
8.545445415243914349e-30
8.545374494396315645e-30
8.545374479239532341e-30
8.545374479239532341e-30
8.545374479239532341e-30
8.545374479239532341e-30
8.545374479239532341e-30
8.545374479239532341e-30
8.545374479239532341e-30
8.545374479239532341e-30
8.545374479239532341e-30
8.545374479239532341e-30
8.545374479239532341e-30
8.545374479239532341e-30
8.545374479239532341e-30
8.545374479239532341e-30
8.545374479239532341e-30
8.545374479239532341e-30
8.545374479239532341e-30
8.545374479239532341e-30
8.545374479239530940e-30
8.545374479239474888e-30
8.545374479237499057e-30
8.545374479187823026e-30
8.545374478172059605e-30
8.545374458183590788e-30
8.545374158925229269e-30
8.545370429706986913e-30
8.545328166545365935e-30
8.544949281105510186e-30
8.542088232831698569e-30
8.523205574296738682e-30
8.423582313553090567e-30
8.012155410261478089e-30
6.898783969027681069e-30
5.509536073445226891e-30
5.025624460352377822e-30
5.011967322016198535e-30
5.011964411202891054e-30
5.011964411202886149e-30
5.011964411202886149e-30
5.011964411202886149e-30
5.011964411202886149e-30
5.011964411202886149e-30
5.011964411202886149e-30
5.011964411202886149e-30
5.011964411202886149e-30
5.011964411202886149e-30
5.011964411202886149e-30
5.011964411202886149e-30
5.011964411202886149e-30
5.011964411202886149e-30
5.011964411202886149e-30
5.011964411202886149e-30
5.011964411202881245e-30
5.011964411202660540e-30
5.011964411195310029e-30
5.011964410939039165e-30
5.011964404494491349e-30
5.011964272719571718e-30
5.011961679614900459e-30
5.011922857138170475e-30
5.011439119736408048e-30
5.005963421811419302e-30
4.957401213304624233e-30
4.618921023412827536e-30
3.181564739710365519e-30
1.193876718681285094e-30
3.188187394841702067e-31
9.317118457369999315e-32
4.078793088087285026e-32
3.214606563460235732e-32
3.193614325191298640e-32
3.193609868121049785e-32
3.193609868121042122e-32
3.193609868121042122e-32
3.193609868121042122e-32
3.193609868121042122e-32
3.193609868121042122e-32
3.193609868121042122e-32
3.193609868121042122e-32
3.193609868121042122e-32
3.193609868121042122e-32
3.193609868121042122e-32
3.193609868121042122e-32
3.193609868121042122e-32
3.193609868121042122e-32
3.193609868121042122e-32
3.193609868121036648e-32
3.193609868120807295e-32
3.193609868113160913e-32
3.193609867846578659e-32
3.193609861142727942e-32
3.193609724065701079e-32
3.193607026625578877e-32
3.193566642309375038e-32
3.193063477194626486e-32
3.187372146345194450e-32
3.137239424728375531e-32
2.804073988350764012e-32
1.646860371937908611e-32
5.133687318646971782e-33
1.275843855169574329e-33
3.662999207777290706e-34
1.597052005713846204e-34
1.257836684289461633e-34
1.249602346145118532e-34
1.249600597859589553e-34
1.249600597859586773e-34
1.249600597859586773e-34
1.249600597859586773e-34
1.249600597859586773e-34
1.249600597859586773e-34
1.249600597859586773e-34
1.249600597859586773e-34
1.249600597859586773e-34
1.249600597859586773e-34
1.249600597859586773e-34
1.249600597859586773e-34
1.249600597859586773e-34
1.249600597859586773e-34
1.249600597859586773e-34
1.249600597859585491e-34
1.249600597859523696e-34
1.249600597857474862e-34
1.249600597786047470e-34
1.249600595989827921e-34
1.249600559261625397e-34
1.249599836513567068e-34
1.249589015954474285e-34
1.249454190841837148e-34
1.247928242870124580e-34
1.234412280942023501e-34
1.141055458567077571e-34
7.604932430303961090e-35
2.731298433100175389e-35
7.158579993131114213e-36
2.082061291456097229e-36
9.104669118984088692e-37
7.174328891488624617e-37
7.127447104103174933e-37
7.127437150210060894e-37
7.127437150210045024e-37
7.127437150210045024e-37
7.127437150210045024e-37
7.127437150210045024e-37
7.127437150210045024e-37
7.127437150210045024e-37
7.127437150210045024e-37
7.127437150210045024e-37
7.127437150210045024e-37
7.127437150210045024e-37
7.127437150210045024e-37
7.127437150210045024e-37
7.127437150210045024e-37
7.127437150210038342e-37
7.127437150209799464e-37
7.127437150201788687e-37
7.127437149922528207e-37
7.127437142899850625e-37
7.127436999303620468e-37
7.127434173575443411e-37
7.127391868311245429e-37
7.126864721693701061e-37
7.120895991479316396e-37
7.067827503570601055e-37
6.691137588484347480e-37
4.946692077188038045e-37
2.065568484607170800e-37
5.804151594826880737e-38
1.719359228055337506e-38
7.550844867093579638e-39
5.954147626112352607e-39
5.915340876589295811e-39
5.915332637038447352e-39
5.915332637038434302e-39
5.915332637038434302e-39
5.915332637038434302e-39
5.915332637038434302e-39
5.915332637038434302e-39
5.915332637038434302e-39
5.915332637038434302e-39
5.915332637038434302e-39
5.915332637038434302e-39
5.915332637038434302e-39
5.915332637038434302e-39
5.915332637038434302e-39
5.915332637038434302e-39
5.915332637038430387e-39
5.915332637038293355e-39
5.915332637033716507e-39
5.915332636874168897e-39
5.915332632861934058e-39
5.915332550821750157e-39
5.915330936411075525e-39
5.915306766285495211e-39
5.915005585867448962e-39
5.911594437483557206e-39
5.881187142360095599e-39
5.661216421874802830e-39
4.538113179775634035e-39
2.201482688525203909e-39
6.748791538887101165e-40
2.050491884103828729e-40
9.059951290247475448e-41
7.151356447565086473e-41
7.104921216189729134e-41
7.104911356697476411e-41
7.104911356697460098e-41
7.104911356697460098e-41
7.104911356697460098e-41
7.104911356697460098e-41
7.104911356697460098e-41
7.104911356697460098e-41
7.104911356697460098e-41
7.104911356697460098e-41
7.104911356697460098e-41
7.104911356697460098e-41
7.104911356697460098e-41
7.104911356697460098e-41
7.104911356697458059e-41
7.104911356697342846e-41
7.104911356693544915e-41
7.104911356561127115e-41
7.104911353231128641e-41
7.104911285140985576e-41
7.104909945243137022e-41
7.104889884955266947e-41
7.104639912378570173e-41
7.101808191298230247e-41
7.076521293216449381e-41
6.891167537520704095e-41
5.873266095067060082e-41
3.280651834709671571e-41
1.116135813165525722e-41
3.509773303704161516e-42
1.564094102311429703e-42
1.236369370168349637e-42
1.228384257562840096e-42
1.228382562041938626e-42
1.228382562041935918e-42
1.228382562041935918e-42
1.228382562041935918e-42
1.228382562041935918e-42
1.228382562041935918e-42
1.228382562041935918e-42
1.228382562041935918e-42
1.228382562041935918e-42
1.228382562041935918e-42
1.228382562041935918e-42
1.228382562041935918e-42
1.228382562041935440e-42
1.228382562041921899e-42
1.228382562041466752e-42
1.228382562025597167e-42
1.228382561626517448e-42
1.228382553466334108e-42
1.228382392887840324e-42
1.228379988783832749e-42
1.228350030735097473e-42
1.228010616985497674e-42
1.224976011682609337e-42
1.202528031938519719e-42
1.072485454579778848e-42
6.794035721866479686e-43
2.602889247804794866e-43
8.566812889932270948e-44
3.863542377641174631e-44
3.060202021944501449e-44
3.040587762687396141e-44
3.040583597683042979e-44
3.040583597683036009e-44
3.040583597683036009e-44
3.040583597683036009e-44
3.040583597683036009e-44
3.040583597683036009e-44
3.040583597683036009e-44
3.040583597683036009e-44
3.040583597683036009e-44
3.040583597683036009e-44
3.040583597683036009e-44
3.040583597683036009e-44
3.040583597683035511e-44
3.040583597683012113e-44
3.040583597682229506e-44
3.040583597654937353e-44
3.040583596968612946e-44
3.040583582934987144e-44
3.040583306777148710e-44
3.040579172272121004e-44
3.040527650915843838e-44
3.039943879189903165e-44
3.034720156825448953e-44
2.995832302451517145e-44
2.761672676640651886e-44
1.947340951142041187e-44
8.483548146903856318e-45
2.961351600633522454e-45
1.357696392159268953e-45
1.078448836177719487e-45
1.071610911570928428e-45
1.071609459466004198e-45
1.071609459466001865e-45
1.071609459466001865e-45
1.071609459466001865e-45
1.071609459466001865e-45
1.071609459466001865e-45
1.071609459466001865e-45
1.071609459466001865e-45
1.071609459466001865e-45
1.071609459466001865e-45
1.071609459466001865e-45
1.071609459466001553e-45
1.071609459465995797e-45
1.071609459465803817e-45
1.071609459459112831e-45
1.071609459290847632e-45
1.071609455850249521e-45
1.071609388145136907e-45
1.071608374495648634e-45
1.071595743022950749e-45
1.071452610813234435e-45
1.070171086213293420e-45
1.060588497367764194e-45
1.001265462948433986e-45
7.706458942951327982e-46
3.830461178670923951e-46
1.439004599888021135e-46
6.746755133113750645e-47
5.380304691496901898e-47
5.346708818226670169e-47
5.346701683099554682e-47
5.346701683099543014e-47
5.346701683099543014e-47
5.346701683099543014e-47
5.346701683099543014e-47
5.346701683099543014e-47
5.346701683099543014e-47
5.346701683099543014e-47
5.346701683099543014e-47
5.346701683099543014e-47
5.346701683099543014e-47
5.346701683099543014e-47
5.346701683099523567e-47
5.346701683098857510e-47
5.346701683075637884e-47
5.346701682491738195e-47
5.346701670552425409e-47
5.346701435607092514e-47
5.346697918113630799e-47
5.346654085116717184e-47
5.346157374118890604e-47
5.341708304565843762e-47
5.308337403177456866e-47
5.097620325585607935e-47
4.204651898798985827e-47
2.376072460864359654e-47
9.750006975780144769e-48
4.710199166419186992e-48
3.776740652111467281e-48
3.753661950490458047e-48
3.753657048352853438e-48
3.753657048352845538e-48
3.753657048352845538e-48
3.753657048352845538e-48
3.753657048352845538e-48
3.753657048352845538e-48
3.753657048352845538e-48
3.753657048352845538e-48
3.753657048352845538e-48
3.753657048352845538e-48
3.753657048352845538e-48
3.753657048352835814e-48
3.753657048352511294e-48
3.753657048341198654e-48
3.753657048056711444e-48
3.753657042239647032e-48
3.753656927769732524e-48
3.753655213978471082e-48
3.753633857631535034e-48
3.753391842224689057e-48
3.751223482247267549e-48
3.734924097203761079e-48
3.630544755008190529e-48
3.158315272778948039e-48
2.009828771657767797e-48
9.129150719149504385e-49
4.586713050047883462e-49
3.705183081008119965e-49
3.683221489447820322e-49
3.683216823733739135e-49
3.683216823733731539e-49
3.683216823733731539e-49
3.683216823733731539e-49
3.683216823733731539e-49
3.683216823733731539e-49
3.683216823733731539e-49
3.683216823733731539e-49
3.683216823733731539e-49
3.683216823733731539e-49
3.683216823733731539e-49
3.683216823733725462e-49
3.683216823733505164e-49
3.683216823725838063e-49
3.683216823533051450e-49
3.683216819591038667e-49
3.683216742018949497e-49
3.683215580644898452e-49
3.683201108197255998e-49
3.683037099280059138e-49
3.681567353855847341e-49
3.670502555188036104e-49
3.598932888638802026e-49
3.258957838297520620e-49
2.303133718647833048e-49
1.169634689319769358e-49
6.178571085118706586e-50
5.041382974234215280e-50
5.012759549169124791e-50
5.012753466629409332e-50
5.012753466629400786e-50
5.012753466629400786e-50
5.012753466629400786e-50
5.012753466629400786e-50
5.012753466629400786e-50
5.012753466629400786e-50
5.012753466629400786e-50
5.012753466629400786e-50
5.012753466629400786e-50
5.012753466629400786e-50
5.012753466629394139e-50
5.012753466629189035e-50
5.012753466622045519e-50
5.012753466442401722e-50
5.012753462769145791e-50
5.012753390485721136e-50
5.012752308291017229e-50
5.012738822517734755e-50
5.012585992745951283e-50
5.011216236251477723e-50
5.000893114096473019e-50
4.933644970933989064e-50
4.602519062650743243e-50
3.554462468710402679e-50
2.028315582914259648e-50
1.140075900558282777e-50
9.426839017957367642e-51
9.376473215164839554e-51
9.376462508717405825e-51
9.376462508717388021e-51
9.376462508717388021e-51
9.376462508717388021e-51
9.376462508717388021e-51
9.376462508717388021e-51
9.376462508717388021e-51
9.376462508717388021e-51
9.376462508717388021e-51
9.376462508717388021e-51
9.376462508717388021e-51
9.376462508717380899e-51
9.376462508717122145e-51
9.376462508708101355e-51
9.376462508481234438e-51
9.376462503842393214e-51
9.376462412557905214e-51
9.376461045887801045e-51
9.376444015107185761e-51
9.376251008869103690e-51
9.374520994920087172e-51
9.361472917439294934e-51
9.276044035527919490e-51
8.844240757169752208e-51
7.342621559113384614e-51
4.703762053712738164e-51
2.847076743062236746e-51
2.395039298829923155e-51
2.383299670324725877e-51
2.383297173680808031e-51
2.383297173680803877e-51
2.383297173680803877e-51
2.383297173680803877e-51
2.383297173680803877e-51
2.383297173680803877e-51
2.383297173680803877e-51
2.383297173680803877e-51
2.383297173680803877e-51
2.383297173680803877e-51
2.383297173680802987e-51
2.383297173680759070e-51
2.383297173679244527e-51
2.383297173641150089e-51
2.383297172862220062e-51
2.383297157534195377e-51
2.383296928049925383e-51
2.383294068326245664e-51
2.383261659435660706e-51
2.382971141698193839e-51
2.380778831816674082e-51
2.366373906663181231e-51
2.292173831454175829e-51
2.014646721926165227e-51
1.438967536238905210e-51
9.476192062100577017e-52
8.146164940415477395e-52
8.110847166276650693e-52
8.110839651040380331e-52
8.110839651040368461e-52
8.110839651040368461e-52
8.110839651040368461e-52
8.110839651040368461e-52
8.110839651040368461e-52
8.110839651040368461e-52
8.110839651040368461e-52
8.110839651040368461e-52
8.110839651040368461e-52
8.110839651040365494e-52
8.110839651040270538e-52
8.110839651036976763e-52
8.110839650954116065e-52
8.110839649259802624e-52
8.110839615918600170e-52
8.110839116749146827e-52
8.110832896334228709e-52
8.110762400773982081e-52
8.110130438010773815e-52
8.105359716496758539e-52
8.073933948594394089e-52
7.909857182037171748e-52
7.261555578663020682e-52
5.714072612133582945e-52
4.120636855835540074e-52
3.635837456956697703e-52
3.622614750847864133e-52
3.622611935225558304e-52
3.622611935225553853e-52
3.622611935225553853e-52
3.622611935225553853e-52
3.622611935225553853e-52
3.622611935225553853e-52
3.622611935225553853e-52
3.622611935225553853e-52
3.622611935225553853e-52
3.622611935225553853e-52
3.622611935225553111e-52
3.622611935225527146e-52
3.622611935224632486e-52
3.622611935202122056e-52
3.622611934741845922e-52
3.622611925684394770e-52
3.622611790080321619e-52
3.622610100245607090e-52
3.622590949387033283e-52
3.622419264246625355e-52
3.621122865408740936e-52
3.612568250606659980e-52
3.567477928809231196e-52
3.382026649852986974e-52
2.886261608611600750e-52
2.279837155421242800e-52
2.071705629423044611e-52
2.065854573470058493e-52
2.065853326539160408e-52
2.065853326539158553e-52
2.065853326539158553e-52
2.065853326539158553e-52
2.065853326539158553e-52
2.065853326539158553e-52
2.065853326539158553e-52
2.065853326539158553e-52
2.065853326539158553e-52
2.065853326539158182e-52
2.065853326539150022e-52
2.065853326538861446e-52
2.065853326531609206e-52
2.065853326383316999e-52
2.065853323465180291e-52
2.065853279776147648e-52
2.065852735343679319e-52
2.065846565287402365e-52
2.065791250208387500e-52
2.065373490996391612e-52
2.062613536352510483e-52
2.047971814124267679e-52
1.986035294790250041e-52
1.805602061708414376e-52
1.550065208965337101e-52
1.451819639066914449e-52
1.448970438665261414e-52
1.448969830941285277e-52
1.448969830941284350e-52
1.448969830941284350e-52
1.448969830941284350e-52
1.448969830941284350e-52
1.448969830941284350e-52
1.448969830941284350e-52
1.448969830941284350e-52
1.448969830941284350e-52
1.448969830941284350e-52
1.448969830941281568e-52
1.448969830941178823e-52
1.448969830938599256e-52
1.448969830885850820e-52
1.448969829847852476e-52
1.448969814307406860e-52
1.448969620649554177e-52
1.448967425920485329e-52
1.448947749699193825e-52
1.448799131082421781e-52
1.447816527145385885e-52
1.442582021407738037e-52
1.420026946730015482e-52
1.350268689820163389e-52
1.239756675732554160e-52
1.193066784591424120e-52
1.191674447166145850e-52
1.191674149948932332e-52
1.191674149948931961e-52
1.191674149948931961e-52
1.191674149948931961e-52
1.191674149948931961e-52
1.191674149948931961e-52
1.191674149948931961e-52
1.191674149948931961e-52
1.191674149948931961e-52
1.191674149948930849e-52
1.191674149948893942e-52
1.191674149947970350e-52
1.191674149929083628e-52
1.191674149557424139e-52
1.191674143993108236e-52
1.191674074653167654e-52
1.191673288821231427e-52
1.191666243607736757e-52
1.191613026145871628e-52
1.191261019444732705e-52
1.189381262823113205e-52
1.181192825557047878e-52
1.154920193869371391e-52
1.110115357852020689e-52
1.089897854470490560e-52
1.089282393720537649e-52
1.089282262261123291e-52
1.089282262261123105e-52
1.089282262261123105e-52
1.089282262261123105e-52
1.089282262261123105e-52
1.089282262261123105e-52
1.089282262261123105e-52
1.089282262261123105e-52
1.089282262261123105e-52
1.089282262261122549e-52
1.089282262261110679e-52
1.089282262260810605e-52
1.089282262254676319e-52
1.089282262133962802e-52
1.089282260326689011e-52
1.089282237805277248e-52
1.089281982569225228e-52
1.089279694293559417e-52
1.089262408771520799e-52
1.089148048681150270e-52
1.088536614297726758e-52
1.085858545519838268e-52
1.077102512464938902e-52
1.061569468818838313e-52
1.054299503562520550e-52
1.054075550956752539e-52
1.054075503104704057e-52
1.054075503104703686e-52
1.054075503104703686e-52
1.054075503104703686e-52
1.054075503104703686e-52
1.054075503104703686e-52
1.054075503104703686e-52
1.054075503104703686e-52
1.054075503104703686e-52
1.054075503104703686e-52
1.054075503104700533e-52
1.054075503104620043e-52
1.054075503102975567e-52
1.054075503070613670e-52
1.054075502586103995e-52
1.054075496548368943e-52
1.054075428122465221e-52
1.054074814660559892e-52
1.054070180539241980e-52
1.054039518761145356e-52
1.053875504368233638e-52
1.053155553065150760e-52
1.050783639913194646e-52
1.046506806615178473e-52
1.044474096241491301e-52
1.044411159331905815e-52
1.044411145882102131e-52
1.044411145882102131e-52
1.044411145882102131e-52
1.044411145882102131e-52
1.044411145882102131e-52
1.044411145882102131e-52
1.044411145882102131e-52
1.044411145882102131e-52
1.044411145882102131e-52
1.044411145882101389e-52
1.044411145882084883e-52
1.044411145881743265e-52
1.044411145875024966e-52
1.044411145774441866e-52
1.044411144521019876e-52
1.044411130315935952e-52
1.044411002962376897e-52
1.044410040923560752e-52
1.044403675401494489e-52
1.044369620309217779e-52
1.044220034214366790e-52
1.043726070332835214e-52
1.042830930091841163e-52
1.042403456586684076e-52
1.042390200171960138e-52
1.042390197338890365e-52
1.042390197338890365e-52
1.042390197338890365e-52
1.042390197338890365e-52
1.042390197338890365e-52
1.042390197338890365e-52
1.042390197338890365e-52
1.042390197338890365e-52
1.042390197338890365e-52
1.042390197338890365e-52
1.042390197338887583e-52
1.042390197338834356e-52
1.042390197337786319e-52
1.042390197322094152e-52
1.042390197126548142e-52
1.042390194910415791e-52
1.042390175042010759e-52
1.042390024954382065e-52
1.042389031863716844e-52
1.042383718725497638e-52
1.042360377443325825e-52
1.042283259663011063e-52
1.042143353098191674e-52
1.042076469330483517e-52
1.042074394453009699e-52
1.042074394009576515e-52
1.042074394009576515e-52
1.042074394009576515e-52
1.042074394009576515e-52
1.042074394009576515e-52
1.042074394009576515e-52
1.042074394009576515e-52
1.042074394009576515e-52
1.042074394009576515e-52
1.042074394009576144e-52
1.042074394009569838e-52
1.042074394009448176e-52
1.042074394007624174e-52
1.042074393984894159e-52
1.042074393727294057e-52
1.042074391417819904e-52
1.042074373971852714e-52
1.042074258536329105e-52
1.042073640940984590e-52
1.042070927701311007e-52
1.042061962604979251e-52
1.042045695193633650e-52
1.042037917027109289e-52
1.042037675717643238e-52
1.042037675666071549e-52
1.042037675666071549e-52
1.042037675666071549e-52
1.042037675666071549e-52
1.042037675666071549e-52
1.042037675666071549e-52
1.042037675666071549e-52
1.042037675666071549e-52
1.042037675666071549e-52
1.042037675666071178e-52
1.042037675666060421e-52
1.042037675665902595e-52
1.042037675663934304e-52
1.042037675641627138e-52
1.042037675441636201e-52
1.042037673930886922e-52
1.042037663934642926e-52
1.042037610453378560e-52
1.042037375497086613e-52
1.042036599145710499e-52
1.042035190403847657e-52
1.042034516808060573e-52
1.042034495910310034e-52
1.042034495905843779e-52
1.042034495905843779e-52
1.042034495905843779e-52
1.042034495905843779e-52
1.042034495905843779e-52
1.042034495905843779e-52
1.042034495905843779e-52
1.042034495905843779e-52
1.042034495905843779e-52
1.042034495905843779e-52
1.042034495905843037e-52
1.042034495905832837e-52
1.042034495905705611e-52
1.042034495904263657e-52
1.042034495891335034e-52
1.042034495793670523e-52
1.042034495147450031e-52
1.042034491690082843e-52
1.042034476501017744e-52
1.042034426312694424e-52
1.042034335242423206e-52
1.042034291696712249e-52
1.042034290345742032e-52
1.042034290345453270e-52
1.042034290345453270e-52
1.042034290345453270e-52
1.042034290345453270e-52
1.042034290345453270e-52
1.042034290345453270e-52
1.042034290345453270e-52
1.042034290345453270e-52
1.042034290345453270e-52
1.042034290345453270e-52
1.042034290345452714e-52
1.042034290345446408e-52
1.042034290345376860e-52
1.042034290344751488e-52
1.042034290340026702e-52
1.042034290308764399e-52
1.042034290141507763e-52
1.042034289406707348e-52
1.042034286978750579e-52
1.042034282573050283e-52
1.042034280466442073e-52
1.042034280401086417e-52
1.042034280401072322e-52
1.042034280401072322e-52
1.042034280401072322e-52
1.042034280401072322e-52
1.042034280401072322e-52
1.042034280401072322e-52
1.042034280401072322e-52
1.042034280401072322e-52
1.042034280401072322e-52
1.042034280401072322e-52
1.042034280401072322e-52
1.042034280401072137e-52
1.042034280401069540e-52
1.042034280401046914e-52
1.042034280400875363e-52
1.042034280399740902e-52
1.042034280393671528e-52
1.042034280367006231e-52
1.042034280278898119e-52
1.042034280119020021e-52
1.042034280042573467e-52
1.042034280040201616e-52
1.042034280040201059e-52
1.042034280040201059e-52
1.042034280040201059e-52
1.042034280040201059e-52
1.042034280040201059e-52
1.042034280040201059e-52
1.042034280040201059e-52
1.042034280040201059e-52
1.042034280040201059e-52
1.042034280040201059e-52
1.042034280040201059e-52
1.042034280040201059e-52
1.042034280040201059e-52
1.042034280040200503e-52
1.042034280040195866e-52
1.042034280040164894e-52
1.042034280039999093e-52
1.042034280039271718e-52
1.042034280036867596e-52
1.042034280032505198e-52
1.042034280030419326e-52
1.042034280030354786e-52
1.042034280030354786e-52
1.042034280030354786e-52
1.042034280030354786e-52
1.042034280030354786e-52
1.042034280030354786e-52
1.042034280030354786e-52
1.042034280030354786e-52
1.042034280030354786e-52
1.042034280030354786e-52
1.042034280030354786e-52
1.042034280030354786e-52
1.042034280030354786e-52
1.042034280030354786e-52
1.042034280030354600e-52
1.042034280030353859e-52
1.042034280030350706e-52
1.042034280030335684e-52
1.042034280030286351e-52
1.042034280030196588e-52
1.042034280030153747e-52
1.042034280030152449e-52
1.042034280030152449e-52
1.042034280030152449e-52
1.042034280030152449e-52
1.042034280030152449e-52
1.042034280030152449e-52
1.042034280030152449e-52
1.042034280030152449e-52
1.042034280030152449e-52
1.042034280030152449e-52
1.042034280030152449e-52
1.042034280030152449e-52
1.042034280030152449e-52
1.042034280030152449e-52
1.042034280030152449e-52
1.042034280030152449e-52
1.042034280030152449e-52
1.042034280030152078e-52
1.042034280030151151e-52
1.042034280030149852e-52
1.042034280030149110e-52
1.042034280030149110e-52
1.042034280030149110e-52
1.042034280030149110e-52
1.042034280030149110e-52
1.042034280030149110e-52
1.042034280030149110e-52
1.042034280030149110e-52
1.042034280030149110e-52
1.042034280030149110e-52
1.042034280030149110e-52
1.042034280030149110e-52
1.042034280030149110e-52
1.042034280030149110e-52
1.042034280030149110e-52
1.042034280030149110e-52
1.042034280030149110e-52
1.042034280030149110e-52
1.042034280030149110e-52
1.042034280030149110e-52
1.042034280030149110e-52
1.042034280030149110e-52
1.042034280030149110e-52
1.042034280030149110e-52
1.042034280030149110e-52
1.042034280030149110e-52
1.042034280030149110e-52
1.042034280030149110e-52
1.042034280030149110e-52
1.042034280030149110e-52
1.042034280030149110e-52
1.042034280030149110e-52
1.042034280030149110e-52
1.042034280030149110e-52
1.042034280030149110e-52
1.042034280030149110e-52
1.042034280030149110e-52
1.042034280030149110e-52
1.042034280030149110e-52
1.042034280030149110e-52
1.042034280030149110e-52
1.042034280030149110e-52
1.042034280030149110e-52
1.042034280030149110e-52
1.042034280030149110e-52
1.042034280030149110e-52
1.042034280030149110e-52
1.042034280030149110e-52
1.042034280030149110e-52
1.042034280030149110e-52
1.042034280030149110e-52
1.042034280030149110e-52
1.042034280030149110e-52
1.042034280030149110e-52
1.042034280030149110e-52
1.042034280030149110e-52
1.042034280030149110e-52
1.042034280030149110e-52
1.042034280030149110e-52
1.042034280030149110e-52
1.042034280030149110e-52
1.042034280030149110e-52
1.042034280030149110e-52
1.042034280030149110e-52
1.042034280030149110e-52
1.042034280030149110e-52
1.042034280030149110e-52
1.042034280030149110e-52
1.042034280030149110e-52
1.042034280030149110e-52
1.042034280030149110e-52
1.042034280030149110e-52
1.042034280030149110e-52
1.042034280030149110e-52
1.042034280030149110e-52
1.042034280030149110e-52
1.042034280030149110e-52
1.042034280030149110e-52
1.042034280030149110e-52
1.042034280030149110e-52
1.042034280030149110e-52
1.042034280030149110e-52
1.042034280030149110e-52
1.042034280030149110e-52
1.042034280030149110e-52
1.042034280030149110e-52
1.042034280030149110e-52
1.042034280030149110e-52
1.042034280030149110e-52
1.042034280030149110e-52
1.042034280030149110e-52
1.042034280030149110e-52
1.042034280030149110e-52
1.042034280030149110e-52
1.042034280030149110e-52
1.042034280030149110e-52
1.042034280030149110e-52
1.042034280030149110e-52
1.042034280030149110e-52
1.042034280030149110e-52
1.042034280030149110e-52
1.042034280030149110e-52
1.042034280030149110e-52
1.042034280030149110e-52
1.042034280030149110e-52
1.042034280030149110e-52
1.042034280030149110e-52
1.042034280030149110e-52
1.042034280030149110e-52
1.042034280030149110e-52
1.042034280030149110e-52
1.042034280030149110e-52
1.042034280030149110e-52
1.042034280030149110e-52
1.042034280030149110e-52
1.042034280030149110e-52
1.042034280030149110e-52
1.042034280030149110e-52
1.042034280030149110e-52
1.042034280030149110e-52
1.042034280030149110e-52
1.042034280030149110e-52
1.042034280030149110e-52
1.042034280030149110e-52
1.042034280030149110e-52
1.042034280030149110e-52
1.042034280030149110e-52
1.042034280030149110e-52
1.042034280030149110e-52
1.042034280030149110e-52
1.042034280030149110e-52
1.042034280030149110e-52
1.042034280030149110e-52
1.042034280030149110e-52
1.042034280030149110e-52
1.042034280030149110e-52
1.042034280030149110e-52
1.042034280030149110e-52
1.042034280030149110e-52
1.042034280030149110e-52
1.042034280030149110e-52
1.042034280030149110e-52
1.042034280030149110e-52
1.042034280030149110e-52
1.042034280030149110e-52
1.042034280030149110e-52
1.042034280030149110e-52
1.042034280030149110e-52
1.042034280030149110e-52
1.042034280030149110e-52
1.042034280030149110e-52
1.042034280030149110e-52
1.042034280030149110e-52
1.042034280030149110e-52
1.042034280030149110e-52
1.042034280030149110e-52
1.042034280030149110e-52
1.042034280030149110e-52
1.042034280030149110e-52
1.042034280030149110e-52
1.042034280030149110e-52
1.042034280030149110e-52
1.042034280030149110e-52
1.042034280030149110e-52
1.042034280030149110e-52
1.042034280030149110e-52
1.042034280030149110e-52
1.042034280030149110e-52
1.042034280030149110e-52
1.042034280030149110e-52
1.042034280030149110e-52
1.042034280030149110e-52
1.042034280030149110e-52
1.042034280030149110e-52
1.042034280030149110e-52
1.042034280030149110e-52
1.042034280030149110e-52
1.042034280030149110e-52
1.042034280030149110e-52
1.042034280030149110e-52
1.042034280030149110e-52
1.042034280030149110e-52
1.042034280030149110e-52
1.042034280030149110e-52
1.042034280030149110e-52
1.042034280030149110e-52
1.042034280030149110e-52
1.042034280030149110e-52
1.042034280030149110e-52
1.042034280030149110e-52
1.042034280030149110e-52
1.042034280030149110e-52
1.042034280030149110e-52
1.042034280030149110e-52
1.042034280030149110e-52
1.042034280030149110e-52
1.042034280030149110e-52
1.042034280030149110e-52
1.042034280030149110e-52
1.042034280030149110e-52
1.042034280030149110e-52
1.042034280030149110e-52
1.042034280030149110e-52
1.042034280030149110e-52
1.042034280030149110e-52
1.042034280030149110e-52
1.042034280030149110e-52
1.042034280030149110e-52
1.042034280030149110e-52
1.042034280030149110e-52
1.042034280030149110e-52
1.042034280030149110e-52
1.042034280030149110e-52
1.042034280030149110e-52
1.042034280030149110e-52
1.042034280030149110e-52
1.042034280030149110e-52
1.042034280030149110e-52
1.042034280030149110e-52
1.042034280030149110e-52
1.042034280030149110e-52
1.042034280030149110e-52
1.042034280030149110e-52
1.042034280030149110e-52
1.042034280030149110e-52
1.042034280030149110e-52
1.042034280030149110e-52
1.042034280030149110e-52
1.042034280030149110e-52
1.042034280030149110e-52
1.042034280030149110e-52
1.042034280030149110e-52
1.042034280030149110e-52
1.042034280030149110e-52
1.042034280030149110e-52
1.042034280030149110e-52
1.042034280030149110e-52
1.042034280030149110e-52
1.042034280030149110e-52
1.042034280030149110e-52
1.042034280030149110e-52
1.042034280030149110e-52
1.042034280030149110e-52
1.042034280030149110e-52
1.042034280030149110e-52
1.042034280030149110e-52
1.042034280030149110e-52
1.042034280030149110e-52
1.042034280030149110e-52
1.042034280030149110e-52
1.042034280030149110e-52
1.042034280030149110e-52
1.042034280030149110e-52
1.042034280030149110e-52
1.042034280030149110e-52
1.042034280030149110e-52
1.042034280030149110e-52
1.042034280030149110e-52
1.042034280030149110e-52
1.042034280030149110e-52
1.042034280030149110e-52
1.042034280030149110e-52
1.042034280030149110e-52
1.042034280030149110e-52
1.042034280030149110e-52
1.042034280030149110e-52
1.042034280030149110e-52
1.042034280030149110e-52
1.042034280030149110e-52
1.042034280030149110e-52
1.042034280030149110e-52
1.042034280030149110e-52
1.042034280030149110e-52
1.042034280030149110e-52
1.042034280030149110e-52
1.042034280030149110e-52
1.042034280030149110e-52
1.042034280030149110e-52
1.042034280030149110e-52
1.042034280030149110e-52
1.042034280030149110e-52
1.042034280030149110e-52
1.042034280030149110e-52
1.042034280030149110e-52
1.042034280030149110e-52
1.042034280030149110e-52
1.042034280030149110e-52
1.042034280030149110e-52
1.042034280030149110e-52
1.042034280030149110e-52
1.042034280030149110e-52
1.042034280030149110e-52
1.042034280030149110e-52
1.042034280030149110e-52
1.042034280030149110e-52
1.042034280030149110e-52
1.042034280030149110e-52
1.042034280030149110e-52
1.042034280030149110e-52
1.042034280030149110e-52
1.042034280030149110e-52
1.042034280030149110e-52
1.042034280030149110e-52
1.042034280030149110e-52
1.042034280030149110e-52
1.042034280030149110e-52
1.042034280030149110e-52
1.042034280030149110e-52
1.042034280030149110e-52
1.042034280030149110e-52
1.042034280030149110e-52
1.042034280030149110e-52
1.042034280030149110e-52
1.042034280030149110e-52
1.042034280030149110e-52
1.042034280030149110e-52
1.042034280030149110e-52
1.042034280030149110e-52
1.042034280030149110e-52
1.042034280030149110e-52
1.042034280030149110e-52
1.042034280030149110e-52
1.042034280030149110e-52
1.042034280030149110e-52
1.042034280030149110e-52
1.042034280030149110e-52
1.042034280030149110e-52
1.042034280030149110e-52
1.042034280030149110e-52
1.042034280030149110e-52
1.042034280030149110e-52
1.042034280030149110e-52
1.042034280030149110e-52
1.042034280030149110e-52
1.042034280030149110e-52
1.042034280030149110e-52
1.042034280030149110e-52
1.042034280030149110e-52
1.042034280030149110e-52
1.042034280030149110e-52
1.042034280030149110e-52
1.042034280030149110e-52
1.042034280030149110e-52
1.042034280030149110e-52
1.042034280030149110e-52
1.042034280030149110e-52
1.042034280030149110e-52
1.042034280030149110e-52
1.042034280030149110e-52
1.042034280030149110e-52
1.042034280030149110e-52
1.042034280030149110e-52
1.042034280030149110e-52
1.042034280030149110e-52
1.042034280030149110e-52
1.042034280030149110e-52
1.042034280030149110e-52
1.042034280030149110e-52
1.042034280030149110e-52
1.042034280030149110e-52
1.042034280030149110e-52
1.042034280030149110e-52
1.042034280030149110e-52
1.042034280030149110e-52
1.042034280030149110e-52
1.042034280030149110e-52
1.042034280030149110e-52
1.042034280030149110e-52
1.042034280030149110e-52
1.042034280030149110e-52
1.042034280030149110e-52
1.042034280030149110e-52
1.042034280030149110e-52
1.042034280030149110e-52
1.042034280030149110e-52
1.042034280030149110e-52
1.042034280030149110e-52
1.042034280030149110e-52
1.042034280030149110e-52
1.042034280030149110e-52
1.042034280030149110e-52
1.042034280030149110e-52
1.042034280030149110e-52
1.042034280030149110e-52
1.042034280030149110e-52
1.042034280030149110e-52
1.042034280030149110e-52
