1.000000000000348832e+00
1.000000000000035305e+00
1.000000000000035527e+00
1.000000000000035527e+00
1.000000000000035527e+00
1.000000000000035527e+00
1.000000000000035305e+00
1.000000000000035527e+00
1.000000000000035527e+00
1.000000000000025757e+00
1.000000000000025757e+00
1.000000000000025757e+00
1.000000000000025535e+00
1.000000000000025535e+00
1.000000000000025535e+00
1.000000000000025535e+00
1.000000000000025535e+00
1.000000000000025535e+00
1.000000000000025535e+00
1.000000000000025535e+00
1.000000000000025535e+00
1.000000000000025535e+00
1.000000000000025535e+00
1.000000000000025535e+00
1.000000000000025535e+00
1.000000000000025535e+00
1.000000000000025535e+00
1.000000000000025535e+00
1.000000000000025313e+00
1.000000000000025313e+00
1.000000000000025313e+00
1.000000000000025313e+00
1.000000000000025313e+00
1.000000000000025313e+00
1.000000000000025313e+00
1.000000000000025313e+00
1.000000000000025313e+00
1.000000000000025313e+00
1.000000000000025313e+00
1.000000000000025313e+00
1.000000000000025313e+00
1.000000000000025313e+00
1.000000000000025313e+00
1.000000000000025313e+00
1.000000000000024647e+00
1.000000000000024647e+00
1.000000000000024647e+00
1.000000000000024647e+00
1.000000000000024647e+00
1.000000000000024647e+00
1.000000000000024647e+00
1.000000000000024647e+00
1.000000000000024647e+00
1.000000000000024647e+00
1.000000000000024647e+00
1.000000000000024647e+00
1.000000000000024647e+00
1.000000000000024647e+00
1.000000000000024647e+00
1.000000000000024647e+00
1.000000000000024647e+00
1.000000000000024647e+00
1.000000000000024647e+00
1.000000000000024647e+00
1.000000000000024647e+00
1.000000000000024647e+00
1.000000000000024647e+00
1.000000000000024647e+00
1.000000000000024647e+00
1.000000000000024647e+00
1.000000000000024647e+00
1.000000000000024647e+00
1.000000000000024647e+00
1.000000000000024647e+00
1.000000000000024647e+00
1.000000000000024647e+00
1.000000000000024647e+00
1.000000000000024647e+00
1.000000000000024647e+00
1.000000000000024647e+00
1.000000000000024647e+00
1.000000000000024647e+00
1.000000000000024647e+00
1.000000000000024647e+00
1.000000000000024647e+00
1.000000000000024647e+00
1.000000000000024647e+00
1.000000000000024647e+00
1.000000000000024647e+00
1.000000000000024647e+00
1.000000000000016653e+00
1.000000000000016653e+00
1.000000000000016653e+00
1.000000000000016653e+00
1.000000000000016875e+00
1.000000000000016875e+00
1.000000000000016653e+00
1.000000000000016653e+00
1.000000000000016653e+00
1.000000000000016653e+00
1.000000000000016653e+00
1.000000000000016653e+00
1.000000000000016653e+00
1.000000000000016653e+00
1.000000000000016653e+00
1.000000000000016653e+00
1.000000000000016653e+00
1.000000000000016653e+00
1.000000000000016653e+00
1.000000000000016653e+00
1.000000000000016653e+00
1.000000000000016653e+00
1.000000000000016653e+00
1.000000000000016653e+00
1.000000000000016653e+00
1.000000000000016653e+00
1.000000000000016653e+00
1.000000000000016653e+00
1.000000000000016653e+00
1.000000000000016653e+00
1.000000000000016653e+00
1.000000000000016653e+00
1.000000000000016653e+00
1.000000000000016653e+00
1.000000000000016653e+00
1.000000000000016653e+00
1.000000000000016653e+00
1.000000000000016653e+00
1.000000000000016653e+00
1.000000000000016653e+00
1.000000000000016653e+00
1.000000000000016653e+00
1.000000000000016653e+00
1.000000000000016653e+00
1.000000000000016653e+00
1.000000000000016653e+00
1.000000000000016653e+00
1.000000000000016653e+00
1.000000000000016653e+00
1.000000000000016653e+00
1.000000000000016653e+00
1.000000000000016431e+00
1.000000000000016653e+00
1.000000000000016653e+00
1.000000000000016653e+00
1.000000000000016653e+00
1.000000000000016653e+00
1.000000000000016431e+00
1.000000000000016431e+00
1.000000000000016431e+00
1.000000000000016431e+00
1.000000000000016653e+00
1.000000000000016653e+00
1.000000000000016653e+00
1.000000000000016653e+00
1.000000000000016653e+00
1.000000000000016653e+00
1.000000000000016653e+00
1.000000000000016653e+00
1.000000000000016653e+00
1.000000000000016653e+00
1.000000000000016653e+00
1.000000000000016653e+00
1.000000000000016653e+00
1.000000000000016653e+00
1.000000000000016653e+00
1.000000000000016653e+00
1.000000000000016653e+00
1.000000000000016653e+00
1.000000000000016653e+00
1.000000000000016653e+00
1.000000000000016653e+00
1.000000000000016653e+00
1.000000000000016653e+00
1.000000000000016431e+00
1.000000000000016431e+00
1.000000000000016431e+00
1.000000000000016653e+00
1.000000000000016653e+00
1.000000000000016431e+00
1.000000000000016431e+00
1.000000000000016431e+00
1.000000000000012212e+00
1.000000000000012212e+00
1.000000000000012212e+00
1.000000000000012212e+00
1.000000000000012212e+00
1.000000000000012212e+00
1.000000000000012212e+00
1.000000000000012212e+00
1.000000000000011990e+00
1.000000000000011990e+00
1.000000000000011990e+00
1.000000000000012212e+00
1.000000000000012212e+00
1.000000000000012212e+00
1.000000000000012212e+00
1.000000000000012212e+00
1.000000000000012212e+00
1.000000000000012212e+00
1.000000000000012212e+00
1.000000000000012212e+00
1.000000000000012212e+00
1.000000000000012212e+00
1.000000000000012212e+00
1.000000000000012212e+00
1.000000000000012212e+00
1.000000000000012212e+00
1.000000000000012212e+00
1.000000000000012212e+00
1.000000000000012212e+00
1.000000000000011990e+00
1.000000000000011990e+00
1.000000000000011990e+00
1.000000000000011990e+00
1.000000000000011990e+00
9.999999999999968914e-01
9.999999999999968914e-01
9.999999999999965583e-01
9.999999999999965583e-01
9.999999999999940048e-01
9.999999999999940048e-01
9.999999999999572564e-01
9.999999999999572564e-01
9.999999999999571454e-01
9.999999999999571454e-01
9.999999999998123723e-01
9.999999999998123723e-01
9.999999999998124833e-01
9.999999999998124833e-01
9.999999999998124833e-01
9.999999999998123723e-01
9.999999999998123723e-01
9.999999999995796696e-01
9.999999999995795585e-01
9.999999999995795585e-01
9.999999999866560074e-01
9.999999999865577527e-01
9.999999999491433478e-01
9.999999999491433478e-01
9.999999999491374636e-01
9.999999999491374636e-01
9.999999998325239670e-01
9.999999998325239670e-01
9.999999998325238559e-01
9.999999997605439894e-01
9.999999997605439894e-01
9.999999997605439894e-01
9.999999926740670286e-01
9.999999926253846372e-01
9.999999926253846372e-01
9.999999926253846372e-01
9.999999926253846372e-01
9.999999797865074536e-01
9.999999797864772555e-01
9.999999797864772555e-01
9.999999797864773665e-01
9.999999545184236061e-01
9.999999545184236061e-01
9.999999545180999760e-01
9.999999545180999760e-01
9.999998022080982540e-01
9.999998022080982540e-01
9.999986412223095256e-01
9.999986407289609414e-01
9.999986406748762047e-01
9.999970329673373293e-01
9.999970329673115721e-01
9.999970329673115721e-01
9.999970329673115721e-01
9.999970329673115721e-01
9.999970329673115721e-01
9.999970329673113500e-01
9.999955817234470468e-01
9.999955817234470468e-01
9.999955817169432493e-01
9.999722271452945455e-01
9.999721315639998886e-01
9.999030970180998734e-01
9.999030970013297326e-01
9.999030970013297326e-01
9.999030883443227324e-01
9.998376981611454273e-01
9.998376981611454273e-01
9.998376981611439840e-01
9.998161786780039861e-01
9.998161786780039861e-01
9.998161786780039861e-01
9.987471721662914970e-01
9.987420876770060074e-01
9.987420876770057854e-01
9.987420876770057854e-01
9.987420876770057854e-01
9.971861060708050450e-01
9.971861047650657506e-01
9.971861047650657506e-01
9.971861047639997144e-01
9.963798386293351017e-01
9.963798386289949294e-01
9.963798152108980233e-01
9.963798152108980233e-01
9.952639606792964555e-01
9.952639606792964555e-01
9.795214720296417932e-01
9.795122901711997843e-01
9.795118372623500269e-01
9.661219119470650929e-01
9.661219119062751659e-01
9.661219119062751659e-01
9.661219119062751659e-01
9.661219119062751659e-01
9.661219119062751659e-01
9.661219119062751659e-01
9.661219119051108750e-01
9.631699252253212995e-01
9.631699252253212995e-01
9.631699252253203003e-01
9.631699020605548611e-01
9.446200073002324338e-01
9.445187863470791978e-01
8.608479910168436167e-01
8.608479862568554353e-01
8.608479862568554353e-01
8.608406037307316794e-01
8.206262069758946121e-01
8.206262069758946121e-01
8.206262069758050171e-01
8.174703533787565091e-01
8.174703533787565091e-01
8.174703533787565091e-01
7.179822067760835980e-01
7.171603561822417205e-01
7.171603561821734418e-01
7.171603561821734418e-01
7.171603561821734418e-01
5.565578298209866714e-01
5.565577783820619961e-01
5.565577783820619961e-01
5.565577781977470995e-01
5.565577781977470995e-01
5.176153328016330768e-01
5.176153327983835650e-01
5.176143813342115596e-01
5.176143813342115596e-01
5.176143813342115596e-01
5.048613059132318615e-01
5.048613059132317504e-01
3.372492954275715382e-01
3.370855245764724506e-01
3.370818194775397347e-01
2.234643946018294303e-01
2.234643945359211792e-01
2.234643945359211792e-01
2.234643945359209294e-01
2.234643945359209294e-01
2.234643945359209294e-01
2.234643945359209294e-01
2.234643945255818109e-01
2.111864316411594111e-01
2.111864316411594111e-01
2.111864316411584674e-01
2.111863591357663883e-01
1.843737181491612309e-01
1.842939579132795713e-01
8.609598752237480890e-02
8.609598564777136420e-02
8.609598564777136420e-02
8.608824223547922871e-02
5.571977954403332239e-02
5.571977954403332239e-02
5.571977954401778621e-02
5.434126408675560294e-02
5.434126408675560294e-02
5.434126408675560294e-02
3.444830414364748877e-02
3.435430739280132678e-02
3.435430739275807666e-02
3.435430739275807666e-02
3.435430739275807666e-02
1.291681059843164878e-02
1.291680659960152064e-02
1.291680659960152064e-02
1.291680654440508641e-02
1.291680654440508641e-02
9.633093251366950382e-03
9.633093251245505861e-03
9.633023825943031956e-03
9.633023825943031956e-03
9.633023825943031956e-03
9.328531632747976560e-03
9.328531632747976560e-03
3.573467895906549344e-03
3.565426620252628350e-03
3.565386886650030122e-03
1.494793979514583279e-03
1.494793978780409489e-03
1.494793978780409489e-03
1.494793978780396696e-03
1.494793978780396696e-03
1.494793978780396696e-03
1.494793978780396696e-03
1.494793978472485664e-03
1.315953892369140952e-03
1.315953892369140952e-03
1.315953892369137483e-03
1.315952946644945165e-03
1.143503856394282887e-03
1.143157187687166704e-03
2.918000382210933822e-04
2.918000382210933822e-04
2.918000326570890468e-04
2.917267705624794569e-04
2.917267705624794569e-04
1.685499549588519738e-04
1.685499549588519738e-04
1.685499549588270372e-04
1.621717563232615770e-04
1.621717563232615499e-04
1.621717563232615499e-04
1.077071815937009772e-04
1.075121660734071116e-04
1.075121660729658142e-04
1.075121660729658142e-04
1.075121660729658142e-04
2.581229602952381371e-05
2.581229602952381371e-05
2.581228959877900173e-05
2.581228959877900173e-05
2.581228940767259708e-05
2.581228940767259708e-05
1.975097881900681672e-05
1.975097881889278576e-05
1.975063982803196904e-05
1.975063982803196904e-05
1.975063982803196904e-05
1.943639528500957370e-05
1.943639528500957370e-05
8.631408480018379253e-06
8.631408480018379253e-06
8.598715003944014664e-06
8.598634871259941816e-06
2.706533593723815528e-06
2.706533593179928473e-06
2.706533593179928473e-06
2.706533593179873416e-06
2.706533593179873416e-06
2.706533593179873416e-06
2.706533592370799403e-06
2.706533592370799403e-06
2.433021172303859915e-06
2.433021172303859915e-06
2.433021172303858221e-06
2.433017394375970007e-06
2.267506418442516359e-06
2.267032452791784422e-06
6.957125488845159078e-07
6.957125488845159078e-07
6.957125419206728602e-07
6.954177937562059259e-07
6.954177937562059259e-07
3.273786932509424385e-07
3.273786932509424385e-07
3.273786932509277742e-07
3.163139567425615532e-07
3.163139567425614473e-07
3.163139567425614473e-07
2.507436833447959315e-07
2.503709597162883521e-07
2.503709597143701401e-07
2.503709597143701401e-07
2.503709597143701401e-07
6.452411631648585350e-08
6.452411631648585350e-08
6.452410747675996576e-08
6.452410747675996576e-08
6.452410606198717139e-08
6.452410606198717139e-08
4.320956427121744942e-08
4.320956427113260055e-08
4.320841617205299081e-08
4.320841617205299081e-08
4.320841617205299081e-08
4.267599017661204188e-08
4.267599017661204188e-08
2.467824467080038336e-08
2.467824467080038336e-08
2.455592651134034813e-08
2.455578291320082015e-08
7.161650113484986213e-09
7.161650113484986213e-09
7.161650112893007790e-09
7.161650112892695943e-09
7.161650112892695943e-09
7.161650106186779940e-09
7.161650106186779940e-09
7.161650106186779940e-09
6.011945229815781662e-09
6.011945229815781662e-09
6.011945229815778353e-09
6.011928908797093113e-09
5.652326544520849712e-09
5.651679345707011480e-09
2.266108283093394861e-09
2.266108283093394861e-09
2.266108271608081805e-09
2.264675636134529262e-09
2.264675636134529262e-09
9.318748078720215553e-10
9.318748078720215553e-10
9.318748078720215553e-10
9.318748078719983942e-10
9.318748078719983942e-10
8.758113232157780429e-10
8.758113232157773191e-10
8.758113232157773191e-10
6.976363156098893708e-10
6.976363155922590500e-10
6.970019661131538434e-10
6.970019661131538434e-10
6.970019661131538434e-10
2.228587522554197474e-10
2.228587522554197474e-10
2.228587358628789554e-10
2.228587358628789554e-10
2.228587239214063971e-10
2.228587239214063971e-10
1.338015664831037783e-10
1.338015664829447270e-10
1.337965220690480888e-10
1.337965220690480888e-10
1.337965220690480888e-10
1.326703145677864719e-10
1.326703145677864719e-10
1.326703145677864719e-10
7.371685440735288458e-11
7.301836648021811216e-11
7.301816910440091423e-11
2.503794818298028687e-11
2.503794818298028687e-11
2.503794818156595343e-11
2.503794818156143948e-11
2.503794818156143948e-11
2.503794812356715403e-11
2.503794812356715403e-11
2.503794812356715403e-11
1.985259676296393260e-11
1.985259676296393260e-11
1.985259676296393260e-11
1.985251521280242859e-11
1.897651157438151971e-11
1.897537752505171015e-11
6.851935243287515024e-12
6.851935243287515024e-12
6.851935222762589588e-12
6.843519693088822914e-12
3.187815505764858644e-12
3.187815505764858644e-12
3.187815505764858644e-12
3.187815505764858644e-12
3.187815505764824313e-12
3.187815505764824313e-12
2.936596074763175509e-12
2.936596074763166623e-12
2.936596074763166623e-12
2.471534393437609651e-12
2.471534393281047141e-12
2.470296242924207316e-12
2.470296242924207316e-12
2.470296242924207316e-12
6.749875274886837624e-13
6.749874980951385621e-13
6.749874980951385621e-13
6.749874980951385621e-13
6.749874478997795155e-13
6.749874478997795155e-13
4.397606750833761324e-13
4.397606750831603506e-13
4.397256448905426647e-13
4.397256448905426647e-13
4.397256448905426647e-13
4.378268580526807231e-13
4.378268580526807231e-13
2.771206697735773591e-13
2.771206697735773591e-13
2.732814502653666508e-13
2.732809098546945708e-13
7.742053988752118645e-14
7.742053988752118645e-14
7.742053988749064176e-14
7.742053988579294998e-14
7.742053988579294998e-14
7.742053963171107605e-14
7.742053963171107605e-14
7.742053963171107605e-14
6.375752721002822838e-14
6.375752721002822838e-14
6.375752721002822838e-14
6.375752721002822838e-14
6.375752721002822838e-14
6.375698646708302519e-14
6.232074779443911519e-14
6.231835697173752979e-14
2.737074793630754609e-14
2.737074793630754609e-14
2.737074789519029817e-14
2.731832351939545753e-14
1.044784170435894034e-14
1.044784170435894034e-14
1.044784170435894034e-14
1.044784170435894034e-14
1.044784170435890721e-14
1.044784170435890721e-14
9.724402536706730884e-15
9.724402536706661464e-15
9.724402536706661464e-15
9.724402535596071527e-15
8.865654779120334038e-15
8.862540193285916290e-15
8.862540193285916290e-15
8.862540193285916290e-15
2.861891193228264386e-15
2.861891126890266767e-15
2.861891126890266767e-15
2.861890546770161615e-15
2.861890546770161615e-15
2.861890546770161615e-15
1.589961633315244167e-15
1.589961633314985027e-15
1.589782748844882876e-15
1.589782748844882876e-15
1.589782748844882876e-15
1.589782748844882876e-15
1.589782748844882876e-15
1.584925256064527132e-15
1.194966968971452507e-15
1.194966968971452507e-15
1.176063255613974811e-15
1.176061999118274644e-15
3.466923767525003884e-16
3.466923767525003884e-16
3.466923767522198004e-16
3.466923767490879240e-16
3.466923767490879240e-16
3.466923734734980263e-16
3.466923734734980263e-16
3.466923734734980263e-16
2.590166608141992419e-16
2.590166608141992419e-16
2.590166608141992419e-16
2.590166608141992419e-16
2.590166608141992419e-16
2.590131743513303396e-16
2.543583045919018075e-16
2.543533045036902105e-16
1.405180918686834300e-16
1.405180918686834300e-16
1.405180917689870162e-16
1.401517217627119414e-16
4.969428504550314126e-17
4.969428504550314126e-17
4.969428504550314126e-17
4.969428504550314126e-17
4.969428504550305498e-17
4.969428504550305498e-17
4.969428504550223530e-17
4.417995524623467268e-17
4.417995524623467268e-17
4.417995523149735198e-17
4.068067389507771854e-17
4.067243981144696705e-17
4.067243981144696705e-17
4.067243981144696705e-17
1.629622402482395377e-17
1.629622382694736004e-17
1.629621647860420641e-17
1.629621647860420641e-17
1.629621647860420641e-17
1.629621647860420641e-17
8.144332493392716177e-18
8.144332493391971998e-18
8.143087149016454793e-18
8.143087149016454793e-18
8.143087149016454793e-18
8.143087149016454793e-18
8.143087149016454793e-18
8.127070032953083209e-18
6.123999663432450800e-18
6.123999663432450800e-18
5.951081695295850338e-18
5.951078735538914496e-18
2.065093280369303387e-18
2.065093280369303387e-18
2.065093280362902752e-18
2.065093280350751289e-18
2.065093280350751289e-18
2.065093234947793712e-18
1.431074837096418311e-18
1.431074837096418311e-18
1.431074837096418311e-18
1.431074837096418311e-18
1.431074837096418311e-18
1.431074837096418311e-18
1.431074837096418311e-18
1.431046598163480764e-18
1.413108977757680102e-18
1.413094780461634166e-18
7.517521282848109244e-19
7.517521282848109244e-19
7.480619278001463631e-19
7.480619274911769333e-19
2.979945840156996400e-19
2.979945840156996400e-19
2.979945840156996400e-19
2.979945840156996400e-19
2.979945840156996400e-19
2.979945840156993992e-19
2.979945840156993992e-19
2.979945840156804288e-19
2.559078244703151129e-19
2.559078244703151129e-19
2.559078242771453988e-19
2.408425229437139810e-19
2.408159701823248423e-19
2.408159701823248423e-19
8.817341857616960903e-20
8.817341857616960903e-20
8.817336149571661782e-20
8.817336086225477480e-20
8.817336086225477480e-20
8.817336086225477480e-20
8.817336086225477480e-20
4.787163969346532319e-20
4.787163969346345744e-20
4.785646526583750201e-20
4.785646526583750201e-20
4.785646526583750201e-20
4.785646526583750201e-20
4.785646526583750201e-20
4.780552698354712809e-20
3.850482118116389707e-20
3.850482118116389707e-20
3.701875382706414976e-20
3.701874130335193426e-20
3.701874130335193426e-20
1.125865093159870153e-20
1.125865093159870002e-20
1.125865093152437869e-20
1.125865093152437869e-20
1.125865093149812585e-20
1.125865057342297885e-20
1.125865057342297885e-20
8.185295490499859390e-21
8.185295490499859390e-21
8.185295490499859390e-21
8.185295490499859390e-21
8.184969629708821637e-21
8.184969629708821637e-21
8.184969629708821637e-21
8.130664253288428950e-21
4.971422256095599883e-21
4.971403040957300062e-21
4.971403040957300062e-21
4.936020727463098595e-21
4.936020726485282145e-21
1.674379899682737001e-21
1.674379899682737001e-21
1.674379899682737001e-21
1.674379899682737001e-21
1.674379899682737001e-21
1.674379899682737001e-21
1.674379899682736813e-21
1.674379899682503218e-21
1.674379899682503218e-21
1.464069209657069093e-21
1.464069207979456218e-21
1.417405302847257087e-21
1.417405302847257087e-21
1.417304731624935999e-21
6.218647068093909998e-22
6.218647068093909998e-22
6.218637053070567716e-22
6.218637030167216977e-22
6.218637030167216977e-22
6.218637030167216977e-22
6.218637030167216977e-22
2.878220067125025085e-22
2.878220067125025085e-22
2.877014886786185126e-22
2.877014886786147980e-22
2.877014886786147980e-22
2.877014886786147980e-22
2.877014886786147980e-22
2.875001019356449693e-22
2.536087252402793104e-22
2.435965354686522102e-22
2.435965354686522102e-22
2.435964960506390073e-22
2.435964960506390073e-22
8.428382822648742468e-23
8.428382822648736590e-23
8.428382822538220138e-23
8.428382822538220138e-23
8.428382822530142141e-23
8.428382114684657876e-23
8.428382114684657876e-23
8.428382114684657876e-23
5.439677537498595290e-23
5.439677537498595290e-23
5.439677537498595290e-23
5.439677537498595290e-23
5.439361313903801143e-23
5.439361313903801143e-23
5.439361313903801143e-23
5.413087815331071328e-23
3.896518261762992030e-23
3.896518261762992030e-23
3.896509681525398119e-23
3.862773381238564732e-23
3.862773380909750163e-23
1.325675428654317949e-23
1.325675428654317949e-23
1.325675428654317949e-23
1.325675428654317949e-23
1.325675428654317949e-23
1.325675428654317949e-23
1.325675428654317655e-23
1.325675428653929154e-23
1.325675428653929154e-23
1.084566764529811987e-23
1.084566761282457708e-23
1.084566761282457708e-23
1.056393783928338155e-23
1.056353175669637196e-23
5.627746282359046005e-24
5.627728259611088938e-24
5.627728259611088938e-24
5.627728249311395682e-24
5.627728249311395682e-24
5.627728249311395682e-24
5.627728249311395682e-24
2.427218651926943326e-24
2.427218651926943326e-24
2.425886488535515457e-24
2.425886488535515457e-24
2.425886488535499294e-24
2.425886488535499294e-24
2.425886488535499294e-24
2.424845446528098771e-24
2.424845446528098771e-24
2.158771171552393107e-24
2.020589019610707591e-24
2.020589019610707591e-24
2.020588870689005936e-24
8.273059163286646350e-25
8.273059163286646350e-25
8.273059163286631656e-25
8.273059162911041007e-25
8.273059162911041007e-25
8.273059162906236174e-25
8.273057664344248921e-25
8.273057664344248921e-25
8.273057664344248921e-25
8.273057664344248921e-25
4.933071270746039735e-25
4.933071270746039735e-25
4.933071270746039735e-25
4.932667007199033899e-25
4.932667007199033899e-25
4.932667007199033899e-25
4.916935721979920960e-25
4.916935721979920960e-25
3.546041178443054696e-25
3.546037276478071407e-25
3.491788829335792755e-25
1.347388365285143932e-25
1.347388365260448219e-25
1.347388365260448219e-25
1.347388365260448219e-25
1.347388365260448219e-25
1.347388365260448219e-25
1.347388365260448219e-25
1.347388365260448219e-25
1.347388365259032804e-25
1.347388365259032804e-25
1.049640674037062013e-25
1.049640667353762709e-25
1.049640667353762709e-25
1.030311079809351622e-25
1.030289869029054255e-25
5.323395682408612355e-26
5.323370614331738438e-26
5.323370614331738438e-26
5.323370608643018476e-26
5.323370608643018476e-26
5.323370608643018476e-26
5.323370608643018476e-26
5.323370608643018476e-26
2.478943600439937082e-26
2.476228979808336448e-26
2.476228979808336448e-26
2.476228979808329273e-26
2.476228979808329273e-26
2.476228979808329273e-26
2.476228979808329273e-26
2.475633262409030090e-26
2.268171806536250348e-26
2.268171806536250348e-26
2.080496976945361938e-26
2.080496976945361938e-26
2.080496879486960300e-26
7.928659678153498702e-27
7.928659678153449915e-27
7.928659678153449915e-27
7.928659677395439729e-27
7.928659677395439729e-27
7.928659677395439729e-27
7.928659677393562842e-27
7.928659677393562842e-27
7.928657537785857035e-27
7.928657537785857035e-27
4.964929570357923672e-27
4.964929570357923672e-27
4.964929570357923672e-27
4.964129192361397527e-27
4.964129192361397527e-27
4.964129192361397527e-27
4.964129192361397527e-27
4.955368138831251221e-27
3.861704733351715779e-27
3.861701876832257577e-27
3.861701876832257577e-27
3.861701876832257577e-27
3.861701876832257577e-27
3.861701876832257577e-27
3.861701876832257577e-27
3.861701876832257577e-27
3.861701876832257577e-27
3.861701876832257577e-27
3.861701876832257577e-27
3.861701876832257577e-27
3.861701876832257577e-27
3.861701876832257577e-27
3.861701876832257577e-27
3.861701876832257577e-27
3.861701876832257577e-27
3.861701876832257577e-27
3.861701876832257577e-27
3.861701876832257577e-27
3.861701876832257577e-27
3.861701876832257577e-27
3.861701876832257577e-27
3.861701876832257577e-27
3.861701876832257577e-27
3.861701876832257577e-27
3.861701876832257577e-27
3.861701876832257577e-27
3.861701876832257577e-27
3.861701876832257577e-27
3.861701876832257577e-27
3.861701876832257577e-27
3.861701876832257577e-27
3.861701876832257577e-27
3.861701876832257577e-27
3.861701876832257577e-27
3.861701876832257577e-27
3.861701876832257577e-27
3.861701876832257577e-27
3.861701876832257577e-27
3.861701876832257577e-27
3.861701876832257577e-27
3.861701876832257577e-27
3.861701876832257577e-27
3.861701876832257577e-27
3.861701876832257577e-27
3.861701876832257577e-27
3.861701876832257577e-27
3.861701876832257577e-27
3.861701876832257577e-27
3.861701876832257577e-27
3.861701876832257577e-27
3.861701876832257577e-27
3.861701876832257577e-27
3.861701876832257577e-27
3.861701876832257577e-27
3.861701876832257577e-27
3.861701876832257577e-27
3.861701876832257577e-27
3.861701876832257577e-27
3.861701876832257577e-27
3.861701876832257577e-27
3.861701876832257577e-27
3.861701876832257577e-27
3.861701876832257577e-27
3.861701876832257577e-27
3.861701876832257577e-27
3.861701876832257577e-27
3.861701876832257577e-27
3.861701876832257577e-27
3.861701876832257577e-27
3.861701876832257577e-27
3.861701876832257577e-27
3.861701876832257577e-27
3.861701876832257577e-27
3.861701876832257577e-27
3.861701876832257577e-27
3.861701876832257577e-27
3.861701876832257577e-27
3.861701876832257577e-27
3.861701876832257577e-27
3.861701876832257577e-27
3.861701876832257577e-27
3.861701876832257577e-27
3.861701876832257577e-27
3.861701876832257577e-27
3.861701876832257577e-27
3.861701876832257577e-27
3.861701876832257577e-27
3.861701876832257577e-27
3.861701876832257577e-27
3.861701876832257577e-27
3.861701876832257577e-27
3.861701876832257577e-27
3.861701876832257577e-27
3.861701876832257577e-27
3.861701876832257577e-27
3.861701876832257577e-27
3.861701876832257577e-27
3.861701876832257577e-27
3.861701876832257577e-27
3.861701876832257577e-27
3.861701876832257577e-27
3.861701876832257577e-27
3.861701876832257577e-27
3.861701876832257577e-27
3.861701876832257577e-27
3.861701876832257577e-27
3.861701876832257577e-27
3.861701876832257577e-27
3.861701876832257577e-27
3.861701876832257577e-27
3.861701876832257577e-27
3.861701876832257577e-27
3.861701876832257577e-27
3.861701876832257577e-27
3.861701876832257577e-27
3.861701876832257577e-27
3.861701876832257577e-27
3.861701876832257577e-27
3.861701876832257577e-27
3.861701876832257577e-27
3.861701876832257577e-27
3.861701876832257577e-27
3.861701876832257577e-27
3.861701876832257577e-27
3.861701876832257577e-27
3.861701876832257577e-27
3.861701876832257577e-27
3.861701876832257577e-27
3.861701876832257577e-27
3.861701876832257577e-27
3.861701876832257577e-27
3.861701876832257577e-27
3.861701876832257577e-27
3.861701876832257577e-27
3.861701876832257577e-27
3.861701876832257577e-27
3.861701876832257577e-27
3.861701876832257577e-27
3.861701876832257577e-27
3.861701876832257577e-27
3.861701876832257577e-27
3.861701876832257577e-27
3.861701876832257577e-27
3.861701876832257577e-27
3.861701876832257577e-27
3.861701876832257577e-27
3.861701876832257577e-27
3.861701876832257577e-27
3.861701876832257577e-27
3.861701876832257577e-27
3.861701876832257577e-27
3.861701876832257577e-27
3.861701876832257577e-27
3.861701876832257577e-27
3.861701876832257577e-27
3.861701876832257577e-27
3.861701876832257577e-27
3.861701876832257577e-27
3.861701876832257577e-27
3.861701876832257577e-27
3.861701876832257577e-27
3.861701876832257577e-27
3.861701876832257577e-27
3.861701876832257577e-27
3.861701876832257577e-27
3.861701876832257577e-27
3.861701876832257577e-27
3.861701876832257577e-27
3.861701876832257577e-27
3.861701876832257577e-27
3.861701876832257577e-27
3.861701876832257577e-27
3.861701876832257577e-27
3.861701876832257577e-27
3.861701876832257577e-27
3.861701876832257577e-27
3.861701876832257577e-27
3.861701876832257577e-27
3.861701876832257577e-27
3.861701876832257577e-27
3.861701876832257577e-27
3.861701876832257577e-27
3.861701876832257577e-27
3.861701876832257577e-27
3.861701876832257577e-27
3.861701876832257577e-27
3.861701876832257577e-27
3.861701876832257577e-27
3.861701876832257577e-27
3.861701876832257577e-27
3.861701876832257577e-27
3.861701876832257577e-27
3.861701876832257577e-27
3.861701876832257577e-27
3.861701876832257577e-27
3.861701876832257577e-27
3.861701876832257577e-27
3.861701876832257577e-27
3.861701876832257577e-27
3.861701876832257577e-27
3.861701876832257577e-27
3.861701876832257577e-27
3.861701876832257577e-27
3.861701876832257577e-27
3.861701876832257577e-27
3.861701876832257577e-27
3.861701876832257577e-27
3.861701876832257577e-27
3.861701876832257577e-27
3.861701876832257577e-27
3.861701876832257577e-27
3.861701876832257577e-27
3.861701876832257577e-27
3.861701876832257577e-27
3.861701876832257577e-27
3.861701876832257577e-27
3.861701876832257577e-27
3.861701876832257577e-27
3.861701876832257577e-27
3.861701876832257577e-27
3.861701876832257577e-27
3.861701876832257577e-27
3.861701876832257577e-27
3.861701876832257577e-27
3.861701876832257577e-27
3.861701876832257577e-27
3.861701876832257577e-27
3.861701876832257577e-27
3.861701876832257577e-27
3.861701876832257577e-27
3.861701876832257577e-27
3.861701876832257577e-27
3.861701876832257577e-27
3.861701876832257577e-27
3.861701876832257577e-27
3.861701876832257577e-27
3.861701876832257577e-27
3.861701876832257577e-27
3.861701876832257577e-27
3.861701876832257577e-27
3.861701876832257577e-27
3.861701876832257577e-27
3.861701876832257577e-27
3.861701876832257577e-27
3.861701876832257577e-27
3.861701876832257577e-27
3.861701876832257577e-27
3.861701876832257577e-27
3.861701876832257577e-27
3.861701876832257577e-27
3.861701876832257577e-27
3.861701876832257577e-27
3.861701876832257577e-27
3.861701876832257577e-27
3.861701876832257577e-27
3.861701876832257577e-27
3.861701876832257577e-27
3.861701876832257577e-27
3.861701876832257577e-27
3.861701876832257577e-27
3.861701876832257577e-27
3.861701876832257577e-27
3.861701876832257577e-27
3.861701876832257577e-27
3.861701876832257577e-27
3.861701876832257577e-27
3.861701876832257577e-27
3.861701876832257577e-27
3.861701876832257577e-27
3.861701876832257577e-27
3.861701876832257577e-27
3.861701876832257577e-27
3.861701876832257577e-27
3.861701876832257577e-27
3.861701876832257577e-27
3.861701876832257577e-27
3.861701876832257577e-27
3.861701876832257577e-27
3.861701876832257577e-27
3.861701876832257577e-27
3.861701876832257577e-27
3.861701876832257577e-27
3.861701876832257577e-27
3.861701876832257577e-27
3.861701876832257577e-27
3.861701876832257577e-27
3.861701876832257577e-27
3.861701876832257577e-27
3.861701876832257577e-27
3.861701876832257577e-27
3.861701876832255425e-27
3.861701876832249685e-27
3.861701876832219552e-27
3.861701876832123411e-27
3.861701876831948350e-27
3.861701876831864407e-27
3.861701876831861537e-27
3.861701876831861537e-27
3.861701876831861537e-27
3.861701876831861537e-27
3.861701876831861537e-27
3.861701876831861537e-27
3.861701876831861537e-27
3.861701876831861537e-27
3.861701876831861537e-27
3.861701876831861537e-27
3.861701876831861537e-27
3.861701876831861537e-27
3.861701876831861537e-27
3.861701876831861537e-27
3.861701876831861537e-27
3.861701876831861537e-27
3.861701876831861537e-27
3.861701876831861537e-27
3.861701876831861537e-27
3.861701876831861537e-27
3.861701876831861537e-27
3.861701876831861537e-27
3.861701876831861537e-27
3.861701876831861537e-27
3.861701876831861537e-27
3.861701876831861537e-27
3.861701876831861537e-27
3.861701876831861537e-27
3.861701876831861537e-27
3.861701876831860819e-27
3.861701876831852927e-27
3.861701876831781898e-27
3.861701876831245234e-27
3.861701876827697371e-27
3.861701876808715404e-27
3.861701876725323034e-27
3.861701876449775650e-27
3.861701875949773704e-27
3.861701875710696491e-27
3.861701875703280058e-27
3.861701875703277905e-27
3.861701875703277905e-27
3.861701875703277905e-27
3.861701875703277905e-27
3.861701875703277905e-27
3.861701875703277905e-27
3.861701875703277905e-27
3.861701875703277905e-27
3.861701875703277905e-27
3.861701875703277905e-27
3.861701875703277905e-27
3.861701875703277905e-27
3.861701875703277905e-27
3.861701875703277905e-27
3.861701875703277905e-27
3.861701875703277905e-27
3.861701875703277905e-27
3.861701875703277905e-27
3.861701875703277905e-27
3.861701875703277905e-27
3.861701875703277905e-27
3.861701875703277905e-27
3.861701875703277905e-27
3.861701875703277905e-27
3.861701875703277905e-27
3.861701875703277905e-27
3.861701875703270731e-27
3.861701875703165263e-27
3.861701875701853020e-27
3.861701875686984279e-27
3.861701875553682904e-27
3.861701874546711711e-27
3.861701867883840553e-27
3.861701832236569714e-27
3.861701675629346013e-27
3.861701158161483066e-27
3.861700219179575978e-27
3.861699770200731242e-27
3.861699756271527117e-27
3.861699756268551073e-27
3.861699756268551073e-27
3.861699756268551073e-27
3.861699756268551073e-27
3.861699756268551073e-27
3.861699756268551073e-27
3.861699756268551073e-27
3.861699756268551073e-27
3.861699756268551073e-27
3.861699756268551073e-27
3.861699756268551073e-27
3.861699756268551073e-27
3.861699756268551073e-27
3.861699756268551073e-27
3.861699756268551073e-27
3.861699756268551073e-27
3.861699756268551073e-27
3.861699756268551073e-27
3.861699756268551073e-27
3.861699756268551073e-27
3.861699756268551073e-27
3.861699756268551073e-27
3.861699756268549638e-27
3.861699756268528114e-27
3.861699756268082569e-27
3.861699756259324476e-27
3.861699756128194149e-27
3.861699754494112791e-27
3.861699735974999267e-27
3.861699569944640773e-27
3.861698315737386665e-27
3.861690016986775399e-27
3.861645618146226464e-27
3.861450575206892284e-27
3.860806246482117528e-27
3.859637615093412672e-27
3.859079077991270421e-27
3.859061752414971318e-27
3.859061748712237295e-27
3.859061748712237295e-27
3.859061748712237295e-27
3.859061748712237295e-27
3.859061748712237295e-27
3.859061748712237295e-27
3.859061748712237295e-27
3.859061748712237295e-27
3.859061748712237295e-27
3.859061748712237295e-27
3.859061748712237295e-27
3.859061748712237295e-27
3.859061748712237295e-27
3.859061748712237295e-27
3.859061748712237295e-27
3.859061748712237295e-27
3.859061748712237295e-27
3.859061748712237295e-27
3.859061748712237295e-27
3.859061748712237295e-27
3.859061748712237295e-27
3.859061748712216488e-27
3.859061748711497588e-27
3.859061748693426085e-27
3.859061748323913051e-27
3.859061741052518371e-27
3.859061632188468386e-27
3.859060275575278169e-27
3.859044901086911090e-27
3.858907068861596102e-27
3.857866190312813910e-27
3.850993085653281224e-27
3.814633124177880013e-27
3.662705008583393437e-27
3.236747857599180964e-27
2.672729775618825836e-27
2.467163923122885130e-27
2.461290932094043742e-27
2.461289679931351267e-27
2.461289679931349473e-27
2.461289679931349473e-27
2.461289679931349473e-27
2.461289679931349473e-27
2.461289679931349473e-27
2.461289679931349473e-27
2.461289679931349473e-27
2.461289679931349473e-27
2.461289679931349473e-27
2.461289679931349473e-27
2.461289679931349473e-27
2.461289679931349473e-27
2.461289679931349473e-27
2.461289679931349473e-27
2.461289679931349473e-27
2.461289679931349473e-27
2.461289679931349473e-27
2.461289679931346604e-27
2.461289679931205980e-27
2.461289679926524522e-27
2.461289679763327824e-27
2.461289675659348015e-27
2.461289591743203719e-27
2.461287940417510691e-27
2.461263217776441803e-27
2.460955177250707774e-27
2.457469521809738486e-27
2.426654951465509172e-27
2.216686425165437957e-27
1.409639588021856588e-27
4.781896691429955818e-28
1.225206060182601630e-28
3.543478953214403390e-29
1.547526100525547081e-29
1.219164991470226899e-29
1.211191892583172112e-29
1.211190199751745621e-29
1.211190199751742959e-29
1.211190199751742959e-29
1.211190199751742959e-29
1.211190199751742959e-29
1.211190199751742959e-29
1.211190199751742959e-29
1.211190199751742959e-29
1.211190199751742959e-29
1.211190199751742959e-29
1.211190199751742959e-29
1.211190199751742959e-29
1.211190199751742959e-29
1.211190199751742959e-29
1.211190199751742959e-29
1.211190199751742959e-29
1.211190199751742959e-29
1.211190199751739736e-29
1.211190199751611237e-29
1.211190199747336295e-29
1.211190199598298114e-29
1.211190195850368006e-29
1.211190119214558707e-29
1.211188611154268962e-29
1.211166033602479682e-29
1.210884753124254444e-29
1.207706095975550926e-29
1.179936669373104335e-29
1.005317862970127347e-29
5.079384031413669754e-30
1.392767624439097487e-30
3.325124815842829915e-31
9.458795251691177304e-32
4.115399874655834800e-32
3.240176412109399895e-32
3.218938099895038290e-32
3.218933590689214042e-32
3.218933590689206379e-32
3.218933590689206379e-32
3.218933590689206379e-32
3.218933590689206379e-32
3.218933590689206379e-32
3.218933590689206379e-32
3.218933590689206379e-32
3.218933590689206379e-32
3.218933590689206379e-32
3.218933590689206379e-32
3.218933590689206379e-32
3.218933590689206379e-32
3.218933590689206379e-32
3.218933590689206379e-32
3.218933590689206379e-32
3.218933590689206379e-32
3.218933590689200905e-32
3.218933590688968268e-32
3.218933590681233210e-32
3.218933590411532520e-32
3.218933583629264374e-32
3.218933444948811049e-32
3.218930715956014241e-32
3.218889859255786213e-32
3.218380808834439368e-32
3.212622950676784285e-32
3.161907529712760199e-32
2.825020810467103685e-32
1.656919336664434100e-32
5.158212380342933185e-33
1.281362113932055443e-33
3.678452135010765526e-34
1.603750776890419034e-34
1.263107633662871325e-34
1.254838669127698716e-34
1.254836913490585858e-34
1.254836913490582865e-34
1.254836913490582865e-34
1.254836913490582865e-34
1.254836913490582865e-34
1.254836913490582865e-34
1.254836913490582865e-34
1.254836913490582865e-34
1.254836913490582865e-34
1.254836913490582865e-34
1.254836913490582865e-34
1.254836913490582865e-34
1.254836913490582865e-34
1.254836913490582865e-34
1.254836913490582865e-34
1.254836913490582865e-34
1.254836913490581582e-34
1.254836913490519574e-34
1.254836913488462186e-34
1.254836913416734376e-34
1.254836911612961807e-34
1.254836874730316461e-34
1.254836148943084322e-34
1.254825282883273399e-34
1.254689890827937722e-34
1.253157526239596391e-34
1.239584732024532951e-34
1.145835477166010615e-34
7.636756515586582428e-35
2.742712410767058888e-35
7.188478493291849129e-36
2.090755983645215370e-36
9.142688986630629379e-37
7.204287757079013423e-37
7.157210194832850943e-37
7.157200199373025419e-37
7.157200199373009549e-37
7.157200199373009549e-37
7.157200199373009549e-37
7.157200199373009549e-37
7.157200199373009549e-37
7.157200199373009549e-37
7.157200199373009549e-37
7.157200199373009549e-37
7.157200199373009549e-37
7.157200199373009549e-37
7.157200199373009549e-37
7.157200199373009549e-37
7.157200199373009549e-37
7.157200199373009549e-37
7.157200199373003702e-37
7.157200199372762318e-37
7.157200199364718967e-37
7.157200199084291658e-37
7.157200192032288836e-37
7.157200047836410553e-37
7.157197210308204485e-37
7.157154728380390656e-37
7.156625380438031878e-37
7.150631725253536189e-37
7.097341627352662756e-37
6.719078685564199468e-37
4.967348553846739620e-37
2.074193849152630575e-37
5.828388368021741747e-38
1.726538859950717010e-38
7.582375376309198030e-39
5.979010711170322389e-39
5.940041913989925144e-39
5.940033640032694028e-39
5.940033640032679673e-39
5.940033640032679673e-39
5.940033640032679673e-39
5.940033640032679673e-39
5.940033640032679673e-39
5.940033640032679673e-39
5.940033640032679673e-39
5.940033640032679673e-39
5.940033640032679673e-39
5.940033640032679673e-39
5.940033640032679673e-39
5.940033640032679673e-39
5.940033640032679673e-39
5.940033640032679673e-39
5.940033640032675758e-39
5.940033640032537421e-39
5.940033640027943607e-39
5.940033639867727806e-39
5.940033635838738595e-39
5.940033553455976210e-39
5.940031932303910347e-39
5.940007661249695740e-39
5.939705223174626287e-39
5.936279830655098308e-39
5.905745561977014770e-39
5.684856296649673298e-39
4.557063245611436304e-39
2.210675548530591921e-39
6.776972861179527287e-40
2.059054242497864217e-40
9.097783456437455835e-41
7.181218783111471880e-41
7.134589649436119363e-41
7.134579748773009691e-41
7.134579748772994397e-41
7.134579748772994397e-41
7.134579748772994397e-41
7.134579748772994397e-41
7.134579748772994397e-41
7.134579748772994397e-41
7.134579748772994397e-41
7.134579748772994397e-41
7.134579748772994397e-41
7.134579748772994397e-41
7.134579748772994397e-41
7.134579748772994397e-41
7.134579748772994397e-41
7.134579748772990319e-41
7.134579748772876126e-41
7.134579748769062901e-41
7.134579748636090451e-41
7.134579745292186961e-41
7.134579676917714968e-41
7.134578331424777744e-41
7.134558187369995906e-41
7.134307170968252318e-41
7.131463625305280319e-41
7.106071135250497607e-41
6.919943387082340829e-41
5.897791434295668478e-41
3.294351043595557245e-41
1.120796526466010630e-41
3.524429268436944809e-42
1.570625381119889302e-42
1.241532149731805231e-42
1.233513693226674935e-42
1.233511990625688281e-42
1.233511990625685572e-42
1.233511990625685572e-42
1.233511990625685572e-42
1.233511990625685572e-42
1.233511990625685572e-42
1.233511990625685572e-42
1.233511990625685572e-42
1.233511990625685572e-42
1.233511990625685572e-42
1.233511990625685572e-42
1.233511990625685572e-42
1.233511990625685572e-42
1.233511990625685572e-42
1.233511990625685094e-42
1.233511990625671394e-42
1.233511990625214336e-42
1.233511990609278478e-42
1.233511990208532225e-42
1.233511982014273924e-42
1.233511820765243134e-42
1.233509406622278465e-42
1.233479323475974900e-42
1.233138492416619414e-42
1.230091215335685393e-42
1.207549498255599140e-42
1.076963894535169069e-42
6.822405972395182448e-43
2.613758283983123535e-43
8.602585829296371009e-44
3.879675596491820035e-44
3.072980685699536457e-44
3.053284522038064213e-44
3.053280339641659815e-44
3.053280339641652845e-44
3.053280339641652845e-44
3.053280339641652845e-44
3.053280339641652845e-44
3.053280339641652845e-44
3.053280339641652845e-44
3.053280339641652845e-44
3.053280339641652845e-44
3.053280339641652845e-44
3.053280339641652845e-44
3.053280339641652845e-44
3.053280339641652845e-44
3.053280339641652347e-44
3.053280339641628451e-44
3.053280339640842857e-44
3.053280339613437196e-44
3.053280338924246717e-44
3.053280324832020025e-44
3.053280047521013050e-44
3.053275895751291849e-44
3.053224159254287114e-44
3.052637949838762829e-44
3.047392414472694256e-44
3.008342173821112316e-44
2.773204754027436130e-44
1.955472576130392753e-44
8.518973392832550757e-45
2.973717488928980816e-45
1.363365804032211191e-45
1.082952177772715155e-45
1.076085699646023981e-45
1.076084241477460562e-45
1.076084241477458228e-45
1.076084241477458228e-45
1.076084241477458228e-45
1.076084241477458228e-45
1.076084241477458228e-45
1.076084241477458228e-45
1.076084241477458228e-45
1.076084241477458228e-45
1.076084241477458228e-45
1.076084241477458228e-45
1.076084241477458228e-45
1.076084241477458228e-45
1.076084241477457917e-45
1.076084241477452161e-45
1.076084241477259403e-45
1.076084241470540414e-45
1.076084241301572636e-45
1.076084237846607449e-45
1.076084169858774539e-45
1.076083151976531136e-45
1.076070467757857261e-45
1.075926737862639362e-45
1.074639861925812976e-45
1.065017258506121121e-45
1.005446505438042969e-45
7.738639252247149914e-46
3.846456258432948168e-46
1.445013535177926707e-46
6.774927951334674430e-47
5.402771543050883654e-47
5.369035381536607556e-47
5.369028216614925908e-47
5.369028216614914240e-47
5.369028216614914240e-47
5.369028216614914240e-47
5.369028216614914240e-47
5.369028216614914240e-47
5.369028216614914240e-47
5.369028216614914240e-47
5.369028216614914240e-47
5.369028216614914240e-47
5.369028216614914240e-47
5.369028216614914240e-47
5.369028216614914240e-47
5.369028216614894793e-47
5.369028216614226791e-47
5.369028216590909931e-47
5.369028216004572570e-47
5.369028204015403708e-47
5.369027968088994953e-47
5.369024435907331802e-47
5.368980419874420712e-47
5.368481634731561343e-47
5.364013986939747319e-47
5.330503736735502211e-47
5.118906755574320188e-47
4.222209508537292246e-47
2.385994364979587348e-47
9.790720647576711251e-48
4.729867819317018080e-48
3.792511407943004816e-48
3.769336335243942077e-48
3.769331412636195437e-48
3.769331412636188145e-48
3.769331412636188145e-48
3.769331412636188145e-48
3.769331412636188145e-48
3.769331412636188145e-48
3.769331412636188145e-48
3.769331412636188145e-48
3.769331412636188145e-48
3.769331412636188145e-48
3.769331412636188145e-48
3.769331412636188145e-48
3.769331412636188145e-48
3.769331412636177814e-48
3.769331412635852078e-48
3.769331412624492036e-48
3.769331412338816741e-48
3.769331406497461907e-48
3.769331291549549330e-48
3.769329570601909653e-48
3.769308125076032503e-48
3.769065099071360710e-48
3.766887684546934935e-48
3.750520237212314349e-48
3.645705032120333117e-48
3.171503633747860760e-48
2.018221330676426753e-48
9.167271845327581425e-49
4.605866054779937777e-49
3.720655029723755043e-49
3.698601731866923220e-49
3.698597046669947801e-49
3.698597046669940204e-49
3.698597046669940204e-49
3.698597046669940204e-49
3.698597046669940204e-49
3.698597046669940204e-49
3.698597046669940204e-49
3.698597046669940204e-49
3.698597046669940204e-49
3.698597046669940204e-49
3.698597046669940204e-49
3.698597046669940204e-49
3.698597046669934127e-49
3.698597046669712311e-49
3.698597046662014064e-49
3.698597046468421467e-49
3.698597042509948687e-49
3.698596964613936835e-49
3.698595798390268409e-49
3.698581265509184245e-49
3.698416571730402689e-49
3.696940689004650878e-49
3.685829686412824066e-49
3.613961162240030392e-49
3.272566458286910645e-49
2.312751048210526402e-49
1.174518800990780029e-49
6.204371304129437044e-50
5.062434570640621479e-50
5.033691621072964704e-50
5.033685513134034608e-50
5.033685513134026062e-50
5.033685513134026062e-50
5.033685513134026062e-50
5.033685513134026062e-50
5.033685513134026062e-50
5.033685513134026062e-50
5.033685513134026062e-50
5.033685513134026062e-50
5.033685513134026062e-50
5.033685513134026062e-50
5.033685513134026062e-50
5.033685513134026062e-50
5.033685513134019415e-50
5.033685513133813361e-50
5.033685513126639460e-50
5.033685512946246462e-50
5.033685509257651390e-50
5.033685436672388276e-50
5.033684349958701898e-50
5.033670807872090694e-50
5.033517339920130576e-50
5.032141863653713436e-50
5.021775634636489956e-50
4.954246679487261157e-50
4.621738069469885511e-50
3.569305044589966340e-50
2.036785338387026917e-50
1.144836581874081778e-50
9.466203218496873338e-51
9.415627100289211112e-51
9.415616349134242057e-51
9.415616349134224253e-51
9.415616349134224253e-51
9.415616349134224253e-51
9.415616349134224253e-51
9.415616349134224253e-51
9.415616349134224253e-51
9.415616349134224253e-51
9.415616349134224253e-51
9.415616349134224253e-51
9.415616349134224253e-51
9.415616349134224253e-51
9.415616349134217131e-51
9.415616349133957190e-51
9.415616349124898419e-51
9.415616348897084318e-51
9.415616344238872136e-51
9.415616252573202373e-51
9.415614880196214511e-51
9.415597778299177237e-51
9.415403966113708539e-51
9.413666728044719213e-51
9.400564164947101412e-51
9.314778552679664011e-51
8.881172168231478277e-51
7.373282571462067730e-51
4.723403826784257318e-51
2.858965447181589339e-51
2.405040403874736686e-51
2.393251753519282029e-51
2.393249246449982728e-51
2.393249246449978574e-51
2.393249246449978574e-51
2.393249246449978574e-51
2.393249246449978574e-51
2.393249246449978574e-51
2.393249246449978574e-51
2.393249246449978574e-51
2.393249246449978574e-51
2.393249246449978574e-51
2.393249246449978574e-51
2.393249246449978574e-51
2.393249246449977683e-51
2.393249246449933766e-51
2.393249246448412992e-51
2.393249246410159207e-51
2.393249245627976651e-51
2.393249230235945905e-51
2.393248999793404876e-51
2.393246128128210436e-51
2.393213583905934319e-51
2.392921853036636452e-51
2.390720388599103098e-51
2.376255311960958835e-51
2.301745395177804249e-51
2.023059399540272197e-51
1.444976316759973250e-51
9.515762349019959488e-52
8.180181355645604592e-52
8.144716103021023889e-52
8.144708556402945156e-52
8.144708556402931803e-52
8.144708556402931803e-52
8.144708556402931803e-52
8.144708556402931803e-52
8.144708556402931803e-52
8.144708556402931803e-52
8.144708556402931803e-52
8.144708556402931803e-52
8.144708556402931803e-52
8.144708556402931803e-52
8.144708556402928836e-52
8.144708556402833880e-52
8.144708556399526752e-52
8.144708556316318872e-52
8.144708554614931233e-52
8.144708521134504468e-52
8.144708019880638989e-52
8.144701773490771861e-52
8.144630983558110555e-52
8.143996381871198234e-52
8.139205738977594533e-52
8.107648744666519464e-52
7.942886833202258173e-52
7.291878079077288739e-52
5.737933197826502174e-52
4.137843639067395344e-52
3.651019835112519925e-52
3.637741914179931019e-52
3.637739086800268103e-52
3.637739086800262910e-52
3.637739086800262910e-52
3.637739086800262910e-52
3.637739086800262910e-52
3.637739086800262910e-52
3.637739086800262910e-52
3.637739086800262910e-52
3.637739086800262910e-52
3.637739086800262910e-52
3.637739086800262910e-52
3.637739086800262168e-52
3.637739086800236204e-52
3.637739086799337834e-52
3.637739086776733190e-52
3.637739086314534946e-52
3.637739077219262502e-52
3.637738941048939715e-52
3.637737244157884076e-52
3.637718013329954742e-52
3.637545611273909753e-52
3.636243798987918709e-52
3.627653462182739229e-52
3.582374854103319202e-52
3.396149175444137936e-52
2.898313939255460345e-52
2.289357204168491158e-52
2.080356571239286699e-52
2.074481082691295763e-52
2.074479830553515716e-52
2.074479830553513861e-52
2.074479830553513861e-52
2.074479830553513861e-52
2.074479830553513861e-52
2.074479830553513861e-52
2.074479830553513861e-52
2.074479830553513861e-52
2.074479830553513861e-52
2.074479830553513861e-52
2.074479830553513861e-52
2.074479830553513490e-52
2.074479830553505330e-52
2.074479830553215641e-52
2.074479830545932986e-52
2.074479830397021712e-52
2.074479827466699520e-52
2.074479783595232169e-52
2.074479236889345397e-52
2.074473041068405086e-52
2.074417495006994117e-52
2.073997991333533945e-52
2.071226511786355488e-52
2.056523649266129526e-52
1.994328498002242163e-52
1.813141819363789719e-52
1.556537906506770630e-52
1.457882086862040377e-52
1.455020988888383209e-52
1.455020378626698603e-52
1.455020378626697675e-52
1.455020378626697675e-52
1.455020378626697675e-52
1.455020378626697675e-52
1.455020378626697675e-52
1.455020378626697675e-52
1.455020378626697675e-52
1.455020378626697675e-52
1.455020378626697675e-52
1.455020378626697675e-52
1.455020378626694893e-52
1.455020378626591777e-52
1.455020378624001453e-52
1.455020378571032691e-52
1.455020377528699769e-52
1.455020361923361034e-52
1.455020167456840024e-52
1.455017963563113209e-52
1.454998205178679012e-52
1.454848965966496059e-52
1.453862258912990545e-52
1.448605895144969142e-52
1.425956635928706535e-52
1.355907085403990070e-52
1.244933599864891879e-52
1.198048743026931307e-52
1.196650591537201048e-52
1.196650293078880290e-52
1.196650293078879919e-52
1.196650293078879919e-52
1.196650293078879919e-52
1.196650293078879919e-52
1.196650293078879919e-52
1.196650293078879919e-52
1.196650293078879919e-52
1.196650293078879919e-52
1.196650293078879919e-52
1.196650293078879919e-52
1.196650293078878806e-52
1.196650293078841900e-52
1.196650293077914227e-52
1.196650293058948685e-52
1.196650292685737450e-52
1.196650287098186152e-52
1.196650217468698817e-52
1.196649428355318229e-52
1.196642353722715472e-52
1.196588914037596382e-52
1.196235437441581024e-52
1.194347831410792705e-52
1.186125201210485849e-52
1.159742861365018240e-52
1.114750931185269364e-52
1.094449004397759606e-52
1.093830973632519557e-52
1.093830841624162347e-52
1.093830841624162162e-52
1.093830841624162162e-52
1.093830841624162162e-52
1.093830841624162162e-52
1.093830841624162162e-52
1.093830841624162162e-52
1.093830841624162162e-52
1.093830841624162162e-52
1.093830841624162162e-52
1.093830841624161606e-52
1.093830841624149922e-52
1.093830841623848549e-52
1.093830841617688670e-52
1.093830841496470886e-52
1.093830839681650530e-52
1.093830817066194812e-52
1.093830560764338755e-52
1.093828262933386979e-52
1.093810905231187583e-52
1.093696067600729384e-52
1.093082080015151773e-52
1.090392828269544271e-52
1.081600232137621052e-52
1.066002326256797993e-52
1.058702003383285378e-52
1.058477115605582449e-52
1.058477067553715322e-52
1.058477067553715136e-52
1.058477067553715136e-52
1.058477067553715136e-52
1.058477067553715136e-52
1.058477067553715136e-52
1.058477067553715136e-52
1.058477067553715136e-52
1.058477067553715136e-52
1.058477067553715136e-52
1.058477067553715136e-52
1.058477067553711798e-52
1.058477067553630937e-52
1.058477067551979599e-52
1.058477067519482687e-52
1.058477067032949826e-52
1.058477060970002557e-52
1.058476992258368856e-52
1.058476376234794698e-52
1.058471722762506756e-52
1.058440932948238079e-52
1.058276233670876738e-52
1.057553276025220350e-52
1.055171458337417348e-52
1.050876766017591549e-52
1.048835567536848000e-52
1.048772367817944584e-52
1.048772354311977955e-52
1.048772354311977955e-52
1.048772354311977955e-52
1.048772354311977955e-52
1.048772354311977955e-52
1.048772354311977955e-52
1.048772354311977955e-52
1.048772354311977955e-52
1.048772354311977955e-52
1.048772354311977955e-52
1.048772354311977955e-52
1.048772354311977213e-52
1.048772354311960522e-52
1.048772354311617606e-52
1.048772354304871302e-52
1.048772354203868134e-52
1.048772352945212084e-52
1.048772338680811091e-52
1.048772210795454433e-52
1.048771244739396847e-52
1.048764852636449367e-52
1.048730655338341083e-52
1.048580444608124605e-52
1.048084418052853108e-52
1.047185539922637904e-52
1.046756281391476717e-52
1.046742969621169980e-52
1.046742966776270064e-52
1.046742966776270064e-52
1.046742966776270064e-52
1.046742966776270064e-52
1.046742966776270064e-52
1.046742966776270064e-52
1.046742966776270064e-52
1.046742966776270064e-52
1.046742966776270064e-52
1.046742966776270064e-52
1.046742966776270064e-52
1.046742966776267282e-52
1.046742966776213684e-52
1.046742966775161197e-52
1.046742966759403748e-52
1.046742966563041156e-52
1.046742964337654706e-52
1.046742944386284006e-52
1.046742793671925771e-52
1.046741796434353979e-52
1.046736461109754088e-52
1.046713022360031339e-52
1.046635582554511291e-52
1.046495091773703663e-52
1.046427928715552429e-52
1.046425845173891962e-52
1.046425844728607142e-52
1.046425844728607142e-52
1.046425844728607142e-52
1.046425844728607142e-52
1.046425844728607142e-52
1.046425844728607142e-52
1.046425844728607142e-52
1.046425844728607142e-52
1.046425844728607142e-52
1.046425844728607142e-52
1.046425844728607142e-52
1.046425844728606771e-52
1.046425844728600465e-52
1.046425844728478247e-52
1.046425844726646641e-52
1.046425844703821670e-52
1.046425844445146084e-52
1.046425842126027995e-52
1.046425824607210512e-52
1.046425708689656090e-52
1.046425088515382883e-52
1.046422363945876427e-52
1.046413361413469873e-52
1.046397026073347646e-52
1.046389215427080435e-52
1.046388973109964394e-52
1.046388973058177385e-52
1.046388973058177385e-52
1.046388973058177385e-52
1.046388973058177385e-52
1.046388973058177385e-52
1.046388973058177385e-52
1.046388973058177385e-52
1.046388973058177385e-52
1.046388973058177385e-52
1.046388973058177385e-52
1.046388973058176828e-52
1.046388973058166257e-52
1.046388973058007689e-52
1.046388973056031238e-52
1.046388973033630971e-52
1.046388972832804906e-52
1.046388971315747009e-52
1.046388961277761091e-52
1.046388907573171914e-52
1.046388671635759331e-52
1.046387892042527583e-52
1.046386477418099321e-52
1.046385801009539054e-52
1.046385780024524618e-52
1.046385780020039632e-52
1.046385780020039632e-52
1.046385780020039632e-52
1.046385780020039632e-52
1.046385780020039632e-52
1.046385780020039632e-52
1.046385780020039632e-52
1.046385780020039632e-52
1.046385780020039632e-52
1.046385780020039632e-52
1.046385780020039632e-52
1.046385780020038890e-52
1.046385780020028690e-52
1.046385780019900907e-52
1.046385780018453019e-52
1.046385780005470241e-52
1.046385779907397903e-52
1.046385779258478963e-52
1.046385775786674803e-52
1.046385760534183948e-52
1.046385710136286216e-52
1.046385618685727339e-52
1.046385574958180339e-52
1.046385573601568605e-52
1.046385573601278545e-52
1.046385573601278545e-52
1.046385573601278545e-52
1.046385573601278545e-52
1.046385573601278545e-52
1.046385573601278545e-52
1.046385573601278545e-52
1.046385573601278545e-52
1.046385573601278545e-52
1.046385573601278545e-52
1.046385573601278545e-52
1.046385573601278545e-52
1.046385573601278174e-52
1.046385573601271868e-52
1.046385573601201950e-52
1.046385573600573981e-52
1.046385573595829350e-52
1.046385573564436669e-52
1.046385573396481589e-52
1.046385572658612733e-52
1.046385570220517591e-52
1.046385565796420004e-52
1.046385563681015226e-52
1.046385563615386572e-52
1.046385563615372292e-52
1.046385563615372292e-52
1.046385563615372292e-52
1.046385563615372292e-52
1.046385563615372292e-52
1.046385563615372292e-52
1.046385563615372292e-52
1.046385563615372292e-52
1.046385563615372292e-52
1.046385563615372292e-52
1.046385563615372292e-52
1.046385563615372292e-52
1.046385563615372107e-52
1.046385563615369510e-52
1.046385563615346884e-52
1.046385563615174591e-52
1.046385563614035494e-52
1.046385563607940527e-52
1.046385563581164138e-52
1.046385563492688073e-52
1.046385563332142318e-52
1.046385563255376587e-52
1.046385563252994721e-52
1.046385563252994350e-52
1.046385563252994350e-52
1.046385563252994350e-52
1.046385563252994350e-52
1.046385563252994350e-52
1.046385563252994350e-52
1.046385563252994350e-52
1.046385563252994350e-52
1.046385563252994350e-52
1.046385563252994350e-52
1.046385563252994350e-52
1.046385563252994350e-52
1.046385563252994350e-52
1.046385563252994350e-52
1.046385563252993608e-52
1.046385563252988971e-52
1.046385563252957814e-52
1.046385563252791456e-52
1.046385563252060928e-52
1.046385563249646977e-52
1.046385563245266219e-52
1.046385563243171815e-52
1.046385563243106904e-52
1.046385563243106904e-52
1.046385563243106904e-52
1.046385563243106904e-52
1.046385563243106904e-52
1.046385563243106904e-52
1.046385563243106904e-52
1.046385563243106904e-52
1.046385563243106904e-52
1.046385563243106904e-52
1.046385563243106904e-52
1.046385563243106904e-52
1.046385563243106904e-52
1.046385563243106904e-52
1.046385563243106904e-52
1.046385563243106904e-52
1.046385563243106719e-52
1.046385563243105977e-52
1.046385563243102639e-52
1.046385563243087616e-52
1.046385563243038098e-52
1.046385563242947965e-52
1.046385563242904938e-52
1.046385563242903640e-52
1.046385563242903640e-52
1.046385563242903640e-52
1.046385563242903640e-52
1.046385563242903640e-52
1.046385563242903640e-52
1.046385563242903640e-52
1.046385563242903640e-52
1.046385563242903640e-52
1.046385563242903640e-52
1.046385563242903640e-52
1.046385563242903640e-52
1.046385563242903640e-52
1.046385563242903640e-52
1.046385563242903640e-52
1.046385563242903640e-52
1.046385563242903640e-52
1.046385563242903640e-52
1.046385563242903454e-52
1.046385563242902527e-52
1.046385563242901043e-52
1.046385563242900301e-52
1.046385563242900301e-52
1.046385563242900301e-52
1.046385563242900301e-52
1.046385563242900301e-52
1.046385563242900301e-52
1.046385563242900301e-52
1.046385563242900301e-52
1.046385563242900301e-52
1.046385563242900301e-52
1.046385563242900301e-52
1.046385563242900301e-52
1.046385563242900301e-52
1.046385563242900301e-52
1.046385563242900301e-52
1.046385563242900301e-52
1.046385563242900301e-52
1.046385563242900301e-52
1.046385563242900301e-52
1.046385563242900301e-52
1.046385563242900301e-52
1.046385563242900301e-52
1.046385563242900301e-52
1.046385563242900301e-52
1.046385563242900301e-52
1.046385563242900301e-52
1.046385563242900301e-52
1.046385563242900301e-52
1.046385563242900301e-52
1.046385563242900301e-52
1.046385563242900301e-52
1.046385563242900301e-52
1.046385563242900301e-52
1.046385563242900301e-52
1.046385563242900301e-52
1.046385563242900301e-52
1.046385563242900301e-52
1.046385563242900301e-52
1.046385563242900301e-52
1.046385563242900301e-52
1.046385563242900301e-52
1.046385563242900301e-52
1.046385563242900301e-52
1.046385563242900301e-52
1.046385563242900301e-52
1.046385563242900301e-52
1.046385563242900301e-52
1.046385563242900301e-52
1.046385563242900301e-52
1.046385563242900301e-52
1.046385563242900301e-52
1.046385563242900301e-52
1.046385563242900301e-52
1.046385563242900301e-52
1.046385563242900301e-52
1.046385563242900301e-52
1.046385563242900301e-52
1.046385563242900301e-52
1.046385563242900301e-52
1.046385563242900301e-52
1.046385563242900301e-52
1.046385563242900301e-52
1.046385563242900301e-52
1.046385563242900301e-52
1.046385563242900301e-52
1.046385563242900301e-52
1.046385563242900301e-52
1.046385563242900301e-52
1.046385563242900301e-52
1.046385563242900301e-52
1.046385563242900301e-52
1.046385563242900301e-52
1.046385563242900301e-52
1.046385563242900301e-52
1.046385563242900301e-52
1.046385563242900301e-52
1.046385563242900301e-52
1.046385563242900301e-52
1.046385563242900301e-52
1.046385563242900301e-52
1.046385563242900301e-52
1.046385563242900301e-52
1.046385563242900301e-52
1.046385563242900301e-52
1.046385563242900301e-52
1.046385563242900301e-52
1.046385563242900301e-52
1.046385563242900301e-52
1.046385563242900301e-52
1.046385563242900301e-52
1.046385563242900301e-52
1.046385563242900301e-52
1.046385563242900301e-52
1.046385563242900301e-52
1.046385563242900301e-52
1.046385563242900301e-52
1.046385563242900301e-52
1.046385563242900301e-52
1.046385563242900301e-52
1.046385563242900301e-52
1.046385563242900301e-52
1.046385563242900301e-52
1.046385563242900301e-52
1.046385563242900301e-52
1.046385563242900301e-52
1.046385563242900301e-52
1.046385563242900301e-52
1.046385563242900301e-52
1.046385563242900301e-52
1.046385563242900301e-52
1.046385563242900301e-52
1.046385563242900301e-52
1.046385563242900301e-52
1.046385563242900301e-52
1.046385563242900301e-52
1.046385563242900301e-52
1.046385563242900301e-52
1.046385563242900301e-52
1.046385563242900301e-52
1.046385563242900301e-52
1.046385563242900301e-52
1.046385563242900301e-52
1.046385563242900301e-52
1.046385563242900301e-52
1.046385563242900301e-52
1.046385563242900301e-52
1.046385563242900301e-52
1.046385563242900301e-52
1.046385563242900301e-52
1.046385563242900301e-52
1.046385563242900301e-52
1.046385563242900301e-52
1.046385563242900301e-52
1.046385563242900301e-52
1.046385563242900301e-52
1.046385563242900301e-52
1.046385563242900301e-52
1.046385563242900301e-52
1.046385563242900301e-52
1.046385563242900301e-52
1.046385563242900301e-52
1.046385563242900301e-52
1.046385563242900301e-52
1.046385563242900301e-52
1.046385563242900301e-52
1.046385563242900301e-52
1.046385563242900301e-52
1.046385563242900301e-52
1.046385563242900301e-52
1.046385563242900301e-52
1.046385563242900301e-52
1.046385563242900301e-52
1.046385563242900301e-52
1.046385563242900301e-52
1.046385563242900301e-52
1.046385563242900301e-52
1.046385563242900301e-52
1.046385563242900301e-52
1.046385563242900301e-52
1.046385563242900301e-52
1.046385563242900301e-52
1.046385563242900301e-52
1.046385563242900301e-52
1.046385563242900301e-52
1.046385563242900301e-52
1.046385563242900301e-52
1.046385563242900301e-52
1.046385563242900301e-52
1.046385563242900301e-52
1.046385563242900301e-52
1.046385563242900301e-52
1.046385563242900301e-52
1.046385563242900301e-52
1.046385563242900301e-52
1.046385563242900301e-52
1.046385563242900301e-52
1.046385563242900301e-52
1.046385563242900301e-52
1.046385563242900301e-52
1.046385563242900301e-52
1.046385563242900301e-52
1.046385563242900301e-52
1.046385563242900301e-52
1.046385563242900301e-52
1.046385563242900301e-52
1.046385563242900301e-52
1.046385563242900301e-52
1.046385563242900301e-52
1.046385563242900301e-52
1.046385563242900301e-52
1.046385563242900301e-52
1.046385563242900301e-52
1.046385563242900301e-52
1.046385563242900301e-52
1.046385563242900301e-52
1.046385563242900301e-52
1.046385563242900301e-52
1.046385563242900301e-52
1.046385563242900301e-52
1.046385563242900301e-52
1.046385563242900301e-52
1.046385563242900301e-52
1.046385563242900301e-52
1.046385563242900301e-52
1.046385563242900301e-52
1.046385563242900301e-52
1.046385563242900301e-52
1.046385563242900301e-52
1.046385563242900301e-52
1.046385563242900301e-52
1.046385563242900301e-52
1.046385563242900301e-52
1.046385563242900301e-52
1.046385563242900301e-52
1.046385563242900301e-52
1.046385563242900301e-52
1.046385563242900301e-52
1.046385563242900301e-52
1.046385563242900301e-52
1.046385563242900301e-52
1.046385563242900301e-52
1.046385563242900301e-52
1.046385563242900301e-52
1.046385563242900301e-52
1.046385563242900301e-52
1.046385563242900301e-52
1.046385563242900301e-52
1.046385563242900301e-52
1.046385563242900301e-52
1.046385563242900301e-52
1.046385563242900301e-52
1.046385563242900301e-52
1.046385563242900301e-52
1.046385563242900301e-52
1.046385563242900301e-52
1.046385563242900301e-52
1.046385563242900301e-52
1.046385563242900301e-52
1.046385563242900301e-52
1.046385563242900301e-52
1.046385563242900301e-52
1.046385563242900301e-52
1.046385563242900301e-52
1.046385563242900301e-52
1.046385563242900301e-52
1.046385563242900301e-52
1.046385563242900301e-52
1.046385563242900301e-52
1.046385563242900301e-52
1.046385563242900301e-52
1.046385563242900301e-52
1.046385563242900301e-52
1.046385563242900301e-52
1.046385563242900301e-52
1.046385563242900301e-52
1.046385563242900301e-52
1.046385563242900301e-52
1.046385563242900301e-52
1.046385563242900301e-52
1.046385563242900301e-52
1.046385563242900301e-52
1.046385563242900301e-52
1.046385563242900301e-52
1.046385563242900301e-52
1.046385563242900301e-52
1.046385563242900301e-52
1.046385563242900301e-52
1.046385563242900301e-52
1.046385563242900301e-52
1.046385563242900301e-52
1.046385563242900301e-52
1.046385563242900301e-52
1.046385563242900301e-52
1.046385563242900301e-52
1.046385563242900301e-52
1.046385563242900301e-52
1.046385563242900301e-52
1.046385563242900301e-52
1.046385563242900301e-52
1.046385563242900301e-52
1.046385563242900301e-52
1.046385563242900301e-52
1.046385563242900301e-52
1.046385563242900301e-52
1.046385563242900301e-52
1.046385563242900301e-52
1.046385563242900301e-52
1.046385563242900301e-52
1.046385563242900301e-52
1.046385563242900301e-52
1.046385563242900301e-52
1.046385563242900301e-52
1.046385563242900301e-52
1.046385563242900301e-52
1.046385563242900301e-52
1.046385563242900301e-52
1.046385563242900301e-52
1.046385563242900301e-52
1.046385563242900301e-52
1.046385563242900301e-52
1.046385563242900301e-52
1.046385563242900301e-52
1.046385563242900301e-52
1.046385563242900301e-52
1.046385563242900301e-52
1.046385563242900301e-52
1.046385563242900301e-52
1.046385563242900301e-52
1.046385563242900301e-52
1.046385563242900301e-52
1.046385563242900301e-52
1.046385563242900301e-52
1.046385563242900301e-52
1.046385563242900301e-52
1.046385563242900301e-52
1.046385563242900301e-52
1.046385563242900301e-52
1.046385563242900301e-52
1.046385563242900301e-52
1.046385563242900301e-52
1.046385563242900301e-52
1.046385563242900301e-52
1.046385563242900301e-52
1.046385563242900301e-52
1.046385563242900301e-52
1.046385563242900301e-52
1.046385563242900301e-52
1.046385563242900301e-52
1.046385563242900301e-52
1.046385563242900301e-52
1.046385563242900301e-52
1.046385563242900301e-52
1.046385563242900301e-52
1.046385563242900301e-52
1.046385563242900301e-52
1.046385563242900301e-52
1.046385563242900301e-52
1.046385563242900301e-52
1.046385563242900301e-52
1.046385563242900301e-52
1.046385563242900301e-52
1.046385563242900301e-52
1.046385563242900301e-52
1.046385563242900301e-52
1.046385563242900301e-52
1.046385563242900301e-52
1.046385563242900301e-52
1.046385563242900301e-52
1.046385563242900301e-52
1.046385563242900301e-52
1.046385563242900301e-52
1.046385563242900301e-52
1.046385563242900301e-52
1.046385563242900301e-52
1.046385563242900301e-52
1.046385563242900301e-52
1.046385563242900301e-52
1.046385563242900301e-52
1.046385563242900301e-52
1.046385563242900301e-52
1.046385563242900301e-52
1.046385563242900301e-52
1.046385563242900301e-52
1.046385563242900301e-52
1.046385563242900301e-52
1.046385563242900301e-52
1.046385563242900301e-52
1.046385563242900301e-52
1.046385563242900301e-52
1.046385563242900301e-52
1.046385563242900301e-52
1.046385563242900301e-52
1.046385563242900301e-52
1.046385563242900301e-52
1.046385563242900301e-52
1.046385563242900301e-52
1.046385563242900301e-52
1.046385563242900301e-52
1.046385563242900301e-52
1.046385563242900301e-52
1.046385563242900301e-52
1.046385563242900301e-52
1.046385563242900301e-52
1.046385563242900301e-52
1.046385563242900301e-52
1.046385563242900301e-52
1.046385563242900301e-52
1.046385563242900301e-52
1.046385563242900301e-52
1.046385563242900301e-52
1.046385563242900301e-52
1.046385563242900301e-52
1.046385563242900301e-52
1.046385563242900301e-52
1.046385563242900301e-52
1.046385563242900301e-52
1.046385563242900301e-52
1.046385563242900301e-52
1.046385563242900301e-52
1.046385563242900301e-52
1.046385563242900301e-52
1.046385563242900301e-52
1.046385563242900301e-52
1.046385563242900301e-52
1.046385563242900301e-52
1.046385563242900301e-52
1.046385563242900301e-52
1.046385563242900301e-52
1.046385563242900301e-52
1.046385563242900301e-52
1.046385563242900301e-52
1.046385563242900301e-52
1.046385563242900301e-52
1.046385563242900301e-52
1.046385563242900301e-52
1.046385563242900301e-52
