1.000000000000203171e+00
1.000000000000067280e+00
1.000000000000067280e+00
1.000000000000060840e+00
1.000000000000060840e+00
1.000000000000034417e+00
1.000000000000034417e+00
1.000000000000031974e+00
1.000000000000031974e+00
1.000000000000031974e+00
1.000000000000031974e+00
1.000000000000031974e+00
1.000000000000031974e+00
1.000000000000031974e+00
1.000000000000031974e+00
1.000000000000031974e+00
1.000000000000031974e+00
1.000000000000028200e+00
1.000000000000028200e+00
1.000000000000028422e+00
1.000000000000028422e+00
1.000000000000028200e+00
1.000000000000028200e+00
1.000000000000028200e+00
1.000000000000028200e+00
1.000000000000028200e+00
1.000000000000028200e+00
1.000000000000028200e+00
1.000000000000028200e+00
1.000000000000028200e+00
1.000000000000028200e+00
1.000000000000028200e+00
1.000000000000028200e+00
1.000000000000028200e+00
1.000000000000028200e+00
1.000000000000028200e+00
1.000000000000028422e+00
1.000000000000027756e+00
1.000000000000027756e+00
1.000000000000027756e+00
1.000000000000027756e+00
1.000000000000027534e+00
1.000000000000027534e+00
1.000000000000027534e+00
1.000000000000027534e+00
1.000000000000027534e+00
1.000000000000027534e+00
1.000000000000027534e+00
1.000000000000027534e+00
1.000000000000027534e+00
1.000000000000027534e+00
1.000000000000027534e+00
1.000000000000027534e+00
1.000000000000027534e+00
1.000000000000027534e+00
1.000000000000027534e+00
1.000000000000027534e+00
1.000000000000027534e+00
1.000000000000027534e+00
1.000000000000027534e+00
1.000000000000027534e+00
1.000000000000027534e+00
1.000000000000027534e+00
1.000000000000027311e+00
1.000000000000027311e+00
1.000000000000027311e+00
1.000000000000027534e+00
1.000000000000027534e+00
1.000000000000027534e+00
1.000000000000027534e+00
1.000000000000027534e+00
1.000000000000027089e+00
1.000000000000027089e+00
1.000000000000027089e+00
1.000000000000027089e+00
1.000000000000027089e+00
1.000000000000027089e+00
1.000000000000027089e+00
1.000000000000027089e+00
1.000000000000027089e+00
1.000000000000027089e+00
1.000000000000027089e+00
1.000000000000027089e+00
1.000000000000027089e+00
1.000000000000027089e+00
1.000000000000027089e+00
1.000000000000027089e+00
1.000000000000027089e+00
1.000000000000027311e+00
1.000000000000027311e+00
1.000000000000027311e+00
1.000000000000027311e+00
1.000000000000027311e+00
1.000000000000027089e+00
1.000000000000027089e+00
1.000000000000027311e+00
1.000000000000027311e+00
1.000000000000027311e+00
1.000000000000027311e+00
1.000000000000027311e+00
1.000000000000027089e+00
1.000000000000027089e+00
1.000000000000027089e+00
1.000000000000027089e+00
1.000000000000027089e+00
1.000000000000027089e+00
1.000000000000027089e+00
1.000000000000027089e+00
1.000000000000027089e+00
1.000000000000027089e+00
1.000000000000027089e+00
1.000000000000027089e+00
1.000000000000027089e+00
1.000000000000017319e+00
1.000000000000017319e+00
1.000000000000017319e+00
1.000000000000017319e+00
1.000000000000017319e+00
1.000000000000017319e+00
1.000000000000017319e+00
1.000000000000017319e+00
1.000000000000017319e+00
1.000000000000017097e+00
1.000000000000017319e+00
1.000000000000017319e+00
1.000000000000017319e+00
1.000000000000017319e+00
1.000000000000017319e+00
1.000000000000017319e+00
1.000000000000017097e+00
1.000000000000017097e+00
1.000000000000017097e+00
1.000000000000017097e+00
1.000000000000017097e+00
1.000000000000017097e+00
1.000000000000017097e+00
1.000000000000017097e+00
1.000000000000017097e+00
1.000000000000017097e+00
1.000000000000017097e+00
1.000000000000017097e+00
1.000000000000017097e+00
1.000000000000017097e+00
1.000000000000017097e+00
1.000000000000017097e+00
1.000000000000017097e+00
1.000000000000012657e+00
1.000000000000012657e+00
1.000000000000012657e+00
1.000000000000012657e+00
1.000000000000012657e+00
1.000000000000012657e+00
1.000000000000012434e+00
1.000000000000012434e+00
1.000000000000012434e+00
1.000000000000012434e+00
1.000000000000012434e+00
1.000000000000012657e+00
1.000000000000012657e+00
1.000000000000012657e+00
1.000000000000012657e+00
1.000000000000012657e+00
1.000000000000012657e+00
1.000000000000012657e+00
1.000000000000012657e+00
1.000000000000012657e+00
1.000000000000012657e+00
1.000000000000012657e+00
1.000000000000012657e+00
1.000000000000012657e+00
1.000000000000012657e+00
1.000000000000012657e+00
1.000000000000012657e+00
1.000000000000012657e+00
1.000000000000012657e+00
1.000000000000012657e+00
1.000000000000009992e+00
1.000000000000009992e+00
1.000000000000009992e+00
1.000000000000009992e+00
1.000000000000009992e+00
1.000000000000009992e+00
1.000000000000009992e+00
1.000000000000009992e+00
1.000000000000009992e+00
1.000000000000009992e+00
1.000000000000009770e+00
1.000000000000009770e+00
1.000000000000009770e+00
1.000000000000009770e+00
1.000000000000009992e+00
1.000000000000009992e+00
1.000000000000009992e+00
1.000000000000009992e+00
1.000000000000009992e+00
1.000000000000009992e+00
1.000000000000009992e+00
1.000000000000009770e+00
1.000000000000009992e+00
1.000000000000009992e+00
1.000000000000009992e+00
1.000000000000009992e+00
1.000000000000009992e+00
1.000000000000009770e+00
1.000000000000009992e+00
1.000000000000009992e+00
1.000000000000009992e+00
1.000000000000009992e+00
1.000000000000009992e+00
1.000000000000009992e+00
1.000000000000009992e+00
1.000000000000009992e+00
1.000000000000009992e+00
1.000000000000009992e+00
1.000000000000009992e+00
1.000000000000009992e+00
1.000000000000009992e+00
1.000000000000009992e+00
1.000000000000009992e+00
1.000000000000009770e+00
1.000000000000009992e+00
1.000000000000009992e+00
1.000000000000009992e+00
1.000000000000009992e+00
1.000000000000009992e+00
1.000000000000009992e+00
1.000000000000009992e+00
1.000000000000009992e+00
1.000000000000009992e+00
1.000000000000009992e+00
1.000000000000009992e+00
1.000000000000009992e+00
1.000000000000009992e+00
1.000000000000009992e+00
1.000000000000009992e+00
1.000000000000009992e+00
1.000000000000009992e+00
1.000000000000009992e+00
1.000000000000009992e+00
1.000000000000009992e+00
1.000000000000009992e+00
1.000000000000009992e+00
1.000000000000009992e+00
1.000000000000009992e+00
1.000000000000009992e+00
1.000000000000009992e+00
1.000000000000009992e+00
1.000000000000009992e+00
1.000000000000009992e+00
1.000000000000009992e+00
1.000000000000009992e+00
1.000000000000009992e+00
1.000000000000009992e+00
1.000000000000009992e+00
1.000000000000009992e+00
1.000000000000008438e+00
1.000000000000008438e+00
9.999999999999744649e-01
9.999999999999745759e-01
9.999999999999745759e-01
9.999999999999745759e-01
9.999999999982224219e-01
9.999999999847513088e-01
9.999999999847473120e-01
9.999999999847473120e-01
9.999999999847456467e-01
9.999999999417499286e-01
9.999999999417499286e-01
9.999999999417499286e-01
9.999999999417499286e-01
9.999999999417498175e-01
9.999999999417499286e-01
9.999999998090717268e-01
9.999999998090717268e-01
9.999999998090708386e-01
9.999999998090708386e-01
9.999999927547369438e-01
9.999999667223772315e-01
9.999999667201335818e-01
9.999999667144121585e-01
9.999999667143918414e-01
9.999999077638880296e-01
9.999999077638880296e-01
9.999999077638880296e-01
9.999999077638880296e-01
9.999999077638880296e-01
9.999999077638880296e-01
9.999998478664651191e-01
9.999998478664651191e-01
9.999948487911894945e-01
9.999948487911894945e-01
9.999948184280869068e-01
9.999840462768427862e-01
9.999840462768427862e-01
9.999840462768375682e-01
9.999840462563847066e-01
9.999840462563847066e-01
9.999716560455609304e-01
9.999716556777188403e-01
9.999716556777104026e-01
9.999716556777104026e-01
9.999240026661968539e-01
9.992519524401792808e-01
9.992516264982567176e-01
9.992516264982567176e-01
9.992515930275118752e-01
9.983260059057176283e-01
9.983260059057176283e-01
9.983260059057176283e-01
9.983260059057176283e-01
9.983260059000419462e-01
9.983260058999265940e-01
9.979366806629529352e-01
9.979366806629529352e-01
9.979366806629529352e-01
9.979366806629529352e-01
9.979366769861096609e-01
9.979366769861093278e-01
9.939293157203731299e-01
9.745558879063154212e-01
9.745544707569896437e-01
9.745521878716276731e-01
9.745521857859057446e-01
9.598532200506908474e-01
9.598532200506908474e-01
9.598532200506908474e-01
9.598532200506341150e-01
9.598532200506341150e-01
9.598532200506341150e-01
9.580615103395957455e-01
9.580615103394927168e-01
8.908923087082435410e-01
8.908923087082435410e-01
8.903003453483225860e-01
7.718336560772968147e-01
7.718336560772968147e-01
7.718336559669322083e-01
7.718335995936506100e-01
7.718335995936506100e-01
7.718335995936506100e-01
7.321682657576479292e-01
7.321673140935319735e-01
7.321673140893861786e-01
7.321673140893861786e-01
7.321673140893861786e-01
7.153988361759902048e-01
4.973203876426700587e-01
4.971242982612039674e-01
4.971242982612039674e-01
4.971189462384845714e-01
3.411503637256669830e-01
3.411503637256669830e-01
3.411503637256667054e-01
3.411503637256667054e-01
3.411503636127640737e-01
3.411503635981564253e-01
3.223294277196775415e-01
3.223294277196775415e-01
3.223294277196775415e-01
3.223294277196775415e-01
3.223293168715146706e-01
3.223293168715130608e-01
2.789770277529437514e-01
1.221446046380702810e-01
1.221327222511466304e-01
1.221211514844244284e-01
1.221211484290080501e-01
7.552883750158483067e-02
7.552883750158483067e-02
7.552883750158483067e-02
7.552883750156100251e-02
7.552883750156100251e-02
7.552883750156100251e-02
7.354905835062022779e-02
7.354905835044599216e-02
4.498372775607799995e-02
4.498372775607799995e-02
4.484863252192430871e-02
1.500165545126603411e-02
1.500165545126603411e-02
1.500165537985205001e-02
1.500164977977758336e-02
1.500164977977758336e-02
1.500164977977758336e-02
1.090924818461884264e-02
1.090916408190454462e-02
1.090916408175151772e-02
1.090916408175151772e-02
1.090916408175151772e-02
1.055465600339259256e-02
3.878942575069334840e-03
3.869770538701893230e-03
3.869770538701893230e-03
3.869725159728900320e-03
1.550777741766011172e-03
1.550777741766011172e-03
1.550777741765997295e-03
1.550777741765997295e-03
1.550777740967876177e-03
1.550777740642038730e-03
1.362201303262169450e-03
1.362201303262169450e-03
1.362201303262169450e-03
1.362201303262169450e-03
1.362200317110341934e-03
1.362200317110338248e-03
1.182605267996656101e-03
2.977047114530636520e-04
2.976818909491769005e-04
2.976818909491769005e-04
2.976067097682396885e-04
2.976067040522163850e-04
1.712812033306178208e-04
1.712812033306178208e-04
1.712812033306178208e-04
1.712812033305923963e-04
1.712812033305923692e-04
1.712812033305923692e-04
1.647937180514488591e-04
1.647937180504275136e-04
1.094179244685726841e-04
1.094179244685726841e-04
1.092196611106917433e-04
2.619109660390736574e-05
2.619109660390736574e-05
2.619109640981549859e-05
2.619108987645539960e-05
2.619108987645539960e-05
2.619108987645539960e-05
2.619108987645539960e-05
2.003933093092241454e-05
2.003898692785080439e-05
2.003898692773508613e-05
2.003898692773508613e-05
2.003898692773508613e-05
2.003898692773508613e-05
1.972014686179962529e-05
8.757201538937266580e-06
8.724030619449587337e-06
8.724030619449587337e-06
8.723949316803726042e-06
2.745906172199353638e-06
2.745906172199353638e-06
2.745906172199296886e-06
2.745906172199296886e-06
2.745906171647490073e-06
2.745906170826643149e-06
2.745906170826643149e-06
2.468414134833328563e-06
2.468414134833328563e-06
2.468414134833328563e-06
2.468410301945618204e-06
2.468410301945616087e-06
2.300491572677524039e-06
7.058778607206237995e-07
7.058778607206237995e-07
7.058325814024083135e-07
7.055335456978720206e-07
7.055335386387148965e-07
3.321407920185605790e-07
3.321407920185605790e-07
3.321407920185605790e-07
3.321407920185457029e-07
3.321407920185455441e-07
3.321407920185455441e-07
3.209151061393670683e-07
3.209151061362607867e-07
3.209151061362607867e-07
2.543910376727414591e-07
2.540128923504487033e-07
6.546269332878534777e-08
6.546269189343267034e-08
6.546269189343267034e-08
6.546268292512322397e-08
6.546268292512322397e-08
6.546268292512322397e-08
6.546268292512322397e-08
4.383809675852862132e-08
4.383693195903574849e-08
4.383693195894966215e-08
4.383693195894966215e-08
4.383693195894966215e-08
4.383693195894966215e-08
4.329676121900360487e-08
2.503721793889580201e-08
2.491312052203490684e-08
2.491312052203490684e-08
2.491297483509635163e-08
7.265824497831679849e-09
7.265824497831679849e-09
7.265824497831363866e-09
7.265824497831363866e-09
7.265824497230773666e-09
7.265824490427312389e-09
7.265824490427312389e-09
6.099395842889086619e-09
6.099395842889086619e-09
6.099395842889086619e-09
6.099379284462534540e-09
6.099379284462531232e-09
5.734546092888887724e-09
5.734546092888887724e-09
2.299176974249671273e-09
2.299071417498555494e-09
2.297617942690273108e-09
2.297617931052621920e-09
9.454299917835046622e-10
9.454299917835046622e-10
9.454299917835046622e-10
9.454299917835046622e-10
9.454299917835046622e-10
9.454299917834808807e-10
9.454299917834802603e-10
9.454299917834802603e-10
8.885509996805365461e-10
8.885509996523468512e-10
8.885509996523468512e-10
7.077842329748281363e-10
7.071406561576932638e-10
2.261004874623239912e-10
2.261004753471472783e-10
2.261004753471472783e-10
2.261004587161600425e-10
2.261004587161600425e-10
2.261004587161600425e-10
2.261004587161600425e-10
1.357478631594402623e-10
1.357427453687793630e-10
1.357427453686180111e-10
1.357427453686180111e-10
1.357427453686180111e-10
1.357427453686180111e-10
1.346001558923602458e-10
7.478915028918868318e-11
7.408050205700834106e-11
7.408050205700834106e-11
7.408030181013436234e-11
2.540215374956439419e-11
2.540215374956439419e-11
2.540215374955981562e-11
2.540215374955981562e-11
2.540215374812490929e-11
2.540215368928702887e-11
2.540215368928702887e-11
2.014137546796724355e-11
2.014137546796724355e-11
2.014137546796724355e-11
2.014129273156545536e-11
2.014129273156545536e-11
1.925254661923537555e-11
1.925254661923537555e-11
6.951754485297439672e-12
6.951604470943136047e-12
6.943066527722921292e-12
6.943066506950557378e-12
3.234185924936502221e-12
3.234185924936502221e-12
3.234185924936502221e-12
3.234185924936502221e-12
3.234185924936502221e-12
3.234185924936467486e-12
3.234185924936456984e-12
3.234185924936456984e-12
2.979312220248474457e-12
2.979312220024233387e-12
2.979312220024233387e-12
2.507485685194371555e-12
2.506229524525786850e-12
6.848059923680594781e-13
6.848059414425472365e-13
6.848059414425472365e-13
6.848059116214437674e-13
6.848059116214437674e-13
6.848059116214437674e-13
6.848059116214437674e-13
4.461574966064361628e-13
4.461219568596386140e-13
4.461219568594198029e-13
4.461219568594198029e-13
4.461219568594198029e-13
4.441955499973029504e-13
4.441955499973029504e-13
2.811517065745745289e-13
2.772566412316328259e-13
2.772566412316328259e-13
2.772560929600700192e-13
7.854671010677857397e-14
7.854671010677857397e-14
7.854671010674760014e-14
7.854671010674760014e-14
7.854671010502520755e-14
7.854670984724741299e-14
7.854670984724741299e-14
7.854670984724741299e-14
6.468495329749471331e-14
6.468495329749471331e-14
6.468495329749471331e-14
6.468440468882546423e-14
6.468440468882546423e-14
6.468440468882546423e-14
6.322727428353248524e-14
6.322727428353248524e-14
2.776935463892048867e-14
2.776888674093810676e-14
2.771569979253361015e-14
1.059981750652509453e-14
1.059981750044688339e-14
1.059981750044688339e-14
1.059981750044688339e-14
1.059981750044688339e-14
1.059981750044688339e-14
1.059981750044685026e-14
1.059981750044676979e-14
1.059981750044676979e-14
9.865855083444523119e-15
9.865855082317777311e-15
9.865855082317777311e-15
8.994615858453645039e-15
8.991455967409301416e-15
2.903520670848171582e-15
2.903520082289529031e-15
2.903520082289529031e-15
2.903520014986596752e-15
2.903520014986596752e-15
2.903520014986596752e-15
2.903520014986596752e-15
2.903520014986596752e-15
1.613089442082825159e-15
1.612907955533698704e-15
1.612907955533435619e-15
1.612907955533435619e-15
1.612907955533435619e-15
1.607979804970049106e-15
1.212349128995227300e-15
1.212349128995227300e-15
1.193170439526145197e-15
1.193170439526145197e-15
1.193169164753279386e-15
3.517354135294263160e-16
3.517354135294263160e-16
3.517354135291416358e-16
3.517354135291416358e-16
3.517354135259642027e-16
3.517354135259642027e-16
3.517354102027271062e-16
3.517354102027271062e-16
2.627843541178655689e-16
2.627843541178655689e-16
2.627843541178655689e-16
2.627808169404103279e-16
2.627808169404103279e-16
2.627808169404103279e-16
2.580582367813229336e-16
2.580582367813229336e-16
1.425636363111729134e-16
1.425620880815655522e-16
1.421903888043802529e-16
5.041714521860746772e-17
5.041714520595720180e-17
5.041714520595720180e-17
5.041714520595720180e-17
5.041714520595720180e-17
5.041714520595720180e-17
5.041714520595636980e-17
5.041714520595628352e-17
5.041714520595628352e-17
4.482260317866601637e-17
4.482260316371432272e-17
4.482260316371432272e-17
4.127242078171163631e-17
4.126406692392558980e-17
1.653327122456922007e-17
1.653326376933583903e-17
1.653326376933583903e-17
1.653326356858108321e-17
1.653326356858108321e-17
1.653326356858108321e-17
1.653326356858108321e-17
1.653326356858108321e-17
8.262801115842448944e-18
8.261537656509961705e-18
8.261537656509208281e-18
8.261537656509208281e-18
8.261537656509208281e-18
8.245287553190321926e-18
7.939149690334478830e-18
6.037646978712198967e-18
6.037646978712198967e-18
6.037646978712198967e-18
6.037643975902216258e-18
2.095132421864818827e-18
2.095132421864818827e-18
2.095132421858325361e-18
2.095132421858325361e-18
2.095132421858325361e-18
2.095132421845997099e-18
2.095132375782601550e-18
2.095132375782601550e-18
1.451891455856866637e-18
1.451891455856866637e-18
1.451891455856866637e-18
1.451862806156381488e-18
1.451862806156381488e-18
1.451862806156381488e-18
1.451862806156381488e-18
1.433664262564889879e-18
7.626912984501030086e-19
7.626872219998337587e-19
7.589433433324161512e-19
3.023292558012119751e-19
3.023292557514693454e-19
3.023292557514693454e-19
3.023292557514693454e-19
3.023292557514693454e-19
3.023292557514693454e-19
3.023292557514693454e-19
3.023292557514501343e-19
3.023292557514501343e-19
3.023292557514499417e-19
2.596302961969669405e-19
2.596302960009873427e-19
2.596302960009873427e-19
2.443458526449027594e-19
2.443189136432580286e-19
2.443184816729070724e-19
8.945594379225646823e-20
8.945594379225646823e-20
8.945594379225646823e-20
8.945594314958019395e-20
8.945594314958019395e-20
8.945594314958019395e-20
8.945594314958019395e-20
4.856798739458088511e-20
4.855259223756565831e-20
4.855259223756376248e-20
4.855259223756376248e-20
4.855259223756376248e-20
4.850091299975151632e-20
4.619837706301826764e-20
3.755723390192061293e-20
3.755723390192061293e-20
3.755723390192061293e-20
3.755722119603669417e-20
3.755722119603666408e-20
1.142242087438909572e-20
1.142242087431369405e-20
1.142242087431369405e-20
1.142242087431369405e-20
1.142242087431369405e-20
1.142242051102993571e-20
1.142242051100330070e-20
1.142242051100330070e-20
8.304359966549949204e-21
8.304359966549949204e-21
8.304359966549949204e-21
8.304029365741352402e-21
8.304029365741352402e-21
8.304029365741352402e-21
8.304029365741352402e-21
8.248934055567474506e-21
5.043737273535443824e-21
5.043717778891001206e-21
5.007820789216506062e-21
1.698735668711512813e-21
1.698735668711512813e-21
1.698735668597360839e-21
1.698735668597360839e-21
1.698735668597360839e-21
1.698735668597360839e-21
1.698735668597360839e-21
1.698735668597123859e-21
1.698735668597123859e-21
1.698735668597123483e-21
1.485365769268289885e-21
1.485365767566274123e-21
1.485365767566274123e-21
1.438023082612202549e-21
1.437921048466532406e-21
1.437915770610616419e-21
6.309094234894836865e-22
6.309094234894836865e-22
6.309094234894836865e-22
6.309094211658331278e-22
6.309094211658331278e-22
6.309094211658331278e-22
6.309094211658331278e-22
2.920087066874372866e-22
2.918864355810373627e-22
2.918864355810336011e-22
2.918864355810336011e-22
2.918864355810336011e-22
2.918864355810336011e-22
2.918864355810336011e-22
2.918864355810336011e-22
2.918864355810336011e-22
2.918864355810336011e-22
2.918864355810336011e-22
2.918864355810336011e-22
2.918864355810336011e-22
2.918864355810336011e-22
2.918864355810336011e-22
2.918864355810336011e-22
2.918864355810336011e-22
2.918864355810336011e-22
2.918864355810336011e-22
2.918864355810336011e-22
2.918864355810336011e-22
2.918864355810336011e-22
2.918864355810336011e-22
2.918864355810336011e-22
2.918864355810336011e-22
2.918864355810336011e-22
2.918864355810336011e-22
2.918864355810336011e-22
2.918864355810336011e-22
2.918864355810336011e-22
2.918864355810336011e-22
2.918864355810336011e-22
2.918864355810336011e-22
2.918864355810336011e-22
2.918864355810336011e-22
2.918864355810336011e-22
2.918864355810336011e-22
2.918864355810336011e-22
2.918864355810336011e-22
2.918864355810336011e-22
2.918864355810336011e-22
2.918864355810336011e-22
2.918864355810336011e-22
2.918864355810336011e-22
2.918864355810336011e-22
2.918864355810336011e-22
2.918864355810336011e-22
2.918864355810336011e-22
2.918864355810336011e-22
2.918864355810336011e-22
2.918864355810336011e-22
2.918864355810336011e-22
2.918864355810336011e-22
2.918864355810336011e-22
2.918864355810336011e-22
2.918864355810336011e-22
2.918864355810336011e-22
2.918864355810336011e-22
2.918864355810336011e-22
2.918864355810336011e-22
2.918864355810336011e-22
2.918864355810336011e-22
2.918864355810336011e-22
2.918864355810336011e-22
2.918864355810336011e-22
2.918864355810336011e-22
2.918864355810336011e-22
2.918864355810336011e-22
2.918864355810336011e-22
2.918864355810336011e-22
2.918864355810336011e-22
2.918864355810336011e-22
2.918864355810336011e-22
2.918864355810336011e-22
2.918864355810336011e-22
2.918864355810336011e-22
2.918864355810336011e-22
2.918864355810336011e-22
2.918864355810336011e-22
2.918864355810336011e-22
2.918864355810336011e-22
2.918864355810336011e-22
2.918864355810336011e-22
2.918864355810336011e-22
2.918864355810336011e-22
2.918864355810336011e-22
2.918864355810336011e-22
2.918864355810336011e-22
2.918864355810336011e-22
2.918864355810336011e-22
2.918864355810336011e-22
2.918864355810336011e-22
2.918864355810336011e-22
2.918864355810336011e-22
2.918864355810336011e-22
2.918864355810336011e-22
2.918864355810336011e-22
2.918864355810336011e-22
2.918864355810336011e-22
2.918864355810336011e-22
2.918864355810336011e-22
2.918864355810336011e-22
2.918864355810336011e-22
2.918864355810336011e-22
2.918864355810336011e-22
2.918864355810336011e-22
2.918864355810336011e-22
2.918864355810336011e-22
2.918864355810336011e-22
2.918864355810336011e-22
2.918864355810336011e-22
2.918864355810336011e-22
2.918864355810336011e-22
2.918864355810336011e-22
2.918864355810336011e-22
2.918864355810336011e-22
2.918864355810336011e-22
2.918864355810336011e-22
2.918864355810336011e-22
2.918864355810336011e-22
2.918864355810336011e-22
2.918864355810336011e-22
2.918864355810336011e-22
2.918864355810336011e-22
2.918864355810336011e-22
2.918864355810336011e-22
2.918864355810336011e-22
2.918864355810336011e-22
2.918864355810336011e-22
2.918864355810336011e-22
2.918864355810336011e-22
2.918864355810336011e-22
2.918864355810336011e-22
2.918864355810336011e-22
2.918864355810336011e-22
2.918864355810336011e-22
2.918864355810336011e-22
2.918864355810336011e-22
2.918864355810336011e-22
2.918864355810336011e-22
2.918864355810336011e-22
2.918864355810336011e-22
2.918864355810336011e-22
2.918864355810336011e-22
2.918864355810336011e-22
2.918864355810336011e-22
2.918864355810336011e-22
2.918864355810336011e-22
2.918864355810336011e-22
2.918864355810336011e-22
2.918864355810336011e-22
2.918864355810336011e-22
2.918864355810336011e-22
2.918864355810336011e-22
2.918864355810336011e-22
2.918864355810336011e-22
2.918864355810336011e-22
2.918864355810336011e-22
2.918864355810336011e-22
2.918864355810336011e-22
2.918864355810336011e-22
2.918864355810336011e-22
2.918864355810336011e-22
2.918864355810336011e-22
2.918864355810336011e-22
2.918864355810336011e-22
2.918864355810336011e-22
2.918864355810336011e-22
2.918864355810336011e-22
2.918864355810336011e-22
2.918864355810336011e-22
2.918864355810336011e-22
2.918864355810336011e-22
2.918864355810336011e-22
2.918864355810336011e-22
2.918864355810336011e-22
2.918864355810336011e-22
2.918864355810336011e-22
2.918864355810336011e-22
2.918864355810336011e-22
2.918864355810336011e-22
2.918864355810336011e-22
2.918864355810336011e-22
2.918864355810336011e-22
2.918864355810336011e-22
2.918864355810336011e-22
2.918864355810336011e-22
2.918864355810336011e-22
2.918864355810336011e-22
2.918864355810336011e-22
2.918864355810336011e-22
2.918864355810336011e-22
2.918864355810336011e-22
2.918864355810336011e-22
2.918864355810336011e-22
2.918864355810336011e-22
2.918864355810336011e-22
2.918864355810336011e-22
2.918864355810336011e-22
2.918864355810336011e-22
2.918864355810336011e-22
2.918864355810336011e-22
2.918864355810336011e-22
2.918864355810336011e-22
2.918864355810336011e-22
2.918864355810336011e-22
2.918864355810336011e-22
2.918864355810336011e-22
2.918864355810336011e-22
2.918864355810336011e-22
2.918864355810336011e-22
2.918864355810336011e-22
2.918864355810336011e-22
2.918864355810336011e-22
2.918864355810336011e-22
2.918864355810336011e-22
2.918864355810336011e-22
2.918864355810336011e-22
2.918864355810336011e-22
2.918864355810336011e-22
2.918864355810336011e-22
2.918864355810336011e-22
2.918864355810336011e-22
2.918864355810336011e-22
2.918864355810335541e-22
2.918864355810335071e-22
2.918864355810335071e-22
2.918864355810335071e-22
2.918864355810335071e-22
2.918864355810335071e-22
2.918864355810335071e-22
2.918864355810335071e-22
2.918864355810335071e-22
2.918864355810335071e-22
2.918864355810335071e-22
2.918864355810335071e-22
2.918864355810335071e-22
2.918864355810335071e-22
2.918864355810335071e-22
2.918864355810335071e-22
2.918864355810335071e-22
2.918864355810335071e-22
2.918864355810335071e-22
2.918864355810335071e-22
2.918864355810335071e-22
2.918864355810335071e-22
2.918864355810335071e-22
2.918864355810335071e-22
2.918864355810335071e-22
2.918864355810335071e-22
2.918864355810335071e-22
2.918864355810335071e-22
2.918864355810335071e-22
2.918864355810335071e-22
2.918864355810335071e-22
2.918864355810332720e-22
2.918864355810316263e-22
2.918864355810230217e-22
2.918864355809852178e-22
2.918864355808602392e-22
2.918864355806334628e-22
2.918864355805249882e-22
2.918864355805216498e-22
2.918864355805216498e-22
2.918864355805216498e-22
2.918864355805216498e-22
2.918864355805216498e-22
2.918864355805216498e-22
2.918864355805216498e-22
2.918864355805216498e-22
2.918864355805216498e-22
2.918864355805216498e-22
2.918864355805216498e-22
2.918864355805216498e-22
2.918864355805216498e-22
2.918864355805216498e-22
2.918864355805216498e-22
2.918864355805216498e-22
2.918864355805216498e-22
2.918864355805216498e-22
2.918864355805216498e-22
2.918864355805216498e-22
2.918864355805216498e-22
2.918864355805216498e-22
2.918864355805216498e-22
2.918864355805216498e-22
2.918864355805216498e-22
2.918864355805216498e-22
2.918864355805216498e-22
2.918864355805215087e-22
2.918864355805201452e-22
2.918864355805045346e-22
2.918864355803642746e-22
2.918864355793049191e-22
2.918864355722953993e-22
2.918864355347935560e-22
2.918864353700388068e-22
2.918864348256495525e-22
2.918864338378163390e-22
2.918864333654788698e-22
2.918864333508249692e-22
2.918864333508218189e-22
2.918864333508218189e-22
2.918864333508218189e-22
2.918864333508218189e-22
2.918864333508218189e-22
2.918864333508218189e-22
2.918864333508218189e-22
2.918864333508218189e-22
2.918864333508218189e-22
2.918864333508218189e-22
2.918864333508218189e-22
2.918864333508218189e-22
2.918864333508218189e-22
2.918864333508218189e-22
2.918864333508218189e-22
2.918864333508218189e-22
2.918864333508218189e-22
2.918864333508218189e-22
2.918864333508218189e-22
2.918864333508218189e-22
2.918864333508218189e-22
2.918864333508218189e-22
2.918864333508218189e-22
2.918864333508218189e-22
2.918864333508217718e-22
2.918864333508207844e-22
2.918864333507996725e-22
2.918864333504839348e-22
2.918864333465499783e-22
2.918864333019659697e-22
2.918864329022543501e-22
2.918864298827984985e-22
2.918864099038269475e-22
2.918863030136532335e-22
2.918858334197409838e-22
2.918842817791951818e-22
2.918814662591359875e-22
2.918801200230019405e-22
2.918800782573137546e-22
2.918800782483878028e-22
2.918800782483878028e-22
2.918800782483878028e-22
2.918800782483878028e-22
2.918800782483878028e-22
2.918800782483878028e-22
2.918800782483878028e-22
2.918800782483878028e-22
2.918800782483878028e-22
2.918800782483878028e-22
2.918800782483878028e-22
2.918800782483878028e-22
2.918800782483878028e-22
2.918800782483878028e-22
2.918800782483878028e-22
2.918800782483878028e-22
2.918800782483878028e-22
2.918800782483878028e-22
2.918800782483878028e-22
2.918800782483878028e-22
2.918800782483878028e-22
2.918800782483878028e-22
2.918800782483878028e-22
2.918800782483876617e-22
2.918800782483837591e-22
2.918800782482853467e-22
2.918800782462731355e-22
2.918800782066761851e-22
2.918800776138476767e-22
2.918800702262923863e-22
2.918799865028391560e-22
2.918792358947696308e-22
2.918735658611027018e-22
2.918360542375321107e-22
2.916355256171729661e-22
2.907578089570030972e-22
2.878948215525976018e-22
2.828411770320339462e-22
2.804869286893643348e-22
2.804145166807680592e-22
2.804145012091714330e-22
2.804145012091714330e-22
2.804145012091714330e-22
2.804145012091714330e-22
2.804145012091714330e-22
2.804145012091714330e-22
2.804145012091714330e-22
2.804145012091714330e-22
2.804145012091714330e-22
2.804145012091714330e-22
2.804145012091714330e-22
2.804145012091714330e-22
2.804145012091714330e-22
2.804145012091714330e-22
2.804145012091714330e-22
2.804145012091714330e-22
2.804145012091714330e-22
2.804145012091714330e-22
2.804145012091714330e-22
2.804145012091714330e-22
2.804145012091714330e-22
2.804145012091714330e-22
2.804145012091713390e-22
2.804145012091674363e-22
2.804145012090384141e-22
2.804145012045397502e-22
2.804145010914092805e-22
2.804144987781741190e-22
2.804144532576529466e-22
2.804137717466386134e-22
2.804052793477847421e-22
2.803090705660568590e-22
2.794494651370357962e-22
2.731224145963970380e-22
2.375368761528060677e-22
1.399681993102704052e-22
4.990783949840403713e-23
1.596508191860579102e-23
7.146072787568313802e-24
5.652957965286351563e-24
5.616550045276246496e-24
5.616542314451200950e-24
5.616542314451187726e-24
5.616542314451187726e-24
5.616542314451187726e-24
5.616542314451187726e-24
5.616542314451187726e-24
5.616542314451187726e-24
5.616542314451187726e-24
5.616542314451187726e-24
5.616542314451187726e-24
5.616542314451187726e-24
5.616542314451187726e-24
5.616542314451187726e-24
5.616542314451187726e-24
5.616542314451187726e-24
5.616542314451187726e-24
5.616542314451187726e-24
5.616542314451187726e-24
5.616542314451187726e-24
5.616542314451187726e-24
5.616542314451186991e-24
5.616542314451156869e-24
5.616542314449863826e-24
5.616542314406828977e-24
5.616542312906455906e-24
5.616542275175944431e-24
5.616541503681250552e-24
5.616526322022191943e-24
5.616299038859229170e-24
5.613468282761801694e-24
5.581585492018017129e-24
5.311139765269188546e-24
3.888040283461466250e-24
1.402140649835939102e-24
3.171746405298736764e-25
7.209397421107216746e-26
2.028995859322681556e-26
8.806854700072207295e-27
6.931191556784351604e-27
6.885694611890674950e-27
6.885684952312112069e-27
6.885684952312096285e-27
6.885684952312096285e-27
6.885684952312096285e-27
6.885684952312096285e-27
6.885684952312096285e-27
6.885684952312096285e-27
6.885684952312096285e-27
6.885684952312096285e-27
6.885684952312096285e-27
6.885684952312096285e-27
6.885684952312096285e-27
6.885684952312096285e-27
6.885684952312096285e-27
6.885684952312096285e-27
6.885684952312096285e-27
6.885684952312096285e-27
6.885684952312096285e-27
6.885684952312096285e-27
6.885684952312096285e-27
6.885684952312070456e-27
6.885684952310984214e-27
6.885684952274872775e-27
6.885684951015924352e-27
6.885684919356553972e-27
6.885684272001530833e-27
6.885671533181502401e-27
6.885480818929476409e-27
6.883105111470528051e-27
6.856295240805820676e-27
6.624950159479208993e-27
5.279307663205674603e-27
2.252287288412484208e-27
5.537097424901338401e-28
1.283757437705495979e-28
3.628315706079532743e-29
1.576353580277297246e-29
1.240816426866783669e-29
1.232676201032984859e-29
1.232674472753322957e-29
1.232674472753320295e-29
1.232674472753320295e-29
1.232674472753320295e-29
1.232674472753320295e-29
1.232674472753320295e-29
1.232674472753320295e-29
1.232674472753320295e-29
1.232674472753320295e-29
1.232674472753320295e-29
1.232674472753320295e-29
1.232674472753320295e-29
1.232674472753320295e-29
1.232674472753320295e-29
1.232674472753320295e-29
1.232674472753320295e-29
1.232674472753320295e-29
1.232674472753320295e-29
1.232674472753320295e-29
1.232674472753320295e-29
1.232674472753317072e-29
1.232674472753185770e-29
1.232674472748821426e-29
1.232674472596662133e-29
1.232674468770249781e-29
1.232674390529671379e-29
1.232672850890305045e-29
1.232649800561621012e-29
1.232362630259968516e-29
1.229117443342010740e-29
1.200769077473131976e-29
1.022603470605212915e-29
5.160056524475652899e-30
1.413536822645008322e-30
3.373783052080473354e-31
9.596619291978683341e-32
4.175307563885857859e-32
3.287336062649922098e-32
3.265788454515160745e-32
3.265783879641517626e-32
3.265783879641511058e-32
3.265783879641511058e-32
3.265783879641511058e-32
3.265783879641511058e-32
3.265783879641511058e-32
3.265783879641511058e-32
3.265783879641511058e-32
3.265783879641511058e-32
3.265783879641511058e-32
3.265783879641511058e-32
3.265783879641511058e-32
3.265783879641511058e-32
3.265783879641511058e-32
3.265783879641511058e-32
3.265783879641511058e-32
3.265783879641511058e-32
3.265783879641511058e-32
3.265783879641511058e-32
3.265783879641504489e-32
3.265783879641268567e-32
3.265783879633420749e-32
3.265783879359793139e-32
3.265783872478754252e-32
3.265783731778689915e-32
3.265780963043417206e-32
3.265739511344772080e-32
3.265223047594316560e-32
3.259381337528416880e-32
3.207927353476609672e-32
2.866134933114097899e-32
1.681028334337855564e-32
5.233251463726608757e-33
1.300001421412263349e-33
3.731959780075393780e-34
1.627079232078927648e-34
1.281481019432140185e-34
1.273091772812059099e-34
1.273089991637082490e-34
1.273089991637079497e-34
1.273089991637079497e-34
1.273089991637079497e-34
1.273089991637079497e-34
1.273089991637079497e-34
1.273089991637079497e-34
1.273089991637079497e-34
1.273089991637079497e-34
1.273089991637079497e-34
1.273089991637079497e-34
1.273089991637079497e-34
1.273089991637079497e-34
1.273089991637079497e-34
1.273089991637079497e-34
1.273089991637079497e-34
1.273089991637079497e-34
1.273089991637079497e-34
1.273089991637078000e-34
1.273089991637015350e-34
1.273089991634928028e-34
1.273089991562156770e-34
1.273089989732146205e-34
1.273089952312997867e-34
1.273089215968313692e-34
1.273078191848529742e-34
1.272940830352113584e-34
1.271386175668878530e-34
1.257615948763789744e-34
1.162502997993162265e-34
7.747842018660587825e-35
2.782608316576100147e-35
7.293043140654348084e-36
2.121168419632436476e-36
9.275679847268532479e-37
7.309082356036042482e-37
7.261319996834846617e-37
7.261309855979631901e-37
7.261309855979616031e-37
7.261309855979616031e-37
7.261309855979616031e-37
7.261309855979616031e-37
7.261309855979616031e-37
7.261309855979616031e-37
7.261309855979616031e-37
7.261309855979616031e-37
7.261309855979616031e-37
7.261309855979616031e-37
7.261309855979616031e-37
7.261309855979616031e-37
7.261309855979616031e-37
7.261309855979616031e-37
7.261309855979616031e-37
7.261309855979616031e-37
7.261309855979616031e-37
7.261309855979610184e-37
7.261309855979365459e-37
7.261309855971205175e-37
7.261309855686698559e-37
7.261309848532115862e-37
7.261309702238744546e-37
7.261306823435446503e-37
7.261263723559432796e-37
7.260726675646181279e-37
7.254645835895968402e-37
7.200580572607862277e-37
6.816815363961795913e-37
5.039604315280693328e-37
2.104365368933129941e-37
5.913168936883411550e-38
1.751653340551062282e-38
7.692669690371138714e-39
6.065982254045772656e-39
6.026446611181554906e-39
6.026438216870160870e-39
6.026438216870147819e-39
6.026438216870147819e-39
6.026438216870147819e-39
6.026438216870147819e-39
6.026438216870147819e-39
6.026438216870147819e-39
6.026438216870147819e-39
6.026438216870147819e-39
6.026438216870147819e-39
6.026438216870147819e-39
6.026438216870147819e-39
6.026438216870147819e-39
6.026438216870147819e-39
6.026438216870147819e-39
6.026438216870147819e-39
6.026438216870147819e-39
6.026438216870143904e-39
6.026438216870004263e-39
6.026438216865341280e-39
6.026438216702795946e-39
6.026438212615201670e-39
6.026438129034086695e-39
6.026436484300510129e-39
6.026411860196079340e-39
6.026105022813617325e-39
6.022629804045768352e-39
5.991651379538892379e-39
5.767549027441827698e-39
4.623350937771144792e-39
2.242832350471162517e-39
6.875551675330880675e-40
2.089005539286987258e-40
9.230121112630430375e-41
7.285677816118369179e-41
7.238370408411715156e-41
7.238360363732146471e-41
7.238360363732131177e-41
7.238360363732131177e-41
7.238360363732131177e-41
7.238360363732131177e-41
7.238360363732131177e-41
7.238360363732131177e-41
7.238360363732131177e-41
7.238360363732131177e-41
7.238360363732131177e-41
7.238360363732131177e-41
7.238360363732131177e-41
7.238360363732131177e-41
7.238360363732131177e-41
7.238360363732131177e-41
7.238360363732131177e-41
7.238360363732131177e-41
7.238360363732128118e-41
7.238360363732011886e-41
7.238360363728142585e-41
7.238360363593235993e-41
7.238360360200691456e-41
7.238360290831635615e-41
7.238358925766965260e-41
7.238338488693889959e-41
7.238083820971751483e-41
7.235198912687860293e-41
7.209437059849840998e-41
7.020601870900858787e-41
5.983581549972356871e-41
3.342271143900579658e-41
1.137099792650761583e-41
3.575696119427127159e-42
1.593471922004217932e-42
1.259591653518654360e-42
1.251456559401159016e-42
1.251454832033895734e-42
1.251454832033892548e-42
1.251454832033892548e-42
1.251454832033892548e-42
1.251454832033892548e-42
1.251454832033892548e-42
1.251454832033892548e-42
1.251454832033892548e-42
1.251454832033892548e-42
1.251454832033892548e-42
1.251454832033892548e-42
1.251454832033892548e-42
1.251454832033892548e-42
1.251454832033892548e-42
1.251454832033892548e-42
1.251454832033892548e-42
1.251454832033892388e-42
1.251454832033878369e-42
1.251454832033414779e-42
1.251454832017247127e-42
1.251454831610671432e-42
1.251454823297218313e-42
1.251454659702636245e-42
1.251452210443203611e-42
1.251421689703161758e-42
1.251075900866588554e-42
1.247984297658461557e-42
1.225114685545566312e-42
1.092629565001986409e-42
6.921645663063288358e-43
2.651778384902537876e-43
8.727720270151914657e-44
3.936109911255013519e-44
3.117680701194336660e-44
3.097698034326074573e-44
3.097693791091934987e-44
3.097693791091928017e-44
3.097693791091928017e-44
3.097693791091928017e-44
3.097693791091928017e-44
3.097693791091928017e-44
3.097693791091928017e-44
3.097693791091928017e-44
3.097693791091928017e-44
3.097693791091928017e-44
3.097693791091928017e-44
3.097693791091928017e-44
3.097693791091928017e-44
3.097693791091928017e-44
3.097693791091928017e-44
3.097693791091928017e-44
3.097693791091927519e-44
3.097693791091903623e-44
3.097693791091106081e-44
3.097693791063301649e-44
3.097693790364086639e-44
3.097693776066872330e-44
3.097693494722059557e-44
3.097689282560103854e-44
3.097636793496632278e-44
3.097042056995311653e-44
3.091720219323396471e-44
3.052101948299764117e-44
2.813544186049300738e-44
1.983917159221804788e-44
8.642891595257802686e-45
3.016973607801079712e-45
1.383197517537253007e-45
1.098704954661889784e-45
1.091738595764686072e-45
1.091737116385394665e-45
1.091737116385392332e-45
1.091737116385392332e-45
1.091737116385392332e-45
1.091737116385392332e-45
1.091737116385392332e-45
1.091737116385392332e-45
1.091737116385392332e-45
1.091737116385392332e-45
1.091737116385392332e-45
1.091737116385392332e-45
1.091737116385392332e-45
1.091737116385392332e-45
1.091737116385392332e-45
1.091737116385392332e-45
1.091737116385392176e-45
1.091737116385386109e-45
1.091737116385190550e-45
1.091737116378373859e-45
1.091737116206948302e-45
1.091737112701726666e-45
1.091737043724933102e-45
1.091736011036429379e-45
1.091723142311300785e-45
1.091577321700520296e-45
1.090271726682710535e-45
1.080509151500761212e-45
1.020071873759237512e-45
7.851206602928487788e-46
3.902407359965134376e-46
1.466032908229386430e-46
6.873477019934457982e-47
5.481361028761973412e-47
5.447134136228970166e-47
5.447126867085315728e-47
5.447126867085304060e-47
5.447126867085304060e-47
5.447126867085304060e-47
5.447126867085304060e-47
5.447126867085304060e-47
5.447126867085304060e-47
5.447126867085304060e-47
5.447126867085304060e-47
5.447126867085304060e-47
5.447126867085304060e-47
5.447126867085304060e-47
5.447126867085304060e-47
5.447126867085304060e-47
5.447126867085304060e-47
5.447126867085304060e-47
5.447126867085283640e-47
5.447126867084605915e-47
5.447126867060950678e-47
5.447126866466083897e-47
5.447126854302518922e-47
5.447126614944291290e-47
5.447123031383009394e-47
5.447078375086603126e-47
5.446572334543890818e-47
5.442039699709870792e-47
5.408042004625045977e-47
5.193367103586081839e-47
4.283626370456470105e-47
2.420701379436729746e-47
9.933137867017292070e-48
4.798669151455458701e-48
3.847677819983329062e-48
3.824165639370258450e-48
3.824160645157557284e-48
3.824160645157549992e-48
3.824160645157549992e-48
3.824160645157549992e-48
3.824160645157549992e-48
3.824160645157549992e-48
3.824160645157549992e-48
3.824160645157549992e-48
3.824160645157549992e-48
3.824160645157549992e-48
3.824160645157549992e-48
3.824160645157549992e-48
3.824160645157549992e-48
3.824160645157549992e-48
3.824160645157549992e-48
3.824160645157539661e-48
3.824160645157209063e-48
3.824160645145683723e-48
3.824160644855853471e-48
3.824160638929528955e-48
3.824160522309567529e-48
3.824158776328778101e-48
3.824137018853221616e-48
3.823890457757612445e-48
3.821681370250849359e-48
3.805075839692057230e-48
3.698735977672192892e-48
3.217636778101832158e-48
2.047578666104207186e-48
9.300620289539460733e-49
4.672863639559345180e-49
3.774776208634320922e-49
3.752402120360386377e-49
3.752397367011867712e-49
3.752397367011860116e-49
3.752397367011860116e-49
3.752397367011860116e-49
3.752397367011860116e-49
3.752397367011860116e-49
3.752397367011860116e-49
3.752397367011860116e-49
3.752397367011860116e-49
3.752397367011860116e-49
3.752397367011860116e-49
3.752397367011860116e-49
3.752397367011860116e-49
3.752397367011860116e-49
3.752397367011860116e-49
3.752397367011853279e-49
3.752397367011629183e-49
3.752397367003818509e-49
3.752397366807410667e-49
3.752397362791356763e-49
3.752397283762258563e-49
3.752396100574534264e-49
3.752381356296088146e-49
3.752214266858102877e-49
3.750716915731648937e-49
3.739444290910848051e-49
3.666530356931522643e-49
3.320169676905867915e-49
2.346392654931881861e-49
1.191603519045644954e-49
6.294620974334229516e-50
5.136073466193111996e-50
5.106912417580114190e-50
5.106906220794233261e-50
5.106906220794223765e-50
5.106906220794223765e-50
5.106906220794223765e-50
5.106906220794223765e-50
5.106906220794223765e-50
5.106906220794223765e-50
5.106906220794223765e-50
5.106906220794223765e-50
5.106906220794223765e-50
5.106906220794223765e-50
5.106906220794223765e-50
5.106906220794223765e-50
5.106906220794223765e-50
5.106906220794223765e-50
5.106906220794217118e-50
5.106906220794009166e-50
5.106906220786730813e-50
5.106906220603713240e-50
5.106906216861463463e-50
5.106906143220364432e-50
5.106905040699186131e-50
5.106891301627450291e-50
5.106735601308764740e-50
5.105340117168329138e-50
5.094823099504809005e-50
5.026311858539217273e-50
4.688966530839528765e-50
3.621224665022764300e-50
2.066412708519604165e-50
1.161489538134734644e-50
9.603899961113207438e-51
9.552588155474097625e-51
9.552577247931295165e-51
9.552577247931277361e-51
9.552577247931277361e-51
9.552577247931277361e-51
9.552577247931277361e-51
9.552577247931277361e-51
9.552577247931277361e-51
9.552577247931277361e-51
9.552577247931277361e-51
9.552577247931277361e-51
9.552577247931277361e-51
9.552577247931277361e-51
9.552577247931277361e-51
9.552577247931277361e-51
9.552577247931277361e-51
9.552577247931269052e-51
9.552577247931005550e-51
9.552577247921815027e-51
9.552577247690688161e-51
9.552577242964716794e-51
9.552577149965665165e-51
9.552575757625885290e-51
9.552558406962213467e-51
9.552361775557043100e-51
9.550599267375240156e-51
9.537306112525382548e-51
9.450272650502354974e-51
9.010358965720756979e-51
7.480535391737072300e-51
4.792111132765059686e-51
2.900552366482067321e-51
2.440024464731060709e-51
2.428064334985577992e-51
2.428061791448091119e-51
2.428061791448086965e-51
2.428061791448086965e-51
2.428061791448086965e-51
2.428061791448086965e-51
2.428061791448086965e-51
2.428061791448086965e-51
2.428061791448086965e-51
2.428061791448086965e-51
2.428061791448086965e-51
2.428061791448086965e-51
2.428061791448086965e-51
2.428061791448086965e-51
2.428061791448086965e-51
2.428061791448085778e-51
2.428061791448041267e-51
2.428061791446498238e-51
2.428061791407688369e-51
2.428061790614127748e-51
2.428061774998202198e-51
2.428061541203611510e-51
2.428058627766765298e-51
2.428025610151588610e-51
2.427729635723442928e-51
2.425496148470104975e-51
2.410820660763363166e-51
2.335226912099903447e-51
2.052487110208022496e-51
1.465995148427015351e-51
9.654179985819780417e-52
8.299171440760438598e-52
8.263190305511140895e-52
8.263182649118879129e-52
8.263182649118865776e-52
8.263182649118865776e-52
8.263182649118865776e-52
8.263182649118865776e-52
8.263182649118865776e-52
8.263182649118865776e-52
8.263182649118865776e-52
8.263182649118865776e-52
8.263182649118865776e-52
8.263182649118865776e-52
8.263182649118865776e-52
8.263182649118865776e-52
8.263182649118865776e-52
8.263182649118862809e-52
8.263182649118766369e-52
8.263182649115410279e-52
8.263182649030993199e-52
8.263182647304856253e-52
8.263182613337419621e-52
8.263182104792242983e-52
8.263175767541498783e-52
8.263103947888376129e-52
8.262460115194784436e-52
8.257599786926139206e-52
8.225583760073389308e-52
8.058425198337397011e-52
7.397946777991596641e-52
5.821397992787484241e-52
4.198033303012278141e-52
3.704128090546998666e-52
3.690657027082084034e-52
3.690654158574952518e-52
3.690654158574948067e-52
3.690654158574948067e-52
3.690654158574948067e-52
3.690654158574948067e-52
3.690654158574948067e-52
3.690654158574948067e-52
3.690654158574948067e-52
3.690654158574948067e-52
3.690654158574948067e-52
3.690654158574948067e-52
3.690654158574948067e-52
3.690654158574948067e-52
3.690654158574947325e-52
3.690654158574920619e-52
3.690654158574008896e-52
3.690654158551075616e-52
3.690654158082154066e-52
3.690654148854580915e-52
3.690654010703504951e-52
3.690652289129229860e-52
3.690632778566934093e-52
3.690457868725983789e-52
3.689137120092743882e-52
3.680421827022761225e-52
3.634484589850046456e-52
3.445550045899152856e-52
2.940473227335731128e-52
2.322658520696670976e-52
2.110617734741502743e-52
2.104656780498801531e-52
2.104655510147246580e-52
2.104655510147244726e-52
2.104655510147244726e-52
2.104655510147244726e-52
2.104655510147244726e-52
2.104655510147244726e-52
2.104655510147244726e-52
2.104655510147244726e-52
2.104655510147244726e-52
2.104655510147244726e-52
2.104655510147244726e-52
2.104655510147244726e-52
2.104655510147244726e-52
2.104655510147243984e-52
2.104655510147235824e-52
2.104655510146942055e-52
2.104655510139553316e-52
2.104655509988475866e-52
2.104655507015528961e-52
2.104655462505900852e-52
2.104654907847552502e-52
2.104648621901316692e-52
2.104592267858971305e-52
2.104166662025224205e-52
2.101354868141128520e-52
2.086438135684937681e-52
2.023338284877010092e-52
1.839516038960090562e-52
1.579179528975431623e-52
1.479088647702330797e-52
1.476185931789338753e-52
1.476185312650700569e-52
1.476185312650699642e-52
1.476185312650699642e-52
1.476185312650699642e-52
1.476185312650699642e-52
1.476185312650699642e-52
1.476185312650699642e-52
1.476185312650699642e-52
1.476185312650699642e-52
1.476185312650699642e-52
1.476185312650699642e-52
1.476185312650699642e-52
1.476185312650699642e-52
1.476185312650699642e-52
1.476185312650696860e-52
1.476185312650592260e-52
1.476185312647964102e-52
1.476185312594224938e-52
1.476185311536730079e-52
1.476185295704394049e-52
1.476185098409135061e-52
1.476182862457255807e-52
1.476162816664542370e-52
1.476011406597486165e-52
1.475010346762401099e-52
1.469677523177053104e-52
1.446698804604724799e-52
1.375630303323685738e-52
1.263042581630681811e-52
1.215475730975812171e-52
1.214057241775029683e-52
1.214056938975291583e-52
1.214056938975291212e-52
1.214056938975291212e-52
1.214056938975291212e-52
1.214056938975291212e-52
1.214056938975291212e-52
1.214056938975291212e-52
1.214056938975291212e-52
1.214056938975291212e-52
1.214056938975291212e-52
1.214056938975291212e-52
1.214056938975291212e-52
1.214056938975291212e-52
1.214056938975289914e-52
1.214056938975252451e-52
1.214056938974311425e-52
1.214056938955070104e-52
1.214056938576429889e-52
1.214056932907601538e-52
1.214056862265273550e-52
1.214056061673337243e-52
1.214048884132119189e-52
1.213994667105715870e-52
1.213636048788702083e-52
1.211720985371273902e-52
1.203378747618901336e-52
1.176612646493914717e-52
1.130966257278502259e-52
1.110369015767343552e-52
1.109741995038414135e-52
1.109741861109844484e-52
1.109741861109844298e-52
1.109741861109844298e-52
1.109741861109844298e-52
1.109741861109844298e-52
1.109741861109844298e-52
1.109741861109844298e-52
1.109741861109844298e-52
1.109741861109844298e-52
1.109741861109844298e-52
1.109741861109844298e-52
1.109741861109844298e-52
1.109741861109844298e-52
1.109741861109843742e-52
1.109741861109831873e-52
1.109741861109526049e-52
1.109741861103276593e-52
1.109741860980295637e-52
1.109741859139076490e-52
1.109741836194653134e-52
1.109741576164593670e-52
1.109739244909065202e-52
1.109721634719253013e-52
1.109605126644237523e-52
1.108982207907638816e-52
1.106253837922448148e-52
1.097333343432697449e-52
1.081508548187485061e-52
1.074102033775873326e-52
1.073873874748469726e-52
1.073873825997633301e-52
1.073873825997633116e-52
1.073873825997633116e-52
1.073873825997633116e-52
1.073873825997633116e-52
1.073873825997633116e-52
1.073873825997633116e-52
1.073873825997633116e-52
1.073873825997633116e-52
1.073873825997633116e-52
1.073873825997633116e-52
1.073873825997633116e-52
1.073873825997633116e-52
1.073873825997629777e-52
1.073873825997547804e-52
1.073873825995872541e-52
1.073873825962902706e-52
1.073873825469292679e-52
1.073873819318152914e-52
1.073873749607030032e-52
1.073873124622689261e-52
1.073868403460329356e-52
1.073837165773029472e-52
1.073670070756480757e-52
1.072936596865762006e-52
1.070520132918043991e-52
1.066162969390984605e-52
1.064092079345909983e-52
1.064027960314878432e-52
1.064027946612452030e-52
1.064027946612452030e-52
1.064027946612452030e-52
1.064027946612452030e-52
1.064027946612452030e-52
1.064027946612452030e-52
1.064027946612452030e-52
1.064027946612452030e-52
1.064027946612452030e-52
1.064027946612452030e-52
1.064027946612452030e-52
1.064027946612452030e-52
1.064027946612452030e-52
1.064027946612451288e-52
1.064027946612434226e-52
1.064027946612086302e-52
1.064027946605241890e-52
1.064027946502769691e-52
1.064027945225804999e-52
1.064027930753911942e-52
1.064027801008316626e-52
1.064026820899869780e-52
1.064020335816480760e-52
1.063985641079595220e-52
1.063833245362665590e-52
1.063330003534349914e-52
1.062418050194604176e-52
1.061982547607603847e-52
1.061969042202386980e-52
1.061969039316104750e-52
1.061969039316104750e-52
1.061969039316104750e-52
1.061969039316104750e-52
1.061969039316104750e-52
1.061969039316104750e-52
1.061969039316104750e-52
1.061969039316104750e-52
1.061969039316104750e-52
1.061969039316104750e-52
1.061969039316104750e-52
1.061969039316104750e-52
1.061969039316104750e-52
1.061969039316104750e-52
1.061969039316101968e-52
1.061969039316047628e-52
1.061969039314979747e-52
1.061969039298993069e-52
1.061969039099774203e-52
1.061969036842016955e-52
1.061969016600430733e-52
1.061968863693759926e-52
1.061967851950228058e-52
1.061962439017235397e-52
1.061938659324115078e-52
1.061860093068135208e-52
1.061717558688385223e-52
1.061649418666807645e-52
1.061647304817652875e-52
1.061647304365890854e-52
1.061647304365890854e-52
1.061647304365890854e-52
1.061647304365890854e-52
1.061647304365890854e-52
1.061647304365890854e-52
1.061647304365890854e-52
1.061647304365890854e-52
1.061647304365890854e-52
1.061647304365890854e-52
1.061647304365890854e-52
1.061647304365890854e-52
1.061647304365890854e-52
1.061647304365890483e-52
1.061647304365883992e-52
1.061647304365760104e-52
1.061647304363901792e-52
1.061647304340744847e-52
1.061647304078306457e-52
1.061647301725454250e-52
1.061647283951805589e-52
1.061647166348097794e-52
1.061646537152681185e-52
1.061643772951197775e-52
1.061634639466670521e-52
1.061618066510360136e-52
1.061610142249317910e-52
1.061609896407422641e-52
1.061609896354882292e-52
1.061609896354882292e-52
1.061609896354882292e-52
1.061609896354882292e-52
1.061609896354882292e-52
1.061609896354882292e-52
1.061609896354882292e-52
1.061609896354882292e-52
1.061609896354882292e-52
1.061609896354882292e-52
1.061609896354882292e-52
1.061609896354882292e-52
1.061609896354882292e-52
1.061609896354881921e-52
1.061609896354870979e-52
1.061609896354710185e-52
1.061609896352704988e-52
1.061609896329978682e-52
1.061609896126231432e-52
1.061609894587106355e-52
1.061609884403106423e-52
1.061609829917322637e-52
1.061609590547930714e-52
1.061608799614624604e-52
1.061607364412867616e-52
1.061606678165171972e-52
1.061606656874906376e-52
1.061606656870356293e-52
1.061606656870356293e-52
1.061606656870356293e-52
1.061606656870356293e-52
1.061606656870356293e-52
1.061606656870356293e-52
1.061606656870356293e-52
1.061606656870356293e-52
1.061606656870356293e-52
1.061606656870356293e-52
1.061606656870356293e-52
1.061606656870356293e-52
1.061606656870356293e-52
1.061606656870356293e-52
1.061606656870355551e-52
1.061606656870345165e-52
1.061606656870215529e-52
1.061606656868746497e-52
1.061606656855574921e-52
1.061606656756076022e-52
1.061606656097717895e-52
1.061606652575412337e-52
1.061606637101056428e-52
1.061606585970063774e-52
1.061606493189252080e-52
1.061606448825637798e-52
1.061606447449292716e-52
1.061606447448998391e-52
1.061606447448998391e-52
1.061606447448998391e-52
1.061606447448998391e-52
1.061606447448998391e-52
1.061606447448998391e-52
1.061606447448998391e-52
1.061606447448998391e-52
1.061606447448998391e-52
1.061606447448998391e-52
1.061606447448998391e-52
1.061606447448998391e-52
1.061606447448998391e-52
1.061606447448998391e-52
1.061606447448998020e-52
1.061606447448991529e-52
1.061606447448920683e-52
1.061606447448283441e-52
1.061606447443470005e-52
1.061606447411620721e-52
1.061606447241222386e-52
1.061606446492620572e-52
1.061606444019060411e-52
1.061606439530609396e-52
1.061606437384433414e-52
1.061606437317850196e-52
1.061606437317835731e-52
1.061606437317835731e-52
1.061606437317835731e-52
1.061606437317835731e-52
1.061606437317835731e-52
1.061606437317835731e-52
1.061606437317835731e-52
1.061606437317835731e-52
1.061606437317835731e-52
1.061606437317835731e-52
1.061606437317835731e-52
1.061606437317835731e-52
1.061606437317835731e-52
1.061606437317835731e-52
1.061606437317835731e-52
1.061606437317835545e-52
1.061606437317832949e-52
1.061606437317809952e-52
1.061606437317635248e-52
1.061606437316479459e-52
1.061606437310296027e-52
1.061606437283129987e-52
1.061606437193367013e-52
1.061606437030485941e-52
1.061606436952603369e-52
1.061606436950187006e-52
1.061606436950186635e-52
1.061606436950186635e-52
1.061606436950186635e-52
1.061606436950186635e-52
1.061606436950186635e-52
1.061606436950186635e-52
1.061606436950186635e-52
1.061606436950186635e-52
1.061606436950186635e-52
1.061606436950186635e-52
1.061606436950186635e-52
1.061606436950186635e-52
1.061606436950186635e-52
1.061606436950186635e-52
1.061606436950186635e-52
1.061606436950186635e-52
1.061606436950186635e-52
1.061606436950185893e-52
1.061606436950181072e-52
1.061606436950149543e-52
1.061606436949980774e-52
1.061606436949239675e-52
1.061606436946790486e-52
1.061606436942346115e-52
1.061606436940221111e-52
1.061606436940155273e-52
1.061606436940155273e-52
1.061606436940155273e-52
1.061606436940155273e-52
1.061606436940155273e-52
1.061606436940155273e-52
1.061606436940155273e-52
1.061606436940155273e-52
1.061606436940155273e-52
1.061606436940155273e-52
1.061606436940155273e-52
1.061606436940155273e-52
1.061606436940155273e-52
1.061606436940155273e-52
1.061606436940155273e-52
1.061606436940155273e-52
1.061606436940155273e-52
1.061606436940155273e-52
1.061606436940155087e-52
1.061606436940154345e-52
1.061606436940151007e-52
1.061606436940135799e-52
1.061606436940085540e-52
1.061606436939994108e-52
1.061606436939950525e-52
1.061606436939949041e-52
1.061606436939949041e-52
1.061606436939949041e-52
1.061606436939949041e-52
1.061606436939949041e-52
1.061606436939949041e-52
1.061606436939949041e-52
1.061606436939949041e-52
1.061606436939949041e-52
1.061606436939949041e-52
1.061606436939949041e-52
1.061606436939949041e-52
1.061606436939949041e-52
1.061606436939949041e-52
1.061606436939949041e-52
1.061606436939949041e-52
1.061606436939949041e-52
1.061606436939949041e-52
1.061606436939949041e-52
1.061606436939949041e-52
1.061606436939949041e-52
1.061606436939948855e-52
1.061606436939947928e-52
1.061606436939946444e-52
1.061606436939945703e-52
1.061606436939945703e-52
1.061606436939945703e-52
1.061606436939945703e-52
1.061606436939945703e-52
1.061606436939945703e-52
1.061606436939945703e-52
1.061606436939945703e-52
1.061606436939945703e-52
1.061606436939945703e-52
1.061606436939945703e-52
1.061606436939945703e-52
1.061606436939945703e-52
1.061606436939945703e-52
1.061606436939945703e-52
1.061606436939945703e-52
1.061606436939945703e-52
1.061606436939945703e-52
1.061606436939945703e-52
1.061606436939945703e-52
1.061606436939945703e-52
1.061606436939945703e-52
1.061606436939945703e-52
1.061606436939945703e-52
1.061606436939945703e-52
1.061606436939945703e-52
1.061606436939945703e-52
1.061606436939945703e-52
1.061606436939945703e-52
1.061606436939945703e-52
1.061606436939945703e-52
1.061606436939945703e-52
1.061606436939945703e-52
1.061606436939945703e-52
1.061606436939945703e-52
1.061606436939945703e-52
1.061606436939945703e-52
1.061606436939945703e-52
1.061606436939945703e-52
1.061606436939945703e-52
1.061606436939945703e-52
1.061606436939945703e-52
1.061606436939945703e-52
1.061606436939945703e-52
1.061606436939945703e-52
1.061606436939945703e-52
1.061606436939945703e-52
1.061606436939945703e-52
1.061606436939945703e-52
1.061606436939945703e-52
1.061606436939945703e-52
1.061606436939945703e-52
1.061606436939945703e-52
1.061606436939945703e-52
1.061606436939945703e-52
1.061606436939945703e-52
1.061606436939945703e-52
1.061606436939945703e-52
1.061606436939945703e-52
1.061606436939945703e-52
1.061606436939945703e-52
1.061606436939945703e-52
1.061606436939945703e-52
1.061606436939945703e-52
1.061606436939945703e-52
1.061606436939945703e-52
1.061606436939945703e-52
1.061606436939945703e-52
1.061606436939945703e-52
1.061606436939945703e-52
1.061606436939945703e-52
1.061606436939945703e-52
1.061606436939945703e-52
1.061606436939945703e-52
1.061606436939945703e-52
1.061606436939945703e-52
1.061606436939945703e-52
1.061606436939945703e-52
1.061606436939945703e-52
1.061606436939945703e-52
1.061606436939945703e-52
1.061606436939945703e-52
1.061606436939945703e-52
1.061606436939945703e-52
1.061606436939945703e-52
1.061606436939945703e-52
1.061606436939945703e-52
1.061606436939945703e-52
1.061606436939945703e-52
1.061606436939945703e-52
1.061606436939945703e-52
1.061606436939945703e-52
1.061606436939945703e-52
1.061606436939945703e-52
1.061606436939945703e-52
1.061606436939945703e-52
1.061606436939945703e-52
1.061606436939945703e-52
1.061606436939945703e-52
1.061606436939945703e-52
1.061606436939945703e-52
1.061606436939945703e-52
1.061606436939945703e-52
1.061606436939945703e-52
1.061606436939945703e-52
1.061606436939945703e-52
1.061606436939945703e-52
1.061606436939945703e-52
1.061606436939945703e-52
1.061606436939945703e-52
1.061606436939945703e-52
1.061606436939945703e-52
1.061606436939945703e-52
1.061606436939945703e-52
1.061606436939945703e-52
1.061606436939945703e-52
1.061606436939945703e-52
1.061606436939945703e-52
1.061606436939945703e-52
1.061606436939945703e-52
1.061606436939945703e-52
1.061606436939945703e-52
1.061606436939945703e-52
1.061606436939945703e-52
1.061606436939945703e-52
1.061606436939945703e-52
1.061606436939945703e-52
1.061606436939945703e-52
1.061606436939945703e-52
1.061606436939945703e-52
1.061606436939945703e-52
1.061606436939945703e-52
1.061606436939945703e-52
1.061606436939945703e-52
1.061606436939945703e-52
1.061606436939945703e-52
1.061606436939945703e-52
1.061606436939945703e-52
1.061606436939945703e-52
1.061606436939945703e-52
1.061606436939945703e-52
1.061606436939945703e-52
1.061606436939945703e-52
1.061606436939945703e-52
1.061606436939945703e-52
1.061606436939945703e-52
1.061606436939945703e-52
1.061606436939945703e-52
1.061606436939945703e-52
1.061606436939945703e-52
1.061606436939945703e-52
1.061606436939945703e-52
1.061606436939945703e-52
1.061606436939945703e-52
1.061606436939945703e-52
1.061606436939945703e-52
1.061606436939945703e-52
1.061606436939945703e-52
1.061606436939945703e-52
1.061606436939945703e-52
1.061606436939945703e-52
1.061606436939945703e-52
1.061606436939945703e-52
1.061606436939945703e-52
1.061606436939945703e-52
1.061606436939945703e-52
1.061606436939945703e-52
1.061606436939945703e-52
1.061606436939945703e-52
1.061606436939945703e-52
1.061606436939945703e-52
1.061606436939945703e-52
1.061606436939945703e-52
1.061606436939945703e-52
1.061606436939945703e-52
1.061606436939945703e-52
1.061606436939945703e-52
1.061606436939945703e-52
1.061606436939945703e-52
1.061606436939945703e-52
1.061606436939945703e-52
1.061606436939945703e-52
1.061606436939945703e-52
1.061606436939945703e-52
1.061606436939945703e-52
1.061606436939945703e-52
1.061606436939945703e-52
1.061606436939945703e-52
1.061606436939945703e-52
1.061606436939945703e-52
1.061606436939945703e-52
1.061606436939945703e-52
1.061606436939945703e-52
1.061606436939945703e-52
1.061606436939945703e-52
1.061606436939945703e-52
1.061606436939945703e-52
1.061606436939945703e-52
1.061606436939945703e-52
1.061606436939945703e-52
1.061606436939945703e-52
1.061606436939945703e-52
1.061606436939945703e-52
1.061606436939945703e-52
1.061606436939945703e-52
1.061606436939945703e-52
1.061606436939945703e-52
1.061606436939945703e-52
1.061606436939945703e-52
1.061606436939945703e-52
1.061606436939945703e-52
1.061606436939945703e-52
1.061606436939945703e-52
1.061606436939945703e-52
1.061606436939945703e-52
1.061606436939945703e-52
1.061606436939945703e-52
1.061606436939945703e-52
1.061606436939945703e-52
1.061606436939945703e-52
1.061606436939945703e-52
1.061606436939945703e-52
1.061606436939945703e-52
1.061606436939945703e-52
1.061606436939945703e-52
1.061606436939945703e-52
1.061606436939945703e-52
1.061606436939945703e-52
1.061606436939945703e-52
1.061606436939945703e-52
1.061606436939945703e-52
1.061606436939945703e-52
1.061606436939945703e-52
1.061606436939945703e-52
1.061606436939945703e-52
1.061606436939945703e-52
1.061606436939945703e-52
1.061606436939945703e-52
1.061606436939945703e-52
1.061606436939945703e-52
1.061606436939945703e-52
1.061606436939945703e-52
1.061606436939945703e-52
1.061606436939945703e-52
1.061606436939945703e-52
1.061606436939945703e-52
1.061606436939945703e-52
1.061606436939945703e-52
1.061606436939945703e-52
1.061606436939945703e-52
1.061606436939945703e-52
1.061606436939945703e-52
1.061606436939945703e-52
1.061606436939945703e-52
1.061606436939945703e-52
1.061606436939945703e-52
1.061606436939945703e-52
1.061606436939945703e-52
1.061606436939945703e-52
1.061606436939945703e-52
1.061606436939945703e-52
1.061606436939945703e-52
1.061606436939945703e-52
1.061606436939945703e-52
1.061606436939945703e-52
1.061606436939945703e-52
1.061606436939945703e-52
1.061606436939945703e-52
1.061606436939945703e-52
1.061606436939945703e-52
1.061606436939945703e-52
1.061606436939945703e-52
1.061606436939945703e-52
1.061606436939945703e-52
1.061606436939945703e-52
1.061606436939945703e-52
1.061606436939945703e-52
1.061606436939945703e-52
1.061606436939945703e-52
1.061606436939945703e-52
1.061606436939945703e-52
1.061606436939945703e-52
1.061606436939945703e-52
1.061606436939945703e-52
1.061606436939945703e-52
1.061606436939945703e-52
1.061606436939945703e-52
1.061606436939945703e-52
1.061606436939945703e-52
1.061606436939945703e-52
1.061606436939945703e-52
1.061606436939945703e-52
1.061606436939945703e-52
1.061606436939945703e-52
1.061606436939945703e-52
1.061606436939945703e-52
1.061606436939945703e-52
1.061606436939945703e-52
1.061606436939945703e-52
1.061606436939945703e-52
1.061606436939945703e-52
1.061606436939945703e-52
1.061606436939945703e-52
1.061606436939945703e-52
1.061606436939945703e-52
1.061606436939945703e-52
1.061606436939945703e-52
1.061606436939945703e-52
1.061606436939945703e-52
1.061606436939945703e-52
1.061606436939945703e-52
1.061606436939945703e-52
1.061606436939945703e-52
1.061606436939945703e-52
1.061606436939945703e-52
1.061606436939945703e-52
1.061606436939945703e-52
1.061606436939945703e-52
1.061606436939945703e-52
1.061606436939945703e-52
1.061606436939945703e-52
1.061606436939945703e-52
1.061606436939945703e-52
1.061606436939945703e-52
1.061606436939945703e-52
1.061606436939945703e-52
1.061606436939945703e-52
1.061606436939945703e-52
1.061606436939945703e-52
1.061606436939945703e-52
1.061606436939945703e-52
1.061606436939945703e-52
1.061606436939945703e-52
1.061606436939945703e-52
1.061606436939945703e-52
1.061606436939945703e-52
1.061606436939945703e-52
1.061606436939945703e-52
1.061606436939945703e-52
1.061606436939945703e-52
1.061606436939945703e-52
1.061606436939945703e-52
1.061606436939945703e-52
1.061606436939945703e-52
1.061606436939945703e-52
1.061606436939945703e-52
1.061606436939945703e-52
1.061606436939945703e-52
1.061606436939945703e-52
1.061606436939945703e-52
1.061606436939945703e-52
1.061606436939945703e-52
1.061606436939945703e-52
1.061606436939945703e-52
1.061606436939945703e-52
1.061606436939945703e-52
1.061606436939945703e-52
1.061606436939945703e-52
1.061606436939945703e-52
1.061606436939945703e-52
1.061606436939945703e-52
1.061606436939945703e-52
1.061606436939945703e-52
1.061606436939945703e-52
1.061606436939945703e-52
1.061606436939945703e-52
1.061606436939945703e-52
1.061606436939945703e-52
1.061606436939945703e-52
1.061606436939945703e-52
1.061606436939945703e-52
1.061606436939945703e-52
1.061606436939945703e-52
1.061606436939945703e-52
1.061606436939945703e-52
1.061606436939945703e-52
1.061606436939945703e-52
1.061606436939945703e-52
1.061606436939945703e-52
1.061606436939945703e-52
1.061606436939945703e-52
1.061606436939945703e-52
1.061606436939945703e-52
1.061606436939945703e-52
1.061606436939945703e-52
1.061606436939945703e-52
1.061606436939945703e-52
1.061606436939945703e-52
1.061606436939945703e-52
1.061606436939945703e-52
1.061606436939945703e-52
1.061606436939945703e-52
1.061606436939945703e-52
1.061606436939945703e-52
1.061606436939945703e-52
1.061606436939945703e-52
1.061606436939945703e-52
1.061606436939945703e-52
1.061606436939945703e-52
1.061606436939945703e-52
1.061606436939945703e-52
1.061606436939945703e-52
1.061606436939945703e-52
1.061606436939945703e-52
1.061606436939945703e-52
1.061606436939945703e-52
1.061606436939945703e-52
1.061606436939945703e-52
1.061606436939945703e-52
1.061606436939945703e-52
1.061606436939945703e-52
1.061606436939945703e-52
1.061606436939945703e-52
1.061606436939945703e-52
1.061606436939945703e-52
1.061606436939945703e-52
1.061606436939945703e-52
1.061606436939945703e-52
1.061606436939945703e-52
1.061606436939945703e-52
1.061606436939945703e-52
1.061606436939945703e-52
1.061606436939945703e-52
1.061606436939945703e-52
1.061606436939945703e-52
1.061606436939945703e-52
1.061606436939945703e-52
1.061606436939945703e-52
1.061606436939945703e-52
1.061606436939945703e-52
1.061606436939945703e-52
1.061606436939945703e-52
1.061606436939945703e-52
1.061606436939945703e-52
1.061606436939945703e-52
1.061606436939945703e-52
1.061606436939945703e-52
1.061606436939945703e-52
1.061606436939945703e-52
1.061606436939945703e-52
1.061606436939945703e-52
1.061606436939945703e-52
1.061606436939945703e-52
1.061606436939945703e-52
1.061606436939945703e-52
1.061606436939945703e-52
1.061606436939945703e-52
1.061606436939945703e-52
1.061606436939945703e-52
1.061606436939945703e-52
1.061606436939945703e-52
1.061606436939945703e-52
1.061606436939945703e-52
1.061606436939945703e-52
1.061606436939945703e-52
1.061606436939945703e-52
1.061606436939945703e-52
1.061606436939945703e-52
1.061606436939945703e-52
1.061606436939945703e-52
1.061606436939945703e-52
1.061606436939945703e-52
1.061606436939945703e-52
1.061606436939945703e-52
1.061606436939945703e-52
1.061606436939945703e-52
1.061606436939945703e-52
1.061606436939945703e-52
