1.000000000000034417e+00
1.000000000000031530e+00
1.000000000000027978e+00
1.000000000000027978e+00
1.000000000000027978e+00
1.000000000000027978e+00
1.000000000000027978e+00
1.000000000000027978e+00
1.000000000000027978e+00
1.000000000000027978e+00
1.000000000000027978e+00
1.000000000000027978e+00
1.000000000000027978e+00
1.000000000000027978e+00
1.000000000000027978e+00
1.000000000000027978e+00
1.000000000000027978e+00
1.000000000000027978e+00
1.000000000000027978e+00
1.000000000000027978e+00
1.000000000000027978e+00
1.000000000000027978e+00
1.000000000000027978e+00
1.000000000000027978e+00
1.000000000000027978e+00
1.000000000000027978e+00
1.000000000000027978e+00
1.000000000000027978e+00
1.000000000000027978e+00
1.000000000000027978e+00
1.000000000000027978e+00
1.000000000000027978e+00
1.000000000000027978e+00
1.000000000000027978e+00
1.000000000000027978e+00
1.000000000000027978e+00
1.000000000000027978e+00
1.000000000000027978e+00
1.000000000000027978e+00
1.000000000000027978e+00
1.000000000000027756e+00
1.000000000000027756e+00
1.000000000000027756e+00
1.000000000000027756e+00
1.000000000000027756e+00
1.000000000000027756e+00
1.000000000000027756e+00
1.000000000000027756e+00
1.000000000000027756e+00
1.000000000000027756e+00
1.000000000000027756e+00
1.000000000000027756e+00
1.000000000000027756e+00
1.000000000000027756e+00
1.000000000000027756e+00
1.000000000000027756e+00
1.000000000000027756e+00
1.000000000000027089e+00
1.000000000000027089e+00
1.000000000000027089e+00
1.000000000000027089e+00
1.000000000000027089e+00
1.000000000000027089e+00
1.000000000000027089e+00
1.000000000000027089e+00
1.000000000000027089e+00
1.000000000000027089e+00
1.000000000000027089e+00
1.000000000000027089e+00
1.000000000000027089e+00
1.000000000000027089e+00
1.000000000000027089e+00
1.000000000000027089e+00
1.000000000000027089e+00
1.000000000000027089e+00
1.000000000000027089e+00
1.000000000000027089e+00
1.000000000000027089e+00
1.000000000000025757e+00
1.000000000000025757e+00
1.000000000000025757e+00
1.000000000000025757e+00
1.000000000000025757e+00
1.000000000000025757e+00
1.000000000000018874e+00
1.000000000000018652e+00
1.000000000000018652e+00
1.000000000000018874e+00
1.000000000000018652e+00
1.000000000000018652e+00
1.000000000000018652e+00
1.000000000000018652e+00
1.000000000000018652e+00
1.000000000000018652e+00
1.000000000000018652e+00
1.000000000000018652e+00
1.000000000000018430e+00
1.000000000000018430e+00
1.000000000000018430e+00
1.000000000000018652e+00
1.000000000000018652e+00
1.000000000000018430e+00
1.000000000000018430e+00
1.000000000000018430e+00
1.000000000000018430e+00
1.000000000000018430e+00
1.000000000000018430e+00
1.000000000000018652e+00
1.000000000000018430e+00
1.000000000000018652e+00
1.000000000000018430e+00
1.000000000000018430e+00
1.000000000000013767e+00
1.000000000000013767e+00
1.000000000000013767e+00
1.000000000000013989e+00
1.000000000000013989e+00
1.000000000000013989e+00
1.000000000000013989e+00
1.000000000000013989e+00
1.000000000000013767e+00
1.000000000000013767e+00
1.000000000000013767e+00
1.000000000000013989e+00
1.000000000000013989e+00
1.000000000000013989e+00
1.000000000000013989e+00
1.000000000000013989e+00
1.000000000000013989e+00
1.000000000000013989e+00
1.000000000000013989e+00
1.000000000000013989e+00
1.000000000000013989e+00
1.000000000000013989e+00
1.000000000000013767e+00
1.000000000000013989e+00
1.000000000000013767e+00
1.000000000000013767e+00
1.000000000000013767e+00
1.000000000000013767e+00
1.000000000000013767e+00
1.000000000000013767e+00
1.000000000000013767e+00
1.000000000000013767e+00
1.000000000000013767e+00
1.000000000000013989e+00
1.000000000000013767e+00
1.000000000000013767e+00
1.000000000000013767e+00
1.000000000000013767e+00
1.000000000000013767e+00
1.000000000000013767e+00
1.000000000000013767e+00
1.000000000000013767e+00
1.000000000000013767e+00
1.000000000000013767e+00
1.000000000000013767e+00
1.000000000000013767e+00
1.000000000000013767e+00
1.000000000000013767e+00
1.000000000000013767e+00
1.000000000000000666e+00
1.000000000000000666e+00
1.000000000000000666e+00
1.000000000000000666e+00
9.999999999999993339e-01
9.999999999999993339e-01
9.999999999999993339e-01
9.999999999999993339e-01
9.999999999999994449e-01
9.999999999999992228e-01
9.999999999999863443e-01
9.999999999997564171e-01
9.999999999997561950e-01
9.999999999997561950e-01
9.999999999997561950e-01
9.999999999997561950e-01
9.999999999993135491e-01
9.999999999993136601e-01
9.999999999993135491e-01
9.999999999993136601e-01
9.999999999989084287e-01
9.999999999989084287e-01
9.999999999989084287e-01
9.999999999989084287e-01
9.999999999941592277e-01
9.999999999621025371e-01
9.999999999621005387e-01
9.999999999620906577e-01
9.999999999094516534e-01
9.999999999094516534e-01
9.999999999094516534e-01
9.999999999094516534e-01
9.999999999094516534e-01
9.999999999094516534e-01
9.999999998872172169e-01
9.999999998872172169e-01
9.999999990976438102e-01
9.999999990909272940e-01
9.999999990909274050e-01
9.999999966556609721e-01
9.999999966556600839e-01
9.999999966556600839e-01
9.999999935888721492e-01
9.999999935887664559e-01
9.999999935887663449e-01
9.999999935887663449e-01
9.999999903543123070e-01
9.999999898484397409e-01
9.999999324960688885e-01
9.999999324960688885e-01
9.999999324943378287e-01
9.999999324943378287e-01
9.999998216537030471e-01
9.999998216537030471e-01
9.999998216537030471e-01
9.999998216537030471e-01
9.999998216537029361e-01
9.999997363964479025e-01
9.999997363964479025e-01
9.999997363952397578e-01
9.999997363952397578e-01
9.999993923352047398e-01
9.999973614580622838e-01
9.999973613456163424e-01
9.999973605026811763e-01
9.999944002896296036e-01
9.999944002896142825e-01
9.999944002896142825e-01
9.999944002896142825e-01
9.999944002896142825e-01
9.999944002896142825e-01
9.999932954881691760e-01
9.999932954881691760e-01
9.999932954881691760e-01
9.999768804457540572e-01
9.999768038641885237e-01
9.999768038620358013e-01
9.999400894646527371e-01
9.999400894646527371e-01
9.999400894573909904e-01
9.999400894573909904e-01
9.998986629419676087e-01
9.998986616172902409e-01
9.998986616172894637e-01
9.998986616172894637e-01
9.998861595898764776e-01
9.998800870987618605e-01
9.995535700080503405e-01
9.995535700080503405e-01
9.995535671833911673e-01
9.995535671833911673e-01
9.991818420027198666e-01
9.991818420027195335e-01
9.991818420027195335e-01
9.991818420025467828e-01
9.991818420020968095e-01
9.991818420020968095e-01
9.989086477258160013e-01
9.989086477258160013e-01
9.989086443783152802e-01
9.989086443783152802e-01
9.985041600585440325e-01
9.954102666386500653e-01
9.954102150132497773e-01
9.954086505049658529e-01
9.932183452213515507e-01
9.932183452109649702e-01
9.932183452109649702e-01
9.932183452109649702e-01
9.932183452109649702e-01
9.932183452109645261e-01
9.924159856724177331e-01
9.924159856722045703e-01
9.924159856722045703e-01
9.866341698154431628e-01
9.866162408691822039e-01
9.866162394951282222e-01
9.716166612835935856e-01
9.716166612835935856e-01
9.716166602244885597e-01
9.716166602244885597e-01
9.647506452878672478e-01
9.647500257174650429e-01
9.647500257174160820e-01
9.647500257174160820e-01
9.640252271523287453e-01
9.282797197875173323e-01
9.280741381605394080e-01
9.280741381605394080e-01
9.280738979649153508e-01
9.280738979649153508e-01
8.879557189533077155e-01
8.879557189533066053e-01
8.879557189533066053e-01
8.879557189497094827e-01
8.879557189158059360e-01
8.879557189158059360e-01
8.772846538784295767e-01
8.772846538784295767e-01
8.772843414467178524e-01
8.772843414467179635e-01
8.702176840861773899e-01
7.686498135396930831e-01
7.686480788990492918e-01
7.685781681127172860e-01
7.065044978531510589e-01
7.065044977778758284e-01
7.065044977778758284e-01
7.065044977778758284e-01
7.065044977778757174e-01
7.065044977778757174e-01
7.065044977778739410e-01
6.984227849114519326e-01
6.984227849077599970e-01
6.984227849077599970e-01
6.639173156472092385e-01
6.637480519631445697e-01
6.637480125675949694e-01
5.112345775976990803e-01
5.112345775976990803e-01
5.112345775976990803e-01
5.112345731214722466e-01
5.112345731214722466e-01
4.582947430601183592e-01
4.582904959956112245e-01
4.582904959955477198e-01
4.582904959955477198e-01
4.566086794577308705e-01
3.778280523985036998e-01
3.767633714545319812e-01
3.767633714545319812e-01
3.767628941350369964e-01
3.767628941350369964e-01
2.549811145819420588e-01
2.549811145819370628e-01
2.549811145819370628e-01
2.549811145796359590e-01
2.549811144046497113e-01
2.549811144046497113e-01
2.316823977681373992e-01
2.316823977681373992e-01
2.316823977681373992e-01
2.316818046027928346e-01
2.316818046027928346e-01
2.316818046027928346e-01
2.258240398572337604e-01
1.467322576946405721e-01
1.467307501229321021e-01
1.466421908915838401e-01
9.370252294893380296e-02
9.370252292878977762e-02
9.370252292878977762e-02
9.370252292878977762e-02
9.370252292878966660e-02
9.370252292878966660e-02
9.370252292878927802e-02
8.846204535015896042e-02
8.846204534605443814e-02
8.846204534605443814e-02
7.811249949742528342e-02
7.808234221612499193e-02
7.808232028304146199e-02
3.900908952493943593e-02
3.900908952493943593e-02
3.900908952493943593e-02
3.900908886525687042e-02
3.900908886525687042e-02
2.622517606170795754e-02
2.622424726142772583e-02
2.622424726142210880e-02
2.622424726142210880e-02
2.610495067767450508e-02
2.550160618200847037e-02
1.710702742983428309e-02
1.710702742983428309e-02
1.710700883033866235e-02
1.710700883033866235e-02
7.474689173817672568e-03
7.474689173815686309e-03
7.474689173815686309e-03
7.474689173706372709e-03
7.474689143811327936e-03
7.474689143811327936e-03
5.773879863163745331e-03
5.773879863163745331e-03
5.773879863163745331e-03
5.773841582951775436e-03
5.773841582951775436e-03
5.773841582951775436e-03
5.607429587110288917e-03
2.406724319018069182e-03
2.406702310191887514e-03
2.401829613487246537e-03
1.141416729840355818e-03
1.141416729407480077e-03
1.141416729407480077e-03
1.141416729407480077e-03
1.141416729407470970e-03
1.141416729407470970e-03
1.141416729407467717e-03
1.014125545335668819e-03
1.014125545163631088e-03
1.014125545163631088e-03
8.882533860869101447e-04
8.879990015742363942e-04
8.879984697128141943e-04
2.544078827191755920e-04
2.544078827191755920e-04
2.544078827191755920e-04
2.544078784263945092e-04
2.544078784263945092e-04
1.533988253417851067e-04
1.533786194650024542e-04
1.533786194649813665e-04
1.533786194649813665e-04
1.533786194649813665e-04
1.533786194649813665e-04
1.529538198004589604e-04
1.473013454068508989e-04
9.899578202749875777e-05
9.899578202749875777e-05
9.899568131332919612e-05
9.899568131332918256e-05
2.508499243177877790e-05
2.508499243175554887e-05
2.508499243175554887e-05
2.508499243157247794e-05
2.508499225153139662e-05
2.508499225153139662e-05
1.930749493672153703e-05
1.930749493672153703e-05
1.930749493672153703e-05
1.930716810366580051e-05
1.930716810366580051e-05
1.930716810366580051e-05
1.900226050949532534e-05
8.499893519258364981e-06
8.499814966145392991e-06
8.467838179975644054e-06
2.695027525314645034e-06
2.695027524781437370e-06
2.695027524781437370e-06
2.695027524781437370e-06
2.695027524781437370e-06
2.695027524781382313e-06
2.695027524781382313e-06
2.695027524781379772e-06
2.423445990536187656e-06
2.423445989886649334e-06
2.423445989886649334e-06
2.258839449596123295e-06
2.258367958904235487e-06
2.258364694691239754e-06
6.945706033385847666e-07
6.945706033385847666e-07
6.945706033385847666e-07
6.945705964004415457e-07
6.945705964004415457e-07
3.272153732595992254e-07
3.271502078460581424e-07
3.271502078460434782e-07
3.271502078460434782e-07
3.271502078460434782e-07
3.265156892238436703e-07
3.265156892238436703e-07
3.155028220818744751e-07
2.502099855149443236e-07
2.502099855149443236e-07
2.502098525225310328e-07
2.502098525225309799e-07
6.450086892943157182e-08
6.450086892930423894e-08
6.450086892930423894e-08
6.450086892911511237e-08
6.450086751503066462e-08
6.450086751503066462e-08
4.319536131721628382e-08
4.319536131721628382e-08
4.319536131721628382e-08
4.319421364411739817e-08
4.319421364411739817e-08
4.319421364411739817e-08
4.266197198231440152e-08
2.467036256757300955e-08
2.467021758440976479e-08
2.454794103514698056e-08
7.159469213859438919e-09
7.159469213267651575e-09
7.159469213267651575e-09
7.159469213267651575e-09
7.159469213267651575e-09
7.159469213267339728e-09
7.159469213267339728e-09
7.159469213267335592e-09
6.010116772598796559e-09
6.010116767874590237e-09
6.010116767874590237e-09
5.650622206262966526e-09
5.649975201449882679e-09
5.649960782214198262e-09
2.265420831000344666e-09
2.265420831000344666e-09
2.265420831000344666e-09
2.265420819518523552e-09
2.265420819518523552e-09
2.265420819518523552e-09
9.318347985601198387e-10
9.315923914481934704e-10
9.315923914481703093e-10
9.315923914481703093e-10
9.315923914481703093e-10
9.304612384520535473e-10
8.745466837562947223e-10
8.745466837562947223e-10
6.967907366916272590e-10
6.967907366916272590e-10
6.967905763954446018e-10
6.967905763954440848e-10
2.227912026362191920e-10
2.227912026344206170e-10
2.227912026344206170e-10
2.227912026344206170e-10
2.227911906965668187e-10
2.227911906961257505e-10
2.227911906961257505e-10
1.337610206832965317e-10
1.337610206832965317e-10
1.337610206832965317e-10
1.337559777980153191e-10
1.337559777980153191e-10
1.337559777980153191e-10
1.326301115713512569e-10
7.369451606171322063e-11
7.369431495263749535e-11
7.299604248084824190e-11
2.503036096520387342e-11
2.503036096378996972e-11
2.503036096378996972e-11
2.503036096378996972e-11
2.503036096378996972e-11
2.503036096378545577e-11
2.503036096378545577e-11
2.503036096378545254e-11
1.984658089223311509e-11
1.984658085578368574e-11
1.984658085578368574e-11
1.897083563564677442e-11
1.896970192106365925e-11
1.896962744050965986e-11
6.849858910097430318e-12
6.849858910097430318e-12
6.849858910097430318e-12
6.849858889578724893e-12
6.849858889578724893e-12
6.849858889578724893e-12
3.188673788035030102e-12
3.186849506105334890e-12
3.186849506105300559e-12
3.186849506105300559e-12
3.186849506105300559e-12
2.935706201806849271e-12
2.933958948231608566e-12
2.469547672366502887e-12
2.469547672366502887e-12
2.469547672366502887e-12
2.469547278792071139e-12
2.469547278792064677e-12
6.747829575077592907e-13
6.747829574960854619e-13
6.747829574960854619e-13
6.747829574960854619e-13
6.747829073159371683e-13
6.747829073154291671e-13
6.747829073154291671e-13
4.396274149677142157e-13
4.396274149677142157e-13
4.396274149677142157e-13
4.395923953902509561e-13
4.395923953902509561e-13
4.395923953902509561e-13
4.376941839393382170e-13
2.770366942511194939e-13
2.770361387181815682e-13
2.731980978897785002e-13
7.739707924024672329e-14
7.739707923854953638e-14
7.739707923854953638e-14
7.739707923854953638e-14
7.739707923854953638e-14
7.739707923854953638e-14
7.739707923854953638e-14
7.739707923851899169e-14
7.739707923851899169e-14
6.373820702029011082e-14
6.373820684802687049e-14
6.373820684802687049e-14
6.230237931617731042e-14
6.229998917833522799e-14
6.229947271965452044e-14
2.736245381353463134e-14
2.736245381353463134e-14
2.736245381353463134e-14
2.736245381353463134e-14
2.736245377242984427e-14
2.736245377242984427e-14
2.736245377242984427e-14
1.045233224460565906e-14
1.044467570823747799e-14
1.044467570823744486e-14
1.044467570823744486e-14
1.044467570823744486e-14
9.721455763431835215e-15
9.717709846644755974e-15
8.859854589977891928e-15
8.859854589977891928e-15
8.859854589977891928e-15
8.859854589977835130e-15
8.859853954001560710e-15
2.861023891775159282e-15
2.861023891775159282e-15
2.861023891678997533e-15
2.861023891678997533e-15
2.861023311734685695e-15
2.861023311734685695e-15
2.861023311733845164e-15
1.589479829272887553e-15
1.589479829272887553e-15
1.589479829272887553e-15
1.589300999009917862e-15
1.589300999009917862e-15
1.589300999009917862e-15
1.584444978189392504e-15
1.194604859657768708e-15
1.194603562837425663e-15
1.194603562837425663e-15
1.175705618553448529e-15
3.465873190045751437e-16
3.465873190014442040e-16
3.465873190014442040e-16
3.465873190014442040e-16
3.465873190014442040e-16
3.465873190014442040e-16
3.465873190014442040e-16
3.465873190011636654e-16
3.465873190011636654e-16
2.589381731542265142e-16
2.589381731542265142e-16
2.589381713264431923e-16
2.542845879747909484e-16
2.542795892696013172e-16
2.542762281468380866e-16
2.542762281468380866e-16
1.404755108508578651e-16
1.404755108508578651e-16
1.404755108508578651e-16
1.404755107511916746e-16
1.404755107511916746e-16
1.404755107511916746e-16
4.972519600399417520e-17
4.967922624980494619e-17
4.967922624980494619e-17
4.967922624980485991e-17
4.967922624980485991e-17
4.416656745085000906e-17
4.415685899064751429e-17
4.066011490646891191e-17
4.066011490646891191e-17
4.066011490646891191e-17
4.066011490646836957e-17
4.066011367424546122e-17
4.066011367424546122e-17
1.629128560506884222e-17
1.629128560306432201e-17
1.629128560306432201e-17
1.629127825694792859e-17
1.629127825694792859e-17
1.629127825694494571e-17
8.141864526723292735e-18
8.141864526723292735e-18
8.140619559722887429e-18
8.140619559722887429e-18
8.140619559722887429e-18
8.140619559722887429e-18
8.124607297305730347e-18
6.122143915639660117e-18
6.122140782332949956e-18
6.122140782332949956e-18
5.949275387753946320e-18
2.064467497791320186e-18
2.064467497779172576e-18
2.064467497779172576e-18
2.064467497779172576e-18
2.064467497779172576e-18
2.064467497779172576e-18
2.064467497772774251e-18
2.064467497772774251e-18
2.064467497772774251e-18
1.430641202114212507e-18
1.430641202114212507e-18
1.430641180317154272e-18
1.412708292240325635e-18
1.412694098693344618e-18
1.412666572155957399e-18
1.412666572155957399e-18
7.515243257979624991e-19
7.515243257979624991e-19
7.515243257979624991e-19
7.515243254860318557e-19
7.515243254860318557e-19
7.515243254860318557e-19
2.984879605715936594e-19
2.979042830976815769e-19
2.979042830976815769e-19
2.979042830976813361e-19
2.558302770492777552e-19
2.558302770492777552e-19
2.558003077997546915e-19
2.407429961976122426e-19
2.407429961976122426e-19
2.407429961975999166e-19
2.407429961975999166e-19
2.407429961975999166e-19
2.407429914738750087e-19
2.407429914738750087e-19
2.407429913028691852e-19
8.814669886453540193e-20
8.814669886453540193e-20
8.814669886453540193e-20
8.814664180138022274e-20
8.814664180137389125e-20
4.785713321165731881e-20
4.784196338231877485e-20
4.784196338231877485e-20
4.784196338231877485e-20
4.784196338231877485e-20
4.784196338231877485e-20
4.779104053579099476e-20
4.779104053579099476e-20
3.849315311440266282e-20
3.849315311440266282e-20
3.849313956911971580e-20
3.700752356147717107e-20
1.125523923699315562e-20
1.125523923699315562e-20
1.125523923696691181e-20
1.125523923696691181e-20
1.125523923696691181e-20
1.125523923696690730e-20
1.125523923689261004e-20
1.125523923689261004e-20
1.125523923689261004e-20
8.182815300074117372e-21
8.182815110866509048e-21
8.182815110866509048e-21
8.128521882078783747e-21
8.128470497130312460e-21
8.128470497130312460e-21
8.128149047604695382e-21
8.128149047604695382e-21
4.969896563046236700e-21
4.969896563046236700e-21
4.969896562054652108e-21
4.969896562054652108e-21
4.969896562054652108e-21
1.677923460218663799e-21
1.673872514481251686e-21
1.673872514481251686e-21
1.673872514481251498e-21
1.463625554635426611e-21
1.463625554635426611e-21
1.463518285149744019e-21
1.416875249154982157e-21
1.416875249154982157e-21
1.416875249154814955e-21
1.416875249154814955e-21
1.416875249154814955e-21
1.416875249154814955e-21
1.416875247583137630e-21
1.416875235689807780e-21
1.416875235689807780e-21
6.216762616522540660e-22
6.216762616522540660e-22
6.216752604534112263e-22
6.216752604533939230e-22
2.877347883775823932e-22
2.876143068641242320e-22
2.876143068641242320e-22
2.876143068641242320e-22
2.876143068641242320e-22
2.876143068641242320e-22
2.874129811471217370e-22
2.874129811471217370e-22
2.874129811471217370e-22
2.535318745123298956e-22
2.535318318003925022e-22
2.435226793157073731e-22
8.425828780571746082e-23
8.425828780571746082e-23
8.425828780563670435e-23
8.425828780563670435e-23
8.425828780563670435e-23
8.425828780563664558e-23
8.425828780453182195e-23
8.425828780453182195e-23
8.425828780453182195e-23
8.425828072822195086e-23
5.438029158965202981e-23
5.438029158965202981e-23
5.411760575349883194e-23
5.411760575349883194e-23
5.411447494247211916e-23
5.411430940206024972e-23
5.411430940206024972e-23
3.895328927175548565e-23
3.895328927175548565e-23
3.895328927175548565e-23
3.895328926841066937e-23
3.895328926841066937e-23
3.895328926841066937e-23
1.329223352020380300e-23
1.325273710923115143e-23
1.325273710923115143e-23
1.325273710923115143e-23
1.084238109649271162e-23
1.056073669350000310e-23
1.056033073396531144e-23
1.056033073396531144e-23
1.056033073396531144e-23
1.056033073396284584e-23
1.056033073396284584e-23
1.056033073396284584e-23
1.056033073396284584e-23
1.056033070316617661e-23
1.056033070316617661e-23
1.056033066688805820e-23
5.626040903297574301e-24
5.626040903297574301e-24
5.626040903297574301e-24
5.626022886011093293e-24
5.626022886011005865e-24
2.426483134960323583e-24
2.426483134960323583e-24
2.425151375252666101e-24
2.425151375252666101e-24
2.425151375252666101e-24
2.425151375252666101e-24
2.424110648710894451e-24
2.424110648710894451e-24
2.424110648710894451e-24
2.158117001882746458e-24
2.158116831947444937e-24
2.019976574225421007e-24
2.019976574225421007e-24
8.270552188739674694e-25
8.270552188734871697e-25
8.270552188734871697e-25
8.270552188734857922e-25
8.270552188734857922e-25
8.270552188359381149e-25
8.270552188359381149e-25
8.270552188359381149e-25
8.270550690251501140e-25
4.931576408462322729e-25
4.931576408462322729e-25
4.931576408462322729e-25
4.915847316502938844e-25
4.915445749230928982e-25
4.915445749230928982e-25
4.915438249372388801e-25
4.915438249372388801e-25
3.544962725333291587e-25
3.544962725162293893e-25
3.544962725162293893e-25
3.544962725162293893e-25
3.544962725162293893e-25
1.354978803413278115e-25
1.346980067885810592e-25
1.346980067885810592e-25
1.346980067885810592e-25
1.049322602765693872e-25
1.049322602765693872e-25
1.029998872397654437e-25
1.029977668044567698e-25
1.029977668043740375e-25
1.029977668043740375e-25
1.029977668043740375e-25
1.029977668043740375e-25
1.029977668043740375e-25
1.029977661606542521e-25
1.029977661606542521e-25
5.321782540617183757e-26
5.321782534930134052e-26
5.321782534930134052e-26
5.321757474449661641e-26
5.321757474449661641e-26
5.321757474449628351e-26
2.478192409328271890e-26
2.478192409328271890e-26
2.475478611304692427e-26
2.475478611304692427e-26
2.475478611304692427e-26
2.475478611304692427e-26
2.475478611304692427e-26
2.474883074424875161e-26
2.267484485331975814e-26
2.267484485331975814e-26
2.267484369532824269e-26
2.079866429176019122e-26
2.079866429176019122e-26
2.079866429176019122e-26
7.926257066542435842e-27
7.926257066540558954e-27
7.926257066540508732e-27
7.926257065782729570e-27
7.926257065782729570e-27
7.926257065782729570e-27
7.926257065782729570e-27
7.926254926823386672e-27
4.963425054094384160e-27
4.963425054094384160e-27
4.963425054094384160e-27
4.963425054094384160e-27
4.963425054094384160e-27
4.954663833406825364e-27
4.953866519956089397e-27
4.953866519956089397e-27
4.953861817776721915e-27
3.860531670246987078e-27
3.860531670160682518e-27
3.860531670160682518e-27
3.860531670160682518e-27
3.860531670160682518e-27
3.780236504602270961e-27
1.310446128770722479e-27
1.310446128770722479e-27
1.310446128770722479e-27
1.310446128770722479e-27
1.045112095646906343e-27
1.045112095645034657e-27
1.034497898813434955e-27
1.034484695065194139e-27
1.034484695065194139e-27
1.034484695065194139e-27
1.034484695065194139e-27
1.034484684970769491e-27
1.034484684970769491e-27
6.147039725811280868e-28
6.147039725811280868e-28
6.147039722582214783e-28
6.147039722582214783e-28
6.146974367676668575e-28
6.146974367676668575e-28
6.146974367676653329e-28
2.509681474782462331e-28
2.509681474782462331e-28
2.506188372706940089e-28
2.506188372706940089e-28
2.506188372706940089e-28
2.506188372706940089e-28
2.505811547456000327e-28
2.505811547456000327e-28
2.384553193868849158e-28
2.384553193868849158e-28
2.384553193868849158e-28
2.384553139368065476e-28
2.193155986208960078e-28
2.193155986208960078e-28
9.770075783683498759e-29
9.770075783682550360e-29
9.770075783682384446e-29
9.770075781892625869e-29
9.770075781892625869e-29
9.770075781892625869e-29
9.770075781892625869e-29
9.770069429526788366e-29
5.413980455317070642e-29
5.413980455317070642e-29
5.413980455317070642e-29
5.413980455317070642e-29
5.413980455317070642e-29
5.413980455317070642e-29
5.412785356749858590e-29
5.406349935225930947e-29
5.406347551857972754e-29
4.621945756058803368e-29
4.621945756017646672e-29
4.621945756017646672e-29
4.621945756017646672e-29
4.516289728939039854e-29
4.516289728939039854e-29
1.712862723068087355e-29
1.712862723068087355e-29
1.712862723068087355e-29
1.712862723068087355e-29
1.256799796440390086e-29
1.256799796436182267e-29
1.256799796436182267e-29
1.247299990069218376e-29
1.247299990069218236e-29
1.247291821339520382e-29
1.247291792655292964e-29
1.247291792655292964e-29
1.247291792655292964e-29
8.589477396868108271e-30
8.589477396868108271e-30
8.589477394770477975e-30
8.589477394770477975e-30
8.589477394770477975e-30
8.589317191347373121e-30
8.589317191347373121e-30
8.589317191347361911e-30
3.474585481116705177e-30
3.474585481116705177e-30
3.468428341264738049e-30
3.468428341264738049e-30
3.468428341264738049e-30
3.468428341264738049e-30
3.468121172643073077e-30
3.468121172643073077e-30
3.468121172643073077e-30
3.323724046235426785e-30
3.323724046235426785e-30
3.323724046235426785e-30
2.933514933256420811e-30
2.933514905814402722e-30
1.532475384393771617e-30
1.532475384393690167e-30
1.532475384393627108e-30
1.532475383532912807e-30
1.532475383532912807e-30
1.532475383532912807e-30
1.532475383532912807e-30
1.532473421428938976e-30
7.992635384883700043e-31
7.992635384883700043e-31
7.992635384883700043e-31
7.992635384883700043e-31
7.992635384883700043e-31
7.992635384883700043e-31
7.990239420483264323e-31
7.984268806923552582e-31
7.984267077489900235e-31
6.914501141097401997e-31
6.914501141097401997e-31
6.914501141065288615e-31
6.914501141065288615e-31
6.659628233432612476e-31
2.864098892638914204e-31
2.864098892638914204e-31
2.864098892638914204e-31
2.864098892638914204e-31
2.864098892638914204e-31
2.864098892638914204e-31
1.987509400094503691e-31
1.987509400094503691e-31
1.987509400073934381e-31
1.987509400073933944e-31
1.977373841485848343e-31
1.977367011145919124e-31
1.977366920639953492e-31
1.977366920639953492e-31
1.977366920639953492e-31
1.977366920639953492e-31
1.370850759776032001e-31
1.370850759776032001e-31
1.370850759589758053e-31
1.370850759589758053e-31
1.370813220892123616e-31
1.370813220892123616e-31
1.370813220892123616e-31
5.986089767489699656e-32
5.986089767489698561e-32
5.966136917819147324e-32
5.966136917819147324e-32
5.966136917819147324e-32
5.966136917819147324e-32
5.966136917819147324e-32
5.965834529510416378e-32
5.965834529510416378e-32
5.781945218980206899e-32
5.781945218980206899e-32
4.949456135642985750e-32
4.949456108407794367e-32
4.949456108407794367e-32
2.535376464054143327e-32
2.535376464053805045e-32
2.535376464053749212e-32
2.535376461096060292e-32
2.535376461096060292e-32
2.535371520447631606e-32
2.535371520447631606e-32
2.535371520447631606e-32
1.382904345002991821e-32
1.382904345002991821e-32
1.382904345002991821e-32
1.382904345002991821e-32
1.382904345002991821e-32
1.382904345002991821e-32
1.382120204797966156e-32
1.381525666944328661e-32
1.381525486423387417e-32
1.240230677352671381e-32
1.240230677352671381e-32
1.240230677350073231e-32
1.181287458680052873e-32
1.181287458680052873e-32
4.819577343985771254e-33
4.819577343985771254e-33
4.819577343985771254e-33
4.819577343985771254e-33
4.819577343985771254e-33
4.819577343985771254e-33
4.819577343985771254e-33
4.819577343985771254e-33
3.424143095569226555e-33
3.424143095492577992e-33
3.424143095492573887e-33
3.424142845820042102e-33
3.414112172435639440e-33
3.414105073439366711e-33
3.414105073439366711e-33
3.414105073439366711e-33
3.414105073439366711e-33
2.576493237867909668e-33
2.576493237702438077e-33
2.576493237702438077e-33
2.576493237702438077e-33
2.576348237199118409e-33
2.576348237199118409e-33
2.576348237199118409e-33
1.031953304096122364e-33
1.031953304096122364e-33
1.027646696368407290e-33
1.027646696368407290e-33
1.027646696368407290e-33
1.027646696368407290e-33
1.027646696368407290e-33
1.027646696368407290e-33
1.027615417498856732e-33
1.009221296328263181e-33
1.009221296328263181e-33
8.691142910063603609e-34
8.691142888945106912e-34
8.691142888945106912e-34
5.077960666492130140e-34
5.077960666490424702e-34
5.077960655575756807e-34
5.077960655575711477e-34
5.077960655575711477e-34
5.077938983430735064e-34
5.077938983430735064e-34
5.077938983430735064e-34
2.501073257361652162e-34
2.501073257361652162e-34
2.501073257361652162e-34
2.501073257361652162e-34
2.501073257361652162e-34
2.501073257361652162e-34
2.499209249470481001e-34
2.498531392295487587e-34
2.498531243813756909e-34
2.338247037684929638e-34
2.338247037684929638e-34
2.338247037684929638e-34
2.223396620576557004e-34
2.223396620574849856e-34
1.028270500510756384e-34
1.028270500510756384e-34
1.028270500510756384e-34
1.028270500510756384e-34
1.028270500510756384e-34
1.028270500510756384e-34
1.028270500510756384e-34
1.028270500447168104e-34
6.691380204741154064e-35
6.691380204741132682e-35
6.691380204741132682e-35
6.691380204741132682e-35
6.691379162127186764e-35
6.691379162127186764e-35
6.691379162127186764e-35
6.691379162127186764e-35
6.691379162127186764e-35
6.691379162127186764e-35
6.691379162127186764e-35
6.691379162127186764e-35
6.691379162127186764e-35
6.691379162127186764e-35
6.691379162127186764e-35
6.691379162127186764e-35
6.691379162127186764e-35
6.691379162127186764e-35
6.691379162127186764e-35
6.691379162127186764e-35
6.691379162127186764e-35
6.691379162127186764e-35
6.691379162127186764e-35
6.691379162127186764e-35
6.691379162127186764e-35
6.691379162127186764e-35
6.691379162127186764e-35
6.691379162127186764e-35
6.691379162127186764e-35
6.691379162127186764e-35
6.691379162127186764e-35
6.691379162127186764e-35
6.691379162127186764e-35
6.691379162127186764e-35
6.691379162127186764e-35
6.691379162127186764e-35
6.691379162127186764e-35
6.691379162127186764e-35
6.691379162127186764e-35
6.691379162127186764e-35
6.691379162127186764e-35
6.691379162127186764e-35
6.691379162127186764e-35
6.691379162127186764e-35
6.691379162127186764e-35
6.691379162127186764e-35
6.691379162127186764e-35
6.691379162127186764e-35
6.691379162127186764e-35
6.691379162127186764e-35
6.691379162127186764e-35
6.691379162127186764e-35
6.691379162127186764e-35
6.691379162127186764e-35
6.691379162127186764e-35
6.691379162127186764e-35
6.691379162127186764e-35
6.691379162127186764e-35
6.691379162127186764e-35
6.691379162127186764e-35
6.691379162127186764e-35
6.691379162127186764e-35
6.691379162127186764e-35
6.691379162127186764e-35
6.691379162127186764e-35
6.691379162127186764e-35
6.691379162127186764e-35
6.691379162127186764e-35
6.691379162127186764e-35
6.691379162127186764e-35
6.691379162127186764e-35
6.691379162127186764e-35
6.691379162127186764e-35
6.691379162127186764e-35
6.691379162127186764e-35
6.691379162127186764e-35
6.691379162127186764e-35
6.691379162127186764e-35
6.691379162127186764e-35
6.691379162127186764e-35
6.691379162127186764e-35
6.691379162127186764e-35
6.691379162127186764e-35
6.691379162127186764e-35
6.691379162127186764e-35
6.691379162127186764e-35
6.691379162127186764e-35
6.691379162127186764e-35
6.691379162127186764e-35
6.691379162127186764e-35
6.691379162127186764e-35
6.691379162127186764e-35
6.691379162127186764e-35
6.691379162127186764e-35
6.691379162127186764e-35
6.691379162127186764e-35
6.691379162127186764e-35
6.691379162127186764e-35
6.691379162127186764e-35
6.691379162127186764e-35
6.691379162127186764e-35
6.691379162127186764e-35
6.691379162127186764e-35
6.691379162127186764e-35
6.691379162127186764e-35
6.691379162127186764e-35
6.691379162127186764e-35
6.691379162127186764e-35
6.691379162127186764e-35
6.691379162127186764e-35
6.691379162127186764e-35
6.691379162127186764e-35
6.691379162127186764e-35
6.691379162127186764e-35
6.691379162127186764e-35
6.691379162127186764e-35
6.691379162127186764e-35
6.691379162127186764e-35
6.691379162127186764e-35
6.691379162127186764e-35
6.691379162127186764e-35
6.691379162127186764e-35
6.691379162127186764e-35
6.691379162127186764e-35
6.691379162127186764e-35
6.691379162127186764e-35
6.691379162127186764e-35
6.691379162127186764e-35
6.691379162127186764e-35
6.691379162127186764e-35
6.691379162127186764e-35
6.691379162127186764e-35
6.691379162127186764e-35
6.691379162127186764e-35
6.691379162127186764e-35
6.691379162127186764e-35
6.691379162127186764e-35
6.691379162127186764e-35
6.691379162127186764e-35
6.691379162127186764e-35
6.691379162127186764e-35
6.691379162127186764e-35
6.691379162127186764e-35
6.691379162127186764e-35
6.691379162127186764e-35
6.691379162127186764e-35
6.691379162127186764e-35
6.691379162127186764e-35
6.691379162127186764e-35
6.691379162127186764e-35
6.691379162127186764e-35
6.691379162127186764e-35
6.691379162127186764e-35
6.691379162127186764e-35
6.691379162127186764e-35
6.691379162127186764e-35
6.691379162127186764e-35
6.691379162127186764e-35
6.691379162127186764e-35
6.691379162127186764e-35
6.691379162127186764e-35
6.691379162127186764e-35
6.691379162127186764e-35
6.691379162127186764e-35
6.691379162127186764e-35
6.691379162127186764e-35
6.691379162127186764e-35
6.691379162127186764e-35
6.691379162127186764e-35
6.691379162127186764e-35
6.691379162127186764e-35
6.691379162127186764e-35
6.691379162127186764e-35
6.691379162127186764e-35
6.691379162127186764e-35
6.691379162127186764e-35
6.691379162127186764e-35
6.691379162127186764e-35
6.691379162127186764e-35
6.691379162127186764e-35
6.691379162127186764e-35
6.691379162127186764e-35
6.691379162127186764e-35
6.691379162127186764e-35
6.691379162127186764e-35
6.691379162127186764e-35
6.691379162127186764e-35
6.691379162127186764e-35
6.691379162127186764e-35
6.691379162127186764e-35
6.691379162127186764e-35
6.691379162127186764e-35
6.691379162127186764e-35
6.691379162127186764e-35
6.691379162127186764e-35
6.691379162127186764e-35
6.691379162127186764e-35
6.691379162127186764e-35
6.691379162127186764e-35
6.691379162127186764e-35
6.691379162127186764e-35
6.691379162127186764e-35
6.691379162127186764e-35
6.691379162127186764e-35
6.691379162127186764e-35
6.691379162127186764e-35
6.691379162127186764e-35
6.691379162127186764e-35
6.691379162127186764e-35
6.691379162127186764e-35
6.691379162127186764e-35
6.691379162127186764e-35
6.691379162127186764e-35
6.691379162127186764e-35
6.691379162127186764e-35
6.691379162127186764e-35
6.691379162127186764e-35
6.691379162127186764e-35
6.691379162127186764e-35
6.691379162127186764e-35
6.691379162127186764e-35
6.691379162127186764e-35
6.691379162127186764e-35
6.691379162127186764e-35
6.691379162127186764e-35
6.691379162127186764e-35
6.691379162127186764e-35
6.691379162127186764e-35
6.691379162127186764e-35
6.691379162127186764e-35
6.691379162127186764e-35
6.691379162127186764e-35
6.691379162127186764e-35
6.691379162127186764e-35
6.691379162127186764e-35
6.691379162127186764e-35
6.691379162127186764e-35
6.691379162127186764e-35
6.691379162127186764e-35
6.691379162127186764e-35
6.691379162127186764e-35
6.691379162127186764e-35
6.691379162127186764e-35
6.691379162127186764e-35
6.691379162127186764e-35
6.691379162127186764e-35
6.691379162127186764e-35
6.691379162127186764e-35
6.691379162127186764e-35
6.691379162127186764e-35
6.691379162127186764e-35
6.691379162127186764e-35
6.691379162127186764e-35
6.691379162127186764e-35
6.691379162127186764e-35
6.691379162127186764e-35
6.691379162127186764e-35
6.691379162127186764e-35
6.691379162127186764e-35
6.691379162127186764e-35
6.691379162127186764e-35
6.691379162127186764e-35
6.691379162127186764e-35
6.691379162127186764e-35
6.691379162127186764e-35
6.691379162127186764e-35
6.691379162127186764e-35
6.691379162127186764e-35
6.691379162127186764e-35
6.691379162127186764e-35
6.691379162127186764e-35
6.691379162127186764e-35
6.691379162127186764e-35
6.691379162127186764e-35
6.691379162127186764e-35
6.691379162127186764e-35
6.691379162127186764e-35
6.691379162127186764e-35
6.691379162127186764e-35
6.691379162127186764e-35
6.691379162127186764e-35
6.691379162127186764e-35
6.691379162127186764e-35
6.691379162127186764e-35
6.691379162127186764e-35
6.691379162127186764e-35
6.691379162127186764e-35
6.691379162127186764e-35
6.691379162127186764e-35
6.691379162127186764e-35
6.691379162127186764e-35
6.691379162127186764e-35
6.691379162127186764e-35
6.691379162127186764e-35
6.691379162127186764e-35
6.691379162127186764e-35
6.691379162127186764e-35
6.691379162127186764e-35
6.691379162127186764e-35
6.691379162127186764e-35
6.691379162127186764e-35
6.691379162127186764e-35
6.691379162127186764e-35
6.691379162127186764e-35
6.691379162127186764e-35
6.691379162127186764e-35
6.691379162127186764e-35
6.691379162127186764e-35
6.691379162127186764e-35
6.691379162127186764e-35
6.691379162127186764e-35
6.691379162127186764e-35
6.691379162127186764e-35
6.691379162127186764e-35
6.691379162127186764e-35
6.691379162127186764e-35
6.691379162127186764e-35
6.691379162127186764e-35
6.691379162127186764e-35
6.691379162127186764e-35
6.691379162127186764e-35
6.691379162127186764e-35
6.691379162127186764e-35
6.691379162127186764e-35
6.691379162127186764e-35
6.691379162127186764e-35
6.691379162127186764e-35
6.691379162127186764e-35
6.691379162127186764e-35
6.691379162127186764e-35
6.691379162127186764e-35
6.691379162127186764e-35
6.691379162127186764e-35
6.691379162127186764e-35
6.691379162127186764e-35
6.691379162127186764e-35
6.691379162127186764e-35
6.691379162127186764e-35
6.691379162127186764e-35
6.691379162127186764e-35
6.691379162127186764e-35
6.691379162127186764e-35
6.691379162127186764e-35
6.691379162127186764e-35
6.691379162127186764e-35
6.691379162127186764e-35
6.691379162127186764e-35
6.691379162127186764e-35
6.691379162127186764e-35
6.691379162127186764e-35
6.691379162127186764e-35
6.691379162127186764e-35
6.691379162127186764e-35
6.691379162127186764e-35
6.691379162127186764e-35
6.691379162127186764e-35
6.691379162127186764e-35
6.691379162127186764e-35
6.691379162127186764e-35
6.691379162127186764e-35
6.691379162127186764e-35
6.691379162127186764e-35
6.691379162127186764e-35
6.691379162127186764e-35
6.691379162127186764e-35
6.691379162127181419e-35
6.691379162127165382e-35
6.691379162127137586e-35
6.691379162127123687e-35
6.691379162127123687e-35
6.691379162127123687e-35
6.691379162127123687e-35
6.691379162127123687e-35
6.691379162127123687e-35
6.691379162127123687e-35
6.691379162127123687e-35
6.691379162127123687e-35
6.691379162127123687e-35
6.691379162127123687e-35
6.691379162127123687e-35
6.691379162127123687e-35
6.691379162127123687e-35
6.691379162127123687e-35
6.691379162127123687e-35
6.691379162127123687e-35
6.691379162127123687e-35
6.691379162127123687e-35
6.691379162127123687e-35
6.691379162127123687e-35
6.691379162127123687e-35
6.691379162127123687e-35
6.691379162127123687e-35
6.691379162127123687e-35
6.691379162127123687e-35
6.691379162127122618e-35
6.691379162127117273e-35
6.691379162127079854e-35
6.691379162126830752e-35
6.691379162125497577e-35
6.691379162119638877e-35
6.691379162100281646e-35
6.691379162065157241e-35
6.691379162048360519e-35
6.691379162047839864e-35
6.691379162047839864e-35
6.691379162047839864e-35
6.691379162047839864e-35
6.691379162047839864e-35
6.691379162047839864e-35
6.691379162047839864e-35
6.691379162047839864e-35
6.691379162047839864e-35
6.691379162047839864e-35
6.691379162047839864e-35
6.691379162047839864e-35
6.691379162047839864e-35
6.691379162047839864e-35
6.691379162047839864e-35
6.691379162047839864e-35
6.691379162047839864e-35
6.691379162047839864e-35
6.691379162047839864e-35
6.691379162047839864e-35
6.691379162047839864e-35
6.691379162047839864e-35
6.691379162047837726e-35
6.691379162047797100e-35
6.691379162047334177e-35
6.691379162043188184e-35
6.691379162011874073e-35
6.691379161804671731e-35
6.691379160696106218e-35
6.691379155825911964e-35
6.691379139733615804e-35
6.691379110533000638e-35
6.691379096570577220e-35
6.691379096137403312e-35
6.691379096137311369e-35
6.691379096137311369e-35
6.691379096137311369e-35
6.691379096137311369e-35
6.691379096137311369e-35
6.691379096137311369e-35
6.691379096137311369e-35
6.691379096137311369e-35
6.691379096137311369e-35
6.691379096137311369e-35
6.691379096137311369e-35
6.691379096137311369e-35
6.691379096137311369e-35
6.691379096137311369e-35
6.691379096137311369e-35
6.691379096137311369e-35
6.691379096137311369e-35
6.691379096137311369e-35
6.691379096137311369e-35
6.691379096137304955e-35
6.691379096137183076e-35
6.691379096135354905e-35
6.691379096112577605e-35
6.691379095854437712e-35
6.691379093540120685e-35
6.691379076057569923e-35
6.691378960379966880e-35
6.691378341489109382e-35
6.691375622550603516e-35
6.691366638539202849e-35
6.691350336472818571e-35
6.691342541584395075e-35
6.691342299754579188e-35
6.691342299702896471e-35
6.691342299702896471e-35
6.691342299702896471e-35
6.691342299702896471e-35
6.691342299702896471e-35
6.691342299702896471e-35
6.691342299702896471e-35
6.691342299702896471e-35
6.691342299702896471e-35
6.691342299702896471e-35
6.691342299702896471e-35
6.691342299702896471e-35
6.691342299702896471e-35
6.691342299702896471e-35
6.691342299702896471e-35
6.691342299702896471e-35
6.691342299702891126e-35
6.691342299702777800e-35
6.691342299700438597e-35
6.691342299654395414e-35
6.691342298965076566e-35
6.691342290375116552e-35
6.691342193024718857e-35
6.691341320244281998e-35
6.691334727192593669e-35
6.691291102969964376e-35
6.691057717097519688e-35
6.690032588365891191e-35
6.686647548944275961e-35
6.680513893540360961e-35
6.677585029732802697e-35
6.677494205175482849e-35
6.677494185765101114e-35
6.677494185765101114e-35
6.677494185765101114e-35
6.677494185765101114e-35
6.677494185765101114e-35
6.677494185765101114e-35
6.677494185765101114e-35
6.677494185765101114e-35
6.677494185765101114e-35
6.677494185765101114e-35
6.677494185765101114e-35
6.677494185765101114e-35
6.677494185765101114e-35
6.677494185765100045e-35
6.677494185765065833e-35
6.677494185763905853e-35
6.677494185734710710e-35
6.677494185137745505e-35
6.677494173390462437e-35
6.677493997515430682e-35
6.677491805842475495e-35
6.677466967620141601e-35
6.677244292472050446e-35
6.675562664818044279e-35
6.664457069866368602e-35
6.605662774064096917e-35
6.359196119270677352e-35
5.661244452406171768e-35
4.721017413680824532e-35
4.373691057159234701e-35
4.363731028775428306e-35
4.363728905008109817e-35
4.363728905008106610e-35
4.363728905008106610e-35
4.363728905008106610e-35
4.363728905008106610e-35
4.363728905008106610e-35
4.363728905008106610e-35
4.363728905008106610e-35
4.363728905008106610e-35
4.363728905008106610e-35
4.363728905008106610e-35
4.363728905008106610e-35
4.363728905008104472e-35
4.363728905008029634e-35
4.363728905005541290e-35
4.363728904918772657e-35
4.363728902736775123e-35
4.363728858120362461e-35
4.363727980145499331e-35
4.363714835542749717e-35
4.363551040192961722e-35
4.361695599493695186e-35
4.345131140936723995e-35
4.223953367452122339e-35
3.565935043380098713e-35
1.944923233604023234e-35
6.489365691203238445e-36
2.026812803091299661e-36
9.016756409826410200e-37
7.125411997989450866e-37
7.079342479795612679e-37
7.079332697681833262e-37
7.079332697681817392e-37
7.079332697681817392e-37
7.079332697681817392e-37
7.079332697681817392e-37
7.079332697681817392e-37
7.079332697681817392e-37
7.079332697681817392e-37
7.079332697681817392e-37
7.079332697681817392e-37
7.079332697681817392e-37
7.079332697681810710e-37
7.079332697681575173e-37
7.079332697673703045e-37
7.079332697399261895e-37
7.079332690497778322e-37
7.079332549379657928e-37
7.079329772416437170e-37
7.079288197231842348e-37
7.078770147365603556e-37
7.072904360502334146e-37
7.020746579955778220e-37
6.650284707418368087e-37
4.929261993520160457e-37
2.067159469349039754e-37
5.821552991461432721e-38
1.725570564764737177e-38
7.579219115416362395e-39
5.976665022483728956e-39
5.937714970171946317e-39
5.937706700189860209e-39
5.937706700189845854e-39
5.937706700189845854e-39
5.937706700189845854e-39
5.937706700189845854e-39
5.937706700189845854e-39
5.937706700189845854e-39
5.937706700189845854e-39
5.937706700189845854e-39
5.937706700189845854e-39
5.937706700189845854e-39
5.937706700189841939e-39
5.937706700189704907e-39
5.937706700185111093e-39
5.937706700024973596e-39
5.937706695997919790e-39
5.937706613654735986e-39
5.937704993281536990e-39
5.937680733888108025e-39
5.937378441114906057e-39
5.933954694083531717e-39
5.903435077957389253e-39
5.682650982031091476e-39
4.555372181796795299e-39
2.209932661450805547e-39
6.774850649425676995e-40
2.058423957711293244e-40
9.095014204657297140e-41
7.179034965321368601e-41
7.132420061312462122e-41
7.132410163670638770e-41
7.132410163670623476e-41
7.132410163670623476e-41
7.132410163670623476e-41
7.132410163670623476e-41
7.132410163670623476e-41
7.132410163670623476e-41
7.132410163670623476e-41
7.132410163670623476e-41
7.132410163670623476e-41
7.132410163670619398e-41
7.132410163670505205e-41
7.132410163666693000e-41
7.132410163533761332e-41
7.132410160190879460e-41
7.132410091837272129e-41
7.132408746754924395e-41
7.132388608847301552e-41
7.132137669045685008e-41
7.129294991117372860e-41
7.103910249712269441e-41
6.917839293509114206e-41
5.895999038926135389e-41
3.293351139691826528e-41
1.120456705308708358e-41
3.523361079615837077e-42
1.570149399673625559e-42
1.241155906809215334e-42
1.233139880423125328e-42
1.233138178338138435e-42
1.233138178338135567e-42
1.233138178338135567e-42
1.233138178338135567e-42
1.233138178338135567e-42
1.233138178338135567e-42
1.233138178338135567e-42
1.233138178338135567e-42
1.233138178338135567e-42
1.233138178338135567e-42
1.233138178338135249e-42
1.233138178338121548e-42
1.233138178337664650e-42
1.233138178321733730e-42
1.233138177921108871e-42
1.233138169729334041e-42
1.233138008529172302e-42
1.233135595117851182e-42
1.233105521088713534e-42
1.232764793323514545e-42
1.229718439767169001e-42
1.207183554295493084e-42
1.076637526219336953e-42
6.820338517913178492e-43
2.612966229946612252e-43
8.599978987651893984e-44
3.878499941105167233e-44
3.072049482878596070e-44
3.052359287738452116e-44
3.052355106609437464e-44
3.052355106609430992e-44
3.052355106609430992e-44
3.052355106609430992e-44
3.052355106609430992e-44
3.052355106609430992e-44
3.052355106609430992e-44
3.052355106609430992e-44
3.052355106609430992e-44
3.052355106609429996e-44
3.052355106609406598e-44
3.052355106608621004e-44
3.052355106581223308e-44
3.052355105892241923e-44
3.052355091804285215e-44
3.052354814577311349e-44
3.052350664065700134e-44
3.052298943246387075e-44
3.051712911469687522e-44
3.046468965656277264e-44
3.007430558384540637e-44
2.772364392185769536e-44
1.954880011203226132e-44
8.516391898126912051e-45
2.972816366986038866e-45
1.362952665006956556e-45
1.082624012140560261e-45
1.075759614754183062e-45
1.075758157027486866e-45
1.075758157027484532e-45
1.075758157027484532e-45
1.075758157027484532e-45
1.075758157027484532e-45
1.075758157027484532e-45
1.075758157027484532e-45
1.075758157027484532e-45
1.075758157027484221e-45
1.075758157027478465e-45
1.075758157027285707e-45
1.075758157020568584e-45
1.075758156851652302e-45
1.075758153397733982e-45
1.075758085430503298e-45
1.075757067856707536e-45
1.075744387481716541e-45
1.075600701140789830e-45
1.074314215164375569e-45
1.064694527670209743e-45
1.005141826253156741e-45
7.736294222193498910e-46
3.845290671685842923e-46
1.444575654569675465e-46
6.772874953567699200e-47
5.401134348089471388e-47
5.367408409601165746e-47
5.367401246850662042e-47
5.367401246850650374e-47
5.367401246850650374e-47
5.367401246850650374e-47
5.367401246850650374e-47
5.367401246850650374e-47
5.367401246850650374e-47
5.367401246850650374e-47
5.367401246850650374e-47
5.367401246850629955e-47
5.367401246849961953e-47
5.367401246826653844e-47
5.367401246240492477e-47
5.367401234254958246e-47
5.367400998400041240e-47
5.367397467288730883e-47
5.367353464593941952e-47
5.366854830597307304e-47
5.362388536631102385e-47
5.328888440995210222e-47
5.117355579797182456e-47
4.220930057782379123e-47
2.385271340155131052e-47
9.787753778007985393e-48
4.728434533515202084e-48
3.791362168056896219e-48
3.768194118070503333e-48
3.768189196954448703e-48
3.768189196954440803e-48
3.768189196954440803e-48
3.768189196954440803e-48
3.768189196954440803e-48
3.768189196954440803e-48
3.768189196954440803e-48
3.768189196954440195e-48
3.768189196954430471e-48
3.768189196954104735e-48
3.768189196942748948e-48
3.768189196657159341e-48
3.768189190817574785e-48
3.768189075904494685e-48
3.768187355478350981e-48
3.768165916451084213e-48
3.767922964090272876e-48
3.765746209384988391e-48
3.749383721857020840e-48
3.644600278782716473e-48
3.170542577054109348e-48
2.017609751645405536e-48
9.164493898654067469e-49
4.604470345074682497e-49
3.719527564384315177e-49
3.697480949310153158e-49
3.697476265532926921e-49
3.697476265532919325e-49
3.697476265532919325e-49
3.697476265532919325e-49
3.697476265532919325e-49
3.697476265532919325e-49
3.697476265532919325e-49
3.697476265532919325e-49
3.697476265532913248e-49
3.697476265532691431e-49
3.697476265524995464e-49
3.697476265331462119e-49
3.697476261374188060e-49
3.697476183501782189e-49
3.697475017631512967e-49
3.697460489154308280e-49
3.697295845282472976e-49
3.695820409791577170e-49
3.684712774152668599e-49
3.612866028206921947e-49
3.271574776654712138e-49
2.312050218215602304e-49
1.174162888059309078e-49
6.202491201421060452e-50
5.060900507561433589e-50
5.032166267933057091e-50
5.032160161845007808e-50
5.032160161844998313e-50
5.032160161844998313e-50
5.032160161844998313e-50
5.032160161844998313e-50
5.032160161844998313e-50
5.032160161844998313e-50
5.032160161844998313e-50
5.032160161844992615e-50
5.032160161844786561e-50
5.032160161837614559e-50
5.032160161657276636e-50
5.032160157969799193e-50
5.032160085406531611e-50
5.032158999022149624e-50
5.032145461039180009e-50
5.031992039592417171e-50
5.030616980134815075e-50
5.020253892382725595e-50
4.952745400446486998e-50
4.620337550088328493e-50
3.568223442643145269e-50
2.036168133928530343e-50
1.144489663507543582e-50
9.463334687031444980e-51
9.412773894840257685e-51
9.412763146943196558e-51
9.412763146943178754e-51
9.412763146943178754e-51
9.412763146943178754e-51
9.412763146943178754e-51
9.412763146943178754e-51
9.412763146943178754e-51
9.412763146943178754e-51
9.412763146943171633e-51
9.412763146942911691e-51
9.412763146933855294e-51
9.412763146706111223e-51
9.412763142049311506e-51
9.412763050411418654e-51
9.412761678450299863e-51
9.412744581735628924e-51
9.412550828280818842e-51
9.410814116644862608e-51
9.397715524000197165e-51
9.311955907237227951e-51
8.878480917977662981e-51
7.371048255065985988e-51
4.721972499758171389e-51
2.858099098535303513e-51
2.404311607554301064e-51
2.392526529498499853e-51
2.392524023188914815e-51
2.392524023188910660e-51
2.392524023188910660e-51
2.392524023188910660e-51
2.392524023188910660e-51
2.392524023188910660e-51
2.392524023188910660e-51
2.392524023188910660e-51
2.392524023188909474e-51
2.392524023188865557e-51
2.392524023187345375e-51
2.392524023149103460e-51
2.392524022367157700e-51
2.392524006979791058e-51
2.392523776607081027e-51
2.392520905812083561e-51
2.392488371451641494e-51
2.392196728985176370e-51
2.389995931654598310e-51
2.375535238350144243e-51
2.301047900211864118e-51
2.022446354435486061e-51
1.444538447433090058e-51
9.512878799714535870e-52
8.177702525742004376e-52
8.142248020107609415e-52
8.142240475776372001e-52
8.142240475776360132e-52
8.142240475776360132e-52
8.142240475776360132e-52
8.142240475776360132e-52
8.142240475776360132e-52
8.142240475776360132e-52
8.142240475776355681e-52
8.142240475776260725e-52
8.142240475772955080e-52
8.142240475689772423e-52
8.142240473988899622e-52
8.142240440518619761e-52
8.142239939416647758e-52
8.142233694919616719e-52
8.142162926438339094e-52
8.141528517053964460e-52
8.136739325862754803e-52
8.105191894227343115e-52
7.940479910354579625e-52
7.289668430580516840e-52
5.736194439261471438e-52
4.136589753596767565e-52
3.649913471237143148e-52
3.636639573895968544e-52
3.636636747373082546e-52
3.636636747373077353e-52
3.636636747373077353e-52
3.636636747373077353e-52
3.636636747373077353e-52
3.636636747373077353e-52
3.636636747373077353e-52
3.636636747373076611e-52
3.636636747373050647e-52
3.636636747372152277e-52
3.636636747349555051e-52
3.636636746887497016e-52
3.636636737794980512e-52
3.636636601665920418e-52
3.636634905289072027e-52
3.636615680288636417e-52
3.636443330475366141e-52
3.635141912675888417e-52
3.626554178989494238e-52
3.581289291628823656e-52
3.395120044699088418e-52
2.897435666885901072e-52
2.288663463180242878e-52
2.079726163445775057e-52
2.073852455339571065e-52
2.073851203581224632e-52
2.073851203581222777e-52
2.073851203581222777e-52
2.073851203581222777e-52
2.073851203581222777e-52
2.073851203581222777e-52
2.073851203581222406e-52
2.073851203581214246e-52
2.073851203580924928e-52
2.073851203573644127e-52
2.073851203424778106e-52
2.073851200495343898e-52
2.073851156637170713e-52
2.073850610096951553e-52
2.073844416153523116e-52
2.073788886924163991e-52
2.073369510372366273e-52
2.070598870663093267e-52
2.055900463532509687e-52
1.993724159185837079e-52
1.812592385315093007e-52
1.556066230813899388e-52
1.457440306716134072e-52
1.454580075737340009e-52
1.454579465660582327e-52
1.454579465660581399e-52
1.454579465660581399e-52
1.454579465660581399e-52
1.454579465660581399e-52
1.454579465660581399e-52
1.454579465660581399e-52
1.454579465660578617e-52
1.454579465660475501e-52
1.454579465657885734e-52
1.454579465604933107e-52
1.454579464562916209e-52
1.454579448962306341e-52
1.454579254554714045e-52
1.454577051328830539e-52
1.454557298931754070e-52
1.454408104943338991e-52
1.453421696890411243e-52
1.448166925951585876e-52
1.425524530111402400e-52
1.355496206612472388e-52
1.244556349226895720e-52
1.197685699847193465e-52
1.196287972037522593e-52
1.196287673669643409e-52
1.196287673669642852e-52
1.196287673669642852e-52
1.196287673669642852e-52
1.196287673669642852e-52
1.196287673669642852e-52
1.196287673669641739e-52
1.196287673669604833e-52
1.196287673668677531e-52
1.196287673649717739e-52
1.196287673276619449e-52
1.196287667690761588e-52
1.196287598082373888e-52
1.196286809208117288e-52
1.196279736719331273e-52
1.196226313227971777e-52
1.195872943745517534e-52
1.193985909713572921e-52
1.185765771206388807e-52
1.159391425967653214e-52
1.114413129635016241e-52
1.094117354914439245e-52
1.093499511430272202e-52
1.093499379461917482e-52
1.093499379461917111e-52
1.093499379461917111e-52
1.093499379461917111e-52
1.093499379461917111e-52
1.093499379461917111e-52
1.093499379461916740e-52
1.093499379461904871e-52
1.093499379461603683e-52
1.093499379455445659e-52
1.093499379334264596e-52
1.093499377519994130e-52
1.093499354911391542e-52
1.093499098687202367e-52
1.093496801552559276e-52
1.093479449110242317e-52
1.093364646278884487e-52
1.092750844749180313e-52
1.090062407924093102e-52
1.081272476201340526e-52
1.065679296934005552e-52
1.058381186268005115e-52
1.058156366637758028e-52
1.058156318600451946e-52
1.058156318600451761e-52
1.058156318600451761e-52
1.058156318600451761e-52
1.058156318600451761e-52
1.058156318600451761e-52
1.058156318600451761e-52
1.058156318600448422e-52
1.058156318600367747e-52
1.058156318598716965e-52
1.058156318566229697e-52
1.058156318079844277e-52
1.058156312018734178e-52
1.058156243327922106e-52
1.058155627491020980e-52
1.058150975428868802e-52
1.058120194944798108e-52
1.057955545576048294e-52
1.057232807007323434e-52
1.054851711078690998e-52
1.050558320173991244e-52
1.048517740235014891e-52
1.048454559667441646e-52
1.048454546165567569e-52
1.048454546165567569e-52
1.048454546165567569e-52
1.048454546165567569e-52
1.048454546165567569e-52
1.048454546165567569e-52
1.048454546165567013e-52
1.048454546165550136e-52
1.048454546165207405e-52
1.048454546158463141e-52
1.048454546057490575e-52
1.048454544799216016e-52
1.048454530539137547e-52
1.048454402692533748e-52
1.048453436929218952e-52
1.048447046763262136e-52
1.048412859827917489e-52
1.048262694615866724e-52
1.047766818370888494e-52
1.046868212626564318e-52
1.046439084173067353e-52
1.046425776436609285e-52
1.046425773592571575e-52
1.046425773592571575e-52
1.046425773592571575e-52
1.046425773592571575e-52
1.046425773592571575e-52
1.046425773592571575e-52
1.046425773592571575e-52
1.046425773592568793e-52
1.046425773592515380e-52
1.046425773591463078e-52
1.046425773575710265e-52
1.046425773379407206e-52
1.046425771154695276e-52
1.046425751209370211e-52
1.046425600540682689e-52
1.046424603605302704e-52
1.046419269897459349e-52
1.046395838250350985e-52
1.046318421911316343e-52
1.046177973703250389e-52
1.046110830997435040e-52
1.046108748087147482e-52
1.046108747641997492e-52
1.046108747641997492e-52
1.046108747641997492e-52
1.046108747641997492e-52
1.046108747641997492e-52
1.046108747641997492e-52
1.046108747641997492e-52
1.046108747641997121e-52
1.046108747641990815e-52
1.046108747641868597e-52
1.046108747640037733e-52
1.046108747617219624e-52
1.046108747358622302e-52
1.046108745040206922e-52
1.046108727526698426e-52
1.046108611644270187e-52
1.046107991657927619e-52
1.046105267914043901e-52
1.046096268109663330e-52
1.046079937719618217e-52
1.046072129440201200e-52
1.046071887196514273e-52
1.046071887144743028e-52
1.046071887144743028e-52
1.046071887144743028e-52
1.046071887144743028e-52
1.046071887144743028e-52
1.046071887144743028e-52
1.046071887144742472e-52
1.046071887144731715e-52
1.046071887144573332e-52
1.046071887142597438e-52
1.046071887120203847e-52
1.046071886919438614e-52
1.046071885402840658e-52
1.046071875367896474e-52
1.046071821679581253e-52
1.046071585813664547e-52
1.046070806456671953e-52
1.046069392260915348e-52
1.046068716057326369e-52
1.046068695078670996e-52
1.046068695074187493e-52
1.046068695074187493e-52
1.046068695074187493e-52
1.046068695074187493e-52
1.046068695074187493e-52
1.046068695074187493e-52
1.046068695074187493e-52
1.046068695074186751e-52
1.046068695074176551e-52
1.046068695074048769e-52
1.046068695072601251e-52
1.046068695059622553e-52
1.046068694961579889e-52
1.046068694312857723e-52
1.046068690842105494e-52
1.046068675594236495e-52
1.046068625211610862e-52
1.046068533788764206e-52
1.046068490074467789e-52
1.046068488718267035e-52
1.046068488717977161e-52
1.046068488717977161e-52
1.046068488717977161e-52
1.046068488717977161e-52
1.046068488717977161e-52
1.046068488717977161e-52
1.046068488717977161e-52
1.046068488717977161e-52
1.046068488717976790e-52
1.046068488717970484e-52
1.046068488717900566e-52
1.046068488717272782e-52
1.046068488712529635e-52
1.046068488681146413e-52
1.046068488513242149e-52
1.046068487775597144e-52
1.046068485338240690e-52
1.046068480915483795e-52
1.046068478800719968e-52
1.046068478735111159e-52
1.046068478735097064e-52
1.046068478735097064e-52
1.046068478735097064e-52
1.046068478735097064e-52
1.046068478735097064e-52
1.046068478735097064e-52
1.046068478735097064e-52
1.046068478735097064e-52
1.046068478735096878e-52
1.046068478735094282e-52
1.046068478735071470e-52
1.046068478734899363e-52
1.046068478733760451e-52
1.046068478727667524e-52
1.046068478700899110e-52
1.046068478612449937e-52
1.046068478451952958e-52
1.046068478375210224e-52
1.046068478372829285e-52
1.046068478372828728e-52
1.046068478372828728e-52
1.046068478372828728e-52
1.046068478372828728e-52
1.046068478372828728e-52
1.046068478372828728e-52
1.046068478372828728e-52
1.046068478372828728e-52
1.046068478372828728e-52
1.046068478372828728e-52
1.046068478372828172e-52
1.046068478372823535e-52
1.046068478372792378e-52
1.046068478372626020e-52
1.046068478371895678e-52
1.046068478369482468e-52
1.046068478365103194e-52
1.046068478363009161e-52
1.046068478362944436e-52
1.046068478362944436e-52
1.046068478362944436e-52
1.046068478362944436e-52
1.046068478362944436e-52
1.046068478362944436e-52
1.046068478362944436e-52
1.046068478362944436e-52
1.046068478362944436e-52
1.046068478362944436e-52
1.046068478362944436e-52
1.046068478362944436e-52
1.046068478362944065e-52
1.046068478362943509e-52
1.046068478362940170e-52
1.046068478362925148e-52
1.046068478362875630e-52
1.046068478362785496e-52
1.046068478362742470e-52
1.046068478362741171e-52
1.046068478362741171e-52
1.046068478362741171e-52
1.046068478362741171e-52
1.046068478362741171e-52
1.046068478362741171e-52
1.046068478362741171e-52
1.046068478362741171e-52
1.046068478362741171e-52
1.046068478362741171e-52
1.046068478362741171e-52
1.046068478362741171e-52
1.046068478362741171e-52
1.046068478362741171e-52
1.046068478362740986e-52
1.046068478362740059e-52
1.046068478362738575e-52
1.046068478362737833e-52
1.046068478362737833e-52
1.046068478362737833e-52
1.046068478362737833e-52
1.046068478362737833e-52
1.046068478362737833e-52
1.046068478362737833e-52
1.046068478362737833e-52
1.046068478362737833e-52
1.046068478362737833e-52
1.046068478362737833e-52
1.046068478362737833e-52
1.046068478362737833e-52
1.046068478362737833e-52
1.046068478362737833e-52
1.046068478362737833e-52
1.046068478362737833e-52
1.046068478362737833e-52
1.046068478362737833e-52
1.046068478362737833e-52
1.046068478362737833e-52
1.046068478362737833e-52
1.046068478362737833e-52
1.046068478362737833e-52
1.046068478362737833e-52
1.046068478362737833e-52
1.046068478362737833e-52
1.046068478362737833e-52
1.046068478362737833e-52
1.046068478362737833e-52
1.046068478362737833e-52
1.046068478362737833e-52
1.046068478362737833e-52
1.046068478362737833e-52
1.046068478362737833e-52
1.046068478362737833e-52
1.046068478362737833e-52
1.046068478362737833e-52
1.046068478362737833e-52
1.046068478362737833e-52
1.046068478362737833e-52
1.046068478362737833e-52
1.046068478362737833e-52
1.046068478362737833e-52
1.046068478362737833e-52
1.046068478362737833e-52
1.046068478362737833e-52
1.046068478362737833e-52
1.046068478362737833e-52
1.046068478362737833e-52
1.046068478362737833e-52
1.046068478362737833e-52
1.046068478362737833e-52
1.046068478362737833e-52
1.046068478362737833e-52
1.046068478362737833e-52
1.046068478362737833e-52
1.046068478362737833e-52
1.046068478362737833e-52
1.046068478362737833e-52
1.046068478362737833e-52
1.046068478362737833e-52
1.046068478362737833e-52
1.046068478362737833e-52
1.046068478362737833e-52
1.046068478362737833e-52
1.046068478362737833e-52
1.046068478362737833e-52
1.046068478362737833e-52
1.046068478362737833e-52
1.046068478362737833e-52
1.046068478362737833e-52
1.046068478362737833e-52
1.046068478362737833e-52
1.046068478362737833e-52
1.046068478362737833e-52
1.046068478362737833e-52
1.046068478362737833e-52
1.046068478362737833e-52
1.046068478362737833e-52
1.046068478362737833e-52
1.046068478362737833e-52
1.046068478362737833e-52
1.046068478362737833e-52
1.046068478362737833e-52
1.046068478362737833e-52
1.046068478362737833e-52
1.046068478362737833e-52
1.046068478362737833e-52
1.046068478362737833e-52
1.046068478362737833e-52
1.046068478362737833e-52
1.046068478362737833e-52
1.046068478362737833e-52
1.046068478362737833e-52
1.046068478362737833e-52
1.046068478362737833e-52
1.046068478362737833e-52
1.046068478362737833e-52
1.046068478362737833e-52
1.046068478362737833e-52
1.046068478362737833e-52
1.046068478362737833e-52
1.046068478362737833e-52
1.046068478362737833e-52
1.046068478362737833e-52
1.046068478362737833e-52
1.046068478362737833e-52
1.046068478362737833e-52
1.046068478362737833e-52
1.046068478362737833e-52
1.046068478362737833e-52
1.046068478362737833e-52
1.046068478362737833e-52
1.046068478362737833e-52
1.046068478362737833e-52
1.046068478362737833e-52
1.046068478362737833e-52
1.046068478362737833e-52
1.046068478362737833e-52
1.046068478362737833e-52
1.046068478362737833e-52
1.046068478362737833e-52
1.046068478362737833e-52
1.046068478362737833e-52
1.046068478362737833e-52
1.046068478362737833e-52
1.046068478362737833e-52
1.046068478362737833e-52
1.046068478362737833e-52
1.046068478362737833e-52
1.046068478362737833e-52
1.046068478362737833e-52
1.046068478362737833e-52
1.046068478362737833e-52
1.046068478362737833e-52
1.046068478362737833e-52
1.046068478362737833e-52
1.046068478362737833e-52
1.046068478362737833e-52
1.046068478362737833e-52
1.046068478362737833e-52
1.046068478362737833e-52
1.046068478362737833e-52
1.046068478362737833e-52
1.046068478362737833e-52
1.046068478362737833e-52
1.046068478362737833e-52
1.046068478362737833e-52
1.046068478362737833e-52
1.046068478362737833e-52
1.046068478362737833e-52
1.046068478362737833e-52
1.046068478362737833e-52
1.046068478362737833e-52
1.046068478362737833e-52
1.046068478362737833e-52
1.046068478362737833e-52
1.046068478362737833e-52
1.046068478362737833e-52
1.046068478362737833e-52
1.046068478362737833e-52
1.046068478362737833e-52
1.046068478362737833e-52
1.046068478362737833e-52
1.046068478362737833e-52
1.046068478362737833e-52
1.046068478362737833e-52
1.046068478362737833e-52
1.046068478362737833e-52
1.046068478362737833e-52
1.046068478362737833e-52
1.046068478362737833e-52
1.046068478362737833e-52
1.046068478362737833e-52
1.046068478362737833e-52
1.046068478362737833e-52
1.046068478362737833e-52
1.046068478362737833e-52
1.046068478362737833e-52
1.046068478362737833e-52
1.046068478362737833e-52
1.046068478362737833e-52
1.046068478362737833e-52
1.046068478362737833e-52
1.046068478362737833e-52
1.046068478362737833e-52
1.046068478362737833e-52
1.046068478362737833e-52
1.046068478362737833e-52
1.046068478362737833e-52
1.046068478362737833e-52
1.046068478362737833e-52
1.046068478362737833e-52
1.046068478362737833e-52
1.046068478362737833e-52
1.046068478362737833e-52
1.046068478362737833e-52
1.046068478362737833e-52
1.046068478362737833e-52
1.046068478362737833e-52
1.046068478362737833e-52
1.046068478362737833e-52
1.046068478362737833e-52
1.046068478362737833e-52
1.046068478362737833e-52
1.046068478362737833e-52
1.046068478362737833e-52
1.046068478362737833e-52
1.046068478362737833e-52
1.046068478362737833e-52
1.046068478362737833e-52
1.046068478362737833e-52
1.046068478362737833e-52
1.046068478362737833e-52
1.046068478362737833e-52
1.046068478362737833e-52
1.046068478362737833e-52
1.046068478362737833e-52
1.046068478362737833e-52
1.046068478362737833e-52
1.046068478362737833e-52
1.046068478362737833e-52
1.046068478362737833e-52
1.046068478362737833e-52
1.046068478362737833e-52
1.046068478362737833e-52
1.046068478362737833e-52
1.046068478362737833e-52
1.046068478362737833e-52
1.046068478362737833e-52
1.046068478362737833e-52
1.046068478362737833e-52
1.046068478362737833e-52
1.046068478362737833e-52
1.046068478362737833e-52
1.046068478362737833e-52
1.046068478362737833e-52
1.046068478362737833e-52
1.046068478362737833e-52
1.046068478362737833e-52
1.046068478362737833e-52
1.046068478362737833e-52
1.046068478362737833e-52
1.046068478362737833e-52
1.046068478362737833e-52
1.046068478362737833e-52
1.046068478362737833e-52
1.046068478362737833e-52
1.046068478362737833e-52
1.046068478362737833e-52
1.046068478362737833e-52
1.046068478362737833e-52
1.046068478362737833e-52
1.046068478362737833e-52
1.046068478362737833e-52
1.046068478362737833e-52
1.046068478362737833e-52
1.046068478362737833e-52
1.046068478362737833e-52
1.046068478362737833e-52
1.046068478362737833e-52
1.046068478362737833e-52
1.046068478362737833e-52
1.046068478362737833e-52
1.046068478362737833e-52
1.046068478362737833e-52
1.046068478362737833e-52
1.046068478362737833e-52
1.046068478362737833e-52
1.046068478362737833e-52
1.046068478362737833e-52
1.046068478362737833e-52
1.046068478362737833e-52
1.046068478362737833e-52
1.046068478362737833e-52
1.046068478362737833e-52
1.046068478362737833e-52
1.046068478362737833e-52
1.046068478362737833e-52
1.046068478362737833e-52
1.046068478362737833e-52
1.046068478362737833e-52
1.046068478362737833e-52
1.046068478362737833e-52
1.046068478362737833e-52
1.046068478362737833e-52
1.046068478362737833e-52
1.046068478362737833e-52
1.046068478362737833e-52
1.046068478362737833e-52
1.046068478362737833e-52
1.046068478362737833e-52
1.046068478362737833e-52
1.046068478362737833e-52
1.046068478362737833e-52
1.046068478362737833e-52
1.046068478362737833e-52
1.046068478362737833e-52
1.046068478362737833e-52
1.046068478362737833e-52
1.046068478362737833e-52
1.046068478362737833e-52
1.046068478362737833e-52
1.046068478362737833e-52
1.046068478362737833e-52
1.046068478362737833e-52
1.046068478362737833e-52
1.046068478362737833e-52
1.046068478362737833e-52
1.046068478362737833e-52
1.046068478362737833e-52
1.046068478362737833e-52
1.046068478362737833e-52
1.046068478362737833e-52
1.046068478362737833e-52
1.046068478362737833e-52
1.046068478362737833e-52
1.046068478362737833e-52
1.046068478362737833e-52
1.046068478362737833e-52
1.046068478362737833e-52
1.046068478362737833e-52
1.046068478362737833e-52
