1.000000000000170086e+00
1.000000000000079714e+00
1.000000000000035305e+00
1.000000000000035305e+00
1.000000000000035305e+00
1.000000000000035305e+00
1.000000000000035305e+00
1.000000000000035305e+00
1.000000000000035305e+00
1.000000000000035305e+00
1.000000000000035305e+00
1.000000000000035305e+00
1.000000000000035305e+00
1.000000000000035305e+00
1.000000000000033307e+00
1.000000000000033307e+00
1.000000000000033307e+00
1.000000000000033307e+00
1.000000000000033307e+00
1.000000000000033307e+00
1.000000000000033307e+00
1.000000000000033307e+00
1.000000000000033307e+00
1.000000000000033307e+00
1.000000000000033307e+00
1.000000000000033307e+00
1.000000000000033307e+00
1.000000000000033307e+00
1.000000000000033307e+00
1.000000000000033307e+00
1.000000000000033307e+00
1.000000000000033307e+00
1.000000000000033307e+00
1.000000000000033307e+00
1.000000000000033307e+00
1.000000000000033307e+00
1.000000000000033307e+00
1.000000000000033307e+00
1.000000000000033307e+00
1.000000000000033307e+00
1.000000000000033307e+00
1.000000000000033307e+00
1.000000000000033307e+00
1.000000000000033307e+00
1.000000000000033307e+00
1.000000000000033307e+00
1.000000000000033307e+00
1.000000000000033307e+00
1.000000000000033307e+00
1.000000000000033307e+00
1.000000000000033307e+00
1.000000000000033307e+00
1.000000000000033307e+00
1.000000000000033085e+00
1.000000000000033085e+00
1.000000000000033085e+00
1.000000000000033085e+00
1.000000000000033085e+00
1.000000000000033085e+00
1.000000000000033085e+00
1.000000000000033085e+00
1.000000000000033307e+00
1.000000000000033307e+00
1.000000000000033307e+00
1.000000000000033307e+00
1.000000000000033307e+00
1.000000000000033307e+00
1.000000000000033307e+00
1.000000000000033307e+00
1.000000000000033085e+00
1.000000000000033085e+00
1.000000000000033085e+00
1.000000000000033307e+00
1.000000000000033307e+00
1.000000000000033307e+00
1.000000000000033085e+00
1.000000000000033307e+00
1.000000000000033307e+00
1.000000000000033307e+00
1.000000000000033307e+00
1.000000000000033307e+00
1.000000000000033307e+00
1.000000000000033085e+00
1.000000000000033085e+00
1.000000000000033085e+00
1.000000000000033085e+00
1.000000000000033085e+00
1.000000000000033085e+00
1.000000000000033085e+00
1.000000000000033085e+00
1.000000000000033085e+00
1.000000000000032863e+00
1.000000000000032863e+00
1.000000000000032863e+00
1.000000000000032863e+00
1.000000000000032863e+00
1.000000000000033085e+00
1.000000000000033085e+00
1.000000000000033085e+00
1.000000000000033085e+00
1.000000000000032863e+00
1.000000000000033085e+00
1.000000000000033085e+00
1.000000000000033085e+00
1.000000000000032863e+00
1.000000000000032863e+00
1.000000000000032863e+00
1.000000000000032863e+00
1.000000000000032863e+00
1.000000000000032863e+00
1.000000000000032863e+00
1.000000000000032863e+00
1.000000000000032863e+00
1.000000000000032863e+00
1.000000000000025979e+00
1.000000000000025979e+00
1.000000000000025979e+00
1.000000000000025979e+00
1.000000000000025979e+00
1.000000000000025979e+00
1.000000000000025979e+00
1.000000000000025979e+00
1.000000000000025979e+00
1.000000000000025979e+00
1.000000000000025979e+00
1.000000000000024869e+00
1.000000000000024647e+00
1.000000000000024647e+00
1.000000000000024647e+00
1.000000000000024647e+00
1.000000000000024647e+00
1.000000000000024869e+00
1.000000000000024869e+00
1.000000000000024869e+00
1.000000000000024647e+00
1.000000000000024647e+00
1.000000000000024647e+00
1.000000000000024647e+00
1.000000000000024647e+00
1.000000000000024425e+00
1.000000000000024425e+00
1.000000000000024425e+00
1.000000000000024425e+00
1.000000000000024425e+00
1.000000000000024425e+00
1.000000000000024425e+00
1.000000000000024425e+00
1.000000000000024425e+00
1.000000000000024425e+00
1.000000000000024647e+00
1.000000000000024647e+00
1.000000000000024425e+00
1.000000000000024425e+00
1.000000000000010880e+00
1.000000000000010880e+00
1.000000000000010880e+00
1.000000000000010880e+00
1.000000000000010880e+00
1.000000000000010880e+00
1.000000000000010880e+00
1.000000000000010880e+00
1.000000000000010880e+00
1.000000000000010880e+00
1.000000000000010880e+00
1.000000000000010880e+00
1.000000000000010880e+00
1.000000000000010658e+00
1.000000000000010658e+00
1.000000000000010658e+00
1.000000000000010658e+00
1.000000000000010658e+00
1.000000000000010658e+00
1.000000000000010658e+00
1.000000000000010658e+00
1.000000000000010658e+00
1.000000000000010658e+00
1.000000000000010658e+00
1.000000000000010658e+00
1.000000000000010658e+00
1.000000000000010658e+00
1.000000000000010880e+00
1.000000000000010658e+00
1.000000000000010658e+00
1.000000000000010658e+00
1.000000000000010658e+00
1.000000000000010658e+00
1.000000000000010658e+00
1.000000000000010658e+00
1.000000000000010658e+00
1.000000000000010658e+00
1.000000000000010658e+00
1.000000000000010658e+00
1.000000000000010658e+00
1.000000000000010658e+00
1.000000000000010658e+00
1.000000000000010658e+00
1.000000000000010658e+00
1.000000000000010658e+00
1.000000000000010658e+00
1.000000000000010658e+00
1.000000000000010658e+00
1.000000000000010658e+00
1.000000000000010880e+00
1.000000000000010880e+00
1.000000000000010880e+00
1.000000000000010880e+00
1.000000000000010880e+00
1.000000000000010658e+00
1.000000000000010658e+00
1.000000000000010658e+00
1.000000000000010658e+00
1.000000000000010658e+00
1.000000000000010658e+00
1.000000000000010658e+00
1.000000000000010658e+00
1.000000000000010658e+00
1.000000000000010658e+00
1.000000000000010658e+00
1.000000000000010658e+00
1.000000000000010658e+00
1.000000000000010658e+00
1.000000000000010658e+00
1.000000000000010658e+00
1.000000000000010658e+00
1.000000000000010658e+00
1.000000000000009770e+00
1.000000000000009770e+00
1.000000000000009770e+00
1.000000000000009770e+00
1.000000000000009770e+00
1.000000000000009770e+00
1.000000000000009770e+00
1.000000000000009770e+00
1.000000000000009770e+00
1.000000000000009770e+00
1.000000000000009770e+00
1.000000000000009770e+00
1.000000000000009770e+00
1.000000000000009770e+00
1.000000000000009770e+00
1.000000000000009770e+00
1.000000000000009770e+00
1.000000000000009770e+00
1.000000000000009770e+00
1.000000000000009770e+00
1.000000000000009770e+00
1.000000000000009770e+00
1.000000000000009770e+00
1.000000000000009770e+00
1.000000000000009770e+00
1.000000000000009770e+00
1.000000000000009770e+00
1.000000000000009770e+00
1.000000000000009770e+00
1.000000000000009770e+00
1.000000000000009770e+00
1.000000000000009992e+00
1.000000000000009770e+00
1.000000000000009770e+00
1.000000000000009770e+00
1.000000000000004885e+00
1.000000000000004885e+00
1.000000000000004885e+00
1.000000000000004885e+00
1.000000000000004885e+00
1.000000000000004885e+00
1.000000000000004885e+00
1.000000000000004885e+00
1.000000000000004885e+00
1.000000000000004885e+00
1.000000000000004885e+00
1.000000000000004885e+00
9.999999999999346079e-01
9.999999999999346079e-01
9.999999999999347189e-01
9.999999999999347189e-01
9.999999999896350689e-01
9.999999999442923393e-01
9.999999999442862331e-01
9.999999999442712451e-01
9.999999997509991800e-01
9.999999997509991800e-01
9.999999997509991800e-01
9.999999997509991800e-01
9.999999997509991800e-01
9.999999997509991800e-01
9.999999997509991800e-01
9.999999992452212050e-01
9.999999992452212050e-01
9.999999992452212050e-01
9.999999336817341211e-01
9.999999332010679476e-01
9.999997422276687420e-01
9.999997422276687420e-01
9.999997422276687420e-01
9.999997422270979763e-01
9.999997422270979763e-01
9.999993476166129103e-01
9.999993476045366814e-01
9.999993476045363483e-01
9.999993476045363483e-01
9.999957471410180210e-01
9.999448654802822745e-01
9.999448447029313236e-01
9.999448447029313236e-01
9.999448409929642123e-01
9.998442842811930964e-01
9.998442842811930964e-01
9.998442842811930964e-01
9.998442842811930964e-01
9.998442842802234276e-01
9.998442842802071073e-01
9.998442842802071073e-01
9.997754072559598137e-01
9.997754072559598137e-01
9.997754072559598137e-01
9.997754064916930528e-01
9.997754064916929417e-01
9.987067829457514367e-01
9.931968692823762712e-01
9.931963722714856058e-01
9.931955559375048592e-01
9.873167171251127083e-01
9.873167167989698179e-01
9.873167167989698179e-01
9.873167167989698179e-01
9.873167167989365112e-01
9.873167167989365112e-01
9.873167167989365112e-01
9.863109607198705664e-01
9.863109607198126128e-01
9.863109607198126128e-01
9.432456302296770012e-01
9.428474164233164867e-01
8.604160470553160467e-01
8.604160469894455154e-01
8.604160469894455154e-01
8.604159975277988481e-01
8.604159975277988481e-01
8.604159975277988481e-01
8.253084512065858025e-01
8.253076122719987806e-01
8.253076122678593141e-01
8.253076122678593141e-01
8.075771077485550675e-01
8.075771077485550675e-01
5.778344084313445927e-01
5.776365362126022474e-01
5.776365362126022474e-01
5.776305166947818259e-01
4.051062716411980569e-01
4.051062716411980569e-01
4.051062716411977238e-01
4.051062716411977238e-01
4.051062715010591564e-01
4.051062714842983414e-01
4.051062714842983414e-01
3.825799026836232963e-01
3.825799026836232963e-01
3.825799026836232963e-01
3.825797698973055772e-01
3.825797698973036343e-01
3.295051218409447702e-01
1.385342896267693080e-01
1.385195371927022134e-01
1.385058823682611129e-01
8.314637693361534576e-02
8.314637597473036046e-02
8.314637597473036046e-02
8.314637597473036046e-02
8.314637597470282693e-02
8.314637597470282693e-02
8.314637597470282693e-02
8.090310275320734823e-02
8.090310275301167142e-02
8.090310275301167142e-02
4.876141239756144607e-02
4.860975464339600122e-02
1.547336501351536178e-02
1.547336493559618026e-02
1.547336493559618026e-02
1.547335880092451203e-02
1.547335880092451203e-02
1.547335880092451203e-02
1.115413167877372935e-02
1.115404364500750811e-02
1.115404364484712772e-02
1.115404364484712772e-02
1.078996608118654513e-02
1.078996608118654513e-02
3.937478773675250066e-03
3.928078799963503204e-03
3.928078799963503204e-03
3.928032434055018195e-03
1.564144583762056223e-03
1.564144583762056223e-03
1.564144583762042129e-03
1.564144583762042129e-03
1.564144582953977359e-03
1.564144582624582645e-03
1.564144582624582645e-03
1.373696032610566362e-03
1.373696032610566362e-03
1.373696032610566362e-03
1.373695037668894994e-03
1.373695037668891308e-03
1.192544273898334811e-03
1.192544273898334811e-03
3.000686027680227923e-04
3.000455874643254270e-04
2.999697972292590903e-04
1.726271746959424577e-04
1.726271727876599251e-04
1.726271727876599251e-04
1.726271727876599251e-04
1.726271727876342566e-04
1.726271727876342566e-04
1.726271727876342566e-04
1.660886608938845943e-04
1.660886608928551986e-04
1.660886608928551986e-04
1.102775965194258432e-04
1.100777749092343109e-04
2.639677490199016601e-05
2.639677470637337190e-05
2.639677470637337190e-05
2.639676812169041499e-05
2.639676812169041499e-05
2.639676812169041499e-05
2.639676812169041499e-05
2.019669740689811858e-05
2.019635070232478333e-05
2.019635070220815367e-05
2.019635070220815367e-05
2.019635070220815367e-05
1.987500682137059168e-05
1.987500682137059168e-05
8.825970743576406908e-06
8.792539336726292275e-06
8.792539336726292275e-06
8.792457395620658124e-06
2.767469418504546608e-06
2.767469418504546608e-06
2.767469418504489857e-06
2.767469418504489857e-06
2.767469417948349199e-06
2.767469417121056355e-06
2.767469417121056355e-06
2.487798272000054430e-06
2.487798272000054430e-06
2.487798272000054430e-06
2.487794409013171862e-06
2.487794409013169745e-06
2.318557035666369100e-06
2.318557035666369100e-06
7.114210283253486610e-07
7.113753934344992867e-07
7.110740094412258263e-07
3.347490523053186428e-07
3.347490507285821639e-07
3.347490507285821639e-07
3.347490507285821639e-07
3.347490507285671820e-07
3.347490507285670232e-07
3.347490507285670232e-07
3.234352109891161909e-07
3.234352109859855572e-07
3.234352109859855572e-07
2.563887376111586825e-07
2.560076227625258238e-07
6.597676339834404046e-08
6.597676195171972355e-08
6.597676195171972355e-08
6.597675291298331251e-08
6.597675291298331251e-08
6.597675291298331251e-08
6.597675291298331251e-08
4.418235166623294498e-08
4.418117771972020659e-08
4.418117771963344527e-08
4.418117771963344527e-08
4.418117771963344527e-08
4.363676508868447873e-08
2.523383197527161315e-08
2.523383197527161315e-08
2.510876003743588798e-08
2.510876003743588798e-08
2.510861320643663562e-08
7.322882078494331530e-09
7.322882078494331530e-09
7.322882078494013065e-09
7.322882078494013065e-09
7.322882077888707109e-09
7.322882071031819063e-09
7.322882071031819063e-09
6.147293610087144645e-09
6.147293610087144645e-09
6.147293610087144645e-09
6.147276921629409140e-09
6.147276921629405831e-09
5.779578742157576740e-09
5.779578742157576740e-09
2.317232113856347821e-09
2.317125728181708994e-09
2.315660839423620821e-09
9.528543332966596005e-10
9.528543313107221997e-10
9.528543313107221997e-10
9.528543313107221997e-10
9.528543313107221997e-10
9.528543313107221997e-10
9.528543313107213725e-10
9.528543313106975911e-10
9.528543313106975911e-10
8.955286758344653850e-10
8.955286758060543159e-10
8.955286758060543159e-10
7.133423710741954070e-10
7.126937403314988962e-10
2.278760253665351988e-10
2.278760131562195580e-10
2.278760131562195580e-10
2.278759963946313344e-10
2.278759963946313344e-10
2.278759963946313344e-10
2.278759963946313344e-10
1.368138735832144413e-10
1.368087156032049749e-10
1.368087156030423563e-10
1.368087156030423563e-10
1.368087156030423563e-10
1.356571535193089560e-10
7.537645981979874324e-11
7.466224666464494208e-11
7.466224666464494208e-11
7.466224666464494208e-11
7.466204484525813541e-11
2.560163357969287782e-11
2.560163357969287782e-11
2.560163357968826370e-11
2.560163357968826370e-11
2.560163357824209026e-11
2.560163351894216485e-11
2.560163351894216485e-11
2.029954308621390895e-11
2.029954308621390895e-11
2.029954308621390895e-11
2.029945970009384809e-11
2.029945970009384809e-11
2.029945970009384809e-11
1.940373437941542252e-11
7.006345714745684168e-12
7.006194522348046682e-12
6.997589531763265778e-12
3.259583573524260688e-12
3.259583568981599233e-12
3.259583568981599233e-12
3.259583568981599233e-12
3.259583568981599233e-12
3.259583568981599233e-12
3.259583568981588328e-12
3.259583568981588328e-12
3.259583568981553593e-12
3.002708374033468239e-12
3.002708373807466582e-12
3.002708373807466582e-12
2.527176646183880828e-12
2.525910621047926161e-12
2.525909933601215906e-12
6.901836339884903382e-13
6.901836339884903382e-13
6.901836339884903382e-13
6.901836039332055956e-13
6.901836039332055956e-13
6.901836039332055956e-13
4.496611137607542781e-13
4.496252949249186109e-13
4.496252949246980832e-13
4.496252949246980832e-13
4.496252949246980832e-13
4.476837602384840833e-13
4.379629242382204307e-13
2.794339017993839815e-13
2.794339017993839815e-13
2.794339017993839815e-13
2.794333492223154913e-13
2.794333492223154913e-13
7.916352726896586453e-14
7.916352726893463826e-14
7.916352726893463826e-14
7.916352726893463826e-14
7.916352726719872775e-14
7.916352700739664038e-14
7.916352700739664038e-14
6.519291587511176016e-14
6.519291587511176016e-14
6.519291587511176016e-14
6.519236295828954920e-14
6.519236295828954920e-14
6.519236295828954920e-14
6.519236295828954920e-14
6.372378989626010004e-14
2.798742379166878556e-14
2.798695221934402322e-14
2.793334760070820524e-14
1.068305650336136977e-14
1.068305649723542781e-14
1.068305649723542781e-14
1.068305649723542781e-14
1.068305649723542781e-14
1.068305649723542781e-14
1.068305649723534735e-14
1.068305649723534735e-14
1.068305649723531264e-14
9.943330368238102566e-15
9.943330367102507317e-15
9.943330367102507317e-15
9.065249414222358710e-15
9.062064708962064464e-15
9.062059020473455141e-15
2.926321050211380800e-15
2.926321050211380800e-15
2.926321050211380800e-15
2.926320982379927098e-15
2.926320982379927098e-15
2.926320982379927098e-15
2.926320982379927098e-15
1.625756824977248260e-15
1.625573913237708986e-15
1.625573913237443731e-15
1.625573913237443731e-15
1.625573913237443731e-15
1.620607062544653724e-15
1.586778340547506370e-15
1.202540252768657395e-15
1.202540252768657395e-15
1.202540252768657395e-15
1.202538967985165235e-15
1.202538967985164840e-15
3.544975462695380038e-16
3.544975462692510556e-16
3.544975462692510556e-16
3.544975462692510556e-16
3.544975429199170106e-16
3.544975429167146791e-16
3.544975429167146791e-16
2.648479656854774058e-16
2.648479656854774058e-16
2.648479656854774058e-16
2.648444007310248056e-16
2.648444007310248056e-16
2.648444007310248056e-16
2.648444007310248056e-16
2.600847347603487046e-16
1.436831701205586499e-16
1.436816097329042756e-16
1.433069915493379592e-16
5.081306454351681469e-17
5.081306453076720776e-17
5.081306453076720776e-17
5.081306453076720776e-17
5.081306453076720776e-17
5.081306453076720776e-17
5.081306453076636960e-17
5.081306453076636960e-17
5.081306453076628332e-17
4.517458928803873054e-17
4.517458927296963219e-17
4.517458927296963219e-17
4.159652776758752643e-17
4.158810830803603384e-17
4.158806150386417750e-17
1.666309735276704920e-17
1.666309735276704920e-17
1.666309735276704920e-17
1.666309715043579183e-17
1.666309715043579183e-17
1.666309715043579183e-17
1.666309715043579183e-17
8.327687825025601121e-18
8.326414443910281431e-18
8.326414443909520304e-18
8.326414443909520304e-18
8.326414443909520304e-18
8.016677815869418307e-18
8.001494806705555183e-18
6.085059840061009446e-18
6.085059840061009446e-18
6.085059840061009446e-18
6.085056813670348795e-18
6.085056813670347254e-18
2.111585225974684801e-18
2.111585225968140106e-18
2.111585225968140106e-18
2.111585225968140106e-18
2.111585179543014470e-18
2.111585179530589525e-18
2.111585179530589525e-18
1.463292971800540972e-18
1.463292971800540972e-18
1.463264097117660974e-18
1.463264097117660974e-18
1.463264097117660974e-18
1.463264097117660974e-18
1.444922642715534708e-18
1.444922642715534708e-18
7.686806146378262161e-19
7.686765061757199066e-19
7.649032273130290697e-19
7.649032273130290697e-19
3.047034083705046990e-19
3.047034083203714426e-19
3.047034083203714426e-19
3.047034083203714426e-19
3.047034083203714426e-19
3.047034083203714426e-19
3.047034083203520870e-19
3.047034083203520870e-19
3.047034083203518944e-19
2.616691393553926910e-19
2.616691391578741307e-19
2.616691391578741307e-19
2.462646690436516546e-19
2.462375184935089418e-19
2.462370831309506004e-19
9.015842975654084190e-20
9.015842975654084190e-20
9.015842975654084190e-20
9.015842910881771634e-20
9.015842910881771634e-20
9.015842910881771634e-20
9.015842910881771634e-20
9.015842910881771634e-20
9.015842910881771634e-20
9.015842910881771634e-20
9.015842910881771634e-20
9.015842910881771634e-20
9.015842910881771634e-20
9.015842910881771634e-20
9.015842910881771634e-20
9.015842910881771634e-20
9.015842910881771634e-20
9.015842910881771634e-20
9.015842910881771634e-20
9.015842910881771634e-20
9.015842910881771634e-20
9.015842910881771634e-20
9.015842910881771634e-20
9.015842910881771634e-20
9.015842910881771634e-20
9.015842910881771634e-20
9.015842910881771634e-20
9.015842910881771634e-20
9.015842910881771634e-20
9.015842910881771634e-20
9.015842910881771634e-20
9.015842910881771634e-20
9.015842910881771634e-20
9.015842910881771634e-20
9.015842910881771634e-20
9.015842910881771634e-20
9.015842910881771634e-20
9.015842910881771634e-20
9.015842910881771634e-20
9.015842910881771634e-20
9.015842910881771634e-20
9.015842910881771634e-20
9.015842910881771634e-20
9.015842910881771634e-20
9.015842910881771634e-20
9.015842910881771634e-20
9.015842910881771634e-20
9.015842910881771634e-20
9.015842910881771634e-20
9.015842910881771634e-20
9.015842910881771634e-20
9.015842910881771634e-20
9.015842910881771634e-20
9.015842910881771634e-20
9.015842910881771634e-20
9.015842910881771634e-20
9.015842910881771634e-20
9.015842910881771634e-20
9.015842910881771634e-20
9.015842910881771634e-20
9.015842910881771634e-20
9.015842910881771634e-20
9.015842910881771634e-20
9.015842910881771634e-20
9.015842910881771634e-20
9.015842910881771634e-20
9.015842910881771634e-20
9.015842910881771634e-20
9.015842910881771634e-20
9.015842910881771634e-20
9.015842910881771634e-20
9.015842910881771634e-20
9.015842910881771634e-20
9.015842910881771634e-20
9.015842910881771634e-20
9.015842910881771634e-20
9.015842910881771634e-20
9.015842910881771634e-20
9.015842910881771634e-20
9.015842910881771634e-20
9.015842910881771634e-20
9.015842910881771634e-20
9.015842910881771634e-20
9.015842910881771634e-20
9.015842910881771634e-20
9.015842910881771634e-20
9.015842910881771634e-20
9.015842910881771634e-20
9.015842910881771634e-20
9.015842910881771634e-20
9.015842910881771634e-20
9.015842910881771634e-20
9.015842910881771634e-20
9.015842910881771634e-20
9.015842910881771634e-20
9.015842910881771634e-20
9.015842910881771634e-20
9.015842910881771634e-20
9.015842910881771634e-20
9.015842910881771634e-20
9.015842910881771634e-20
9.015842910881771634e-20
9.015842910881771634e-20
9.015842910881771634e-20
9.015842910881771634e-20
9.015842910881771634e-20
9.015842910881771634e-20
9.015842910881771634e-20
9.015842910881771634e-20
9.015842910881771634e-20
9.015842910881771634e-20
9.015842910881771634e-20
9.015842910881771634e-20
9.015842910881771634e-20
9.015842910881771634e-20
9.015842910881771634e-20
9.015842910881771634e-20
9.015842910881771634e-20
9.015842910881771634e-20
9.015842910881771634e-20
9.015842910881771634e-20
9.015842910881771634e-20
9.015842910881771634e-20
9.015842910881771634e-20
9.015842910881771634e-20
9.015842910881771634e-20
9.015842910881771634e-20
9.015842910881771634e-20
9.015842910881771634e-20
9.015842910881771634e-20
9.015842910881771634e-20
9.015842910881771634e-20
9.015842910881771634e-20
9.015842910881771634e-20
9.015842910881771634e-20
9.015842910881771634e-20
9.015842910881771634e-20
9.015842910881771634e-20
9.015842910881771634e-20
9.015842910881771634e-20
9.015842910881771634e-20
9.015842910881771634e-20
9.015842910881771634e-20
9.015842910881771634e-20
9.015842910881771634e-20
9.015842910881771634e-20
9.015842910881771634e-20
9.015842910881771634e-20
9.015842910881771634e-20
9.015842910881771634e-20
9.015842910881771634e-20
9.015842910881771634e-20
9.015842910881771634e-20
9.015842910881771634e-20
9.015842910881771634e-20
9.015842910881771634e-20
9.015842910881771634e-20
9.015842910881771634e-20
9.015842910881771634e-20
9.015842910881771634e-20
9.015842910881771634e-20
9.015842910881771634e-20
9.015842910881771634e-20
9.015842910881771634e-20
9.015842910881771634e-20
9.015842910881771634e-20
9.015842910881771634e-20
9.015842910881771634e-20
9.015842910881771634e-20
9.015842910881771634e-20
9.015842910881771634e-20
9.015842910881771634e-20
9.015842910881771634e-20
9.015842910881771634e-20
9.015842910881771634e-20
9.015842910881771634e-20
9.015842910881771634e-20
9.015842910881771634e-20
9.015842910881771634e-20
9.015842910881771634e-20
9.015842910881771634e-20
9.015842910881771634e-20
9.015842910881771634e-20
9.015842910881771634e-20
9.015842910881771634e-20
9.015842910881771634e-20
9.015842910881771634e-20
9.015842910881771634e-20
9.015842910881771634e-20
9.015842910881771634e-20
9.015842910881771634e-20
9.015842910881771634e-20
9.015842910881771634e-20
9.015842910881771634e-20
9.015842910881771634e-20
9.015842910881771634e-20
9.015842910881771634e-20
9.015842910881771634e-20
9.015842910881771634e-20
9.015842910881771634e-20
9.015842910881771634e-20
9.015842910881771634e-20
9.015842910881771634e-20
9.015842910881771634e-20
9.015842910881771634e-20
9.015842910881771634e-20
9.015842910881771634e-20
9.015842910881771634e-20
9.015842910881771634e-20
9.015842910881771634e-20
9.015842910881771634e-20
9.015842910881771634e-20
9.015842910881771634e-20
9.015842910881771634e-20
9.015842910881771634e-20
9.015842910881771634e-20
9.015842910881771634e-20
9.015842910881771634e-20
9.015842910881771634e-20
9.015842910881771634e-20
9.015842910881771634e-20
9.015842910881771634e-20
9.015842910881771634e-20
9.015842910881771634e-20
9.015842910881770431e-20
9.015842910881758394e-20
9.015842910881705431e-20
9.015842910881528486e-20
9.015842910881209504e-20
9.015842910881054225e-20
9.015842910881050614e-20
9.015842910881050614e-20
9.015842910881050614e-20
9.015842910881050614e-20
9.015842910881050614e-20
9.015842910881050614e-20
9.015842910881050614e-20
9.015842910881050614e-20
9.015842910881050614e-20
9.015842910881050614e-20
9.015842910881050614e-20
9.015842910881050614e-20
9.015842910881050614e-20
9.015842910881050614e-20
9.015842910881050614e-20
9.015842910881050614e-20
9.015842910881050614e-20
9.015842910881050614e-20
9.015842910881050614e-20
9.015842910881050614e-20
9.015842910881050614e-20
9.015842910881050614e-20
9.015842910881050614e-20
9.015842910881050614e-20
9.015842910881050614e-20
9.015842910881047003e-20
9.015842910881013299e-20
9.015842910880707558e-20
9.015842910878406072e-20
9.015842910863173170e-20
9.015842910781667814e-20
9.015842910423602530e-20
9.015842909240467654e-20
9.015842907093586601e-20
9.015842906067044274e-20
9.015842906035196615e-20
9.015842906035190596e-20
9.015842906035190596e-20
9.015842906035190596e-20
9.015842906035190596e-20
9.015842906035190596e-20
9.015842906035190596e-20
9.015842906035190596e-20
9.015842906035190596e-20
9.015842906035190596e-20
9.015842906035190596e-20
9.015842906035190596e-20
9.015842906035190596e-20
9.015842906035190596e-20
9.015842906035190596e-20
9.015842906035190596e-20
9.015842906035190596e-20
9.015842906035190596e-20
9.015842906035190596e-20
9.015842906035190596e-20
9.015842906035190596e-20
9.015842906035190596e-20
9.015842906035190596e-20
9.015842906035190596e-20
9.015842906035190596e-20
9.015842906035185781e-20
9.015842906035115966e-20
9.015842906034067538e-20
9.015842906021001307e-20
9.015842905872927387e-20
9.015842904545382673e-20
9.015842894517002860e-20
9.015842828161755242e-20
9.015842473152161180e-20
9.015840913507968179e-20
9.015835760072073568e-20
9.015826408810967861e-20
9.015821937464455414e-20
9.015821798744618197e-20
9.015821798714970913e-20
9.015821798714970913e-20
9.015821798714970913e-20
9.015821798714970913e-20
9.015821798714970913e-20
9.015821798714970913e-20
9.015821798714970913e-20
9.015821798714970913e-20
9.015821798714970913e-20
9.015821798714970913e-20
9.015821798714970913e-20
9.015821798714970913e-20
9.015821798714970913e-20
9.015821798714970913e-20
9.015821798714970913e-20
9.015821798714970913e-20
9.015821798714970913e-20
9.015821798714970913e-20
9.015821798714970913e-20
9.015821798714970913e-20
9.015821798714970913e-20
9.015821798714970913e-20
9.015821798714970913e-20
9.015821798714952857e-20
9.015821798714455727e-20
9.015821798704310891e-20
9.015821798504702696e-20
9.015821795516246831e-20
9.015821758275485610e-20
9.015821336224374906e-20
9.015817552389440380e-20
9.015788969075104780e-20
9.015599845104141504e-20
9.014588140860919109e-20
9.010146163777957790e-20
8.995499881664645017e-20
8.969044396110139020e-20
8.956449484468400047e-20
8.956059303236040928e-20
8.956059219851767687e-20
8.956059219851767687e-20
8.956059219851767687e-20
8.956059219851767687e-20
8.956059219851767687e-20
8.956059219851767687e-20
8.956059219851767687e-20
8.956059219851767687e-20
8.956059219851767687e-20
8.956059219851767687e-20
8.956059219851767687e-20
8.956059219851767687e-20
8.956059219851767687e-20
8.956059219851767687e-20
8.956059219851767687e-20
8.956059219851767687e-20
8.956059219851767687e-20
8.956059219851767687e-20
8.956059219851767687e-20
8.956059219851767687e-20
8.956059219851767687e-20
8.956059219851766483e-20
8.956059219851733983e-20
8.956059219850685555e-20
8.956059219814128997e-20
8.956059218894817635e-20
8.956059200097209339e-20
8.956058830192280494e-20
8.956053292145618113e-20
8.955984280130644240e-20
8.955202238348552099e-20
8.948197054925402243e-20
8.895631306788853020e-20
8.562797476728217979e-20
7.134608500089355206e-20
4.117507148386103682e-20
1.717556171515718715e-20
8.347173192133884652e-21
6.700381008721942086e-21
6.659619593064034040e-21
6.659610934710492364e-21
6.659610934710478822e-21
6.659610934710478822e-21
6.659610934710478822e-21
6.659610934710478822e-21
6.659610934710478822e-21
6.659610934710478822e-21
6.659610934710478822e-21
6.659610934710478822e-21
6.659610934710478822e-21
6.659610934710478822e-21
6.659610934710478822e-21
6.659610934710478822e-21
6.659610934710478822e-21
6.659610934710478822e-21
6.659610934710478822e-21
6.659610934710478822e-21
6.659610934710478822e-21
6.659610934710478822e-21
6.659610934710478822e-21
6.659610934710478822e-21
6.659610934710478070e-21
6.659610934710426912e-21
6.659610934708256479e-21
6.659610934636043887e-21
6.659610932118452465e-21
6.659610868807461222e-21
6.659609574255976860e-21
6.659584099788986714e-21
6.659202730819896759e-21
6.654453947199941776e-21
6.601105310490069586e-21
6.158465232536697278e-21
4.087813348328019842e-21
1.267641593846746729e-21
2.702258424899076076e-22
6.063322912342948484e-23
1.701825021503139189e-23
7.382337387558224365e-24
5.809495156841245064e-24
5.771347404594757752e-24
5.771339305362281535e-24
5.771339305362268311e-24
5.771339305362268311e-24
5.771339305362268311e-24
5.771339305362268311e-24
5.771339305362268311e-24
5.771339305362268311e-24
5.771339305362268311e-24
5.771339305362268311e-24
5.771339305362268311e-24
5.771339305362268311e-24
5.771339305362268311e-24
5.771339305362268311e-24
5.771339305362268311e-24
5.771339305362268311e-24
5.771339305362268311e-24
5.771339305362268311e-24
5.771339305362268311e-24
5.771339305362268311e-24
5.771339305362268311e-24
5.771339305362268311e-24
5.771339305362267576e-24
5.771339305362235985e-24
5.771339305360881228e-24
5.771339305315795142e-24
5.771339303743923361e-24
5.771339264215389686e-24
5.771338455955642821e-24
5.771322550825873028e-24
5.771084436853232695e-24
5.768118817249864542e-24
5.734721095947119298e-24
5.451722848796399977e-24
3.971299198189934469e-24
1.419950265906504898e-24
3.200119742487827055e-25
7.267801127685358370e-26
2.045070997120337485e-26
8.876280734751696885e-27
6.985786652778973200e-27
6.939930262684224065e-27
6.939920526792398607e-27
6.939920526792382822e-27
6.939920526792382822e-27
6.939920526792382822e-27
6.939920526792382822e-27
6.939920526792382822e-27
6.939920526792382822e-27
6.939920526792382822e-27
6.939920526792382822e-27
6.939920526792382822e-27
6.939920526792382822e-27
6.939920526792382822e-27
6.939920526792382822e-27
6.939920526792382822e-27
6.939920526792382822e-27
6.939920526792382822e-27
6.939920526792382822e-27
6.939920526792382822e-27
6.939920526792382822e-27
6.939920526792382822e-27
6.939920526792382822e-27
6.939920526792356994e-27
6.939920526791262142e-27
6.939920526754866587e-27
6.939920525485969797e-27
6.939920493576484008e-27
6.939919841107182266e-27
6.939907001647057191e-27
6.939714780701406171e-27
6.937320304538791193e-27
6.910298631651601351e-27
6.677126093116802866e-27
5.320861307559236113e-27
2.269991668191573133e-27
5.580590087160259108e-28
1.293839186128052454e-28
3.656808853433182260e-29
1.588732566717807063e-29
1.250560450877737410e-29
1.242356300209637960e-29
1.242354558357872562e-29
1.242354558357869899e-29
1.242354558357869899e-29
1.242354558357869899e-29
1.242354558357869899e-29
1.242354558357869899e-29
1.242354558357869899e-29
1.242354558357869899e-29
1.242354558357869899e-29
1.242354558357869899e-29
1.242354558357869899e-29
1.242354558357869899e-29
1.242354558357869899e-29
1.242354558357869899e-29
1.242354558357869899e-29
1.242354558357869899e-29
1.242354558357869899e-29
1.242354558357869899e-29
1.242354558357869899e-29
1.242354558357869899e-29
1.242354558357869899e-29
1.242354558357866536e-29
1.242354558357734254e-29
1.242354558353335718e-29
1.242354558199981678e-29
1.242354554343520723e-29
1.242354475488522270e-29
1.242352923758436372e-29
1.242329692416544807e-29
1.242040266979267955e-29
1.238769595752973033e-29
1.210198611460288094e-29
1.030633879476541363e-29
5.200577873054641915e-30
1.424637151488133271e-30
3.400276938239294520e-31
9.671980306070585326e-32
4.208095715120212929e-32
3.313151088228669453e-32
3.291434269507426898e-32
3.291429658707892040e-32
3.291429658707884376e-32
3.291429658707884376e-32
3.291429658707884376e-32
3.291429658707884376e-32
3.291429658707884376e-32
3.291429658707884376e-32
3.291429658707884376e-32
3.291429658707884376e-32
3.291429658707884376e-32
3.291429658707884376e-32
3.291429658707884376e-32
3.291429658707884376e-32
3.291429658707884376e-32
3.291429658707884376e-32
3.291429658707884376e-32
3.291429658707884376e-32
3.291429658707884376e-32
3.291429658707884376e-32
3.291429658707884376e-32
3.291429658707878355e-32
3.291429658707640791e-32
3.291429658699731118e-32
3.291429658423954486e-32
3.291429651488879669e-32
3.291429509683916126e-32
3.291426719206122719e-32
3.291384941992635700e-32
3.290864422518986039e-32
3.284976838257677284e-32
3.233118792708164416e-32
2.888642320574282481e-32
1.694229232669208021e-32
5.274347511159831850e-33
1.310210164553277632e-33
3.761266377871665517e-34
1.639856474986899780e-34
1.291544324244943201e-34
1.283089197955470184e-34
1.283087402793156782e-34
1.283087402793153788e-34
1.283087402793153788e-34
1.283087402793153788e-34
1.283087402793153788e-34
1.283087402793153788e-34
1.283087402793153788e-34
1.283087402793153788e-34
1.283087402793153788e-34
1.283087402793153788e-34
1.283087402793153788e-34
1.283087402793153788e-34
1.283087402793153788e-34
1.283087402793153788e-34
1.283087402793153788e-34
1.283087402793153788e-34
1.283087402793153788e-34
1.283087402793153788e-34
1.283087402793153788e-34
1.283087402793153788e-34
1.283087402793152505e-34
1.283087402793089214e-34
1.283087402790985428e-34
1.283087402717642840e-34
1.283087400873261353e-34
1.283087363160265415e-34
1.283086621033161272e-34
1.283075510342389806e-34
1.282937070163896525e-34
1.281370206978373784e-34
1.267491844261210106e-34
1.171631983781594368e-34
7.808684820614879317e-35
2.804459780030099797e-35
7.350314465801217227e-36
2.137825681067594677e-36
9.348520562213493139e-37
7.366479635068046148e-37
7.318342204233400943e-37
7.318331983743361311e-37
7.318331983743345441e-37
7.318331983743345441e-37
7.318331983743345441e-37
7.318331983743345441e-37
7.318331983743345441e-37
7.318331983743345441e-37
7.318331983743345441e-37
7.318331983743345441e-37
7.318331983743345441e-37
7.318331983743345441e-37
7.318331983743345441e-37
7.318331983743345441e-37
7.318331983743345441e-37
7.318331983743345441e-37
7.318331983743345441e-37
7.318331983743345441e-37
7.318331983743345441e-37
7.318331983743345441e-37
7.318331983743338759e-37
7.318331983743092364e-37
7.318331983734867766e-37
7.318331983448127721e-37
7.318331976237360169e-37
7.318331828795166091e-37
7.318328927384998536e-37
7.318285489051229404e-37
7.317744223770128511e-37
7.311615631971315106e-37
7.257125801158624569e-37
6.870346933931293123e-37
5.079179676592109748e-37
2.120890678182952384e-37
5.959604288258718356e-38
1.765408847830562527e-38
7.753079231160415042e-39
6.113617628649400579e-39
6.073771517491812678e-39
6.073763057260975938e-39
6.073763057260961582e-39
6.073763057260961582e-39
6.073763057260961582e-39
6.073763057260961582e-39
6.073763057260961582e-39
6.073763057260961582e-39
6.073763057260961582e-39
6.073763057260961582e-39
6.073763057260961582e-39
6.073763057260961582e-39
6.073763057260961582e-39
6.073763057260961582e-39
6.073763057260961582e-39
6.073763057260961582e-39
6.073763057260961582e-39
6.073763057260961582e-39
6.073763057260961582e-39
6.073763057260958972e-39
6.073763057260818025e-39
6.073763057256118501e-39
6.073763057092296817e-39
6.073763052972601959e-39
6.073762968735135319e-39
6.073761311085679083e-39
6.073736493611338824e-39
6.073427246674571735e-39
6.069924737462916074e-39
6.038703043392395332e-39
5.812840844489881437e-39
4.659657515110350320e-39
2.260445023029934456e-39
6.929544493961787242e-40
2.105410229779878341e-40
9.302604060720784408e-41
7.342891302323453896e-41
7.295212395658634342e-41
7.295202272099495805e-41
7.295202272099480512e-41
7.295202272099480512e-41
7.295202272099480512e-41
7.295202272099480512e-41
7.295202272099480512e-41
7.295202272099480512e-41
7.295202272099480512e-41
7.295202272099480512e-41
7.295202272099480512e-41
7.295202272099480512e-41
7.295202272099480512e-41
7.295202272099480512e-41
7.295202272099480512e-41
7.295202272099480512e-41
7.295202272099480512e-41
7.295202272099480512e-41
7.295202272099480512e-41
7.295202272099477453e-41
7.295202272099360201e-41
7.295202272095460312e-41
7.295202271959494379e-41
7.295202268540309267e-41
7.295202198626505715e-41
7.295200822842160001e-41
7.295180225279391579e-41
7.294923557684546814e-41
7.292015994588781296e-41
7.266051837250183030e-41
7.075733749969619230e-41
6.030569842497312758e-41
3.368517567200023189e-41
1.146029290350577713e-41
3.603775598888849505e-42
1.605985251049057977e-42
1.269483063969607515e-42
1.261284086009480728e-42
1.261282345077425510e-42
1.261282345077422483e-42
1.261282345077422483e-42
1.261282345077422483e-42
1.261282345077422483e-42
1.261282345077422483e-42
1.261282345077422483e-42
1.261282345077422483e-42
1.261282345077422483e-42
1.261282345077422483e-42
1.261282345077422483e-42
1.261282345077422483e-42
1.261282345077422483e-42
1.261282345077422483e-42
1.261282345077422483e-42
1.261282345077422483e-42
1.261282345077422483e-42
1.261282345077422165e-42
1.261282345077408145e-42
1.261282345076940732e-42
1.261282345060646110e-42
1.261282344650877700e-42
1.261282336272140152e-42
1.261282171392870924e-42
1.261279702899720551e-42
1.261248942484251977e-42
1.260900438212638919e-42
1.257784557044112956e-42
1.234735352823227198e-42
1.101209843751921019e-42
6.976000451822139349e-43
2.672602457812805154e-43
8.796257929362354642e-44
3.967019673639931622e-44
3.142163444775863321e-44
3.122023856607474645e-44
3.122019580051766133e-44
3.122019580051759163e-44
3.122019580051759163e-44
3.122019580051759163e-44
3.122019580051759163e-44
3.122019580051759163e-44
3.122019580051759163e-44
3.122019580051759163e-44
3.122019580051759163e-44
3.122019580051759163e-44
3.122019580051759163e-44
3.122019580051759163e-44
3.122019580051759163e-44
3.122019580051759163e-44
3.122019580051759163e-44
3.122019580051759163e-44
3.122019580051759163e-44
3.122019580051758666e-44
3.122019580051734271e-44
3.122019580050930756e-44
3.122019580022908269e-44
3.122019579318201573e-44
3.122019564908713614e-44
3.122019281354536259e-44
3.122015036115017055e-44
3.121962134861714536e-44
3.121362727971519857e-44
3.115999098596222005e-44
3.076069710410962837e-44
2.835638584887498738e-44
1.999496604248876084e-44
8.710763105848534546e-45
3.040665511594733394e-45
1.394059588862099044e-45
1.107332942661570365e-45
1.100311877848359145e-45
1.100310386851693431e-45
1.100310386851691097e-45
1.100310386851691097e-45
1.100310386851691097e-45
1.100310386851691097e-45
1.100310386851691097e-45
1.100310386851691097e-45
1.100310386851691097e-45
1.100310386851691097e-45
1.100310386851691097e-45
1.100310386851691097e-45
1.100310386851691097e-45
1.100310386851691097e-45
1.100310386851691097e-45
1.100310386851691097e-45
1.100310386851691097e-45
1.100310386851690786e-45
1.100310386851684874e-45
1.100310386851487760e-45
1.100310386844617551e-45
1.100310386671845800e-45
1.100310383139098056e-45
1.100310313620638618e-45
1.100309272822565553e-45
1.100296303041001814e-45
1.100149337319812387e-45
1.098833489633077952e-45
1.088994250210052485e-45
1.028082366338034228e-45
7.912861113600941307e-46
3.933052460570879614e-46
1.477545475170738033e-46
6.927453546564687918e-47
5.524405448446626934e-47
5.489909776550439422e-47
5.489902450323139738e-47
5.489902450323127098e-47
5.489902450323127098e-47
5.489902450323127098e-47
5.489902450323127098e-47
5.489902450323127098e-47
5.489902450323127098e-47
5.489902450323127098e-47
5.489902450323127098e-47
5.489902450323127098e-47
5.489902450323127098e-47
5.489902450323127098e-47
5.489902450323127098e-47
5.489902450323127098e-47
5.489902450323127098e-47
5.489902450323127098e-47
5.489902450323127098e-47
5.489902450323107651e-47
5.489902450322424092e-47
5.489902450298583137e-47
5.489902449699044232e-47
5.489902437439960834e-47
5.489902196202084078e-47
5.489898584499558942e-47
5.489853577523028555e-47
5.489343563109340985e-47
5.484775334079819399e-47
5.450510659489746672e-47
5.234149944199978908e-47
4.317265134678468565e-47
2.439710834490126872e-47
1.001114151481386560e-47
4.836352480066582618e-48
3.877893136585472424e-48
3.854196317857032136e-48
3.854191284425424701e-48
3.854191284425416800e-48
3.854191284425416800e-48
3.854191284425416800e-48
3.854191284425416800e-48
3.854191284425416800e-48
3.854191284425416800e-48
3.854191284425416800e-48
3.854191284425416800e-48
3.854191284425416800e-48
3.854191284425416800e-48
3.854191284425416800e-48
3.854191284425416800e-48
3.854191284425416800e-48
3.854191284425416800e-48
3.854191284425416800e-48
3.854191284425407077e-48
3.854191284425073441e-48
3.854191284413458158e-48
3.854191284121351401e-48
3.854191278148488576e-48
3.854191160612725372e-48
3.854189400920974221e-48
3.854167472586774562e-48
3.853918975278749677e-48
3.851692540093324144e-48
3.834956608449343702e-48
3.727781673237625681e-48
3.242904463835839436e-48
2.063658036716479643e-48
9.373656858553954937e-49
4.709559033746101885e-49
3.804419038305183872e-49
3.781869249207919846e-49
3.781864458531969617e-49
3.781864458531961261e-49
3.781864458531961261e-49
3.781864458531961261e-49
3.781864458531961261e-49
3.781864458531961261e-49
3.781864458531961261e-49
3.781864458531961261e-49
3.781864458531961261e-49
3.781864458531961261e-49
3.781864458531961261e-49
3.781864458531961261e-49
3.781864458531961261e-49
3.781864458531961261e-49
3.781864458531961261e-49
3.781864458531961261e-49
3.781864458531955184e-49
3.781864458531728810e-49
3.781864458523856604e-49
3.781864458325905922e-49
3.781864454278314579e-49
3.781864374628611899e-49
3.781863182149466965e-49
3.781848322086107549e-49
3.781679920516362818e-49
3.780170810885047762e-49
3.768809663598532997e-49
3.695323145919904388e-49
3.346242540241650438e-49
2.364818573176257534e-49
1.200961027464150734e-49
6.344051819256381607e-50
5.176406387277851628e-50
5.147016340719206606e-50
5.147010095270766741e-50
5.147010095270758195e-50
5.147010095270758195e-50
5.147010095270758195e-50
5.147010095270758195e-50
5.147010095270758195e-50
5.147010095270758195e-50
5.147010095270758195e-50
5.147010095270758195e-50
5.147010095270758195e-50
5.147010095270758195e-50
5.147010095270758195e-50
5.147010095270758195e-50
5.147010095270758195e-50
5.147010095270758195e-50
5.147010095270758195e-50
5.147010095270750598e-50
5.147010095270540746e-50
5.147010095263205420e-50
5.147010095078751168e-50
5.147010091307113559e-50
5.147010017087721158e-50
5.147008905908585788e-50
5.146995058945695745e-50
5.146838135932532086e-50
5.145431693235509071e-50
5.134832086791618709e-50
5.065782835905905597e-50
4.725788378950185562e-50
3.649661674268415722e-50
2.082639980432636527e-50
1.170610565353424832e-50
9.679318146189213954e-51
9.627603395572549402e-51
9.627592402374223193e-51
9.627592402374204202e-51
9.627592402374204202e-51
9.627592402374204202e-51
9.627592402374204202e-51
9.627592402374204202e-51
9.627592402374204202e-51
9.627592402374204202e-51
9.627592402374204202e-51
9.627592402374204202e-51
9.627592402374204202e-51
9.627592402374204202e-51
9.627592402374204202e-51
9.627592402374204202e-51
9.627592402374204202e-51
9.627592402374204202e-51
9.627592402374197080e-51
9.627592402373931204e-51
9.627592402364668278e-51
9.627592402131725384e-51
9.627592397368642964e-51
9.627592303639281286e-51
9.627590900365637644e-51
9.627573413449445839e-51
9.627375237923265962e-51
9.625598888992518561e-51
9.612201344715785226e-51
9.524484420164697265e-51
9.081116150076020420e-51
7.539279069297854281e-51
4.829742962103041779e-51
2.923330029315264823e-51
2.459185661475736212e-51
2.447131610377226886e-51
2.447129046865669046e-51
2.447129046865664891e-51
2.447129046865664891e-51
2.447129046865664891e-51
2.447129046865664891e-51
2.447129046865664891e-51
2.447129046865664891e-51
2.447129046865664891e-51
2.447129046865664891e-51
2.447129046865664891e-51
2.447129046865664891e-51
2.447129046865664891e-51
2.447129046865664891e-51
2.447129046865664891e-51
2.447129046865664891e-51
2.447129046865663704e-51
2.447129046865618897e-51
2.447129046864063701e-51
2.447129046824949084e-51
2.447129046025156700e-51
2.447129030286601530e-51
2.447128794656051722e-51
2.447125858340362624e-51
2.447092581442121681e-51
2.446794282765046963e-51
2.444543256224990161e-51
2.429752523810116281e-51
2.353565147209008885e-51
2.068605026197418396e-51
1.477507418845519506e-51
9.729993013431039361e-52
8.364343761404253114e-52
8.328080070950458595e-52
8.328072354433537830e-52
8.328072354433524477e-52
8.328072354433524477e-52
8.328072354433524477e-52
8.328072354433524477e-52
8.328072354433524477e-52
8.328072354433524477e-52
8.328072354433524477e-52
8.328072354433524477e-52
8.328072354433524477e-52
8.328072354433524477e-52
8.328072354433524477e-52
8.328072354433524477e-52
8.328072354433524477e-52
8.328072354433524477e-52
8.328072354433521509e-52
8.328072354433423586e-52
8.328072354430042274e-52
8.328072354344961987e-52
8.328072352605270118e-52
8.328072318371089636e-52
8.328071805832375424e-52
8.328065418816019423e-52
8.327993035172444276e-52
8.327344146543925008e-52
8.322445650745591977e-52
8.290178206172087501e-52
8.121706969856279343e-52
7.456041897843339802e-52
5.867112678800337456e-52
4.230999915938671358e-52
3.733216129677898858e-52
3.719639279692749190e-52
3.719636388659602045e-52
3.719636388659597593e-52
3.719636388659597593e-52
3.719636388659597593e-52
3.719636388659597593e-52
3.719636388659597593e-52
3.719636388659597593e-52
3.719636388659597593e-52
3.719636388659597593e-52
3.719636388659597593e-52
3.719636388659597593e-52
3.719636388659597593e-52
3.719636388659597593e-52
3.719636388659597593e-52
3.719636388659597593e-52
3.719636388659596852e-52
3.719636388659570145e-52
3.719636388658651004e-52
3.719636388635538199e-52
3.719636388162934148e-52
3.719636378862897205e-52
3.719636239626938531e-52
3.719634504533363698e-52
3.719614840757143920e-52
3.719438557371820655e-52
3.718107437070271748e-52
3.709323703930275592e-52
3.663025727571501155e-52
3.472607505067036901e-52
2.963564383529380417e-52
2.340898057852570736e-52
2.127192143011888853e-52
2.121184378165982046e-52
2.121183097838520491e-52
2.121183097838518636e-52
2.121183097838518636e-52
2.121183097838518636e-52
2.121183097838518636e-52
2.121183097838518636e-52
2.121183097838518636e-52
2.121183097838518636e-52
2.121183097838518636e-52
2.121183097838518636e-52
2.121183097838518636e-52
2.121183097838518636e-52
2.121183097838518636e-52
2.121183097838518636e-52
2.121183097838518265e-52
2.121183097838510105e-52
2.121183097838213740e-52
2.121183097830767137e-52
2.121183097678503483e-52
2.121183094682210093e-52
2.121183049823053473e-52
2.121182490809045172e-52
2.121176155500085970e-52
2.121119358916730123e-52
2.120690410855380259e-52
2.117856536317341541e-52
2.102822664689182385e-52
2.039227298908611421e-52
1.853961520653810484e-52
1.591580621705129897e-52
1.490703739678289279e-52
1.487778229112413006e-52
1.487777605111759270e-52
1.487777605111758342e-52
1.487777605111758342e-52
1.487777605111758342e-52
1.487777605111758342e-52
1.487777605111758342e-52
1.487777605111758342e-52
1.487777605111758342e-52
1.487777605111758342e-52
1.487777605111758342e-52
1.487777605111758342e-52
1.487777605111758342e-52
1.487777605111758342e-52
1.487777605111758342e-52
1.487777605111758342e-52
1.487777605111755375e-52
1.487777605111650034e-52
1.487777605109001290e-52
1.487777605054840018e-52
1.487777603989040988e-52
1.487777588032375520e-52
1.487777389187782421e-52
1.487775135677261978e-52
1.487754932467529421e-52
1.487602333396786533e-52
1.486593412368204997e-52
1.481218710808516805e-52
1.458059543329274206e-52
1.386432950293386536e-52
1.272961091774061164e-52
1.225020704789086115e-52
1.223591076375951775e-52
1.223590771198366612e-52
1.223590771198366056e-52
1.223590771198366056e-52
1.223590771198366056e-52
1.223590771198366056e-52
1.223590771198366056e-52
1.223590771198366056e-52
1.223590771198366056e-52
1.223590771198366056e-52
1.223590771198366056e-52
1.223590771198366056e-52
1.223590771198366056e-52
1.223590771198366056e-52
1.223590771198366056e-52
1.223590771198364943e-52
1.223590771198327109e-52
1.223590771197378665e-52
1.223590771177986193e-52
1.223590770796372679e-52
1.223590765083027549e-52
1.223590693885954583e-52
1.223589887007073161e-52
1.223582653101551655e-52
1.223528010315847632e-52
1.223166575815542485e-52
1.221236473652621940e-52
1.212828725385426955e-52
1.185852433527864828e-52
1.139847589117808754e-52
1.119088600131287519e-52
1.118456655489617142e-52
1.118456520509323786e-52
1.118456520509323600e-52
1.118456520509323600e-52
1.118456520509323600e-52
1.118456520509323600e-52
1.118456520509323600e-52
1.118456520509323600e-52
1.118456520509323600e-52
1.118456520509323600e-52
1.118456520509323600e-52
1.118456520509323600e-52
1.118456520509323600e-52
1.118456520509323600e-52
1.118456520509323600e-52
1.118456520509323229e-52
1.118456520509310989e-52
1.118456520509002939e-52
1.118456520502704336e-52
1.118456520378757504e-52
1.118456518523079686e-52
1.118456495398476633e-52
1.118456233326434829e-52
1.118453883763857905e-52
1.118436135283501376e-52
1.118318712285631641e-52
1.117690901848707514e-52
1.114941106326669111e-52
1.105950560346677849e-52
1.090001495029783450e-52
1.082536818217800738e-52
1.082306867487044889e-52
1.082306818353374435e-52
1.082306818353374064e-52
1.082306818353374064e-52
1.082306818353374064e-52
1.082306818353374064e-52
1.082306818353374064e-52
1.082306818353374064e-52
1.082306818353374064e-52
1.082306818353374064e-52
1.082306818353374064e-52
1.082306818353374064e-52
1.082306818353374064e-52
1.082306818353374064e-52
1.082306818353374064e-52
1.082306818353374064e-52
1.082306818353370726e-52
1.082306818353288196e-52
1.082306818351599765e-52
1.082306818318371027e-52
1.082306817820884695e-52
1.082306811621440865e-52
1.082306741362885521e-52
1.082306111470623505e-52
1.082301353233585844e-52
1.082269870240765083e-52
1.082101463048648785e-52
1.081362229282268847e-52
1.078926789155500991e-52
1.074535409386433457e-52
1.072448256909500644e-52
1.072383634360005848e-52
1.072383620549975933e-52
1.072383620549975933e-52
1.072383620549975933e-52
1.072383620549975933e-52
1.072383620549975933e-52
1.072383620549975933e-52
1.072383620549975933e-52
1.072383620549975933e-52
1.072383620549975933e-52
1.072383620549975933e-52
1.072383620549975933e-52
1.072383620549975933e-52
1.072383620549975933e-52
1.072383620549975933e-52
1.072383620549975191e-52
1.072383620549958128e-52
1.072383620549607423e-52
1.072383620542709227e-52
1.072383620439432316e-52
1.072383619152439785e-52
1.072383604566900917e-52
1.072383473802430070e-52
1.072382485997318332e-52
1.072375949987407759e-52
1.072340982797237697e-52
1.072187390336440457e-52
1.071680196615091928e-52
1.070761081823640307e-52
1.070322159291113812e-52
1.070308547829695302e-52
1.070308544920747411e-52
1.070308544920747411e-52
1.070308544920747411e-52
1.070308544920747411e-52
1.070308544920747411e-52
1.070308544920747411e-52
1.070308544920747411e-52
1.070308544920747411e-52
1.070308544920747411e-52
1.070308544920747411e-52
1.070308544920747411e-52
1.070308544920747411e-52
1.070308544920747411e-52
1.070308544920747411e-52
1.070308544920747411e-52
1.070308544920744629e-52
1.070308544920689918e-52
1.070308544919613692e-52
1.070308544903501271e-52
1.070308544702718048e-52
1.070308542427230980e-52
1.070308522026690067e-52
1.070308367919262990e-52
1.070307348230640108e-52
1.070301892790584130e-52
1.070277926358607197e-52
1.070198743131973959e-52
1.070055089448162562e-52
1.069986414331802783e-52
1.069984283882863877e-52
1.069984283427554185e-52
1.069984283427554185e-52
1.069984283427554185e-52
1.069984283427554185e-52
1.069984283427554185e-52
1.069984283427554185e-52
1.069984283427554185e-52
1.069984283427554185e-52
1.069984283427554185e-52
1.069984283427554185e-52
1.069984283427554185e-52
1.069984283427554185e-52
1.069984283427554185e-52
1.069984283427554185e-52
1.069984283427553814e-52
1.069984283427547323e-52
1.069984283427422508e-52
1.069984283425549545e-52
1.069984283402210663e-52
1.069984283137711438e-52
1.069984280766382563e-52
1.069984262853159812e-52
1.069984144325925339e-52
1.069983510189518243e-52
1.069980724281118005e-52
1.069971519072517300e-52
1.069954815970923123e-52
1.069946829481683241e-52
1.069946581709223137e-52
1.069946581656270324e-52
1.069946581656270324e-52
1.069946581656270324e-52
1.069946581656270324e-52
1.069946581656270324e-52
1.069946581656270324e-52
1.069946581656270324e-52
1.069946581656270324e-52
1.069946581656270324e-52
1.069946581656270324e-52
1.069946581656270324e-52
1.069946581656270324e-52
1.069946581656270324e-52
1.069946581656270324e-52
1.069946581656269768e-52
1.069946581656258826e-52
1.069946581656096919e-52
1.069946581654075772e-52
1.069946581631171239e-52
1.069946581425823837e-52
1.069946579874612312e-52
1.069946569610638743e-52
1.069946514696985045e-52
1.069946273447856094e-52
1.069945476303453128e-52
1.069944029831242093e-52
1.069943338194532080e-52
1.069943316737076799e-52
1.069943316732490922e-52
1.069943316732490922e-52
1.069943316732490922e-52
1.069943316732490922e-52
1.069943316732490922e-52
1.069943316732490922e-52
1.069943316732490922e-52
1.069943316732490922e-52
1.069943316732490922e-52
1.069943316732490922e-52
1.069943316732490922e-52
1.069943316732490922e-52
1.069943316732490922e-52
1.069943316732490922e-52
1.069943316732490922e-52
1.069943316732490180e-52
1.069943316732479794e-52
1.069943316732349045e-52
1.069943316730868515e-52
1.069943316717593637e-52
1.069943316617313394e-52
1.069943315953785190e-52
1.069943312403819339e-52
1.069943296807945386e-52
1.069943245275427643e-52
1.069943151766020294e-52
1.069943107054024203e-52
1.069943105666870865e-52
1.069943105666574314e-52
1.069943105666574314e-52
1.069943105666574314e-52
1.069943105666574314e-52
1.069943105666574314e-52
1.069943105666574314e-52
1.069943105666574314e-52
1.069943105666574314e-52
1.069943105666574314e-52
1.069943105666574314e-52
1.069943105666574314e-52
1.069943105666574314e-52
1.069943105666574314e-52
1.069943105666574314e-52
1.069943105666574314e-52
1.069943105666573758e-52
1.069943105666567452e-52
1.069943105666495864e-52
1.069943105665853801e-52
1.069943105661002530e-52
1.069943105628902875e-52
1.069943105457166630e-52
1.069943104702686094e-52
1.069943102209701378e-52
1.069943097686003074e-52
1.069943095522973573e-52
1.069943095455867357e-52
1.069943095455852891e-52
1.069943095455852891e-52
1.069943095455852891e-52
1.069943095455852891e-52
1.069943095455852891e-52
1.069943095455852891e-52
1.069943095455852891e-52
1.069943095455852891e-52
1.069943095455852891e-52
1.069943095455852891e-52
1.069943095455852891e-52
1.069943095455852891e-52
1.069943095455852891e-52
1.069943095455852891e-52
1.069943095455852891e-52
1.069943095455852891e-52
1.069943095455852705e-52
1.069943095455850109e-52
1.069943095455826741e-52
1.069943095455650739e-52
1.069943095454485863e-52
1.069943095448253840e-52
1.069943095420874521e-52
1.069943095330406612e-52
1.069943095166246606e-52
1.069943095087752385e-52
1.069943095085317106e-52
1.069943095085316550e-52
1.069943095085316550e-52
1.069943095085316550e-52
1.069943095085316550e-52
1.069943095085316550e-52
1.069943095085316550e-52
1.069943095085316550e-52
1.069943095085316550e-52
1.069943095085316550e-52
1.069943095085316550e-52
1.069943095085316550e-52
1.069943095085316550e-52
1.069943095085316550e-52
1.069943095085316550e-52
1.069943095085316550e-52
1.069943095085316550e-52
1.069943095085316550e-52
1.069943095085316550e-52
1.069943095085315808e-52
1.069943095085311171e-52
1.069943095085279272e-52
1.069943095085109205e-52
1.069943095084362171e-52
1.069943095081893880e-52
1.069943095077414642e-52
1.069943095075272761e-52
1.069943095075206552e-52
1.069943095075206552e-52
1.069943095075206552e-52
1.069943095075206552e-52
1.069943095075206552e-52
1.069943095075206552e-52
1.069943095075206552e-52
1.069943095075206552e-52
1.069943095075206552e-52
1.069943095075206552e-52
1.069943095075206552e-52
1.069943095075206552e-52
1.069943095075206552e-52
1.069943095075206552e-52
1.069943095075206552e-52
1.069943095075206552e-52
1.069943095075206552e-52
1.069943095075206552e-52
1.069943095075206552e-52
1.069943095075206366e-52
1.069943095075205625e-52
1.069943095075202286e-52
1.069943095075186893e-52
1.069943095075136262e-52
1.069943095075044089e-52
1.069943095075000135e-52
1.069943095074998651e-52
1.069943095074998651e-52
1.069943095074998651e-52
1.069943095074998651e-52
1.069943095074998651e-52
1.069943095074998651e-52
1.069943095074998651e-52
1.069943095074998651e-52
1.069943095074998651e-52
1.069943095074998651e-52
1.069943095074998651e-52
1.069943095074998651e-52
1.069943095074998651e-52
1.069943095074998651e-52
1.069943095074998651e-52
1.069943095074998651e-52
1.069943095074998651e-52
1.069943095074998651e-52
1.069943095074998651e-52
1.069943095074998651e-52
1.069943095074998651e-52
1.069943095074998651e-52
1.069943095074998465e-52
1.069943095074997538e-52
1.069943095074996054e-52
1.069943095074995313e-52
1.069943095074995313e-52
1.069943095074995313e-52
1.069943095074995313e-52
1.069943095074995313e-52
1.069943095074995313e-52
1.069943095074995313e-52
1.069943095074995313e-52
1.069943095074995313e-52
1.069943095074995313e-52
1.069943095074995313e-52
1.069943095074995313e-52
1.069943095074995313e-52
1.069943095074995313e-52
1.069943095074995313e-52
1.069943095074995313e-52
1.069943095074995313e-52
1.069943095074995313e-52
1.069943095074995313e-52
1.069943095074995313e-52
1.069943095074995313e-52
1.069943095074995313e-52
1.069943095074995313e-52
1.069943095074995313e-52
1.069943095074995313e-52
1.069943095074995313e-52
1.069943095074995313e-52
1.069943095074995313e-52
1.069943095074995313e-52
1.069943095074995313e-52
1.069943095074995313e-52
1.069943095074995313e-52
1.069943095074995313e-52
1.069943095074995313e-52
1.069943095074995313e-52
1.069943095074995313e-52
1.069943095074995313e-52
1.069943095074995313e-52
1.069943095074995313e-52
1.069943095074995313e-52
1.069943095074995313e-52
1.069943095074995313e-52
1.069943095074995313e-52
1.069943095074995313e-52
1.069943095074995313e-52
1.069943095074995313e-52
1.069943095074995313e-52
1.069943095074995313e-52
1.069943095074995313e-52
1.069943095074995313e-52
1.069943095074995313e-52
1.069943095074995313e-52
1.069943095074995313e-52
1.069943095074995313e-52
1.069943095074995313e-52
1.069943095074995313e-52
1.069943095074995313e-52
1.069943095074995313e-52
1.069943095074995313e-52
1.069943095074995313e-52
1.069943095074995313e-52
1.069943095074995313e-52
1.069943095074995313e-52
1.069943095074995313e-52
1.069943095074995313e-52
1.069943095074995313e-52
1.069943095074995313e-52
1.069943095074995313e-52
1.069943095074995313e-52
1.069943095074995313e-52
1.069943095074995313e-52
1.069943095074995313e-52
1.069943095074995313e-52
1.069943095074995313e-52
1.069943095074995313e-52
1.069943095074995313e-52
1.069943095074995313e-52
1.069943095074995313e-52
1.069943095074995313e-52
1.069943095074995313e-52
1.069943095074995313e-52
1.069943095074995313e-52
1.069943095074995313e-52
1.069943095074995313e-52
1.069943095074995313e-52
1.069943095074995313e-52
1.069943095074995313e-52
1.069943095074995313e-52
1.069943095074995313e-52
1.069943095074995313e-52
1.069943095074995313e-52
1.069943095074995313e-52
1.069943095074995313e-52
1.069943095074995313e-52
1.069943095074995313e-52
1.069943095074995313e-52
1.069943095074995313e-52
1.069943095074995313e-52
1.069943095074995313e-52
1.069943095074995313e-52
1.069943095074995313e-52
1.069943095074995313e-52
1.069943095074995313e-52
1.069943095074995313e-52
1.069943095074995313e-52
1.069943095074995313e-52
1.069943095074995313e-52
1.069943095074995313e-52
1.069943095074995313e-52
1.069943095074995313e-52
1.069943095074995313e-52
1.069943095074995313e-52
1.069943095074995313e-52
1.069943095074995313e-52
1.069943095074995313e-52
1.069943095074995313e-52
1.069943095074995313e-52
1.069943095074995313e-52
1.069943095074995313e-52
1.069943095074995313e-52
1.069943095074995313e-52
1.069943095074995313e-52
1.069943095074995313e-52
1.069943095074995313e-52
1.069943095074995313e-52
1.069943095074995313e-52
1.069943095074995313e-52
1.069943095074995313e-52
1.069943095074995313e-52
1.069943095074995313e-52
1.069943095074995313e-52
1.069943095074995313e-52
1.069943095074995313e-52
1.069943095074995313e-52
1.069943095074995313e-52
1.069943095074995313e-52
1.069943095074995313e-52
1.069943095074995313e-52
1.069943095074995313e-52
1.069943095074995313e-52
1.069943095074995313e-52
1.069943095074995313e-52
1.069943095074995313e-52
1.069943095074995313e-52
1.069943095074995313e-52
1.069943095074995313e-52
1.069943095074995313e-52
1.069943095074995313e-52
1.069943095074995313e-52
1.069943095074995313e-52
1.069943095074995313e-52
1.069943095074995313e-52
1.069943095074995313e-52
1.069943095074995313e-52
1.069943095074995313e-52
1.069943095074995313e-52
1.069943095074995313e-52
1.069943095074995313e-52
1.069943095074995313e-52
1.069943095074995313e-52
1.069943095074995313e-52
1.069943095074995313e-52
1.069943095074995313e-52
1.069943095074995313e-52
1.069943095074995313e-52
1.069943095074995313e-52
1.069943095074995313e-52
1.069943095074995313e-52
1.069943095074995313e-52
1.069943095074995313e-52
1.069943095074995313e-52
1.069943095074995313e-52
1.069943095074995313e-52
1.069943095074995313e-52
1.069943095074995313e-52
1.069943095074995313e-52
1.069943095074995313e-52
1.069943095074995313e-52
1.069943095074995313e-52
1.069943095074995313e-52
1.069943095074995313e-52
1.069943095074995313e-52
1.069943095074995313e-52
1.069943095074995313e-52
1.069943095074995313e-52
1.069943095074995313e-52
1.069943095074995313e-52
1.069943095074995313e-52
1.069943095074995313e-52
1.069943095074995313e-52
1.069943095074995313e-52
1.069943095074995313e-52
1.069943095074995313e-52
1.069943095074995313e-52
1.069943095074995313e-52
1.069943095074995313e-52
1.069943095074995313e-52
1.069943095074995313e-52
1.069943095074995313e-52
1.069943095074995313e-52
1.069943095074995313e-52
1.069943095074995313e-52
1.069943095074995313e-52
1.069943095074995313e-52
1.069943095074995313e-52
1.069943095074995313e-52
1.069943095074995313e-52
1.069943095074995313e-52
1.069943095074995313e-52
1.069943095074995313e-52
1.069943095074995313e-52
1.069943095074995313e-52
1.069943095074995313e-52
1.069943095074995313e-52
1.069943095074995313e-52
1.069943095074995313e-52
1.069943095074995313e-52
1.069943095074995313e-52
1.069943095074995313e-52
1.069943095074995313e-52
1.069943095074995313e-52
1.069943095074995313e-52
1.069943095074995313e-52
1.069943095074995313e-52
1.069943095074995313e-52
1.069943095074995313e-52
1.069943095074995313e-52
1.069943095074995313e-52
1.069943095074995313e-52
1.069943095074995313e-52
1.069943095074995313e-52
1.069943095074995313e-52
1.069943095074995313e-52
1.069943095074995313e-52
1.069943095074995313e-52
1.069943095074995313e-52
1.069943095074995313e-52
1.069943095074995313e-52
1.069943095074995313e-52
1.069943095074995313e-52
1.069943095074995313e-52
1.069943095074995313e-52
1.069943095074995313e-52
1.069943095074995313e-52
1.069943095074995313e-52
1.069943095074995313e-52
1.069943095074995313e-52
1.069943095074995313e-52
1.069943095074995313e-52
1.069943095074995313e-52
1.069943095074995313e-52
1.069943095074995313e-52
1.069943095074995313e-52
1.069943095074995313e-52
1.069943095074995313e-52
1.069943095074995313e-52
1.069943095074995313e-52
1.069943095074995313e-52
1.069943095074995313e-52
1.069943095074995313e-52
1.069943095074995313e-52
1.069943095074995313e-52
1.069943095074995313e-52
1.069943095074995313e-52
1.069943095074995313e-52
1.069943095074995313e-52
1.069943095074995313e-52
1.069943095074995313e-52
1.069943095074995313e-52
1.069943095074995313e-52
1.069943095074995313e-52
1.069943095074995313e-52
1.069943095074995313e-52
1.069943095074995313e-52
1.069943095074995313e-52
1.069943095074995313e-52
1.069943095074995313e-52
1.069943095074995313e-52
1.069943095074995313e-52
1.069943095074995313e-52
1.069943095074995313e-52
1.069943095074995313e-52
1.069943095074995313e-52
1.069943095074995313e-52
1.069943095074995313e-52
1.069943095074995313e-52
1.069943095074995313e-52
1.069943095074995313e-52
1.069943095074995313e-52
1.069943095074995313e-52
1.069943095074995313e-52
1.069943095074995313e-52
1.069943095074995313e-52
1.069943095074995313e-52
1.069943095074995313e-52
1.069943095074995313e-52
1.069943095074995313e-52
1.069943095074995313e-52
1.069943095074995313e-52
1.069943095074995313e-52
1.069943095074995313e-52
1.069943095074995313e-52
1.069943095074995313e-52
1.069943095074995313e-52
1.069943095074995313e-52
1.069943095074995313e-52
1.069943095074995313e-52
1.069943095074995313e-52
1.069943095074995313e-52
1.069943095074995313e-52
1.069943095074995313e-52
1.069943095074995313e-52
1.069943095074995313e-52
1.069943095074995313e-52
1.069943095074995313e-52
1.069943095074995313e-52
1.069943095074995313e-52
1.069943095074995313e-52
1.069943095074995313e-52
1.069943095074995313e-52
1.069943095074995313e-52
1.069943095074995313e-52
1.069943095074995313e-52
1.069943095074995313e-52
1.069943095074995313e-52
1.069943095074995313e-52
1.069943095074995313e-52
1.069943095074995313e-52
1.069943095074995313e-52
1.069943095074995313e-52
1.069943095074995313e-52
1.069943095074995313e-52
1.069943095074995313e-52
1.069943095074995313e-52
1.069943095074995313e-52
1.069943095074995313e-52
1.069943095074995313e-52
1.069943095074995313e-52
1.069943095074995313e-52
1.069943095074995313e-52
1.069943095074995313e-52
1.069943095074995313e-52
1.069943095074995313e-52
1.069943095074995313e-52
1.069943095074995313e-52
1.069943095074995313e-52
1.069943095074995313e-52
1.069943095074995313e-52
1.069943095074995313e-52
1.069943095074995313e-52
1.069943095074995313e-52
1.069943095074995313e-52
1.069943095074995313e-52
1.069943095074995313e-52
1.069943095074995313e-52
1.069943095074995313e-52
1.069943095074995313e-52
1.069943095074995313e-52
1.069943095074995313e-52
1.069943095074995313e-52
1.069943095074995313e-52
1.069943095074995313e-52
1.069943095074995313e-52
1.069943095074995313e-52
1.069943095074995313e-52
1.069943095074995313e-52
1.069943095074995313e-52
1.069943095074995313e-52
1.069943095074995313e-52
1.069943095074995313e-52
1.069943095074995313e-52
1.069943095074995313e-52
1.069943095074995313e-52
1.069943095074995313e-52
1.069943095074995313e-52
1.069943095074995313e-52
1.069943095074995313e-52
1.069943095074995313e-52
1.069943095074995313e-52
1.069943095074995313e-52
1.069943095074995313e-52
1.069943095074995313e-52
1.069943095074995313e-52
1.069943095074995313e-52
1.069943095074995313e-52
1.069943095074995313e-52
1.069943095074995313e-52
1.069943095074995313e-52
1.069943095074995313e-52
1.069943095074995313e-52
1.069943095074995313e-52
1.069943095074995313e-52
1.069943095074995313e-52
1.069943095074995313e-52
1.069943095074995313e-52
1.069943095074995313e-52
1.069943095074995313e-52
1.069943095074995313e-52
1.069943095074995313e-52
1.069943095074995313e-52
1.069943095074995313e-52
1.069943095074995313e-52
1.069943095074995313e-52
1.069943095074995313e-52
1.069943095074995313e-52
1.069943095074995313e-52
1.069943095074995313e-52
1.069943095074995313e-52
1.069943095074995313e-52
1.069943095074995313e-52
1.069943095074995313e-52
1.069943095074995313e-52
1.069943095074995313e-52
1.069943095074995313e-52
1.069943095074995313e-52
1.069943095074995313e-52
1.069943095074995313e-52
1.069943095074995313e-52
1.069943095074995313e-52
1.069943095074995313e-52
1.069943095074995313e-52
1.069943095074995313e-52
1.069943095074995313e-52
1.069943095074995313e-52
1.069943095074995313e-52
1.069943095074995313e-52
1.069943095074995313e-52
1.069943095074995313e-52
1.069943095074995313e-52
1.069943095074995313e-52
1.069943095074995313e-52
1.069943095074995313e-52
1.069943095074995313e-52
1.069943095074995313e-52
1.069943095074995313e-52
1.069943095074995313e-52
1.069943095074995313e-52
1.069943095074995313e-52
1.069943095074995313e-52
1.069943095074995313e-52
1.069943095074995313e-52
1.069943095074995313e-52
1.069943095074995313e-52
1.069943095074995313e-52
1.069943095074995313e-52
1.069943095074995313e-52
1.069943095074995313e-52
1.069943095074995313e-52
1.069943095074995313e-52
1.069943095074995313e-52
1.069943095074995313e-52
1.069943095074995313e-52
1.069943095074995313e-52
1.069943095074995313e-52
1.069943095074995313e-52
1.069943095074995313e-52
1.069943095074995313e-52
1.069943095074995313e-52
1.069943095074995313e-52
1.069943095074995313e-52
1.069943095074995313e-52
1.069943095074995313e-52
1.069943095074995313e-52
1.069943095074995313e-52
1.069943095074995313e-52
1.069943095074995313e-52
1.069943095074995313e-52
1.069943095074995313e-52
1.069943095074995313e-52
1.069943095074995313e-52
1.069943095074995313e-52
1.069943095074995313e-52
1.069943095074995313e-52
1.069943095074995313e-52
1.069943095074995313e-52
1.069943095074995313e-52
1.069943095074995313e-52
1.069943095074995313e-52
1.069943095074995313e-52
1.069943095074995313e-52
1.069943095074995313e-52
1.069943095074995313e-52
1.069943095074995313e-52
1.069943095074995313e-52
1.069943095074995313e-52
1.069943095074995313e-52
1.069943095074995313e-52
1.069943095074995313e-52
1.069943095074995313e-52
