1.000000000000208278e+00
1.000000000000139222e+00
1.000000000000139222e+00
1.000000000000139222e+00
1.000000000000139222e+00
1.000000000000027978e+00
1.000000000000027978e+00
1.000000000000025535e+00
1.000000000000025535e+00
1.000000000000025535e+00
1.000000000000025535e+00
1.000000000000025535e+00
1.000000000000025535e+00
1.000000000000025535e+00
1.000000000000025535e+00
1.000000000000025535e+00
1.000000000000025535e+00
1.000000000000025535e+00
1.000000000000025535e+00
1.000000000000025535e+00
1.000000000000025535e+00
1.000000000000025535e+00
1.000000000000025535e+00
1.000000000000025535e+00
1.000000000000025535e+00
1.000000000000025535e+00
1.000000000000025535e+00
1.000000000000025535e+00
1.000000000000025535e+00
1.000000000000025535e+00
1.000000000000025535e+00
1.000000000000025535e+00
1.000000000000025535e+00
1.000000000000023093e+00
1.000000000000023315e+00
1.000000000000023315e+00
1.000000000000023315e+00
1.000000000000023315e+00
1.000000000000023315e+00
1.000000000000023315e+00
1.000000000000023093e+00
1.000000000000023093e+00
1.000000000000023093e+00
1.000000000000023315e+00
1.000000000000023315e+00
1.000000000000023093e+00
1.000000000000023093e+00
1.000000000000023093e+00
1.000000000000023093e+00
1.000000000000022871e+00
1.000000000000022649e+00
1.000000000000022649e+00
1.000000000000022871e+00
1.000000000000022871e+00
1.000000000000022871e+00
1.000000000000022871e+00
1.000000000000022871e+00
1.000000000000022871e+00
1.000000000000022871e+00
1.000000000000022871e+00
1.000000000000022649e+00
1.000000000000022649e+00
1.000000000000022649e+00
1.000000000000022649e+00
1.000000000000022649e+00
1.000000000000022649e+00
1.000000000000022649e+00
1.000000000000022649e+00
1.000000000000022871e+00
1.000000000000022649e+00
1.000000000000022649e+00
1.000000000000022649e+00
1.000000000000022649e+00
1.000000000000022649e+00
1.000000000000022649e+00
1.000000000000022871e+00
1.000000000000022871e+00
1.000000000000022649e+00
1.000000000000022649e+00
1.000000000000022649e+00
1.000000000000022649e+00
1.000000000000022649e+00
1.000000000000022871e+00
1.000000000000022871e+00
1.000000000000022871e+00
1.000000000000022871e+00
1.000000000000022871e+00
1.000000000000022871e+00
1.000000000000022871e+00
1.000000000000022871e+00
1.000000000000022871e+00
1.000000000000022871e+00
1.000000000000022871e+00
1.000000000000022871e+00
1.000000000000022871e+00
1.000000000000022871e+00
1.000000000000022649e+00
1.000000000000022871e+00
1.000000000000022871e+00
1.000000000000022871e+00
1.000000000000022871e+00
1.000000000000022871e+00
1.000000000000022871e+00
1.000000000000022871e+00
1.000000000000022871e+00
1.000000000000022871e+00
1.000000000000022871e+00
1.000000000000022649e+00
1.000000000000022871e+00
1.000000000000022871e+00
1.000000000000022871e+00
1.000000000000022871e+00
1.000000000000022871e+00
1.000000000000022871e+00
1.000000000000022871e+00
1.000000000000022871e+00
1.000000000000022871e+00
1.000000000000022871e+00
1.000000000000022871e+00
1.000000000000022649e+00
1.000000000000022649e+00
1.000000000000022649e+00
1.000000000000022649e+00
1.000000000000022871e+00
1.000000000000022649e+00
1.000000000000022649e+00
1.000000000000022649e+00
1.000000000000022871e+00
1.000000000000022871e+00
1.000000000000022649e+00
1.000000000000022649e+00
1.000000000000022649e+00
1.000000000000022649e+00
1.000000000000022649e+00
1.000000000000022649e+00
1.000000000000022649e+00
1.000000000000022649e+00
1.000000000000022649e+00
1.000000000000022649e+00
1.000000000000022649e+00
1.000000000000022871e+00
1.000000000000022871e+00
1.000000000000022649e+00
1.000000000000022649e+00
1.000000000000022649e+00
1.000000000000022649e+00
1.000000000000022649e+00
1.000000000000022871e+00
1.000000000000022649e+00
1.000000000000022871e+00
1.000000000000022649e+00
1.000000000000022871e+00
1.000000000000022871e+00
1.000000000000022649e+00
1.000000000000022871e+00
1.000000000000022871e+00
1.000000000000022871e+00
1.000000000000022871e+00
1.000000000000022871e+00
1.000000000000022871e+00
1.000000000000022871e+00
1.000000000000022871e+00
1.000000000000021538e+00
1.000000000000021538e+00
1.000000000000021538e+00
1.000000000000021538e+00
1.000000000000021538e+00
1.000000000000021538e+00
1.000000000000021538e+00
1.000000000000021538e+00
1.000000000000021538e+00
1.000000000000021538e+00
1.000000000000021538e+00
1.000000000000021538e+00
1.000000000000021538e+00
1.000000000000021316e+00
1.000000000000021316e+00
1.000000000000021316e+00
1.000000000000021316e+00
1.000000000000021316e+00
1.000000000000021316e+00
1.000000000000021316e+00
1.000000000000021316e+00
1.000000000000021316e+00
1.000000000000021316e+00
1.000000000000021316e+00
1.000000000000021316e+00
1.000000000000021316e+00
1.000000000000021538e+00
1.000000000000021538e+00
1.000000000000021538e+00
1.000000000000021538e+00
1.000000000000021538e+00
1.000000000000021316e+00
1.000000000000021316e+00
1.000000000000021316e+00
1.000000000000021316e+00
1.000000000000021316e+00
1.000000000000021538e+00
1.000000000000021538e+00
1.000000000000021538e+00
1.000000000000021538e+00
1.000000000000021538e+00
1.000000000000021538e+00
1.000000000000021316e+00
1.000000000000021316e+00
1.000000000000021538e+00
1.000000000000012657e+00
1.000000000000012657e+00
1.000000000000012657e+00
1.000000000000012657e+00
1.000000000000012657e+00
1.000000000000012657e+00
1.000000000000012657e+00
1.000000000000012657e+00
1.000000000000012657e+00
1.000000000000012657e+00
1.000000000000012657e+00
1.000000000000012657e+00
1.000000000000012657e+00
1.000000000000012657e+00
1.000000000000012657e+00
1.000000000000012657e+00
1.000000000000012657e+00
1.000000000000012434e+00
1.000000000000012434e+00
1.000000000000012657e+00
1.000000000000012657e+00
1.000000000000012657e+00
1.000000000000012657e+00
1.000000000000012657e+00
1.000000000000012657e+00
1.000000000000012434e+00
1.000000000000012434e+00
1.000000000000012434e+00
1.000000000000012434e+00
1.000000000000012434e+00
1.000000000000012434e+00
1.000000000000012434e+00
1.000000000000012434e+00
1.000000000000012434e+00
1.000000000000012434e+00
1.000000000000012434e+00
1.000000000000012434e+00
1.000000000000012434e+00
1.000000000000012434e+00
1.000000000000012434e+00
1.000000000000012434e+00
1.000000000000012434e+00
1.000000000000012434e+00
1.000000000000012434e+00
1.000000000000012434e+00
1.000000000000012434e+00
1.000000000000012657e+00
1.000000000000012657e+00
1.000000000000012657e+00
1.000000000000012657e+00
1.000000000000012657e+00
1.000000000000012657e+00
1.000000000000002220e+00
1.000000000000002220e+00
9.999999999999051870e-01
9.999999999999051870e-01
9.999999999999051870e-01
9.999999999999051870e-01
9.999999999999051870e-01
9.999999999994766409e-01
9.999999999994766409e-01
9.999999999994766409e-01
9.999999999994766409e-01
9.999999999994766409e-01
9.999999999994766409e-01
9.999999999972006837e-01
9.999999999972006837e-01
9.999999999972005726e-01
9.999999999972005726e-01
9.999999997893128656e-01
9.999999989452869054e-01
9.999999989451917592e-01
9.999999989449606108e-01
9.999999989449597226e-01
9.999999962435279777e-01
9.999999962435279777e-01
9.999999962435279777e-01
9.999999962435279777e-01
9.999999962435279777e-01
9.999999962435279777e-01
9.999999916879548367e-01
9.999999916879548367e-01
9.999999916879548367e-01
9.999995103713807953e-01
9.999995071318551476e-01
9.999982842862866761e-01
9.999982842862863430e-01
9.999982842862863430e-01
9.999982842832848551e-01
9.999982842832848551e-01
9.999963481591251924e-01
9.999963481007497768e-01
9.999963481007483335e-01
9.999963481007483335e-01
9.999845288690140110e-01
9.998176596641850100e-01
9.998175856342133017e-01
9.998175856342133017e-01
9.998175753706231017e-01
9.995373777972251794e-01
9.995373777972251794e-01
9.995373777972251794e-01
9.995373777972251794e-01
9.995373777950179450e-01
9.995373777949775329e-01
9.995373777949775329e-01
9.993837685550728267e-01
9.993837685550728267e-01
9.993837685550728267e-01
9.993837669743346197e-01
9.993837669743346197e-01
9.974146374736162501e-01
9.875637773593919366e-01
9.875629672470729314e-01
9.875616516909205833e-01
9.875616503404773816e-01
9.785482768910716000e-01
9.785482768910716000e-01
9.785482768910716000e-01
9.785482768910286344e-01
9.785482768910286344e-01
9.785482768910286344e-01
9.772280609423996678e-01
9.772280609423236175e-01
9.772280609423236175e-01
9.240544206550203032e-01
9.235734516950051542e-01
8.256258532203797351e-01
8.256258531363691588e-01
8.256258531363691588e-01
8.256258000284364407e-01
8.256258000284364407e-01
8.256258000284364407e-01
7.882031971630940603e-01
7.882023018602803965e-01
7.882023018560917471e-01
7.882023018560917471e-01
7.707587905499193592e-01
7.707587905499193592e-01
5.444111014942382143e-01
5.442125279216909473e-01
5.442125279216909473e-01
5.442067672583862370e-01
3.780510926612478673e-01
3.780510926612478673e-01
3.780510926612475897e-01
3.780510926612475897e-01
3.780510925327772442e-01
3.780510925169153769e-01
3.780510925169153769e-01
3.571094842136541270e-01
3.571094842136541270e-01
3.571094842136541270e-01
3.571093608355196958e-01
3.571093608355179749e-01
3.082166917606598555e-01
1.319040342817838496e-01
1.318905125923187371e-01
1.318777391391336984e-01
1.318777357126160177e-01
8.020843447535988546e-02
8.020843447535988546e-02
8.020843447535988546e-02
8.020843447533383685e-02
8.020843447533383685e-02
8.020843447533383685e-02
7.806985209637423706e-02
7.806985209618702570e-02
7.806985209618702570e-02
4.732442897095467949e-02
4.717919752043690795e-02
1.531126202486131523e-02
1.531126194948691233e-02
1.531126194948691233e-02
1.531125601239537344e-02
1.531125601239537344e-02
1.531125601239537344e-02
1.107276117244836502e-02
1.107267452766996438e-02
1.107267452751206811e-02
1.107267452751206811e-02
1.071172910620288646e-02
1.071172910620288646e-02
3.917214362895320157e-03
3.907890305397021709e-03
3.907890305397021709e-03
3.907844261541781015e-03
1.558877837833613214e-03
1.558877837833613214e-03
1.558877837833599336e-03
1.558877837833599336e-03
1.558877837028982546e-03
1.558877836700890175e-03
1.558877836700890175e-03
1.369127673614786060e-03
1.369127673614786060e-03
1.369127673614786060e-03
1.369126682082118024e-03
1.369126682082114337e-03
1.188585578483768949e-03
1.188585578483768949e-03
2.990964485179869081e-04
2.990735100338610800e-04
2.989979672612933155e-04
2.989979615179353236e-04
1.720699511608657904e-04
1.720699511608657904e-04
1.720699511608657904e-04
1.720699511608402574e-04
1.720699511608402303e-04
1.720699511608402303e-04
1.655525495295862405e-04
1.655525495285601787e-04
1.655525495285601787e-04
1.099216460233210809e-04
1.097224694318581765e-04
2.631157933606122291e-05
2.631157914107583765e-05
2.631157914107583765e-05
2.631157257764592673e-05
2.631157257764592673e-05
2.631157257764592673e-05
2.631157257764592673e-05
2.013151269283427341e-05
2.013116710725214970e-05
2.013116710713589612e-05
2.013116710713589612e-05
2.013116710713589612e-05
1.981086036170368620e-05
1.981086036170368620e-05
8.797484979809557545e-06
8.764161472617911259e-06
8.764161472617911259e-06
8.764079795976674890e-06
2.758537428974298130e-06
2.758537428974298130e-06
2.758537428974241379e-06
2.758537428974241379e-06
2.758537428419896008e-06
2.758537427595273011e-06
2.758537427595273011e-06
2.479768919274666923e-06
2.479768919274666923e-06
2.479768919274666923e-06
2.479765068755549451e-06
2.479765068755547333e-06
2.311073907929361683e-06
2.311073907929361683e-06
7.091249215883482349e-07
7.090794339838119883e-07
7.087790227054145679e-07
3.336686519184876139e-07
3.336686503468400560e-07
3.336686503468400560e-07
3.336686503468400560e-07
3.336686503468251271e-07
3.336686503468249683e-07
3.336686503468249683e-07
3.223913259514710566e-07
3.223913259483504814e-07
3.223913259483504814e-07
2.555612446298146893e-07
2.551813598268744026e-07
6.576382382403745754e-08
6.576382238208210534e-08
6.576382238208210534e-08
6.576381337251815751e-08
6.576381337251815751e-08
6.576381337251815751e-08
6.576381337251815751e-08
4.403975341389267054e-08
4.403858325628465870e-08
4.403858325619817531e-08
4.403858325619817531e-08
4.403858325619817531e-08
4.349592771347103957e-08
4.349592771347103957e-08
2.515238994686387728e-08
2.502772167789319758e-08
2.502772167789319758e-08
2.502757532079003934e-08
7.299247524263817976e-09
7.299247524263817976e-09
7.299247524263500338e-09
7.299247524263500338e-09
7.299247523660147355e-09
7.299247516825390527e-09
7.299247516825390527e-09
6.127453259984392359e-09
6.127453259984392359e-09
6.127453259984392359e-09
6.127436625388545601e-09
6.127436625388542292e-09
5.760925189396949512e-09
5.760925189396949512e-09
2.309753262295913260e-09
2.309647219980346813e-09
2.308187059141187382e-09
9.497790021397895761e-10
9.497790001602615842e-10
9.497790001602615842e-10
9.497790001602615842e-10
9.497790001602615842e-10
9.497790001602615842e-10
9.497790001602378028e-10
9.497790001602369756e-10
9.497790001602369756e-10
8.926383628638184621e-10
8.926383628354991066e-10
8.926383628354991066e-10
7.110400632159835258e-10
7.103935259247860132e-10
2.271405569783201215e-10
2.271405448074132005e-10
2.271405448074132005e-10
2.271405280999228733e-10
2.271405280999228733e-10
2.271405280999228733e-10
2.271405280999228733e-10
1.363723076969925014e-10
1.363671663643299387e-10
1.363671663641678372e-10
1.363671663641678372e-10
1.363671663641678372e-10
1.352193209395620889e-10
1.352193209395620889e-10
7.513318278649146079e-11
7.442127474964581879e-11
7.442127474964581879e-11
7.442107358162976548e-11
2.551900447400155824e-11
2.551900447400155824e-11
2.551900447399695704e-11
2.551900447399695704e-11
2.551900447255544942e-11
2.551900441344691615e-11
2.551900441344691615e-11
2.023402644306943526e-11
2.023402644306943526e-11
2.023402644306943526e-11
2.023394332607753362e-11
2.023394332607753362e-11
1.934110895303971101e-11
1.934110895303971101e-11
6.983732779568264226e-12
6.983582075143105075e-12
6.975004857109411417e-12
3.249063288763210789e-12
3.249063284235210383e-12
3.249063284235210383e-12
3.249063284235210383e-12
3.249063284235210383e-12
3.249063284235210383e-12
3.249063284235175244e-12
3.249063284235165147e-12
3.249063284235165147e-12
2.993017152306311697e-12
2.993017152081039074e-12
2.993017152081039074e-12
2.519020200012265960e-12
2.517758260964194773e-12
6.879561219632119781e-13
6.879560708034408138e-13
6.879560708034408138e-13
6.879560408451592549e-13
6.879560408451592549e-13
6.879560408451592549e-13
6.879560408451592549e-13
4.482098354437454938e-13
4.481741322129693072e-13
4.481741322127494864e-13
4.481741322127494864e-13
4.481741322127494864e-13
4.462388638170943091e-13
2.824450134694887689e-13
2.785320307006650203e-13
2.785320307006650203e-13
2.785320307006650203e-13
2.785314799070353921e-13
7.890802750012323278e-14
7.890802750012323278e-14
7.890802750009212011e-14
7.890802750009212011e-14
7.890802749836180104e-14
7.890802749836180104e-14
7.890802723939822864e-14
7.890802723939822864e-14
6.498250616358292538e-14
6.498250616358292538e-14
6.498250616358292538e-14
6.498195503129615629e-14
6.498195503129615629e-14
6.498195503129615629e-14
6.498195503129615629e-14
6.351812177926282296e-14
2.789709456360171707e-14
2.789662451327356456e-14
2.784319290319537951e-14
1.064857700805202446e-14
1.064857700194585294e-14
1.064857700194585294e-14
1.064857700194585294e-14
1.064857700194585294e-14
1.064857700194585294e-14
1.064857700194577247e-14
1.064857700194577247e-14
1.064857700194573776e-14
9.911238334213657933e-15
9.911238333081727731e-15
9.911238333081727731e-15
9.035991380759989460e-15
9.032816954115188833e-15
2.916876959340548111e-15
2.916876368074516789e-15
2.916876368074516789e-15
2.916876368074516789e-15
2.916876300461988948e-15
2.916876300461988948e-15
2.916876300461988948e-15
2.916876300461988948e-15
1.620509705409612901e-15
1.620327384016522101e-15
1.620327384016257832e-15
1.620327384016257832e-15
1.620327384016257832e-15
1.615376563801740656e-15
1.581657023784586908e-15
1.198659061932346547e-15
1.198659061932346547e-15
1.198659061932346547e-15
1.198657781295484775e-15
3.533534077470159567e-16
3.533534077470159567e-16
3.533534077467299946e-16
3.533534077467299946e-16
3.533534077467299946e-16
3.533534077435379183e-16
3.533534044050138315e-16
3.533534044050138315e-16
2.639931706005998886e-16
2.639931706005998886e-16
2.639931706005998886e-16
2.639896171520145675e-16
2.639896171520145675e-16
2.639896171520145675e-16
2.639896171520145675e-16
2.592453129722696044e-16
1.432194336244870447e-16
1.432178782729736909e-16
1.428444691671557396e-16
5.064906570853635432e-17
5.064906569582789758e-17
5.064906569582789758e-17
5.064906569582789758e-17
5.064906569582789758e-17
5.064906569582789758e-17
5.064906569582706558e-17
5.064906569582706558e-17
5.064906569582697930e-17
4.502878859523433816e-17
4.502878858021387185e-17
4.502878858021387185e-17
4.146227524504434674e-17
4.145388295924373708e-17
4.145383630613204493e-17
1.660931731455110231e-17
1.660931731455110231e-17
1.660931731455110231e-17
1.660931711287286770e-17
1.660931711287286770e-17
1.660931711287286770e-17
1.660931711287286770e-17
8.300810266790247787e-18
8.299540995504185822e-18
8.299540995503429317e-18
8.299540995503429317e-18
8.299540995503429317e-18
7.990804040413692623e-18
7.975670034313051080e-18
6.065420349045825226e-18
6.065420349045825226e-18
6.065420349045825226e-18
6.065417332422820273e-18
6.065417332422819503e-18
2.104770098405962289e-18
2.104770098399438779e-18
2.104770098399438779e-18
2.104770098399438779e-18
2.104770052124150107e-18
2.104770052111765221e-18
2.104770052111765221e-18
1.458570203261263795e-18
1.458570203261263795e-18
1.458570203261263795e-18
1.458541421771234897e-18
1.458541421771234897e-18
1.458541421771234897e-18
1.458541421771234897e-18
1.440259164293774015e-18
7.661997029588090878e-19
7.661956077567373788e-19
7.624345071270089081e-19
7.624345071270089081e-19
3.037199801038520790e-19
3.037199800538806488e-19
3.037199800538806488e-19
3.037199800538806488e-19
3.037199800538806488e-19
3.037199800538806488e-19
3.037199800538613413e-19
3.037199800538613413e-19
3.037199800538611487e-19
2.608246039117988245e-19
2.608246037149177470e-19
2.608246037149177470e-19
2.454698514276934841e-19
2.454427885057745894e-19
2.454423545483460872e-19
8.986744401150518406e-20
8.986744401150518406e-20
8.986744401150518406e-20
8.986744336587258324e-20
8.986744336587258324e-20
8.986744336587258324e-20
8.986744336587258324e-20
4.879140169903170776e-20
4.877593572379894529e-20
4.877593572379704344e-20
4.877593572379704344e-20
4.877593572379704344e-20
4.645799325524192234e-20
4.641089108371336319e-20
3.772999838608844029e-20
3.772999838608844029e-20
3.772999838608844029e-20
3.772998562175704959e-20
3.772998562175701950e-20
1.147496437787141123e-20
1.147496437779566200e-20
1.147496437779566200e-20
1.147496437779566200e-20
1.147496437779566200e-20
1.147496401284078628e-20
1.147496401281402940e-20
1.147496401281402940e-20
8.342560289547953741e-21
8.342560289547953741e-21
8.342228167965001892e-21
8.342228167965001892e-21
8.342228167965001892e-21
8.342228167965001892e-21
8.342228167965001892e-21
8.342228167965001892e-21
8.342228167965001892e-21
8.342228167965001892e-21
8.342228167965001892e-21
8.342228167965001892e-21
8.342228167965001892e-21
8.342228167965001892e-21
8.342228167965001892e-21
8.342228167965001892e-21
8.342228167965001892e-21
8.342228167965001892e-21
8.342228167965001892e-21
8.342228167965001892e-21
8.342228167965001892e-21
8.342228167965001892e-21
8.342228167965001892e-21
8.342228167965001892e-21
8.342228167965001892e-21
8.342228167965001892e-21
8.342228167965001892e-21
8.342228167965001892e-21
8.342228167965001892e-21
8.342228167965001892e-21
8.342228167965001892e-21
8.342228167965001892e-21
8.342228167965001892e-21
8.342228167965001892e-21
8.342228167965001892e-21
8.342228167965001892e-21
8.342228167965001892e-21
8.342228167965001892e-21
8.342228167965001892e-21
8.342228167965001892e-21
8.342228167965001892e-21
8.342228167965001892e-21
8.342228167965001892e-21
8.342228167965001892e-21
8.342228167965001892e-21
8.342228167965001892e-21
8.342228167965001892e-21
8.342228167965001892e-21
8.342228167965001892e-21
8.342228167965001892e-21
8.342228167965001892e-21
8.342228167965001892e-21
8.342228167965001892e-21
8.342228167965001892e-21
8.342228167965001892e-21
8.342228167965001892e-21
8.342228167965001892e-21
8.342228167965001892e-21
8.342228167965001892e-21
8.342228167965001892e-21
8.342228167965001892e-21
8.342228167965001892e-21
8.342228167965001892e-21
8.342228167965001892e-21
8.342228167965001892e-21
8.342228167965001892e-21
8.342228167965001892e-21
8.342228167965001892e-21
8.342228167965001892e-21
8.342228167965001892e-21
8.342228167965001892e-21
8.342228167965001892e-21
8.342228167965001892e-21
8.342228167965001892e-21
8.342228167965001892e-21
8.342228167965001892e-21
8.342228167965001892e-21
8.342228167965001892e-21
8.342228167965001892e-21
8.342228167965001892e-21
8.342228167965001892e-21
8.342228167965001892e-21
8.342228167965001892e-21
8.342228167965001892e-21
8.342228167965001892e-21
8.342228167965001892e-21
8.342228167965001892e-21
8.342228167965001892e-21
8.342228167965001892e-21
8.342228167965001892e-21
8.342228167965001892e-21
8.342228167965001892e-21
8.342228167965001892e-21
8.342228167965001892e-21
8.342228167965001892e-21
8.342228167965001892e-21
8.342228167965001892e-21
8.342228167965001892e-21
8.342228167965001892e-21
8.342228167965001892e-21
8.342228167965001892e-21
8.342228167965001892e-21
8.342228167965001892e-21
8.342228167965001892e-21
8.342228167965001892e-21
8.342228167965001892e-21
8.342228167965001892e-21
8.342228167965001892e-21
8.342228167965001892e-21
8.342228167965001892e-21
8.342228167965001892e-21
8.342228167965001892e-21
8.342228167965001892e-21
8.342228167965001892e-21
8.342228167965001892e-21
8.342228167965001892e-21
8.342228167965001892e-21
8.342228167965001892e-21
8.342228167965001892e-21
8.342228167965001892e-21
8.342228167965001892e-21
8.342228167965001892e-21
8.342228167965001892e-21
8.342228167965001892e-21
8.342228167965001892e-21
8.342228167965001892e-21
8.342228167965001892e-21
8.342228167965001892e-21
8.342228167965001892e-21
8.342228167965001892e-21
8.342228167965001892e-21
8.342228167965001892e-21
8.342228167965001892e-21
8.342228167965001892e-21
8.342228167965001892e-21
8.342228167965001892e-21
8.342228167965001892e-21
8.342228167965001892e-21
8.342228167965001892e-21
8.342228167965001892e-21
8.342228167965001892e-21
8.342228167965001892e-21
8.342228167965001892e-21
8.342228167965001892e-21
8.342228167965001892e-21
8.342228167965001892e-21
8.342228167965001892e-21
8.342228167965001892e-21
8.342228167965001892e-21
8.342228167965001892e-21
8.342228167965001892e-21
8.342228167965001892e-21
8.342228167965001892e-21
8.342228167965001892e-21
8.342228167965001892e-21
8.342228167965001892e-21
8.342228167965001892e-21
8.342228167965001892e-21
8.342228167965001892e-21
8.342228167965001892e-21
8.342228167965001892e-21
8.342228167965001892e-21
8.342228167965001892e-21
8.342228167965001892e-21
8.342228167965001892e-21
8.342228167965001892e-21
8.342228167965001892e-21
8.342228167965001892e-21
8.342228167965001892e-21
8.342228167965001892e-21
8.342228167965001892e-21
8.342228167965001892e-21
8.342228167965001892e-21
8.342228167965001892e-21
8.342228167965001892e-21
8.342228167965001892e-21
8.342228167965001892e-21
8.342228167965001892e-21
8.342228167965001892e-21
8.342228167965001892e-21
8.342228167965001892e-21
8.342228167965001892e-21
8.342228167965001892e-21
8.342228167965001892e-21
8.342228167965001892e-21
8.342228167965001892e-21
8.342228167965001892e-21
8.342228167965001892e-21
8.342228167965001892e-21
8.342228167965001892e-21
8.342228167965001892e-21
8.342228167965001892e-21
8.342228167965001892e-21
8.342228167965001892e-21
8.342228167965001892e-21
8.342228167965001892e-21
8.342228167965001892e-21
8.342228167965001892e-21
8.342228167965001892e-21
8.342228167965001892e-21
8.342228167965001892e-21
8.342228167965001892e-21
8.342228167965001892e-21
8.342228167965001892e-21
8.342228167965001892e-21
8.342228167965001892e-21
8.342228167965001892e-21
8.342228167965001892e-21
8.342228167965001892e-21
8.342228167965001892e-21
8.342228167965001892e-21
8.342228167965001892e-21
8.342228167965001892e-21
8.342228167965001892e-21
8.342228167965001892e-21
8.342228167965001892e-21
8.342228167965001892e-21
8.342228167965001892e-21
8.342228167965001892e-21
8.342228167965001892e-21
8.342228167965001892e-21
8.342228167965001892e-21
8.342228167965000388e-21
8.342228167964994369e-21
8.342228167964980828e-21
8.342228167964953744e-21
8.342228167964941707e-21
8.342228167964941707e-21
8.342228167964941707e-21
8.342228167964941707e-21
8.342228167964941707e-21
8.342228167964941707e-21
8.342228167964941707e-21
8.342228167964941707e-21
8.342228167964941707e-21
8.342228167964941707e-21
8.342228167964941707e-21
8.342228167964941707e-21
8.342228167964941707e-21
8.342228167964941707e-21
8.342228167964941707e-21
8.342228167964941707e-21
8.342228167964941707e-21
8.342228167964941707e-21
8.342228167964941707e-21
8.342228167964941707e-21
8.342228167964941707e-21
8.342228167964941707e-21
8.342228167964941707e-21
8.342228167964941707e-21
8.342228167964941707e-21
8.342228167964941707e-21
8.342228167964941707e-21
8.342228167964937193e-21
8.342228167964910110e-21
8.342228167964713003e-21
8.342228167963403972e-21
8.342228167956402916e-21
8.342228167925646718e-21
8.342228167824025325e-21
8.342228167639625056e-21
8.342228167551452071e-21
8.342228167548716649e-21
8.342228167548716649e-21
8.342228167548716649e-21
8.342228167548716649e-21
8.342228167548716649e-21
8.342228167548716649e-21
8.342228167548716649e-21
8.342228167548716649e-21
8.342228167548716649e-21
8.342228167548716649e-21
8.342228167548716649e-21
8.342228167548716649e-21
8.342228167548716649e-21
8.342228167548716649e-21
8.342228167548716649e-21
8.342228167548716649e-21
8.342228167548716649e-21
8.342228167548716649e-21
8.342228167548716649e-21
8.342228167548716649e-21
8.342228167548716649e-21
8.342228167548716649e-21
8.342228167548716649e-21
8.342228167548716649e-21
8.342228167548716649e-21
8.342228167548716649e-21
8.342228167548710630e-21
8.342228167548621857e-21
8.342228167547499401e-21
8.342228167534782245e-21
8.342228167420756660e-21
8.342228166559393520e-21
8.342228160859973989e-21
8.342228130367298445e-21
8.342227996405478076e-21
8.342227553763412256e-21
8.342226750558007777e-21
8.342226366501286417e-21
8.342226354586237946e-21
8.342226354583692107e-21
8.342226354583692107e-21
8.342226354583692107e-21
8.342226354583692107e-21
8.342226354583692107e-21
8.342226354583692107e-21
8.342226354583692107e-21
8.342226354583692107e-21
8.342226354583692107e-21
8.342226354583692107e-21
8.342226354583692107e-21
8.342226354583692107e-21
8.342226354583692107e-21
8.342226354583692107e-21
8.342226354583692107e-21
8.342226354583692107e-21
8.342226354583692107e-21
8.342226354583692107e-21
8.342226354583692107e-21
8.342226354583692107e-21
8.342226354583692107e-21
8.342226354583692107e-21
8.342226354583692107e-21
8.342226354583689098e-21
8.342226354583646968e-21
8.342226354582775786e-21
8.342226354565630495e-21
8.342226354308944659e-21
8.342226351110226295e-21
8.342226314859032254e-21
8.342225989854333760e-21
8.342223534741502591e-21
8.342207289919304689e-21
8.342120378981982922e-21
8.341738579297318352e-21
8.340477269745129769e-21
8.338189507572145819e-21
8.337096045846240983e-21
8.337062126667638838e-21
8.337062119418602532e-21
8.337062119418602532e-21
8.337062119418602532e-21
8.337062119418602532e-21
8.337062119418602532e-21
8.337062119418602532e-21
8.337062119418602532e-21
8.337062119418602532e-21
8.337062119418602532e-21
8.337062119418602532e-21
8.337062119418602532e-21
8.337062119418602532e-21
8.337062119418602532e-21
8.337062119418602532e-21
8.337062119418602532e-21
8.337062119418602532e-21
8.337062119418602532e-21
8.337062119418602532e-21
8.337062119418602532e-21
8.337062119418602532e-21
8.337062119418602532e-21
8.337062119418602532e-21
8.337062119418599523e-21
8.337062119418507740e-21
8.337062119415329956e-21
8.337062119335409881e-21
8.337062117701234249e-21
8.337062085543440300e-21
8.337061604091435054e-21
8.337055604462732312e-21
8.336987611018731284e-21
8.336378075409847598e-21
8.331776468698044838e-21
8.301456352334363181e-21
8.142916633318120480e-21
7.512598892892413000e-21
5.982459550381311026e-21
4.368080759829262457e-21
3.868875414633996086e-21
3.855206417014819410e-21
3.855203506056889492e-21
3.855203506056884225e-21
3.855203506056884225e-21
3.855203506056884225e-21
3.855203506056884225e-21
3.855203506056884225e-21
3.855203506056884225e-21
3.855203506056884225e-21
3.855203506056884225e-21
3.855203506056884225e-21
3.855203506056884225e-21
3.855203506056884225e-21
3.855203506056884225e-21
3.855203506056884225e-21
3.855203506056884225e-21
3.855203506056884225e-21
3.855203506056884225e-21
3.855203506056884225e-21
3.855203506056884225e-21
3.855203506056884225e-21
3.855203506056884225e-21
3.855203506056884225e-21
3.855203506056868427e-21
3.855203506056137928e-21
3.855203506031859925e-21
3.855203505185439294e-21
3.855203483900130009e-21
3.855203048668733413e-21
3.855194484075779382e-21
3.855066263389442305e-21
3.853469151273775194e-21
3.835461061181298497e-21
3.681228564416365056e-21
2.823533034877870296e-21
1.110906992862664029e-21
2.616886349956215086e-22
6.004291853940191205e-23
1.693208982141987404e-23
7.352627384226701699e-24
5.787100842383694788e-24
5.749123898757875013e-24
5.749115835756823631e-24
5.749115835756810407e-24
5.749115835756810407e-24
5.749115835756810407e-24
5.749115835756810407e-24
5.749115835756810407e-24
5.749115835756810407e-24
5.749115835756810407e-24
5.749115835756810407e-24
5.749115835756810407e-24
5.749115835756810407e-24
5.749115835756810407e-24
5.749115835756810407e-24
5.749115835756810407e-24
5.749115835756810407e-24
5.749115835756810407e-24
5.749115835756810407e-24
5.749115835756810407e-24
5.749115835756810407e-24
5.749115835756810407e-24
5.749115835756810407e-24
5.749115835756808938e-24
5.749115835756778081e-24
5.749115835755429201e-24
5.749115835710545154e-24
5.749115834145705033e-24
5.749115794793999504e-24
5.749114990149952774e-24
5.749099156170771003e-24
5.748862107379337471e-24
5.745909753181019086e-24
5.712661291040557442e-24
5.430918146844399914e-24
3.956778607785317587e-24
1.415149575057757547e-24
3.189680735623503058e-25
7.244287277603413795e-26
2.038466025072290248e-26
8.847624083891219836e-27
6.963234799178445394e-27
6.917526479278992584e-27
6.917516774824294171e-27
6.917516774824279821e-27
6.917516774824279821e-27
6.917516774824279821e-27
6.917516774824279821e-27
6.917516774824279821e-27
6.917516774824279821e-27
6.917516774824279821e-27
6.917516774824279821e-27
6.917516774824279821e-27
6.917516774824279821e-27
6.917516774824279821e-27
6.917516774824279821e-27
6.917516774824279821e-27
6.917516774824279821e-27
6.917516774824279821e-27
6.917516774824279821e-27
6.917516774824279821e-27
6.917516774824279821e-27
6.917516774824279821e-27
6.917516774824279821e-27
6.917516774824253993e-27
6.917516774823162011e-27
6.917516774786884120e-27
6.917516773522085489e-27
6.917516741715633387e-27
6.917516091353151287e-27
6.917503293351553977e-27
6.917311693086010495e-27
6.914924948669717759e-27
6.887990528484230109e-27
6.655570895104754699e-27
5.303685203446582956e-27
2.262664728127591144e-27
5.562578432507618805e-28
1.289663310492017389e-28
3.645006512219600658e-29
1.583604939975545355e-29
1.246524273474981855e-29
1.238346601671845464e-29
1.238344865441900050e-29
1.238344865441897387e-29
1.238344865441897387e-29
1.238344865441897387e-29
1.238344865441897387e-29
1.238344865441897387e-29
1.238344865441897387e-29
1.238344865441897387e-29
1.238344865441897387e-29
1.238344865441897387e-29
1.238344865441897387e-29
1.238344865441897387e-29
1.238344865441897387e-29
1.238344865441897387e-29
1.238344865441897387e-29
1.238344865441897387e-29
1.238344865441897387e-29
1.238344865441897387e-29
1.238344865441897387e-29
1.238344865441897387e-29
1.238344865441894164e-29
1.238344865441762302e-29
1.238344865437377779e-29
1.238344865284518818e-29
1.238344861440504476e-29
1.238344782840010271e-29
1.238343236118127390e-29
1.238320079755302840e-29
1.238031588437517240e-29
1.234771473290077023e-29
1.206292701738774259e-29
1.027307514193135517e-29
5.183793038907131813e-30
1.420039144137949382e-30
3.389302566434733627e-31
9.640764052504005674e-32
4.194514113578603292e-32
3.302457914650818444e-32
3.280811186820759205e-32
3.280806590902549858e-32
3.280806590902542195e-32
3.280806590902542195e-32
3.280806590902542195e-32
3.280806590902542195e-32
3.280806590902542195e-32
3.280806590902542195e-32
3.280806590902542195e-32
3.280806590902542195e-32
3.280806590902542195e-32
3.280806590902542195e-32
3.280806590902542195e-32
3.280806590902542195e-32
3.280806590902542195e-32
3.280806590902542195e-32
3.280806590902542195e-32
3.280806590902542195e-32
3.280806590902542195e-32
3.280806590902542195e-32
3.280806590902542195e-32
3.280806590902536721e-32
3.280806590902299704e-32
3.280806590894415758e-32
3.280806590619529169e-32
3.280806583706837358e-32
3.280806442359548294e-32
3.280803660888003572e-32
3.280762018510202103e-32
3.280243179009768266e-32
3.274374596888371115e-32
3.222683922843597120e-32
2.879319246282987816e-32
1.688761118848456013e-32
5.257324588904783383e-33
1.305981469777513955e-33
3.749126915125787993e-34
1.634563848890629221e-34
1.287375873347412648e-34
1.278948035922989262e-34
1.278946246554550655e-34
1.278946246554547662e-34
1.278946246554547662e-34
1.278946246554547662e-34
1.278946246554547662e-34
1.278946246554547662e-34
1.278946246554547662e-34
1.278946246554547662e-34
1.278946246554547662e-34
1.278946246554547662e-34
1.278946246554547662e-34
1.278946246554547662e-34
1.278946246554547662e-34
1.278946246554547662e-34
1.278946246554547662e-34
1.278946246554547662e-34
1.278946246554547662e-34
1.278946246554547662e-34
1.278946246554547662e-34
1.278946246554546165e-34
1.278946246554483088e-34
1.278946246552386143e-34
1.278946246479280042e-34
1.278946244640851337e-34
1.278946207049574172e-34
1.278945467317680526e-34
1.278934392486591132e-34
1.278796399122872255e-34
1.277234592978079467e-34
1.263401022586226568e-34
1.167850549182187108e-34
7.783482341197071161e-35
2.795408404349323042e-35
7.326591373719273524e-36
2.130925862600905625e-36
9.318348272965304351e-37
7.342704370007546473e-37
7.294722302417505994e-37
7.294712114914030989e-37
7.294712114914015120e-37
7.294712114914015120e-37
7.294712114914015120e-37
7.294712114914015120e-37
7.294712114914015120e-37
7.294712114914015120e-37
7.294712114914015120e-37
7.294712114914015120e-37
7.294712114914015120e-37
7.294712114914015120e-37
7.294712114914015120e-37
7.294712114914015120e-37
7.294712114914015120e-37
7.294712114914015120e-37
7.294712114914015120e-37
7.294712114914015120e-37
7.294712114914015120e-37
7.294712114914015120e-37
7.294712114914009273e-37
7.294712114913763713e-37
7.294712114905565842e-37
7.294712114619750407e-37
7.294712107432255954e-37
7.294711960465930928e-37
7.294709068420045107e-37
7.294665770283215483e-37
7.294126251932285393e-37
7.288017440123600346e-37
7.233703474885085666e-37
6.848172933933490571e-37
5.062786657255436424e-37
2.114045517327813600e-37
5.940369704220160053e-38
1.759711002268414725e-38
7.728056218420599269e-39
6.093885967557480811e-39
6.054168459464224597e-39
6.054160026538727993e-39
6.054160026538713637e-39
6.054160026538713637e-39
6.054160026538713637e-39
6.054160026538713637e-39
6.054160026538713637e-39
6.054160026538713637e-39
6.054160026538713637e-39
6.054160026538713637e-39
6.054160026538713637e-39
6.054160026538713637e-39
6.054160026538713637e-39
6.054160026538713637e-39
6.054160026538713637e-39
6.054160026538713637e-39
6.054160026538713637e-39
6.054160026538713637e-39
6.054160026538713637e-39
6.054160026538711027e-39
6.054160026538570080e-39
6.054160026533884912e-39
6.054160026370593083e-39
6.054160022264195490e-39
6.054159938298604355e-39
6.054158285999200881e-39
6.054133548623096948e-39
6.053825299778805309e-39
6.050334094892826323e-39
6.019213168636639805e-39
5.794079938510539311e-39
4.644618500818434087e-39
2.253149451435412656e-39
6.907179434224409903e-40
2.098615031971170207e-40
9.272579966682210177e-41
7.319192168453307692e-41
7.271667145149320508e-41
7.271657054263903673e-41
7.271657054263888380e-41
7.271657054263888380e-41
7.271657054263888380e-41
7.271657054263888380e-41
7.271657054263888380e-41
7.271657054263888380e-41
7.271657054263888380e-41
7.271657054263888380e-41
7.271657054263888380e-41
7.271657054263888380e-41
7.271657054263888380e-41
7.271657054263888380e-41
7.271657054263888380e-41
7.271657054263888380e-41
7.271657054263888380e-41
7.271657054263888380e-41
7.271657054263885321e-41
7.271657054263768069e-41
7.271657054259880415e-41
7.271657054124353920e-41
7.271657050716203709e-41
7.271656981028047226e-41
7.271655609684036618e-41
7.271635078599767094e-41
7.271379239397914892e-41
7.268481060443109704e-41
7.242600702253273521e-41
7.052896865360285076e-41
6.011106217594491808e-41
3.357645698683632343e-41
1.142330488277539630e-41
3.592144436606900851e-42
1.600801944107547379e-42
1.265385815645996957e-42
1.257213299833854581e-42
1.257211564520646163e-42
1.257211564520643136e-42
1.257211564520643136e-42
1.257211564520643136e-42
1.257211564520643136e-42
1.257211564520643136e-42
1.257211564520643136e-42
1.257211564520643136e-42
1.257211564520643136e-42
1.257211564520643136e-42
1.257211564520643136e-42
1.257211564520643136e-42
1.257211564520643136e-42
1.257211564520643136e-42
1.257211564520643136e-42
1.257211564520643136e-42
1.257211564520643136e-42
1.257211564520642977e-42
1.257211564520628957e-42
1.257211564520163137e-42
1.257211564503921087e-42
1.257211564095475262e-42
1.257211555743779972e-42
1.257211391396657448e-42
1.257208930870552712e-42
1.257178269734124732e-42
1.256830890257779241e-42
1.253725065575437680e-42
1.230750252511106155e-42
1.097655696150969530e-42
6.953485455783233523e-43
2.663976650780996379e-43
8.767868064166020973e-44
3.954216143471733545e-44
3.132022132715849700e-44
3.111947544937149704e-44
3.111943282183996978e-44
3.111943282183990008e-44
3.111943282183990008e-44
3.111943282183990008e-44
3.111943282183990008e-44
3.111943282183990008e-44
3.111943282183990008e-44
3.111943282183990008e-44
3.111943282183990008e-44
3.111943282183990008e-44
3.111943282183990008e-44
3.111943282183990008e-44
3.111943282183990008e-44
3.111943282183990008e-44
3.111943282183990008e-44
3.111943282183990008e-44
3.111943282183989013e-44
3.111943282183965116e-44
3.111943282183164090e-44
3.111943282155231712e-44
3.111943281452799653e-44
3.111943267089818029e-44
3.111942984450810245e-44
3.111938752912774106e-44
3.111886022397921759e-44
3.111288550089562582e-44
3.105942231793152049e-44
3.066141715448288629e-44
2.826486579817052525e-44
1.993043241976987124e-44
8.682649174638451897e-45
3.030851783453228681e-45
1.389560270615490918e-45
1.103759032798754340e-45
1.096760628426515063e-45
1.096759142242031453e-45
1.096759142242028964e-45
1.096759142242028964e-45
1.096759142242028964e-45
1.096759142242028964e-45
1.096759142242028964e-45
1.096759142242028964e-45
1.096759142242028964e-45
1.096759142242028964e-45
1.096759142242028964e-45
1.096759142242028964e-45
1.096759142242028964e-45
1.096759142242028964e-45
1.096759142242028964e-45
1.096759142242028964e-45
1.096759142242028964e-45
1.096759142242028808e-45
1.096759142242022896e-45
1.096759142241826405e-45
1.096759142234978287e-45
1.096759142062764118e-45
1.096759138541418339e-45
1.096759069247329250e-45
1.096758031808425207e-45
1.096745103886747101e-45
1.096598612496465902e-45
1.095287011699573226e-45
1.085479528357724200e-45
1.024764237194317759e-45
7.887322405875856342e-46
3.920358559361708351e-46
1.472776706769628826e-46
6.905095235346421036e-47
5.506575465830068977e-47
5.472191128490331337e-47
5.472183825908382636e-47
5.472183825908370967e-47
5.472183825908370967e-47
5.472183825908370967e-47
5.472183825908370967e-47
5.472183825908370967e-47
5.472183825908370967e-47
5.472183825908370967e-47
5.472183825908370967e-47
5.472183825908370967e-47
5.472183825908370967e-47
5.472183825908370967e-47
5.472183825908370967e-47
5.472183825908370967e-47
5.472183825908370967e-47
5.472183825908370967e-47
5.472183825908351520e-47
5.472183825907669906e-47
5.472183825883905766e-47
5.472183825286301830e-47
5.472183813066785141e-47
5.472183572607500942e-47
5.472179972561722859e-47
5.472135110844916329e-47
5.471626742499428782e-47
5.467073257399355982e-47
5.432919171823432839e-47
5.217256759333581600e-47
4.303331189565147355e-47
2.431836683656280974e-47
9.978830620755352494e-48
4.820743183925695541e-48
3.865377261735332568e-48
3.841756924335053339e-48
3.841751907148813247e-48
3.841751907148805954e-48
3.841751907148805954e-48
3.841751907148805954e-48
3.841751907148805954e-48
3.841751907148805954e-48
3.841751907148805954e-48
3.841751907148805954e-48
3.841751907148805954e-48
3.841751907148805954e-48
3.841751907148805954e-48
3.841751907148805954e-48
3.841751907148805954e-48
3.841751907148805954e-48
3.841751907148805954e-48
3.841751907148805954e-48
3.841751907148795623e-48
3.841751907148463810e-48
3.841751907136884991e-48
3.841751906845721409e-48
3.841751900892135954e-48
3.841751783735719010e-48
3.841750029723361427e-48
3.841728172162717808e-48
3.841480476878136813e-48
3.839261227497775988e-48
3.822579310964212315e-48
3.715750282158095268e-48
3.232438010792714189e-48
2.056997593839043646e-48
9.343403442072985010e-49
4.694358962627687385e-49
3.792140300628869132e-49
3.769663290829098338e-49
3.769658515615024157e-49
3.769658515615015801e-49
3.769658515615015801e-49
3.769658515615015801e-49
3.769658515615015801e-49
3.769658515615015801e-49
3.769658515615015801e-49
3.769658515615015801e-49
3.769658515615015801e-49
3.769658515615015801e-49
3.769658515615015801e-49
3.769658515615015801e-49
3.769658515615015801e-49
3.769658515615015801e-49
3.769658515615015801e-49
3.769658515615008964e-49
3.769658515614784109e-49
3.769658515606936972e-49
3.769658515409625911e-49
3.769658511375098191e-49
3.769658431982463319e-49
3.769657243352037594e-49
3.769642431249436415e-49
3.769474573194660859e-49
3.767970334204855479e-49
3.756645854947238170e-49
3.683396514525960401e-49
3.335442564229739365e-49
2.357186136628193835e-49
1.197084933567228393e-49
6.323576433314589366e-50
5.159699569365463445e-50
5.130404378990734156e-50
5.130398153699438024e-50
5.130398153699428528e-50
5.130398153699428528e-50
5.130398153699428528e-50
5.130398153699428528e-50
5.130398153699428528e-50
5.130398153699428528e-50
5.130398153699428528e-50
5.130398153699428528e-50
5.130398153699428528e-50
5.130398153699428528e-50
5.130398153699428528e-50
5.130398153699428528e-50
5.130398153699428528e-50
5.130398153699428528e-50
5.130398153699428528e-50
5.130398153699421882e-50
5.130398153699212979e-50
5.130398153691900442e-50
5.130398153508041562e-50
5.130398149748577271e-50
5.130398075768727658e-50
5.130396968175915348e-50
5.130383165904007956e-50
5.130226749358847747e-50
5.128824845946472572e-50
5.118259449663367038e-50
5.049433054785322660e-50
4.710535927725790832e-50
3.637882414976934336e-50
2.075918273455444239e-50
1.166832427375358732e-50
9.648078209892500581e-51
9.596530368296747812e-51
9.596519410578896539e-51
9.596519410578878735e-51
9.596519410578878735e-51
9.596519410578878735e-51
9.596519410578878735e-51
9.596519410578878735e-51
9.596519410578878735e-51
9.596519410578878735e-51
9.596519410578878735e-51
9.596519410578878735e-51
9.596519410578878735e-51
9.596519410578878735e-51
9.596519410578878735e-51
9.596519410578878735e-51
9.596519410578878735e-51
9.596519410578870426e-51
9.596519410578605737e-51
9.596519410569372485e-51
9.596519410337182114e-51
9.596519405589471832e-51
9.596519312162621138e-51
9.596517913418034527e-51
9.596500482940750809e-51
9.596302947024791712e-51
9.594532331248652229e-51
9.581178027458843315e-51
9.493744208710636925e-51
9.051806906826988408e-51
7.514946095188439642e-51
4.814154998138348976e-51
2.913895000678868941e-51
2.451248655764591332e-51
2.439233509037520915e-51
2.439230953799679738e-51
2.439230953799675584e-51
2.439230953799675584e-51
2.439230953799675584e-51
2.439230953799675584e-51
2.439230953799675584e-51
2.439230953799675584e-51
2.439230953799675584e-51
2.439230953799675584e-51
2.439230953799675584e-51
2.439230953799675584e-51
2.439230953799675584e-51
2.439230953799675584e-51
2.439230953799675584e-51
2.439230953799675584e-51
2.439230953799674694e-51
2.439230953799629887e-51
2.439230953798079735e-51
2.439230953759091231e-51
2.439230952961880455e-51
2.439230937274121231e-51
2.439230702404067585e-51
2.439227775565318303e-51
2.439194606068049468e-51
2.438897270148013124e-51
2.436653508781458415e-51
2.421910513359153890e-51
2.345969031019985723e-51
2.061928616943641504e-51
1.472738773270951847e-51
9.698589524330236928e-52
8.337347896372896917e-52
8.301201246743936252e-52
8.301193555132023211e-52
8.301193555132011341e-52
8.301193555132011341e-52
8.301193555132011341e-52
8.301193555132011341e-52
8.301193555132011341e-52
8.301193555132011341e-52
8.301193555132011341e-52
8.301193555132011341e-52
8.301193555132011341e-52
8.301193555132011341e-52
8.301193555132011341e-52
8.301193555132011341e-52
8.301193555132011341e-52
8.301193555132006890e-52
8.301193555131910451e-52
8.301193555128539524e-52
8.301193555043733719e-52
8.301193553309656104e-52
8.301193519185968422e-52
8.301193008301468165e-52
8.301186641899166297e-52
8.301114491873329262e-52
8.300467697528633959e-52
8.295585011593595627e-52
8.263421709987365675e-52
8.095494213489883697e-52
7.431977571162853533e-52
5.848176610829111915e-52
4.217344391257177264e-52
3.721167198925589927e-52
3.707634168135371362e-52
3.707631286433014930e-52
3.707631286433010479e-52
3.707631286433010479e-52
3.707631286433010479e-52
3.707631286433010479e-52
3.707631286433010479e-52
3.707631286433010479e-52
3.707631286433010479e-52
3.707631286433010479e-52
3.707631286433010479e-52
3.707631286433010479e-52
3.707631286433010479e-52
3.707631286433010479e-52
3.707631286433010479e-52
3.707631286433009737e-52
3.707631286432983031e-52
3.707631286432066857e-52
3.707631286409028236e-52
3.707631285937950153e-52
3.707631276667928847e-52
3.707631137881353851e-52
3.707629408387781937e-52
3.707609808076271534e-52
3.707434093644426900e-52
3.706107269524984360e-52
3.697351885826508845e-52
3.651203335884995409e-52
3.461399686953888716e-52
2.953999498776716928e-52
2.333342824611972580e-52
2.120326644220042308e-52
2.114338269396060394e-52
2.114336993200847370e-52
2.114336993200845515e-52
2.114336993200845515e-52
2.114336993200845515e-52
2.114336993200845515e-52
2.114336993200845515e-52
2.114336993200845515e-52
2.114336993200845515e-52
2.114336993200845515e-52
2.114336993200845515e-52
2.114336993200845515e-52
2.114336993200845515e-52
2.114336993200845515e-52
2.114336993200845515e-52
2.114336993200845144e-52
2.114336993200836613e-52
2.114336993200541731e-52
2.114336993193118868e-52
2.114336993041346683e-52
2.114336990054723935e-52
2.114336945340350243e-52
2.114336388130555451e-52
2.114330073268765037e-52
2.114273459996011804e-52
2.113845896361737439e-52
2.111021168135319598e-52
2.096035818229957613e-52
2.032645706078386682e-52
1.847977871916674478e-52
1.586443805611041101e-52
1.485892503064152685e-52
1.482976434564580466e-52
1.482975812577884720e-52
1.482975812577883792e-52
1.482975812577883792e-52
1.482975812577883792e-52
1.482975812577883792e-52
1.482975812577883792e-52
1.482975812577883792e-52
1.482975812577883792e-52
1.482975812577883792e-52
1.482975812577883792e-52
1.482975812577883792e-52
1.482975812577883792e-52
1.482975812577883792e-52
1.482975812577883792e-52
1.482975812577881011e-52
1.482975812577775855e-52
1.482975812575135642e-52
1.482975812521149259e-52
1.482975811458789961e-52
1.482975795553624410e-52
1.482975597350801127e-52
1.482973351113471073e-52
1.482953213109466358e-52
1.482801106551230966e-52
1.481795441808700320e-52
1.476438087063302375e-52
1.453353665646314244e-52
1.381958246973103409e-52
1.268852618138356397e-52
1.221066958440245112e-52
1.219641944143506135e-52
1.219641639950879523e-52
1.219641639950879152e-52
1.219641639950879152e-52
1.219641639950879152e-52
1.219641639950879152e-52
1.219641639950879152e-52
1.219641639950879152e-52
1.219641639950879152e-52
1.219641639950879152e-52
1.219641639950879152e-52
1.219641639950879152e-52
1.219641639950879152e-52
1.219641639950879152e-52
1.219641639950879152e-52
1.219641639950878039e-52
1.219641639950840391e-52
1.219641639949894914e-52
1.219641639930564943e-52
1.219641639550183070e-52
1.219641633855277887e-52
1.219641562887993025e-52
1.219640758613307963e-52
1.219633548055169439e-52
1.219579081628700421e-52
1.219218813655891722e-52
1.217294940885135540e-52
1.208914328570731827e-52
1.182025102519502695e-52
1.136168738445251679e-52
1.115476748960526785e-52
1.114846843916072933e-52
1.114846709371427694e-52
1.114846709371427508e-52
1.114846709371427508e-52
1.114846709371427508e-52
1.114846709371427508e-52
1.114846709371427508e-52
1.114846709371427508e-52
1.114846709371427508e-52
1.114846709371427508e-52
1.114846709371427508e-52
1.114846709371427508e-52
1.114846709371427508e-52
1.114846709371427508e-52
1.114846709371426952e-52
1.114846709371414897e-52
1.114846709371107775e-52
1.114846709364829387e-52
1.114846709241282778e-52
1.114846707391594030e-52
1.114846684341625583e-52
1.114846423115419651e-52
1.114844081136040591e-52
1.114826389938788850e-52
1.114709345922880064e-52
1.114083561740053708e-52
1.111342641165159267e-52
1.102381112113782823e-52
1.086483522301357465e-52
1.079042937685184301e-52
1.078813729118914793e-52
1.078813680143822917e-52
1.078813680143822731e-52
1.078813680143822731e-52
1.078813680143822731e-52
1.078813680143822731e-52
1.078813680143822731e-52
1.078813680143822731e-52
1.078813680143822731e-52
1.078813680143822731e-52
1.078813680143822731e-52
1.078813680143822731e-52
1.078813680143822731e-52
1.078813680143822731e-52
1.078813680143822731e-52
1.078813680143819393e-52
1.078813680143737049e-52
1.078813680142053996e-52
1.078813680108932640e-52
1.078813679613052023e-52
1.078813673433616764e-52
1.078813603401820399e-52
1.078812975542531619e-52
1.078808232662672891e-52
1.078776851281006404e-52
1.078608987622006321e-52
1.077872139727794424e-52
1.075444559968179044e-52
1.071067353348724806e-52
1.068986937142822206e-52
1.068922523162185109e-52
1.068922509396727054e-52
1.068922509396727054e-52
1.068922509396727054e-52
1.068922509396727054e-52
1.068922509396727054e-52
1.068922509396727054e-52
1.068922509396727054e-52
1.068922509396727054e-52
1.068922509396727054e-52
1.068922509396727054e-52
1.068922509396727054e-52
1.068922509396727054e-52
1.068922509396727054e-52
1.068922509396727054e-52
1.068922509396726313e-52
1.068922509396709250e-52
1.068922509396359843e-52
1.068922509389483902e-52
1.068922509286540264e-52
1.068922508003701487e-52
1.068922493465237267e-52
1.068922363122808056e-52
1.068921378505830777e-52
1.068914863590849732e-52
1.068880009257058154e-52
1.068726912514928129e-52
1.068221355758012982e-52
1.067305207403566685e-52
1.066867701490656004e-52
1.066854133960140609e-52
1.066854131060581460e-52
1.066854131060581460e-52
1.066854131060581460e-52
1.066854131060581460e-52
1.066854131060581460e-52
1.066854131060581460e-52
1.066854131060581460e-52
1.066854131060581460e-52
1.066854131060581460e-52
1.066854131060581460e-52
1.066854131060581460e-52
1.066854131060581460e-52
1.066854131060581460e-52
1.066854131060581460e-52
1.066854131060578678e-52
1.066854131060524153e-52
1.066854131059451451e-52
1.066854131043390959e-52
1.066854130843255734e-52
1.066854128575112894e-52
1.066854108240414655e-52
1.066853954630368199e-52
1.066852938232783726e-52
1.066847500400124969e-52
1.066823611319651203e-52
1.066744683656366441e-52
1.066601493613884135e-52
1.066533040146015311e-52
1.066530916573086483e-52
1.066530916119246379e-52
1.066530916119246379e-52
1.066530916119246379e-52
1.066530916119246379e-52
1.066530916119246379e-52
1.066530916119246379e-52
1.066530916119246379e-52
1.066530916119246379e-52
1.066530916119246379e-52
1.066530916119246379e-52
1.066530916119246379e-52
1.066530916119246379e-52
1.066530916119246379e-52
1.066530916119246379e-52
1.066530916119246009e-52
1.066530916119239517e-52
1.066530916119114888e-52
1.066530916117248230e-52
1.066530916093984645e-52
1.066530915830339094e-52
1.066530913466663610e-52
1.066530895611255699e-52
1.066530777466567049e-52
1.066530145376831102e-52
1.066527368459932144e-52
1.066518192961082348e-52
1.066501543768639697e-52
1.066493583055741793e-52
1.066493336082965763e-52
1.066493336030183760e-52
1.066493336030183760e-52
1.066493336030183760e-52
1.066493336030183760e-52
1.066493336030183760e-52
1.066493336030183760e-52
1.066493336030183760e-52
1.066493336030183760e-52
1.066493336030183760e-52
1.066493336030183760e-52
1.066493336030183760e-52
1.066493336030183760e-52
1.066493336030183760e-52
1.066493336030183760e-52
1.066493336030183203e-52
1.066493336030172447e-52
1.066493336030010911e-52
1.066493336027996441e-52
1.066493336005165721e-52
1.066493335800481154e-52
1.066493334254275944e-52
1.066493324023429295e-52
1.066493269287009257e-52
1.066493028816510370e-52
1.066492234244885675e-52
1.066490792441154203e-52
1.066490103036697122e-52
1.066490081648495687e-52
1.066490081643924646e-52
1.066490081643924646e-52
1.066490081643924646e-52
1.066490081643924646e-52
1.066490081643924646e-52
1.066490081643924646e-52
1.066490081643924646e-52
1.066490081643924646e-52
1.066490081643924646e-52
1.066490081643924646e-52
1.066490081643924646e-52
1.066490081643924646e-52
1.066490081643924646e-52
1.066490081643924646e-52
1.066490081643923905e-52
1.066490081643913519e-52
1.066490081643783326e-52
1.066490081642307433e-52
1.066490081629075396e-52
1.066490081529118781e-52
1.066490080867732087e-52
1.066490077329223789e-52
1.066490061783685433e-52
1.066490010417488493e-52
1.066489917209882186e-52
1.066489872642193873e-52
1.066489871259517362e-52
1.066489871259221923e-52
1.066489871259221923e-52
1.066489871259221923e-52
1.066489871259221923e-52
1.066489871259221923e-52
1.066489871259221923e-52
1.066489871259221923e-52
1.066489871259221923e-52
1.066489871259221923e-52
1.066489871259221923e-52
1.066489871259221923e-52
1.066489871259221923e-52
1.066489871259221923e-52
1.066489871259221923e-52
1.066489871259221923e-52
1.066489871259221367e-52
1.066489871259215061e-52
1.066489871259143659e-52
1.066489871258503636e-52
1.066489871253667943e-52
1.066489871221672146e-52
1.066489871050490056e-52
1.066489870298444615e-52
1.066489867813505908e-52
1.066489863304407967e-52
1.066489861148359563e-52
1.066489861081469965e-52
1.066489861081455499e-52
1.066489861081455499e-52
1.066489861081455499e-52
1.066489861081455499e-52
1.066489861081455499e-52
1.066489861081455499e-52
1.066489861081455499e-52
1.066489861081455499e-52
1.066489861081455499e-52
1.066489861081455499e-52
1.066489861081455499e-52
1.066489861081455499e-52
1.066489861081455499e-52
1.066489861081455499e-52
1.066489861081455499e-52
1.066489861081455499e-52
1.066489861081455313e-52
1.066489861081452717e-52
1.066489861081429534e-52
1.066489861081254089e-52
1.066489861080092922e-52
1.066489861073880929e-52
1.066489861046590074e-52
1.066489860956414079e-52
1.066489860792783934e-52
1.066489860714543052e-52
1.066489860712115562e-52
1.066489860712115191e-52
1.066489860712115191e-52
1.066489860712115191e-52
1.066489860712115191e-52
1.066489860712115191e-52
1.066489860712115191e-52
1.066489860712115191e-52
1.066489860712115191e-52
1.066489860712115191e-52
1.066489860712115191e-52
1.066489860712115191e-52
1.066489860712115191e-52
1.066489860712115191e-52
1.066489860712115191e-52
1.066489860712115191e-52
1.066489860712115191e-52
1.066489860712115191e-52
1.066489860712114449e-52
1.066489860712109627e-52
1.066489860712077913e-52
1.066489860711908403e-52
1.066489860711163779e-52
1.066489860708703463e-52
1.066489860704238692e-52
1.066489860702103858e-52
1.066489860702037649e-52
1.066489860702037649e-52
1.066489860702037649e-52
1.066489860702037649e-52
1.066489860702037649e-52
1.066489860702037649e-52
1.066489860702037649e-52
1.066489860702037649e-52
1.066489860702037649e-52
1.066489860702037649e-52
1.066489860702037649e-52
1.066489860702037649e-52
1.066489860702037649e-52
1.066489860702037649e-52
1.066489860702037649e-52
1.066489860702037649e-52
1.066489860702037649e-52
1.066489860702037649e-52
1.066489860702037649e-52
1.066489860702037463e-52
1.066489860702036721e-52
1.066489860702033383e-52
1.066489860702017990e-52
1.066489860701967545e-52
1.066489860701875742e-52
1.066489860701831973e-52
1.066489860701830490e-52
1.066489860701830490e-52
1.066489860701830490e-52
1.066489860701830490e-52
1.066489860701830490e-52
1.066489860701830490e-52
1.066489860701830490e-52
1.066489860701830490e-52
1.066489860701830490e-52
1.066489860701830490e-52
1.066489860701830490e-52
1.066489860701830490e-52
1.066489860701830490e-52
1.066489860701830490e-52
1.066489860701830490e-52
1.066489860701830490e-52
1.066489860701830490e-52
1.066489860701830490e-52
1.066489860701830490e-52
1.066489860701830490e-52
1.066489860701830490e-52
1.066489860701830490e-52
1.066489860701830304e-52
1.066489860701829377e-52
1.066489860701827893e-52
1.066489860701827151e-52
1.066489860701827151e-52
1.066489860701827151e-52
1.066489860701827151e-52
1.066489860701827151e-52
1.066489860701827151e-52
1.066489860701827151e-52
1.066489860701827151e-52
1.066489860701827151e-52
1.066489860701827151e-52
1.066489860701827151e-52
1.066489860701827151e-52
1.066489860701827151e-52
1.066489860701827151e-52
1.066489860701827151e-52
1.066489860701827151e-52
1.066489860701827151e-52
1.066489860701827151e-52
1.066489860701827151e-52
1.066489860701827151e-52
1.066489860701827151e-52
1.066489860701827151e-52
1.066489860701827151e-52
1.066489860701827151e-52
1.066489860701827151e-52
1.066489860701827151e-52
1.066489860701827151e-52
1.066489860701827151e-52
1.066489860701827151e-52
1.066489860701827151e-52
1.066489860701827151e-52
1.066489860701827151e-52
1.066489860701827151e-52
1.066489860701827151e-52
1.066489860701827151e-52
1.066489860701827151e-52
1.066489860701827151e-52
1.066489860701827151e-52
1.066489860701827151e-52
1.066489860701827151e-52
1.066489860701827151e-52
1.066489860701827151e-52
1.066489860701827151e-52
1.066489860701827151e-52
1.066489860701827151e-52
1.066489860701827151e-52
1.066489860701827151e-52
1.066489860701827151e-52
1.066489860701827151e-52
1.066489860701827151e-52
1.066489860701827151e-52
1.066489860701827151e-52
1.066489860701827151e-52
1.066489860701827151e-52
1.066489860701827151e-52
1.066489860701827151e-52
1.066489860701827151e-52
1.066489860701827151e-52
1.066489860701827151e-52
1.066489860701827151e-52
1.066489860701827151e-52
1.066489860701827151e-52
1.066489860701827151e-52
1.066489860701827151e-52
1.066489860701827151e-52
1.066489860701827151e-52
1.066489860701827151e-52
1.066489860701827151e-52
1.066489860701827151e-52
1.066489860701827151e-52
1.066489860701827151e-52
1.066489860701827151e-52
1.066489860701827151e-52
1.066489860701827151e-52
1.066489860701827151e-52
1.066489860701827151e-52
1.066489860701827151e-52
1.066489860701827151e-52
1.066489860701827151e-52
1.066489860701827151e-52
1.066489860701827151e-52
1.066489860701827151e-52
1.066489860701827151e-52
1.066489860701827151e-52
1.066489860701827151e-52
1.066489860701827151e-52
1.066489860701827151e-52
1.066489860701827151e-52
1.066489860701827151e-52
1.066489860701827151e-52
1.066489860701827151e-52
1.066489860701827151e-52
1.066489860701827151e-52
1.066489860701827151e-52
1.066489860701827151e-52
1.066489860701827151e-52
1.066489860701827151e-52
1.066489860701827151e-52
1.066489860701827151e-52
1.066489860701827151e-52
1.066489860701827151e-52
1.066489860701827151e-52
1.066489860701827151e-52
1.066489860701827151e-52
1.066489860701827151e-52
1.066489860701827151e-52
1.066489860701827151e-52
1.066489860701827151e-52
1.066489860701827151e-52
1.066489860701827151e-52
1.066489860701827151e-52
1.066489860701827151e-52
1.066489860701827151e-52
1.066489860701827151e-52
1.066489860701827151e-52
1.066489860701827151e-52
1.066489860701827151e-52
1.066489860701827151e-52
1.066489860701827151e-52
1.066489860701827151e-52
1.066489860701827151e-52
1.066489860701827151e-52
1.066489860701827151e-52
1.066489860701827151e-52
1.066489860701827151e-52
1.066489860701827151e-52
1.066489860701827151e-52
1.066489860701827151e-52
1.066489860701827151e-52
1.066489860701827151e-52
1.066489860701827151e-52
1.066489860701827151e-52
1.066489860701827151e-52
1.066489860701827151e-52
1.066489860701827151e-52
1.066489860701827151e-52
1.066489860701827151e-52
1.066489860701827151e-52
1.066489860701827151e-52
1.066489860701827151e-52
1.066489860701827151e-52
1.066489860701827151e-52
1.066489860701827151e-52
1.066489860701827151e-52
1.066489860701827151e-52
1.066489860701827151e-52
1.066489860701827151e-52
1.066489860701827151e-52
1.066489860701827151e-52
1.066489860701827151e-52
1.066489860701827151e-52
1.066489860701827151e-52
1.066489860701827151e-52
1.066489860701827151e-52
1.066489860701827151e-52
1.066489860701827151e-52
1.066489860701827151e-52
1.066489860701827151e-52
1.066489860701827151e-52
1.066489860701827151e-52
1.066489860701827151e-52
1.066489860701827151e-52
1.066489860701827151e-52
1.066489860701827151e-52
1.066489860701827151e-52
1.066489860701827151e-52
1.066489860701827151e-52
1.066489860701827151e-52
1.066489860701827151e-52
1.066489860701827151e-52
1.066489860701827151e-52
1.066489860701827151e-52
1.066489860701827151e-52
1.066489860701827151e-52
1.066489860701827151e-52
1.066489860701827151e-52
1.066489860701827151e-52
1.066489860701827151e-52
1.066489860701827151e-52
1.066489860701827151e-52
1.066489860701827151e-52
1.066489860701827151e-52
1.066489860701827151e-52
1.066489860701827151e-52
1.066489860701827151e-52
1.066489860701827151e-52
1.066489860701827151e-52
1.066489860701827151e-52
1.066489860701827151e-52
1.066489860701827151e-52
1.066489860701827151e-52
1.066489860701827151e-52
1.066489860701827151e-52
1.066489860701827151e-52
1.066489860701827151e-52
1.066489860701827151e-52
1.066489860701827151e-52
1.066489860701827151e-52
1.066489860701827151e-52
1.066489860701827151e-52
1.066489860701827151e-52
1.066489860701827151e-52
1.066489860701827151e-52
1.066489860701827151e-52
1.066489860701827151e-52
1.066489860701827151e-52
1.066489860701827151e-52
1.066489860701827151e-52
1.066489860701827151e-52
1.066489860701827151e-52
1.066489860701827151e-52
1.066489860701827151e-52
1.066489860701827151e-52
1.066489860701827151e-52
1.066489860701827151e-52
1.066489860701827151e-52
1.066489860701827151e-52
1.066489860701827151e-52
1.066489860701827151e-52
1.066489860701827151e-52
1.066489860701827151e-52
1.066489860701827151e-52
1.066489860701827151e-52
1.066489860701827151e-52
1.066489860701827151e-52
1.066489860701827151e-52
1.066489860701827151e-52
1.066489860701827151e-52
1.066489860701827151e-52
1.066489860701827151e-52
1.066489860701827151e-52
1.066489860701827151e-52
1.066489860701827151e-52
1.066489860701827151e-52
1.066489860701827151e-52
1.066489860701827151e-52
1.066489860701827151e-52
1.066489860701827151e-52
1.066489860701827151e-52
1.066489860701827151e-52
1.066489860701827151e-52
1.066489860701827151e-52
1.066489860701827151e-52
1.066489860701827151e-52
1.066489860701827151e-52
1.066489860701827151e-52
1.066489860701827151e-52
1.066489860701827151e-52
1.066489860701827151e-52
1.066489860701827151e-52
1.066489860701827151e-52
1.066489860701827151e-52
1.066489860701827151e-52
1.066489860701827151e-52
1.066489860701827151e-52
1.066489860701827151e-52
1.066489860701827151e-52
1.066489860701827151e-52
1.066489860701827151e-52
1.066489860701827151e-52
1.066489860701827151e-52
1.066489860701827151e-52
1.066489860701827151e-52
1.066489860701827151e-52
1.066489860701827151e-52
1.066489860701827151e-52
1.066489860701827151e-52
1.066489860701827151e-52
1.066489860701827151e-52
1.066489860701827151e-52
1.066489860701827151e-52
1.066489860701827151e-52
1.066489860701827151e-52
1.066489860701827151e-52
1.066489860701827151e-52
1.066489860701827151e-52
1.066489860701827151e-52
1.066489860701827151e-52
1.066489860701827151e-52
1.066489860701827151e-52
1.066489860701827151e-52
1.066489860701827151e-52
1.066489860701827151e-52
1.066489860701827151e-52
1.066489860701827151e-52
1.066489860701827151e-52
1.066489860701827151e-52
1.066489860701827151e-52
1.066489860701827151e-52
1.066489860701827151e-52
1.066489860701827151e-52
1.066489860701827151e-52
1.066489860701827151e-52
1.066489860701827151e-52
1.066489860701827151e-52
1.066489860701827151e-52
1.066489860701827151e-52
1.066489860701827151e-52
1.066489860701827151e-52
1.066489860701827151e-52
1.066489860701827151e-52
1.066489860701827151e-52
1.066489860701827151e-52
1.066489860701827151e-52
1.066489860701827151e-52
1.066489860701827151e-52
1.066489860701827151e-52
1.066489860701827151e-52
1.066489860701827151e-52
1.066489860701827151e-52
1.066489860701827151e-52
1.066489860701827151e-52
1.066489860701827151e-52
1.066489860701827151e-52
1.066489860701827151e-52
1.066489860701827151e-52
1.066489860701827151e-52
1.066489860701827151e-52
1.066489860701827151e-52
1.066489860701827151e-52
1.066489860701827151e-52
1.066489860701827151e-52
1.066489860701827151e-52
1.066489860701827151e-52
1.066489860701827151e-52
1.066489860701827151e-52
1.066489860701827151e-52
1.066489860701827151e-52
1.066489860701827151e-52
1.066489860701827151e-52
1.066489860701827151e-52
1.066489860701827151e-52
1.066489860701827151e-52
1.066489860701827151e-52
1.066489860701827151e-52
1.066489860701827151e-52
1.066489860701827151e-52
1.066489860701827151e-52
1.066489860701827151e-52
1.066489860701827151e-52
1.066489860701827151e-52
1.066489860701827151e-52
1.066489860701827151e-52
1.066489860701827151e-52
1.066489860701827151e-52
1.066489860701827151e-52
1.066489860701827151e-52
1.066489860701827151e-52
1.066489860701827151e-52
1.066489860701827151e-52
1.066489860701827151e-52
1.066489860701827151e-52
1.066489860701827151e-52
1.066489860701827151e-52
1.066489860701827151e-52
1.066489860701827151e-52
1.066489860701827151e-52
1.066489860701827151e-52
1.066489860701827151e-52
1.066489860701827151e-52
1.066489860701827151e-52
1.066489860701827151e-52
1.066489860701827151e-52
1.066489860701827151e-52
1.066489860701827151e-52
1.066489860701827151e-52
1.066489860701827151e-52
1.066489860701827151e-52
1.066489860701827151e-52
1.066489860701827151e-52
1.066489860701827151e-52
1.066489860701827151e-52
1.066489860701827151e-52
1.066489860701827151e-52
1.066489860701827151e-52
1.066489860701827151e-52
1.066489860701827151e-52
1.066489860701827151e-52
1.066489860701827151e-52
1.066489860701827151e-52
1.066489860701827151e-52
1.066489860701827151e-52
1.066489860701827151e-52
1.066489860701827151e-52
1.066489860701827151e-52
1.066489860701827151e-52
1.066489860701827151e-52
1.066489860701827151e-52
1.066489860701827151e-52
1.066489860701827151e-52
1.066489860701827151e-52
1.066489860701827151e-52
1.066489860701827151e-52
1.066489860701827151e-52
1.066489860701827151e-52
1.066489860701827151e-52
1.066489860701827151e-52
1.066489860701827151e-52
1.066489860701827151e-52
1.066489860701827151e-52
1.066489860701827151e-52
1.066489860701827151e-52
1.066489860701827151e-52
1.066489860701827151e-52
1.066489860701827151e-52
1.066489860701827151e-52
1.066489860701827151e-52
1.066489860701827151e-52
1.066489860701827151e-52
1.066489860701827151e-52
1.066489860701827151e-52
1.066489860701827151e-52
1.066489860701827151e-52
1.066489860701827151e-52
1.066489860701827151e-52
1.066489860701827151e-52
1.066489860701827151e-52
1.066489860701827151e-52
1.066489860701827151e-52
1.066489860701827151e-52
1.066489860701827151e-52
1.066489860701827151e-52
1.066489860701827151e-52
1.066489860701827151e-52
1.066489860701827151e-52
1.066489860701827151e-52
1.066489860701827151e-52
1.066489860701827151e-52
1.066489860701827151e-52
1.066489860701827151e-52
1.066489860701827151e-52
1.066489860701827151e-52
1.066489860701827151e-52
1.066489860701827151e-52
1.066489860701827151e-52
1.066489860701827151e-52
1.066489860701827151e-52
1.066489860701827151e-52
1.066489860701827151e-52
1.066489860701827151e-52
1.066489860701827151e-52
1.066489860701827151e-52
1.066489860701827151e-52
1.066489860701827151e-52
1.066489860701827151e-52
1.066489860701827151e-52
1.066489860701827151e-52
1.066489860701827151e-52
1.066489860701827151e-52
1.066489860701827151e-52
1.066489860701827151e-52
1.066489860701827151e-52
1.066489860701827151e-52
1.066489860701827151e-52
1.066489860701827151e-52
1.066489860701827151e-52
1.066489860701827151e-52
1.066489860701827151e-52
1.066489860701827151e-52
1.066489860701827151e-52
1.066489860701827151e-52
1.066489860701827151e-52
1.066489860701827151e-52
1.066489860701827151e-52
1.066489860701827151e-52
1.066489860701827151e-52
1.066489860701827151e-52
1.066489860701827151e-52
1.066489860701827151e-52
1.066489860701827151e-52
1.066489860701827151e-52
1.066489860701827151e-52
1.066489860701827151e-52
1.066489860701827151e-52
1.066489860701827151e-52
1.066489860701827151e-52
1.066489860701827151e-52
1.066489860701827151e-52
1.066489860701827151e-52
1.066489860701827151e-52
