1.000000000000056399e+00
1.000000000000035305e+00
1.000000000000033973e+00
1.000000000000033973e+00
1.000000000000033973e+00
1.000000000000033973e+00
1.000000000000033973e+00
1.000000000000033973e+00
1.000000000000033973e+00
1.000000000000033973e+00
1.000000000000033973e+00
1.000000000000033973e+00
1.000000000000033973e+00
1.000000000000034195e+00
1.000000000000034195e+00
1.000000000000034195e+00
1.000000000000033529e+00
1.000000000000033529e+00
1.000000000000033529e+00
1.000000000000033529e+00
1.000000000000033085e+00
1.000000000000033085e+00
1.000000000000033085e+00
1.000000000000033085e+00
1.000000000000033085e+00
1.000000000000033085e+00
1.000000000000032863e+00
1.000000000000032863e+00
1.000000000000033085e+00
1.000000000000033085e+00
1.000000000000033085e+00
1.000000000000033085e+00
1.000000000000033085e+00
1.000000000000033085e+00
1.000000000000033085e+00
1.000000000000033085e+00
1.000000000000033085e+00
1.000000000000033085e+00
1.000000000000032863e+00
1.000000000000032863e+00
1.000000000000032863e+00
1.000000000000032863e+00
1.000000000000032863e+00
1.000000000000032863e+00
1.000000000000032863e+00
1.000000000000032863e+00
1.000000000000032863e+00
1.000000000000032863e+00
1.000000000000032863e+00
1.000000000000032863e+00
1.000000000000032863e+00
1.000000000000032863e+00
1.000000000000032863e+00
1.000000000000032863e+00
1.000000000000032863e+00
1.000000000000032863e+00
1.000000000000032863e+00
1.000000000000032863e+00
1.000000000000032863e+00
1.000000000000032863e+00
1.000000000000032863e+00
1.000000000000032863e+00
1.000000000000031308e+00
1.000000000000031308e+00
1.000000000000031086e+00
1.000000000000025091e+00
1.000000000000025091e+00
1.000000000000025091e+00
1.000000000000025091e+00
1.000000000000025091e+00
1.000000000000025091e+00
1.000000000000025091e+00
1.000000000000025091e+00
1.000000000000025091e+00
1.000000000000025091e+00
1.000000000000025091e+00
1.000000000000025313e+00
1.000000000000025091e+00
1.000000000000025091e+00
1.000000000000025091e+00
1.000000000000025313e+00
1.000000000000025313e+00
1.000000000000025313e+00
1.000000000000025091e+00
1.000000000000025091e+00
1.000000000000025313e+00
1.000000000000025313e+00
1.000000000000025313e+00
1.000000000000025313e+00
1.000000000000025091e+00
1.000000000000025091e+00
1.000000000000025091e+00
1.000000000000025091e+00
1.000000000000025091e+00
1.000000000000025091e+00
1.000000000000025091e+00
1.000000000000025091e+00
1.000000000000025091e+00
1.000000000000025091e+00
1.000000000000025091e+00
1.000000000000025091e+00
1.000000000000025313e+00
1.000000000000025313e+00
1.000000000000025091e+00
1.000000000000025091e+00
1.000000000000025091e+00
1.000000000000025091e+00
1.000000000000025091e+00
1.000000000000025091e+00
1.000000000000025091e+00
1.000000000000025091e+00
1.000000000000025091e+00
1.000000000000025091e+00
1.000000000000025091e+00
1.000000000000025091e+00
1.000000000000025091e+00
1.000000000000025091e+00
1.000000000000025091e+00
1.000000000000025091e+00
1.000000000000025091e+00
1.000000000000025091e+00
1.000000000000025091e+00
1.000000000000025091e+00
1.000000000000025091e+00
1.000000000000025091e+00
1.000000000000025091e+00
1.000000000000025091e+00
1.000000000000025091e+00
1.000000000000025091e+00
1.000000000000025091e+00
1.000000000000012657e+00
1.000000000000012657e+00
1.000000000000012657e+00
1.000000000000012657e+00
1.000000000000012657e+00
1.000000000000012657e+00
1.000000000000012657e+00
1.000000000000012657e+00
1.000000000000012657e+00
1.000000000000012657e+00
1.000000000000012657e+00
1.000000000000012657e+00
1.000000000000012657e+00
1.000000000000012657e+00
1.000000000000012657e+00
1.000000000000012657e+00
1.000000000000012657e+00
1.000000000000012657e+00
1.000000000000012657e+00
1.000000000000012657e+00
1.000000000000012657e+00
1.000000000000012657e+00
1.000000000000012657e+00
1.000000000000012657e+00
1.000000000000012657e+00
1.000000000000012657e+00
1.000000000000012657e+00
1.000000000000012657e+00
1.000000000000012657e+00
1.000000000000012657e+00
1.000000000000012657e+00
1.000000000000012657e+00
1.000000000000012657e+00
1.000000000000012657e+00
1.000000000000012657e+00
1.000000000000012657e+00
1.000000000000012657e+00
1.000000000000012657e+00
1.000000000000012657e+00
1.000000000000010880e+00
1.000000000000010880e+00
1.000000000000010880e+00
1.000000000000010880e+00
1.000000000000010880e+00
1.000000000000010880e+00
1.000000000000010880e+00
1.000000000000010880e+00
1.000000000000010880e+00
1.000000000000010658e+00
1.000000000000010658e+00
1.000000000000010658e+00
1.000000000000010658e+00
1.000000000000007105e+00
1.000000000000007105e+00
1.000000000000007105e+00
1.000000000000007105e+00
1.000000000000007105e+00
1.000000000000007105e+00
1.000000000000007327e+00
1.000000000000007327e+00
1.000000000000007327e+00
1.000000000000007327e+00
1.000000000000007327e+00
1.000000000000007327e+00
1.000000000000007327e+00
1.000000000000007105e+00
1.000000000000007105e+00
1.000000000000007105e+00
1.000000000000007105e+00
1.000000000000007105e+00
1.000000000000007105e+00
1.000000000000007105e+00
1.000000000000007105e+00
1.000000000000007105e+00
1.000000000000007105e+00
1.000000000000007105e+00
1.000000000000007105e+00
1.000000000000007327e+00
1.000000000000007327e+00
9.999999999999982236e-01
9.999999999999982236e-01
9.999999999999982236e-01
9.999999999999982236e-01
9.999999999999980016e-01
9.999999999999980016e-01
9.999999999999978906e-01
9.999999999999980016e-01
9.999999999999734657e-01
9.999999999999735767e-01
9.999999999999735767e-01
9.999999999999735767e-01
9.999999999994547695e-01
9.999999999994548805e-01
9.999999999963570252e-01
9.999999999963564701e-01
9.999999999963553599e-01
9.999999999871589385e-01
9.999999999871589385e-01
9.999999999871589385e-01
9.999999999871589385e-01
9.999999999871589385e-01
9.999999999871589385e-01
9.999999999871589385e-01
9.999999999770877723e-01
9.999999999770877723e-01
9.999999999770877723e-01
9.999999995756200244e-01
9.999999995729080826e-01
9.999999984838319200e-01
9.999999984838311429e-01
9.999999984838311429e-01
9.999999984836834832e-01
9.999999957923721983e-01
9.999999957923721983e-01
9.999999957923720872e-01
9.999999946102349213e-01
9.999999946102349213e-01
9.999998949199353504e-01
9.999998949199353504e-01
9.999998942936174640e-01
9.999998942936174640e-01
9.999998942936174640e-01
9.999997342097198816e-01
9.999997342097198816e-01
9.999997342094308905e-01
9.999997342094308905e-01
9.999997342094307795e-01
9.999997342094302244e-01
9.999994830904088694e-01
9.999994830872336316e-01
9.999994830872336316e-01
9.999984114175367589e-01
9.999984114175366479e-01
9.999902549096189031e-01
9.999902545990640990e-01
9.999902509782522264e-01
9.999806022161655816e-01
9.999806022160420138e-01
9.999806022160420138e-01
9.999806022160420138e-01
9.999806022160420138e-01
9.999806022160420138e-01
9.999806022160406815e-01
9.999735582702858894e-01
9.999735582702858894e-01
9.999735582411481971e-01
9.998804274257623304e-01
9.998800711649159512e-01
9.996145815547361480e-01
9.996145815041668214e-01
9.996145815041668214e-01
9.996145516035971346e-01
9.996145516035971346e-01
9.994017826171269769e-01
9.994017826171234242e-01
9.993438807251743272e-01
9.993438807251743272e-01
9.967041053765393066e-01
9.967041053765393066e-01
9.966920853941495517e-01
9.966920853941491076e-01
9.966920853941491076e-01
9.930978836871559023e-01
9.930978836871559023e-01
9.930978812477678774e-01
9.930978812477678774e-01
9.930978812451741744e-01
9.930978812443487236e-01
9.914979254903012462e-01
9.914978790505099004e-01
9.914978790505099004e-01
9.896347808491728903e-01
9.896347808491728903e-01
9.633100905813029025e-01
9.633094095780175836e-01
9.632935459489793129e-01
9.427111644341701346e-01
9.427111643806591612e-01
9.427111643806591612e-01
9.427111643806592722e-01
9.427111643806592722e-01
9.427111643806592722e-01
9.427111643806592722e-01
9.427111643789836126e-01
9.386884418278578224e-01
9.386884418278566011e-01
9.386884418278566011e-01
9.386884111940858588e-01
9.155061303243459125e-01
9.153826357973603445e-01
8.117346770289890490e-01
8.117346718538486217e-01
8.117346718538486217e-01
8.117259433616764719e-01
8.117259433616764719e-01
7.657887193265117132e-01
7.657887193264204528e-01
7.624631948053802732e-01
7.624631948053802732e-01
6.611006468830197269e-01
6.611006468830197269e-01
6.602744176254832231e-01
6.602744176254093933e-01
6.602744176254093933e-01
4.986331266678639129e-01
4.986331266678639129e-01
4.986330797840566875e-01
4.986330797840566875e-01
4.986330795902655377e-01
4.986330795854941877e-01
4.616405710911061777e-01
4.616405710911061777e-01
4.616396615419859351e-01
4.616396615419859351e-01
4.616396615419859351e-01
4.501466039846517275e-01
4.501466039846516165e-01
2.985546153686950421e-01
2.985513385077418480e-01
2.983999018322539554e-01
1.963575373627222675e-01
1.963575373070096108e-01
1.963575373070096108e-01
1.963575373070093888e-01
1.963575373070093888e-01
1.963575373070093888e-01
1.963575373070093888e-01
1.963575372977251210e-01
1.855560272605292771e-01
1.855560272605284722e-01
1.855560272605284722e-01
1.855559633743014136e-01
1.623316424816584058e-01
1.622627269396017258e-01
7.685290542807862724e-02
7.685290381847187380e-02
7.685290381847187380e-02
7.684604302973691015e-02
7.684604302973691015e-02
5.018308175911227048e-02
5.018308175909879515e-02
4.895807204637919047e-02
4.895807204637919047e-02
3.134016094702609528e-02
3.134016094702609528e-02
3.125707072919205881e-02
3.125707072915309692e-02
3.125707072915309692e-02
1.210676287734471432e-02
1.210676287734471432e-02
1.210675934963665983e-02
1.210675934963665983e-02
1.210675929897585268e-02
1.210675929876066023e-02
9.091861481384288027e-03
9.091861481384288027e-03
9.091797127779780233e-03
9.091797127779780233e-03
9.091797127779780233e-03
8.807851136957067437e-03
8.807851136957067437e-03
3.431245048974418572e-03
3.431207632528654374e-03
3.423626213900758143e-03
1.463232078646162357e-03
1.463232077946534718e-03
1.463232077946534718e-03
1.463232077946522575e-03
1.463232077946522575e-03
1.463232077946522575e-03
1.463232077946522575e-03
1.463232077647784977e-03
1.289720831414246970e-03
1.289720831414243500e-03
1.289720831414243500e-03
1.289719908530752952e-03
1.121493138778636468e-03
1.121154613306244840e-03
2.892347892309024495e-04
2.892347837577469378e-04
2.892347837577469378e-04
2.892347837577469378e-04
2.891625173885571079e-04
1.676574334429076078e-04
1.676574334429076078e-04
1.676574334428828879e-04
1.613202699729908288e-04
1.613202699729908017e-04
1.071873357874646897e-04
1.071873357874646897e-04
1.069934971978804523e-04
1.069934971974416892e-04
1.069934971974416892e-04
1.069934971974416892e-04
2.573788749111217695e-05
2.573788749111217695e-05
2.573788109414991543e-05
2.573788109414991543e-05
2.573788090386185980e-05
2.573788090366774695e-05
1.969703508828329680e-05
1.969703508828329680e-05
1.969669714900540699e-05
1.969669714900540699e-05
1.969669714900540699e-05
1.938333478472783038e-05
1.938333478472783038e-05
8.608509109819268630e-06
8.608509109819268630e-06
8.608428588307960399e-06
8.575825272759920160e-06
2.699602828763946686e-06
2.699602828221489423e-06
2.699602828221489423e-06
2.699602828221434365e-06
2.699602828221434365e-06
2.699602828221434365e-06
2.699602828221434365e-06
2.699602827414445324e-06
2.426794287724147446e-06
2.426794287724145752e-06
2.426794287724145752e-06
2.426790519478259172e-06
2.261703630099622214e-06
2.261230878374538952e-06
6.939348562611527052e-07
6.939348493151157724e-07
6.939348493151157724e-07
6.939348493151157724e-07
6.936408546019947697e-07
3.265425193160144831e-07
3.265425193160144831e-07
3.265425193159998718e-07
3.155060446853936967e-07
3.155060446853935908e-07
3.155060446853935908e-07
2.501032502184750822e-07
2.497314785949771856e-07
2.497314785930639500e-07
2.497314785930639500e-07
6.435931643282356141e-08
6.435931643282356141e-08
6.435931643282356141e-08
6.435931643282356141e-08
6.435930761567556187e-08
6.435930620451626300e-08
6.435930620432752023e-08
4.309920362363524974e-08
4.309920362363524974e-08
4.309805845689604872e-08
4.309805845689604872e-08
4.309805845689604872e-08
4.256699231976524495e-08
4.256699231976524495e-08
2.461521448483936386e-08
2.461521448483936386e-08
2.449320873564586127e-08
2.449306550426735436e-08
7.143358694758249961e-09
7.143358694167782797e-09
7.143358694167782797e-09
7.143358694167471777e-09
7.143358694167471777e-09
7.143358694167471777e-09
7.143358694167471777e-09
7.143358687478683376e-09
5.996590247968297950e-09
5.996590247968295468e-09
5.996590247968295468e-09
5.996573968634777491e-09
5.637890057133292384e-09
5.637244511316223331e-09
2.260320463974848401e-09
2.260320452518869651e-09
2.260320452518869651e-09
2.260320452518869651e-09
2.258891476109204428e-09
9.294947261835011926e-10
9.294947261835011926e-10
9.294947261835011926e-10
9.294947261834779281e-10
8.735744320847208598e-10
8.735744320847208598e-10
8.735744320847200326e-10
8.735744320847200326e-10
6.958544974879666496e-10
6.952217681873840585e-10
6.952217681698307689e-10
6.952217681698307689e-10
2.222895534414925650e-10
2.222895534414925650e-10
2.222895534414925650e-10
2.222895534414925650e-10
2.222895370908196231e-10
2.222895251798465323e-10
1.334598267391044244e-10
1.334598267389457867e-10
1.334598267389457867e-10
1.334547952088797492e-10
1.334547952088797492e-10
1.334547952088797492e-10
1.323314641303184430e-10
1.323314641303184430e-10
7.352857575250777622e-11
7.352857575250777622e-11
7.283187181857786603e-11
7.283167494687406632e-11
2.497399929039836575e-11
2.497399928898764475e-11
2.497399928898764475e-11
2.497399928898314373e-11
2.497399928898314373e-11
2.497399928898314373e-11
2.497399928898314373e-11
2.497399923113697854e-11
1.980189166650039882e-11
1.980189166650039882e-11
1.980189166650039882e-11
1.980181032462443355e-11
1.892804406852277082e-11
1.892691291564430964e-11
6.834434860762195689e-12
6.834434860762195689e-12
6.834434840289692825e-12
6.834434840289692825e-12
6.826040804541834194e-12
3.179673573771896461e-12
3.179673573771896461e-12
3.179673573771896461e-12
3.179673573771862129e-12
2.929095776992403541e-12
2.929095776992403541e-12
2.929095776992394251e-12
2.929095776992394251e-12
2.465221899846545230e-12
2.463986911823123638e-12
2.463986911667117294e-12
2.463986911667117294e-12
2.463986911667117294e-12
6.732635561562862870e-13
6.732635561562862870e-13
6.732635268378145936e-13
6.732635268378145936e-13
6.732634767706584446e-13
6.732634767706584446e-13
4.386374916672615591e-13
4.386374916670463326e-13
4.386025509443008620e-13
4.386025509443008620e-13
4.386025509443008620e-13
4.367086137576421125e-13
4.367086137576421125e-13
2.764128817466164678e-13
2.764128817466164678e-13
2.725834679075498361e-13
2.725829288771292289e-13
7.722280172811933997e-14
7.722280172642597746e-14
7.722280172642597746e-14
7.722280172639552112e-14
7.722280172639552112e-14
7.722280172639552112e-14
7.722280172639552112e-14
7.722280147296258310e-14
6.359468546161313456e-14
6.359468546161313456e-14
6.359468546161313456e-14
6.359468546161313456e-14
6.359468546161313456e-14
6.359414609976801659e-14
6.216157569386576773e-14
6.215919097751375106e-14
2.730084088933731852e-14
2.730084088933731852e-14
2.730084084832508692e-14
2.724855036851692387e-14
2.724855036851692387e-14
1.042115709338434231e-14
1.042115709338434231e-14
1.042115709338434231e-14
1.042115709338430917e-14
9.699565646371367582e-15
9.699565646371367582e-15
9.699565646371298162e-15
9.699565646371298162e-15
8.843011199145591732e-15
8.839904568208168616e-15
8.839904567288069655e-15
8.839904567288069655e-15
8.839904567288069655e-15
2.854581697611475140e-15
2.854581697611475140e-15
2.854581631442909460e-15
2.854581631442909460e-15
2.854581052804477176e-15
2.854581052804477176e-15
1.585900746019081143e-15
1.585900746018822791e-15
1.585722318433752995e-15
1.585722318433752995e-15
1.585722318433752995e-15
1.585722318433752995e-15
1.580877232072715530e-15
1.580877232072715530e-15
1.191914929172534781e-15
1.191914929172534781e-15
1.173059497388533428e-15
1.173058244102022370e-15
3.458068971038530442e-16
3.458068971038530442e-16
3.458068971007291551e-16
3.458068971004492573e-16
3.458068971004492573e-16
3.458068938332255253e-16
3.458068938332255253e-16
3.458068938332255253e-16
2.583551118526675587e-16
2.583551118526675587e-16
2.583551118526675587e-16
2.583551118526675587e-16
2.583551118526675587e-16
2.583516342944995538e-16
2.537086534392277343e-16
2.537036661216354109e-16
1.401591975896052707e-16
1.401591975896052707e-16
1.401591974901634865e-16
1.397937632217534326e-16
1.397937632217534326e-16
4.956736192572168942e-17
4.956736192572168942e-17
4.956736192572168942e-17
4.956736192572160314e-17
4.956736192572160314e-17
4.406711615927546968e-17
4.406711615927482257e-17
4.406711615927482257e-17
4.057677226088595513e-17
4.057677224842263692e-17
4.056855919529029935e-17
4.056855919529029935e-17
4.056855919529029935e-17
1.625460218456618253e-17
1.625460198719498055e-17
1.625460198719498055e-17
1.625460198719498055e-17
1.625459465762007279e-17
1.625459465762007279e-17
8.123531226453221997e-18
8.123531226452479358e-18
8.122289062784625440e-18
8.122289062784625440e-18
8.122289062784625440e-18
8.122289062784625440e-18
8.106312855697786438e-18
8.106312855697786438e-18
6.108358485737436455e-18
6.108358485737436455e-18
5.935882163716924796e-18
5.935879211519441941e-18
2.059818869407475615e-18
2.059818869407475615e-18
2.059818869395354968e-18
2.059818869388971280e-18
2.059818869388971280e-18
2.059818824101976256e-18
2.059818824101976256e-18
2.059818824101976256e-18
1.427419759197648032e-18
1.427419759197648032e-18
1.427419759197648032e-18
1.427419759197648032e-18
1.427419759197648032e-18
1.427391592389170276e-18
1.409499786079321964e-18
1.409485625044288858e-18
7.498320941131372961e-19
7.498320941131372961e-19
7.498320938019090394e-19
7.461513183831081639e-19
2.972334823669563909e-19
2.972334823669563909e-19
2.972334823669563909e-19
2.972334823669563909e-19
2.972334823669563909e-19
2.972334823669561502e-19
2.972334823669561502e-19
2.552542157217875105e-19
2.552542157217735957e-19
2.552542157217735957e-19
2.552542155290972566e-19
2.402273921623763896e-19
2.402009072188321457e-19
2.402009072188321457e-19
2.402009072188321457e-19
8.794821671729920547e-20
8.794821608545445750e-20
8.794821608545445750e-20
8.794815915079024640e-20
8.794815915079024640e-20
8.794815915079024640e-20
4.774937175353250079e-20
4.774937175353063504e-20
4.773423608258854375e-20
4.773423608258854375e-20
4.773423608258854375e-20
4.773423608258854375e-20
4.773423608258854375e-20
4.768342790068493597e-20
3.840647683379145405e-20
3.840647683379145405e-20
3.692420501281216349e-20
3.692419252108649667e-20
3.692419252108649667e-20
1.122989544996816051e-20
1.122989544996815901e-20
1.122989544989402725e-20
1.122989544986784063e-20
1.122989544986784063e-20
1.122989509270724703e-20
1.122989509270724703e-20
1.122989509270724703e-20
8.164389600837980402e-21
8.164389600837980402e-21
8.164389600837980402e-21
8.164389600837980402e-21
8.164389600837980402e-21
8.164064572321078845e-21
8.109897896111180245e-21
8.109846630922795643e-21
4.958705685857583219e-21
4.958705685857583219e-21
4.958705684868232255e-21
4.923413740604757881e-21
1.670103401482340568e-21
1.670103401482340568e-21
1.670103401482340568e-21
1.670103401482340568e-21
1.670103401482340568e-21
1.670103401482340192e-21
1.670103401482340192e-21
1.670103401482107350e-21
1.460329861530911529e-21
1.460329861530911529e-21
1.460329859857583283e-21
1.413785138016081548e-21
1.413684823660586981e-21
1.413684823660586981e-21
1.413684823660586981e-21
6.202764153469430359e-22
6.202754164025246700e-22
6.202754141180393262e-22
6.202754141180393262e-22
6.202754141180393262e-22
6.202754141180393262e-22
2.870868866277632140e-22
2.870868866277594994e-22
2.869666764064305523e-22
2.869666764064305523e-22
2.869666764064305523e-22
2.869666764064305523e-22
2.869666764064305523e-22
2.867658040210710098e-22
2.529609885723341182e-22
2.529609885723341182e-22
2.429743707223172310e-22
2.429743314049807464e-22
2.429743314049807464e-22
8.406856068785929652e-23
8.406856068785923774e-23
8.406856068675690616e-23
8.406856068667632602e-23
8.406856068667632602e-23
8.406855362630041017e-23
8.406855362630041017e-23
8.406855362630041017e-23
5.425784172435947683e-23
5.425784172435947683e-23
5.425784172435947683e-23
5.425784172435947683e-23
5.425784172435947683e-23
5.425468756501133355e-23
5.425468756501133355e-23
5.399262362514038756e-23
5.399245845748123272e-23
3.886557688764359109e-23
3.886557688764359109e-23
3.852907553646788261e-23
3.852907553318812994e-23
1.322289549149897013e-23
1.322289549149897013e-23
1.322289549149897013e-23
1.322289549149897013e-23
1.322289549149897013e-23
1.322289549149896866e-23
1.322289549149896866e-23
1.322289549149509247e-23
1.081796695552275587e-23
1.081796695552275587e-23
1.081796692313215303e-23
1.053695670963212586e-23
1.053655166421204089e-23
1.053655166421204089e-23
5.613372574902717809e-24
5.613372574902717809e-24
5.613354598186278308e-24
5.613354587912891146e-24
5.613354587912891146e-24
5.613354587912891146e-24
5.613354587912891146e-24
2.421019344231658011e-24
2.421019344231658011e-24
2.421019344231658011e-24
2.419690583290502474e-24
2.419690583290486678e-24
2.419690583290486678e-24
2.419690583290486678e-24
2.419690583290486678e-24
2.418652200186403897e-24
2.153257499874919603e-24
2.015428276037672946e-24
2.015428276037672946e-24
2.015428127496328937e-24
2.015428127496328937e-24
8.251929118288928472e-25
8.251929118288913779e-25
8.251929117914283729e-25
8.251929117914283729e-25
8.251929117909490835e-25
8.251927623174949923e-25
8.251927623174949923e-25
8.251927623174949923e-25
4.920471818007882186e-25
4.920471818007882186e-25
4.920471818007882186e-25
4.920471818007882186e-25
4.920068586981830173e-25
4.920068586981830173e-25
4.920068586981830173e-25
4.904377480704750070e-25
3.536984309854858555e-25
3.536980417855801320e-25
3.536980417855801320e-25
3.482870525522154999e-25
3.482870525356722996e-25
1.343947029205014937e-25
1.343947029205014937e-25
1.343947029205014937e-25
1.343947029205014937e-25
1.343947029205014937e-25
1.343947029205014937e-25
1.343947029205014937e-25
1.343947029203603195e-25
1.343947029203603195e-25
1.046959809046725730e-25
1.046959802380495889e-25
1.046959802380495889e-25
1.027679584125792559e-25
1.027658427519499461e-25
5.309799310366560640e-26
5.309774306315530384e-26
5.309774306315530384e-26
5.309774300641339944e-26
5.309774300641339944e-26
5.309774300641339944e-26
5.309774300641339944e-26
2.472612183150363492e-26
2.472612183150363492e-26
2.469904495873760833e-26
2.469904495873760833e-26
2.469904495873753659e-26
2.469904495873753659e-26
2.469904495873753659e-26
2.469904495873753659e-26
2.469904495873753659e-26
2.469310299983632915e-26
2.262378717016553964e-26
2.075183223728709362e-26
2.075183223728709362e-26
2.075183126519224105e-26
7.908409256578559964e-27
7.908409256578559964e-27
7.908409256578509742e-27
7.908409255822436712e-27
7.908409255822436712e-27
7.908409255820564128e-27
7.908407121677585483e-27
7.908407121677585483e-27
7.908407121677585483e-27
7.908407121677585483e-27
4.952248749012210036e-27
4.952248749012210036e-27
4.952248749012210036e-27
4.951450415244154023e-27
4.951450415244154023e-27
4.951450415244154023e-27
4.942711738135071210e-27
4.942711738135071210e-27
3.851841635170848325e-27
3.851838785947166410e-27
3.771724423612240033e-27
3.771724423529674183e-27
1.307495354744868320e-27
1.307495354744868320e-27
1.307495354744868320e-27
1.307495354744868320e-27
1.307495354744868320e-27
1.307495354744868320e-27
1.307495354744868320e-27
1.307495354741931916e-27
1.307495354741931916e-27
1.042758782862289177e-27
1.042758772582595743e-27
1.042758772582595743e-27
1.032168476289799162e-27
1.032155302273123551e-27
6.133198237206301947e-28
6.133133029462446113e-28
6.133133029462446113e-28
6.133133026240719693e-28
6.133133026240719693e-28
6.133133026240719693e-28
6.133133026240719693e-28
6.133133026240719693e-28
2.504030343655157059e-28
2.500545107110806464e-28
2.500545107110804222e-28
2.500545107110804222e-28
2.500545107110804222e-28
2.500545107110804222e-28
2.500545107110804222e-28
2.500169130369496382e-28
2.500169130369496382e-28
2.379183818147669238e-28
2.188217631783387954e-28
2.188217631783387954e-28
2.188217585784348421e-28
9.748076187347429877e-29
9.748076187347263963e-29
9.748076187347263963e-29
9.748076187347263963e-29
9.748076187347263963e-29
9.748076187347263963e-29
9.748076187347263963e-29
9.748076187347263963e-29
9.748076187347263963e-29
9.748076187347263963e-29
9.748076187347263963e-29
9.748076187347263963e-29
9.748076187347263963e-29
9.748076187347263963e-29
9.748076187347263963e-29
9.748076187347263963e-29
9.748076187347263963e-29
9.748076187347263963e-29
9.748076187347263963e-29
9.748076187347263963e-29
9.748076187347263963e-29
9.748076187347263963e-29
9.748076187347263963e-29
9.748076187347263963e-29
9.748076187347263963e-29
9.748076187347263963e-29
9.748076187347263963e-29
9.748076187347263963e-29
9.748076187347263963e-29
9.748076187347263963e-29
9.748076187347263963e-29
9.748076187347263963e-29
9.748076187347263963e-29
9.748076187347263963e-29
9.748076187347263963e-29
9.748076187347263963e-29
9.748076187347263963e-29
9.748076187347263963e-29
9.748076187347263963e-29
9.748076187347263963e-29
9.748076187347263963e-29
9.748076187347263963e-29
9.748076187347263963e-29
9.748076187347263963e-29
9.748076187347263963e-29
9.748076187347263963e-29
9.748076187347263963e-29
9.748076187347263963e-29
9.748076187347263963e-29
9.748076187347263963e-29
9.748076187347263963e-29
9.748076187347263963e-29
9.748076187347263963e-29
9.748076187347263963e-29
9.748076187347263963e-29
9.748076187347263963e-29
9.748076187347263963e-29
9.748076187347263963e-29
9.748076187347263963e-29
9.748076187347263963e-29
9.748076187347263963e-29
9.748076187347263963e-29
9.748076187347263963e-29
9.748076187347263963e-29
9.748076187347263963e-29
9.748076187347263963e-29
9.748076187347263963e-29
9.748076187347263963e-29
9.748076187347263963e-29
9.748076187347263963e-29
9.748076187347263963e-29
9.748076187347263963e-29
9.748076187347263963e-29
9.748076187347263963e-29
9.748076187347263963e-29
9.748076187347263963e-29
9.748076187347263963e-29
9.748076187347263963e-29
9.748076187347263963e-29
9.748076187347263963e-29
9.748076187347263963e-29
9.748076187347263963e-29
9.748076187347263963e-29
9.748076187347263963e-29
9.748076187347263963e-29
9.748076187347263963e-29
9.748076187347263963e-29
9.748076187347263963e-29
9.748076187347263963e-29
9.748076187347263963e-29
9.748076187347263963e-29
9.748076187347263963e-29
9.748076187347263963e-29
9.748076187347263963e-29
9.748076187347263963e-29
9.748076187347263963e-29
9.748076187347263963e-29
9.748076187347263963e-29
9.748076187347263963e-29
9.748076187347263963e-29
9.748076187347263963e-29
9.748076187347263963e-29
9.748076187347263963e-29
9.748076187347263963e-29
9.748076187347263963e-29
9.748076187347263963e-29
9.748076187347263963e-29
9.748076187347263963e-29
9.748076187347263963e-29
9.748076187347263963e-29
9.748076187347263963e-29
9.748076187347263963e-29
9.748076187347263963e-29
9.748076187347263963e-29
9.748076187347263963e-29
9.748076187347263963e-29
9.748076187347263963e-29
9.748076187347263963e-29
9.748076187347263963e-29
9.748076187347263963e-29
9.748076187347263963e-29
9.748076187347263963e-29
9.748076187347263963e-29
9.748076187347263963e-29
9.748076187347263963e-29
9.748076187347263963e-29
9.748076187347263963e-29
9.748076187347263963e-29
9.748076187347263963e-29
9.748076187347263963e-29
9.748076187347263963e-29
9.748076187347263963e-29
9.748076187347263963e-29
9.748076187347263963e-29
9.748076187347263963e-29
9.748076187347263963e-29
9.748076187347263963e-29
9.748076187347263963e-29
9.748076187347263963e-29
9.748076187347263963e-29
9.748076187347263963e-29
9.748076187347263963e-29
9.748076187347263963e-29
9.748076187347263963e-29
9.748076187347263963e-29
9.748076187347263963e-29
9.748076187347263963e-29
9.748076187347263963e-29
9.748076187347263963e-29
9.748076187347263963e-29
9.748076187347263963e-29
9.748076187347263963e-29
9.748076187347263963e-29
9.748076187347263963e-29
9.748076187347263963e-29
9.748076187347263963e-29
9.748076187347263963e-29
9.748076187347263963e-29
9.748076187347263963e-29
9.748076187347263963e-29
9.748076187347263963e-29
9.748076187347263963e-29
9.748076187347263963e-29
9.748076187347263963e-29
9.748076187347263963e-29
9.748076187347263963e-29
9.748076187347263963e-29
9.748076187347263963e-29
9.748076187347263963e-29
9.748076187347263963e-29
9.748076187347263963e-29
9.748076187347263963e-29
9.748076187347263963e-29
9.748076187347263963e-29
9.748076187347263963e-29
9.748076187347263963e-29
9.748076187347263963e-29
9.748076187347263963e-29
9.748076187347263963e-29
9.748076187347263963e-29
9.748076187347263963e-29
9.748076187347263963e-29
9.748076187347263963e-29
9.748076187347263963e-29
9.748076187347263963e-29
9.748076187347263963e-29
9.748076187347263963e-29
9.748076187347263963e-29
9.748076187347263963e-29
9.748076187347263963e-29
9.748076187347263963e-29
9.748076187347263963e-29
9.748076187347263963e-29
9.748076187347263963e-29
9.748076187347263963e-29
9.748076187347263963e-29
9.748076187347263963e-29
9.748076187347263963e-29
9.748076187347263963e-29
9.748076187347263963e-29
9.748076187347263963e-29
9.748076187347263963e-29
9.748076187347263963e-29
9.748076187347263963e-29
9.748076187347263963e-29
9.748076187347263963e-29
9.748076187347263963e-29
9.748076187347263963e-29
9.748076187347263963e-29
9.748076187347263963e-29
9.748076187347263963e-29
9.748076187347263963e-29
9.748076187347263963e-29
9.748076187347263963e-29
9.748076187347263963e-29
9.748076187347263963e-29
9.748076187347263963e-29
9.748076187347263963e-29
9.748076187347263963e-29
9.748076187347263963e-29
9.748076187347263963e-29
9.748076187347263963e-29
9.748076187347263963e-29
9.748076187347263963e-29
9.748076187347263963e-29
9.748076187347263963e-29
9.748076187347263963e-29
9.748076187347263963e-29
9.748076187347263963e-29
9.748076187347263963e-29
9.748076187347263963e-29
9.748076187347263963e-29
9.748076187347263963e-29
9.748076187347263963e-29
9.748076187347263963e-29
9.748076187347263963e-29
9.748076187347263963e-29
9.748076187347263963e-29
9.748076187347263963e-29
9.748076187347263963e-29
9.748076187347263963e-29
9.748076187347263963e-29
9.748076187347263963e-29
9.748076187347263963e-29
9.748076187347263963e-29
9.748076187347263963e-29
9.748076187347263963e-29
9.748076187347263963e-29
9.748076187347263963e-29
9.748076187347263963e-29
9.748076187347263963e-29
9.748076187347263963e-29
9.748076187347263963e-29
9.748076187347263963e-29
9.748076187347263963e-29
9.748076187347263963e-29
9.748076187347263963e-29
9.748076187347263963e-29
9.748076187347263963e-29
9.748076187347263963e-29
9.748076187347263963e-29
9.748076187347263963e-29
9.748076187347263963e-29
9.748076187347263963e-29
9.748076187347263963e-29
9.748076187347263963e-29
9.748076187347263963e-29
9.748076187347263963e-29
9.748076187347263963e-29
9.748076187347263963e-29
9.748076187347263963e-29
9.748076187347263963e-29
9.748076187347263963e-29
9.748076187347263963e-29
9.748076187347263963e-29
9.748076187347263963e-29
9.748076187347263963e-29
9.748076187347263963e-29
9.748076187347263963e-29
9.748076187347263963e-29
9.748076187347263963e-29
9.748076187347263963e-29
9.748076187347263963e-29
9.748076187347263963e-29
9.748076187347263963e-29
9.748076187347263963e-29
9.748076187347263963e-29
9.748076187347263963e-29
9.748076187347263963e-29
9.748076187347263963e-29
9.748076187347263963e-29
9.748076187347263963e-29
9.748076187347263963e-29
9.748076187347263963e-29
9.748076187347262842e-29
9.748076187347256116e-29
9.748076187347243785e-29
9.748076187347239301e-29
9.748076187347239301e-29
9.748076187347239301e-29
9.748076187347239301e-29
9.748076187347239301e-29
9.748076187347239301e-29
9.748076187347239301e-29
9.748076187347239301e-29
9.748076187347239301e-29
9.748076187347239301e-29
9.748076187347239301e-29
9.748076187347239301e-29
9.748076187347239301e-29
9.748076187347239301e-29
9.748076187347239301e-29
9.748076187347239301e-29
9.748076187347239301e-29
9.748076187347239301e-29
9.748076187347239301e-29
9.748076187347239301e-29
9.748076187347239301e-29
9.748076187347239301e-29
9.748076187347239301e-29
9.748076187347239301e-29
9.748076187347239301e-29
9.748076187347239301e-29
9.748076187347239301e-29
9.748076187347239301e-29
9.748076187347239301e-29
9.748076187347239301e-29
9.748076187347239301e-29
9.748076187347239301e-29
9.748076187347233695e-29
9.748076187347200064e-29
9.748076187346973614e-29
9.748076187345761771e-29
9.748076187340432353e-29
9.748076187322829802e-29
9.748076187290889166e-29
9.748076187275615012e-29
9.748076187275141934e-29
9.748076187275141934e-29
9.748076187275141934e-29
9.748076187275141934e-29
9.748076187275141934e-29
9.748076187275141934e-29
9.748076187275141934e-29
9.748076187275141934e-29
9.748076187275141934e-29
9.748076187275141934e-29
9.748076187275141934e-29
9.748076187275141934e-29
9.748076187275141934e-29
9.748076187275141934e-29
9.748076187275141934e-29
9.748076187275141934e-29
9.748076187275141934e-29
9.748076187275141934e-29
9.748076187275141934e-29
9.748076187275141934e-29
9.748076187275141934e-29
9.748076187275141934e-29
9.748076187275141934e-29
9.748076187275141934e-29
9.748076187275141934e-29
9.748076187275141934e-29
9.748076187275141934e-29
9.748076187275136329e-29
9.748076187275052251e-29
9.748076187274102731e-29
9.748076187265586200e-29
9.748076187201258753e-29
9.748076186775609300e-29
9.748076184498323292e-29
9.748076174493653133e-29
9.748076141435813880e-29
9.748076081450011249e-29
9.748076052767493275e-29
9.748076051877642966e-29
9.748076051877451269e-29
9.748076051877451269e-29
9.748076051877451269e-29
9.748076051877451269e-29
9.748076051877451269e-29
9.748076051877451269e-29
9.748076051877451269e-29
9.748076051877451269e-29
9.748076051877451269e-29
9.748076051877451269e-29
9.748076051877451269e-29
9.748076051877451269e-29
9.748076051877451269e-29
9.748076051877451269e-29
9.748076051877451269e-29
9.748076051877451269e-29
9.748076051877451269e-29
9.748076051877451269e-29
9.748076051877451269e-29
9.748076051877451269e-29
9.748076051877451269e-29
9.748076051877451269e-29
9.748076051877451269e-29
9.748076051877450148e-29
9.748076051877422122e-29
9.748076051876861602e-29
9.748076051868482958e-29
9.748076051764092949e-29
9.748076050581019255e-29
9.748076039974351276e-29
9.748075959850662176e-29
9.748075429692576885e-29
9.748072593275573243e-29
9.748060132217154518e-29
9.748018958108021586e-29
9.747944245645248827e-29
9.747908521903435146e-29
9.747907413607437413e-29
9.747907413370576494e-29
9.747907413370576494e-29
9.747907413370576494e-29
9.747907413370576494e-29
9.747907413370576494e-29
9.747907413370576494e-29
9.747907413370576494e-29
9.747907413370576494e-29
9.747907413370576494e-29
9.747907413370576494e-29
9.747907413370576494e-29
9.747907413370576494e-29
9.747907413370576494e-29
9.747907413370576494e-29
9.747907413370576494e-29
9.747907413370576494e-29
9.747907413370576494e-29
9.747907413370576494e-29
9.747907413370576494e-29
9.747907413370576494e-29
9.747907413370575373e-29
9.747907413370530531e-29
9.747907413369374741e-29
9.747907413345736517e-29
9.747907412880591747e-29
9.747907405916659662e-29
9.747907319135352232e-29
9.747906335639215455e-29
9.747897518259175036e-29
9.747830911521717317e-29
9.747390214577609255e-29
9.745033102613305322e-29
9.734691220720903533e-29
9.700674702023317226e-29
9.639552560159335414e-29
9.610598074954564317e-29
9.609702567135699329e-29
9.609702375769335246e-29
9.609702375769335246e-29
9.609702375769335246e-29
9.609702375769335246e-29
9.609702375769335246e-29
9.609702375769335246e-29
9.609702375769335246e-29
9.609702375769335246e-29
9.609702375769335246e-29
9.609702375769335246e-29
9.609702375769335246e-29
9.609702375769335246e-29
9.609702375769335246e-29
9.609702375769335246e-29
9.609702375769335246e-29
9.609702375769335246e-29
9.609702375769335246e-29
9.609702375769335246e-29
9.609702375769315067e-29
9.609702375768598723e-29
9.609702375743657853e-29
9.609702375116452355e-29
9.609702362291653342e-29
9.609702109921436567e-29
9.609698331549564915e-29
9.609651247466947838e-29
9.609117673797257911e-29
9.604336643721958000e-29
9.568373467258672439e-29
9.337036932299072947e-29
8.267610404066267947e-29
5.500062977243127744e-29
2.611516019865151242e-29
1.337192489407095394e-29
1.084220029489789048e-29
1.077893643437490268e-29
1.077892299279459813e-29
1.077892299279457711e-29
1.077892299279457711e-29
1.077892299279457711e-29
1.077892299279457711e-29
1.077892299279457711e-29
1.077892299279457711e-29
1.077892299279457711e-29
1.077892299279457711e-29
1.077892299279457711e-29
1.077892299279457711e-29
1.077892299279457711e-29
1.077892299279457711e-29
1.077892299279457711e-29
1.077892299279457711e-29
1.077892299279457711e-29
1.077892299279457711e-29
1.077892299279455188e-29
1.077892299279353174e-29
1.077892299275958809e-29
1.077892299157618032e-29
1.077892296181650776e-29
1.077892235330550407e-29
1.077891037885888535e-29
1.077873110600756625e-29
1.077649759028798559e-29
1.075124959852284779e-29
1.053006863609720519e-29
9.113730516834109470e-30
4.822130798962334643e-30
1.370177981016631285e-30
3.305669790004757018e-31
9.425744946353895799e-32
4.103204698250301304e-32
3.230856688830486266e-32
3.209686260820162085e-32
3.209681766017632272e-32
3.209681766017625157e-32
3.209681766017625157e-32
3.209681766017625157e-32
3.209681766017625157e-32
3.209681766017625157e-32
3.209681766017625157e-32
3.209681766017625157e-32
3.209681766017625157e-32
3.209681766017625157e-32
3.209681766017625157e-32
3.209681766017625157e-32
3.209681766017625157e-32
3.209681766017625157e-32
3.209681766017625157e-32
3.209681766017625157e-32
3.209681766017619683e-32
3.209681766017387593e-32
3.209681766009676619e-32
3.209681765740837509e-32
3.209681758980233656e-32
3.209681620742753219e-32
3.209678900466896627e-32
3.209638174270835498e-32
3.209130749826735138e-32
3.203391279475951540e-32
3.152837534334329630e-32
2.817011799398052248e-32
1.652414373946765317e-32
5.144773230222110606e-33
1.278073081139032373e-33
3.669043618066444140e-34
1.599652112446473143e-34
1.259879970125091736e-34
1.251632145889015361e-34
1.251630394740321184e-34
1.251630394740318190e-34
1.251630394740318190e-34
1.251630394740318190e-34
1.251630394740318190e-34
1.251630394740318190e-34
1.251630394740318190e-34
1.251630394740318190e-34
1.251630394740318190e-34
1.251630394740318190e-34
1.251630394740318190e-34
1.251630394740318190e-34
1.251630394740318190e-34
1.251630394740318190e-34
1.251630394740318190e-34
1.251630394740316907e-34
1.251630394740255113e-34
1.251630394738202857e-34
1.251630394666658505e-34
1.251630392867497418e-34
1.251630356079145286e-34
1.251629632147443056e-34
1.251618793867532802e-34
1.251483747952169203e-34
1.249955300966604960e-34
1.236417206394297175e-34
1.142907616983660089e-34
7.617245836127940392e-35
2.735706558830851055e-35
7.170118038742116256e-36
2.085415984632610059e-36
9.119337755387119966e-37
7.185887386838170958e-37
7.138930065068145566e-37
7.138920095137653966e-37
7.138920095137638096e-37
7.138920095137638096e-37
7.138920095137638096e-37
7.138920095137638096e-37
7.138920095137638096e-37
7.138920095137638096e-37
7.138920095137638096e-37
7.138920095137638096e-37
7.138920095137638096e-37
7.138920095137638096e-37
7.138920095137638096e-37
7.138920095137638096e-37
7.138920095137638096e-37
7.138920095137638096e-37
7.138920095137633085e-37
7.138920095137391701e-37
7.138920095129369231e-37
7.138920094849657722e-37
7.138920087815665992e-37
7.138919943988077981e-37
7.138917113707182841e-37
7.138874740282165116e-37
7.138346744343700189e-37
7.132368397512133856e-37
7.079214407475727648e-37
6.701917584245651765e-37
4.954661529680815400e-37
2.068896190341205012e-37
5.813502201489295046e-38
1.722129143359272916e-38
7.563009391555511106e-39
5.963739846328501624e-39
5.924870578531361063e-39
5.924862325706469413e-39
5.924862325706455058e-39
5.924862325706455058e-39
5.924862325706455058e-39
5.924862325706455058e-39
5.924862325706455058e-39
5.924862325706455058e-39
5.924862325706455058e-39
5.924862325706455058e-39
5.924862325706455058e-39
5.924862325706455058e-39
5.924862325706455058e-39
5.924862325706455058e-39
5.924862325706455058e-39
5.924862325706451142e-39
5.924862325706314111e-39
5.924862325701729432e-39
5.924862325541924726e-39
5.924862321523225920e-39
5.924862239350874587e-39
5.924860622339358456e-39
5.924836413275332705e-39
5.924534747650972851e-39
5.921118103854257093e-39
5.890661822107992275e-39
5.670336725395242329e-39
4.545424146791302815e-39
2.205029308935775558e-39
6.759663938439257911e-40
2.053795255710402228e-40
9.074547000600753531e-41
7.162877384473659849e-41
7.116367345280029692e-41
7.116357469903994006e-41
7.116357469903978712e-41
7.116357469903978712e-41
7.116357469903978712e-41
7.116357469903978712e-41
7.116357469903978712e-41
7.116357469903978712e-41
7.116357469903978712e-41
7.116357469903978712e-41
7.116357469903978712e-41
7.116357469903978712e-41
7.116357469903978712e-41
7.116357469903978712e-41
7.116357469903978712e-41
7.116357469903975653e-41
7.116357469903861461e-41
7.116357469900056392e-41
7.116357469767424481e-41
7.116357466432062003e-41
7.116357398232223471e-41
7.116356056175780749e-41
7.116335963570504242e-41
7.116085588284430153e-41
7.113249305261148667e-41
7.087921669626860976e-41
6.902269306394148036e-41
5.882728010239005604e-41
3.285937011443183590e-41
1.117933923821556870e-41
3.515427598369740262e-42
1.566613880135453078e-42
1.238361178791999864e-42
1.230363202056616694e-42
1.230361503804207002e-42
1.230361503804204294e-42
1.230361503804204294e-42
1.230361503804204294e-42
1.230361503804204294e-42
1.230361503804204294e-42
1.230361503804204294e-42
1.230361503804204294e-42
1.230361503804204294e-42
1.230361503804204294e-42
1.230361503804204294e-42
1.230361503804204294e-42
1.230361503804204294e-42
1.230361503804203816e-42
1.230361503804190275e-42
1.230361503803734173e-42
1.230361503787839098e-42
1.230361503388116566e-42
1.230361495214787032e-42
1.230361334377599018e-42
1.230358926400545724e-42
1.230328920088968173e-42
1.229988959538994779e-42
1.226949465443842809e-42
1.204465321685405889e-42
1.074213243886673186e-42
6.804981009954503270e-43
2.607082539368741222e-43
8.580614147227846438e-44
3.869766599310435694e-44
3.065132050885693391e-44
3.045486192778216589e-44
3.045482021063982335e-44
3.045482021063975863e-44
3.045482021063975863e-44
3.045482021063975863e-44
3.045482021063975863e-44
3.045482021063975863e-44
3.045482021063975863e-44
3.045482021063975863e-44
3.045482021063975863e-44
3.045482021063975863e-44
3.045482021063975863e-44
3.045482021063975863e-44
3.045482021063975863e-44
3.045482021063974867e-44
3.045482021063951967e-44
3.045482021063167369e-44
3.045482021035831405e-44
3.045482020348401293e-44
3.045482006292167526e-44
3.045481729689434279e-44
3.045477588523660418e-44
3.045425984165745898e-44
3.044841271975260622e-44
3.039609134119850854e-44
3.000658630859946331e-44
2.766121770564615844e-44
1.950478145085005609e-44
8.497215263515194913e-45
2.966122380141361659e-45
1.359883660339175377e-45
1.080186232576981524e-45
1.073337291976485703e-45
1.073335837532199658e-45
1.073335837532197325e-45
1.073335837532197325e-45
1.073335837532197325e-45
1.073335837532197325e-45
1.073335837532197325e-45
1.073335837532197325e-45
1.073335837532197325e-45
1.073335837532197325e-45
1.073335837532197325e-45
1.073335837532197325e-45
1.073335837532197325e-45
1.073335837532197169e-45
1.073335837532191413e-45
1.073335837531999121e-45
1.073335837525297245e-45
1.073335837356761034e-45
1.073335833910620083e-45
1.073335766096433413e-45
1.073334750813941609e-45
1.073322098991761604e-45
1.073178736194021643e-45
1.071895147039740246e-45
1.062297120507417414e-45
1.002878515836689262e-45
7.718874157813071326e-46
3.836632106058561797e-46
1.441322856745924593e-46
6.757624251500969292e-47
5.388972438806148315e-47
5.355322442106698143e-47
5.355315295484791519e-47
5.355315295484779851e-47
5.355315295484779851e-47
5.355315295484779851e-47
5.355315295484779851e-47
5.355315295484779851e-47
5.355315295484779851e-47
5.355315295484779851e-47
5.355315295484779851e-47
5.355315295484779851e-47
5.355315295484779851e-47
5.355315295484779851e-47
5.355315295484760404e-47
5.355315295484093375e-47
5.355315295460836800e-47
5.355315294875996852e-47
5.355315282917450087e-47
5.355315047593615901e-47
5.355311524433422995e-47
5.355267620820928108e-47
5.354770109614626298e-47
5.350313872547310883e-47
5.316889210162604649e-47
5.105832664364577933e-47
4.211425652753799961e-47
2.379900347361527744e-47
9.765714375560497179e-48
4.717787364205692803e-48
3.782825034967478818e-48
3.759709153230222080e-48
3.759704243195203914e-48
3.759704243195196013e-48
3.759704243195196013e-48
3.759704243195196013e-48
3.759704243195196013e-48
3.759704243195196013e-48
3.759704243195196013e-48
3.759704243195196013e-48
3.759704243195196013e-48
3.759704243195196013e-48
3.759704243195196013e-48
3.759704243195196013e-48
3.759704243195186290e-48
3.759704243194861162e-48
3.759704243183530291e-48
3.759704242898584255e-48
3.759704237072148857e-48
3.759704122417822219e-48
3.759702405865617953e-48
3.759681015113304084e-48
3.759438609816198524e-48
3.757266756580042225e-48
3.740941112995624546e-48
3.636393614196602556e-48
3.163403363561361274e-48
2.013066634367497430e-48
9.143857910678391753e-49
4.594102309946243637e-49
3.711152183600288562e-49
3.689155211603923140e-49
3.689150538373310811e-49
3.689150538373302455e-49
3.689150538373302455e-49
3.689150538373302455e-49
3.689150538373302455e-49
3.689150538373302455e-49
3.689150538373302455e-49
3.689150538373302455e-49
3.689150538373302455e-49
3.689150538373302455e-49
3.689150538373302455e-49
3.689150538373302455e-49
3.689150538373296378e-49
3.689150538373075321e-49
3.689150538365396825e-49
3.689150538172298758e-49
3.689150534223936098e-49
3.689150456526876901e-49
3.689149293281835899e-49
3.689134797518874396e-49
3.688970524380981935e-49
3.687498411176007141e-49
3.676415786960317142e-49
3.604730820661305182e-49
3.264208065683061427e-49
2.306844099794870083e-49
1.171518987424145218e-49
6.188524850931014651e-50
5.049504713841055213e-50
5.020835176031461132e-50
5.020829083692688187e-50
5.020829083692679641e-50
5.020829083692679641e-50
5.020829083692679641e-50
5.020829083692679641e-50
5.020829083692679641e-50
5.020829083692679641e-50
5.020829083692679641e-50
5.020829083692679641e-50
5.020829083692679641e-50
5.020829083692679641e-50
5.020829083692679641e-50
5.020829083692672994e-50
5.020829083692467890e-50
5.020829083685312030e-50
5.020829083505379567e-50
5.020829079826205998e-50
5.020829007426330550e-50
5.020827923488196725e-50
5.020814415989141658e-50
5.020661340006424123e-50
5.019289376814774783e-50
5.008949623963292481e-50
4.941593143086613608e-50
4.609933786260001095e-50
3.560188758254501079e-50
2.031583228139611287e-50
1.141912579033949501e-50
9.442025789565624409e-51
9.391578846749127009e-51
9.391568123053455004e-51
9.391568123053437200e-51
9.391568123053437200e-51
9.391568123053437200e-51
9.391568123053437200e-51
9.391568123053437200e-51
9.391568123053437200e-51
9.391568123053437200e-51
9.391568123053437200e-51
9.391568123053437200e-51
9.391568123053437200e-51
9.391568123053437200e-51
9.391568123053428892e-51
9.391568123053170137e-51
9.391568123044133918e-51
9.391568122816902608e-51
9.391568118170588372e-51
9.391568026739040141e-51
9.391566657867210547e-51
9.391549599649765913e-51
9.391356282475891295e-51
9.389623481449819481e-51
9.376554383330799256e-51
9.290987874276766851e-51
8.858488954701471370e-51
7.354450626779831941e-51
4.711339881219205704e-51
2.851663424150743703e-51
2.398897741172562481e-51
2.387139199959029423e-51
2.387136699292982849e-51
2.387136699292978695e-51
2.387136699292978695e-51
2.387136699292978695e-51
2.387136699292978695e-51
2.387136699292978695e-51
2.387136699292978695e-51
2.387136699292978695e-51
2.387136699292978695e-51
2.387136699292978695e-51
2.387136699292978695e-51
2.387136699292977508e-51
2.387136699292933888e-51
2.387136699291416971e-51
2.387136699253261109e-51
2.387136698473076183e-51
2.387136683120357681e-51
2.387136453266385175e-51
2.387133588935650052e-51
2.387101127833881689e-51
2.386810142068211808e-51
2.384614300344321308e-51
2.370186168651719894e-51
2.295866556067209565e-51
2.017892346422238014e-51
1.441285733386743313e-51
9.491458342164228906e-52
8.159288527887122561e-52
8.123913856312311350e-52
8.123906328968889441e-52
8.123906328968877571e-52
8.123906328968877571e-52
8.123906328968877571e-52
8.123906328968877571e-52
8.123906328968877571e-52
8.123906328968877571e-52
8.123906328968877571e-52
8.123906328968877571e-52
8.123906328968877571e-52
8.123906328968877571e-52
8.123906328968873120e-52
8.123906328968778164e-52
8.123906328965479938e-52
8.123906328882484225e-52
8.123906327185442292e-52
8.123906293790527565e-52
8.123905793816903492e-52
8.123899563380809764e-52
8.123828954251213841e-52
8.123195973387015285e-52
8.118417566172850888e-52
8.086941170911852117e-52
7.922600074352262114e-52
7.273254047883058392e-52
5.723278064305638360e-52
4.127275260362331195e-52
3.641694842763155227e-52
3.628450834686893074e-52
3.628448014528580497e-52
3.628448014528575304e-52
3.628448014528575304e-52
3.628448014528575304e-52
3.628448014528575304e-52
3.628448014528575304e-52
3.628448014528575304e-52
3.628448014528575304e-52
3.628448014528575304e-52
3.628448014528575304e-52
3.628448014528574562e-52
3.628448014528548597e-52
3.628448014527652453e-52
3.628448014505105673e-52
3.628448014044087698e-52
3.628448004972045271e-52
3.628447869149511747e-52
3.628446176592449845e-52
3.628426994881570939e-52
3.628255033153961558e-52
3.626956545799128083e-52
3.618388149391045186e-52
3.573225186444491051e-52
3.387475142842685633e-52
2.890911417075303805e-52
2.283510005473890002e-52
2.075043176629871481e-52
2.069182694542604480e-52
2.069181445602883059e-52
2.069181445602881204e-52
2.069181445602881204e-52
2.069181445602881204e-52
2.069181445602881204e-52
2.069181445602881204e-52
2.069181445602881204e-52
2.069181445602881204e-52
2.069181445602881204e-52
2.069181445602881204e-52
2.069181445602880833e-52
2.069181445602872673e-52
2.069181445602583726e-52
2.069181445595319617e-52
2.069181445446788537e-52
2.069181442523950781e-52
2.069181398764534468e-52
2.069180853454977980e-52
2.069174673458652430e-52
2.069119269266259127e-52
2.068700837038236762e-52
2.065936436068206698e-52
2.051271125817403196e-52
1.989234825870653570e-52
1.808510912286463697e-52
1.552562386042575747e-52
1.454158541135029867e-52
1.451304750631044182e-52
1.451304141928016034e-52
1.451304141928015107e-52
1.451304141928015107e-52
1.451304141928015107e-52
1.451304141928015107e-52
1.451304141928015107e-52
1.451304141928015107e-52
1.451304141928015107e-52
1.451304141928015107e-52
1.451304141928015107e-52
1.451304141928012325e-52
1.451304141927909580e-52
1.451304141925325747e-52
1.451304141872492371e-52
1.451304140832821731e-52
1.451304125267340272e-52
1.451303931297501994e-52
1.451301733032693399e-52
1.451282025112729767e-52
1.451133167069254485e-52
1.450148980143313533e-52
1.444906041542542961e-52
1.422314630319018977e-52
1.352443991866057727e-52
1.241753941353436819e-52
1.194988832134240220e-52
1.193594251633585481e-52
1.193593953937550727e-52
1.193593953937550356e-52
1.193593953937550356e-52
1.193593953937550356e-52
1.193593953937550356e-52
1.193593953937550356e-52
1.193593953937550356e-52
1.193593953937550356e-52
1.193593953937550356e-52
1.193593953937550356e-52
1.193593953937549243e-52
1.193593953937512337e-52
1.193593953936587261e-52
1.193593953917670124e-52
1.193593953545411969e-52
1.193593947972131842e-52
1.193593878520483509e-52
1.193593091422560728e-52
1.193586034859127062e-52
1.193532731663174862e-52
1.193180157874238483e-52
1.191297372937991250e-52
1.183095743983136964e-52
1.156780786712491673e-52
1.111903769467664320e-52
1.091653695400906726e-52
1.091037243134940263e-52
1.091037111463742845e-52
1.091037111463742659e-52
1.091037111463742659e-52
1.091037111463742659e-52
1.091037111463742659e-52
1.091037111463742659e-52
1.091037111463742659e-52
1.091037111463742659e-52
1.091037111463742659e-52
1.091037111463742659e-52
1.091037111463742103e-52
1.091037111463730233e-52
1.091037111463429788e-52
1.091037111457285488e-52
1.091037111336377422e-52
1.091037109526192276e-52
1.091037086968498171e-52
1.091036831321257281e-52
1.091034539359146863e-52
1.091017225989886614e-52
1.090902681663785342e-52
1.090290262250881881e-52
1.087607879066138435e-52
1.078837739917569070e-52
1.063279672317438482e-52
1.055997995043790406e-52
1.055773681647192202e-52
1.055773633718053433e-52
1.055773633718053062e-52
1.055773633718053062e-52
1.055773633718053062e-52
1.055773633718053062e-52
1.055773633718053062e-52
1.055773633718053062e-52
1.055773633718053062e-52
1.055773633718053062e-52
1.055773633718053062e-52
1.055773633718049910e-52
1.055773633717969234e-52
1.055773633716322161e-52
1.055773633683908151e-52
1.055773633198617873e-52
1.055773627151155984e-52
1.055773558615017066e-52
1.055772944164815828e-52
1.055768302577862784e-52
1.055737591403205906e-52
1.055573312780776676e-52
1.054852201625914562e-52
1.052476467288166915e-52
1.048192743950936150e-52
1.046156758851953339e-52
1.046093720550112009e-52
1.046093707078640626e-52
1.046093707078640626e-52
1.046093707078640626e-52
1.046093707078640626e-52
1.046093707078640626e-52
1.046093707078640626e-52
1.046093707078640626e-52
1.046093707078640626e-52
1.046093707078640626e-52
1.046093707078640626e-52
1.046093707078639884e-52
1.046093707078623193e-52
1.046093707078281204e-52
1.046093707071551962e-52
1.046093706970806956e-52
1.046093705715365489e-52
1.046093691487397061e-52
1.046093563928669573e-52
1.046092600339995392e-52
1.046086224562982470e-52
1.046052114607468149e-52
1.045902287527292885e-52
1.045407527862929100e-52
1.044510945538287592e-52
1.044082783367239425e-52
1.044069505596242899e-52
1.044069502758609132e-52
1.044069502758609132e-52
1.044069502758609132e-52
1.044069502758609132e-52
1.044069502758609132e-52
1.044069502758609132e-52
1.044069502758609132e-52
1.044069502758609132e-52
1.044069502758609132e-52
1.044069502758609132e-52
1.044069502758606350e-52
1.044069502758552938e-52
1.044069502757503233e-52
1.044069502741785842e-52
1.044069502545924921e-52
1.044069500326222273e-52
1.044069480425808833e-52
1.044069330096387004e-52
1.044068335405838426e-52
1.044063013708077992e-52
1.044039634822768920e-52
1.043962392804614361e-52
1.043822260848331107e-52
1.043755269329922778e-52
1.043753191109791940e-52
1.043753190665644362e-52
1.043753190665644362e-52
1.043753190665644362e-52
1.043753190665644362e-52
1.043753190665644362e-52
1.043753190665644362e-52
1.043753190665644362e-52
1.043753190665644362e-52
1.043753190665644362e-52
1.043753190665644362e-52
1.043753190665643991e-52
1.043753190665637686e-52
1.043753190665515838e-52
1.043753190663688869e-52
1.043753190640922132e-52
1.043753190382907156e-52
1.043753188069712298e-52
1.043753170595639340e-52
1.043753054974147633e-52
1.043752436383848257e-52
1.043749718773106865e-52
1.043740739233877658e-52
1.043724445615501171e-52
1.043716654918240041e-52
1.043716413220020995e-52
1.043716413168366220e-52
1.043716413168366220e-52
1.043716413168366220e-52
1.043716413168366220e-52
1.043716413168366220e-52
1.043716413168366220e-52
1.043716413168366220e-52
1.043716413168366220e-52
1.043716413168366220e-52
1.043716413168366220e-52
1.043716413168365849e-52
1.043716413168355092e-52
1.043716413168197080e-52
1.043716413166225637e-52
1.043716413143882492e-52
1.043716412943569225e-52
1.043716411430386335e-52
1.043716401418038079e-52
1.043716347850614603e-52
1.043716112515804660e-52
1.043715334913715575e-52
1.043713923902349541e-52
1.043713249221390058e-52
1.043713228289973095e-52
1.043713228285499607e-52
1.043713228285499607e-52
1.043713228285499607e-52
1.043713228285499607e-52
1.043713228285499607e-52
1.043713228285499607e-52
1.043713228285499607e-52
1.043713228285499607e-52
1.043713228285499607e-52
1.043713228285499607e-52
1.043713228285498865e-52
1.043713228285488665e-52
1.043713228285361254e-52
1.043713228283916889e-52
1.043713228270967308e-52
1.043713228173145527e-52
1.043713227525884046e-52
1.043713224062946929e-52
1.043713208849412197e-52
1.043713158580234674e-52
1.043713067363247847e-52
1.043713023747384303e-52
1.043713022394237524e-52
1.043713022393948206e-52
1.043713022393948206e-52
1.043713022393948206e-52
1.043713022393948206e-52
1.043713022393948206e-52
1.043713022393948206e-52
1.043713022393948206e-52
1.043713022393948206e-52
1.043713022393948206e-52
1.043713022393948206e-52
1.043713022393948206e-52
1.043713022393947835e-52
1.043713022393941529e-52
1.043713022393871796e-52
1.043713022393245311e-52
1.043713022388512920e-52
1.043713022357200358e-52
1.043713022189674248e-52
1.043713021453690040e-52
1.043713019021821913e-52
1.043713014609024052e-52
1.043713012499021918e-52
1.043713012433560920e-52
1.043713012433546825e-52
1.043713012433546825e-52
1.043713012433546825e-52
1.043713012433546825e-52
1.043713012433546825e-52
1.043713012433546825e-52
1.043713012433546825e-52
1.043713012433546825e-52
1.043713012433546825e-52
1.043713012433546825e-52
1.043713012433546825e-52
1.043713012433546825e-52
1.043713012433546640e-52
1.043713012433544043e-52
1.043713012433521232e-52
1.043713012433349681e-52
1.043713012432213365e-52
1.043713012426133977e-52
1.043713012399425838e-52
1.043713012311175849e-52
1.043713012151040146e-52
1.043713012074470447e-52
1.043713012072094701e-52
1.043713012072094330e-52
1.043713012072094330e-52
1.043713012072094330e-52
1.043713012072094330e-52
1.043713012072094330e-52
1.043713012072094330e-52
1.043713012072094330e-52
1.043713012072094330e-52
1.043713012072094330e-52
1.043713012072094330e-52
1.043713012072094330e-52
1.043713012072094330e-52
1.043713012072094330e-52
1.043713012072093588e-52
1.043713012072088951e-52
1.043713012072057979e-52
1.043713012071891992e-52
1.043713012071163319e-52
1.043713012068755488e-52
1.043713012064386043e-52
1.043713012062296833e-52
1.043713012062232107e-52
1.043713012062232107e-52
1.043713012062232107e-52
1.043713012062232107e-52
1.043713012062232107e-52
1.043713012062232107e-52
1.043713012062232107e-52
1.043713012062232107e-52
1.043713012062232107e-52
1.043713012062232107e-52
1.043713012062232107e-52
1.043713012062232107e-52
1.043713012062232107e-52
1.043713012062232107e-52
1.043713012062232107e-52
1.043713012062231921e-52
1.043713012062231180e-52
1.043713012062228027e-52
1.043713012062212819e-52
1.043713012062163487e-52
1.043713012062073538e-52
1.043713012062030697e-52
1.043713012062029399e-52
1.043713012062029399e-52
1.043713012062029399e-52
1.043713012062029399e-52
1.043713012062029399e-52
1.043713012062029399e-52
1.043713012062029399e-52
1.043713012062029399e-52
1.043713012062029399e-52
1.043713012062029399e-52
1.043713012062029399e-52
1.043713012062029399e-52
1.043713012062029399e-52
1.043713012062029399e-52
1.043713012062029399e-52
1.043713012062029399e-52
1.043713012062029399e-52
1.043713012062029399e-52
1.043713012062029028e-52
1.043713012062028101e-52
1.043713012062026802e-52
1.043713012062026060e-52
1.043713012062026060e-52
1.043713012062026060e-52
1.043713012062026060e-52
1.043713012062026060e-52
1.043713012062026060e-52
1.043713012062026060e-52
1.043713012062026060e-52
1.043713012062026060e-52
1.043713012062026060e-52
1.043713012062026060e-52
1.043713012062026060e-52
1.043713012062026060e-52
1.043713012062026060e-52
1.043713012062026060e-52
1.043713012062026060e-52
1.043713012062026060e-52
1.043713012062026060e-52
1.043713012062026060e-52
1.043713012062026060e-52
1.043713012062026060e-52
1.043713012062026060e-52
1.043713012062026060e-52
1.043713012062026060e-52
1.043713012062026060e-52
1.043713012062026060e-52
1.043713012062026060e-52
1.043713012062026060e-52
1.043713012062026060e-52
1.043713012062026060e-52
1.043713012062026060e-52
1.043713012062026060e-52
1.043713012062026060e-52
1.043713012062026060e-52
1.043713012062026060e-52
1.043713012062026060e-52
1.043713012062026060e-52
1.043713012062026060e-52
1.043713012062026060e-52
1.043713012062026060e-52
1.043713012062026060e-52
1.043713012062026060e-52
1.043713012062026060e-52
1.043713012062026060e-52
1.043713012062026060e-52
1.043713012062026060e-52
1.043713012062026060e-52
1.043713012062026060e-52
1.043713012062026060e-52
1.043713012062026060e-52
1.043713012062026060e-52
1.043713012062026060e-52
1.043713012062026060e-52
1.043713012062026060e-52
1.043713012062026060e-52
1.043713012062026060e-52
1.043713012062026060e-52
1.043713012062026060e-52
1.043713012062026060e-52
1.043713012062026060e-52
1.043713012062026060e-52
1.043713012062026060e-52
1.043713012062026060e-52
1.043713012062026060e-52
1.043713012062026060e-52
1.043713012062026060e-52
1.043713012062026060e-52
1.043713012062026060e-52
1.043713012062026060e-52
1.043713012062026060e-52
1.043713012062026060e-52
1.043713012062026060e-52
1.043713012062026060e-52
1.043713012062026060e-52
1.043713012062026060e-52
1.043713012062026060e-52
1.043713012062026060e-52
1.043713012062026060e-52
1.043713012062026060e-52
1.043713012062026060e-52
1.043713012062026060e-52
1.043713012062026060e-52
1.043713012062026060e-52
1.043713012062026060e-52
1.043713012062026060e-52
1.043713012062026060e-52
1.043713012062026060e-52
1.043713012062026060e-52
1.043713012062026060e-52
1.043713012062026060e-52
1.043713012062026060e-52
1.043713012062026060e-52
1.043713012062026060e-52
1.043713012062026060e-52
1.043713012062026060e-52
1.043713012062026060e-52
1.043713012062026060e-52
1.043713012062026060e-52
1.043713012062026060e-52
1.043713012062026060e-52
1.043713012062026060e-52
1.043713012062026060e-52
1.043713012062026060e-52
1.043713012062026060e-52
1.043713012062026060e-52
1.043713012062026060e-52
1.043713012062026060e-52
1.043713012062026060e-52
1.043713012062026060e-52
1.043713012062026060e-52
1.043713012062026060e-52
1.043713012062026060e-52
1.043713012062026060e-52
1.043713012062026060e-52
1.043713012062026060e-52
1.043713012062026060e-52
1.043713012062026060e-52
1.043713012062026060e-52
1.043713012062026060e-52
1.043713012062026060e-52
1.043713012062026060e-52
1.043713012062026060e-52
1.043713012062026060e-52
1.043713012062026060e-52
1.043713012062026060e-52
1.043713012062026060e-52
1.043713012062026060e-52
1.043713012062026060e-52
1.043713012062026060e-52
1.043713012062026060e-52
1.043713012062026060e-52
1.043713012062026060e-52
1.043713012062026060e-52
1.043713012062026060e-52
1.043713012062026060e-52
1.043713012062026060e-52
1.043713012062026060e-52
1.043713012062026060e-52
1.043713012062026060e-52
1.043713012062026060e-52
1.043713012062026060e-52
1.043713012062026060e-52
1.043713012062026060e-52
1.043713012062026060e-52
1.043713012062026060e-52
1.043713012062026060e-52
1.043713012062026060e-52
1.043713012062026060e-52
1.043713012062026060e-52
1.043713012062026060e-52
1.043713012062026060e-52
1.043713012062026060e-52
1.043713012062026060e-52
1.043713012062026060e-52
1.043713012062026060e-52
1.043713012062026060e-52
1.043713012062026060e-52
1.043713012062026060e-52
1.043713012062026060e-52
1.043713012062026060e-52
1.043713012062026060e-52
1.043713012062026060e-52
1.043713012062026060e-52
1.043713012062026060e-52
1.043713012062026060e-52
1.043713012062026060e-52
1.043713012062026060e-52
1.043713012062026060e-52
1.043713012062026060e-52
1.043713012062026060e-52
1.043713012062026060e-52
1.043713012062026060e-52
1.043713012062026060e-52
1.043713012062026060e-52
1.043713012062026060e-52
1.043713012062026060e-52
1.043713012062026060e-52
1.043713012062026060e-52
1.043713012062026060e-52
1.043713012062026060e-52
1.043713012062026060e-52
1.043713012062026060e-52
1.043713012062026060e-52
1.043713012062026060e-52
1.043713012062026060e-52
1.043713012062026060e-52
1.043713012062026060e-52
1.043713012062026060e-52
1.043713012062026060e-52
1.043713012062026060e-52
1.043713012062026060e-52
1.043713012062026060e-52
1.043713012062026060e-52
1.043713012062026060e-52
1.043713012062026060e-52
1.043713012062026060e-52
1.043713012062026060e-52
1.043713012062026060e-52
1.043713012062026060e-52
1.043713012062026060e-52
1.043713012062026060e-52
1.043713012062026060e-52
1.043713012062026060e-52
1.043713012062026060e-52
1.043713012062026060e-52
1.043713012062026060e-52
1.043713012062026060e-52
1.043713012062026060e-52
1.043713012062026060e-52
1.043713012062026060e-52
1.043713012062026060e-52
1.043713012062026060e-52
1.043713012062026060e-52
1.043713012062026060e-52
1.043713012062026060e-52
1.043713012062026060e-52
1.043713012062026060e-52
1.043713012062026060e-52
1.043713012062026060e-52
1.043713012062026060e-52
1.043713012062026060e-52
1.043713012062026060e-52
1.043713012062026060e-52
1.043713012062026060e-52
1.043713012062026060e-52
1.043713012062026060e-52
1.043713012062026060e-52
1.043713012062026060e-52
1.043713012062026060e-52
1.043713012062026060e-52
1.043713012062026060e-52
1.043713012062026060e-52
1.043713012062026060e-52
1.043713012062026060e-52
1.043713012062026060e-52
1.043713012062026060e-52
1.043713012062026060e-52
1.043713012062026060e-52
1.043713012062026060e-52
1.043713012062026060e-52
1.043713012062026060e-52
1.043713012062026060e-52
1.043713012062026060e-52
1.043713012062026060e-52
1.043713012062026060e-52
1.043713012062026060e-52
1.043713012062026060e-52
1.043713012062026060e-52
1.043713012062026060e-52
1.043713012062026060e-52
1.043713012062026060e-52
1.043713012062026060e-52
1.043713012062026060e-52
1.043713012062026060e-52
1.043713012062026060e-52
1.043713012062026060e-52
1.043713012062026060e-52
1.043713012062026060e-52
1.043713012062026060e-52
1.043713012062026060e-52
1.043713012062026060e-52
1.043713012062026060e-52
1.043713012062026060e-52
1.043713012062026060e-52
1.043713012062026060e-52
1.043713012062026060e-52
1.043713012062026060e-52
1.043713012062026060e-52
1.043713012062026060e-52
1.043713012062026060e-52
1.043713012062026060e-52
1.043713012062026060e-52
1.043713012062026060e-52
1.043713012062026060e-52
1.043713012062026060e-52
1.043713012062026060e-52
1.043713012062026060e-52
1.043713012062026060e-52
1.043713012062026060e-52
1.043713012062026060e-52
1.043713012062026060e-52
1.043713012062026060e-52
1.043713012062026060e-52
1.043713012062026060e-52
1.043713012062026060e-52
1.043713012062026060e-52
1.043713012062026060e-52
1.043713012062026060e-52
1.043713012062026060e-52
1.043713012062026060e-52
1.043713012062026060e-52
1.043713012062026060e-52
1.043713012062026060e-52
1.043713012062026060e-52
1.043713012062026060e-52
1.043713012062026060e-52
1.043713012062026060e-52
1.043713012062026060e-52
1.043713012062026060e-52
1.043713012062026060e-52
1.043713012062026060e-52
1.043713012062026060e-52
1.043713012062026060e-52
1.043713012062026060e-52
1.043713012062026060e-52
1.043713012062026060e-52
1.043713012062026060e-52
1.043713012062026060e-52
1.043713012062026060e-52
1.043713012062026060e-52
1.043713012062026060e-52
1.043713012062026060e-52
1.043713012062026060e-52
1.043713012062026060e-52
1.043713012062026060e-52
1.043713012062026060e-52
1.043713012062026060e-52
1.043713012062026060e-52
1.043713012062026060e-52
1.043713012062026060e-52
1.043713012062026060e-52
1.043713012062026060e-52
1.043713012062026060e-52
1.043713012062026060e-52
1.043713012062026060e-52
1.043713012062026060e-52
1.043713012062026060e-52
1.043713012062026060e-52
1.043713012062026060e-52
1.043713012062026060e-52
1.043713012062026060e-52
1.043713012062026060e-52
1.043713012062026060e-52
1.043713012062026060e-52
1.043713012062026060e-52
1.043713012062026060e-52
1.043713012062026060e-52
1.043713012062026060e-52
1.043713012062026060e-52
1.043713012062026060e-52
1.043713012062026060e-52
1.043713012062026060e-52
1.043713012062026060e-52
1.043713012062026060e-52
1.043713012062026060e-52
1.043713012062026060e-52
1.043713012062026060e-52
1.043713012062026060e-52
1.043713012062026060e-52
1.043713012062026060e-52
1.043713012062026060e-52
1.043713012062026060e-52
1.043713012062026060e-52
1.043713012062026060e-52
1.043713012062026060e-52
1.043713012062026060e-52
1.043713012062026060e-52
1.043713012062026060e-52
1.043713012062026060e-52
1.043713012062026060e-52
1.043713012062026060e-52
1.043713012062026060e-52
1.043713012062026060e-52
1.043713012062026060e-52
1.043713012062026060e-52
1.043713012062026060e-52
1.043713012062026060e-52
1.043713012062026060e-52
1.043713012062026060e-52
1.043713012062026060e-52
1.043713012062026060e-52
1.043713012062026060e-52
1.043713012062026060e-52
1.043713012062026060e-52
1.043713012062026060e-52
1.043713012062026060e-52
1.043713012062026060e-52
1.043713012062026060e-52
1.043713012062026060e-52
1.043713012062026060e-52
1.043713012062026060e-52
1.043713012062026060e-52
1.043713012062026060e-52
1.043713012062026060e-52
1.043713012062026060e-52
1.043713012062026060e-52
1.043713012062026060e-52
1.043713012062026060e-52
1.043713012062026060e-52
1.043713012062026060e-52
1.043713012062026060e-52
1.043713012062026060e-52
1.043713012062026060e-52
1.043713012062026060e-52
1.043713012062026060e-52
1.043713012062026060e-52
1.043713012062026060e-52
1.043713012062026060e-52
1.043713012062026060e-52
1.043713012062026060e-52
1.043713012062026060e-52
