1.000000000000034639e+00
1.000000000000034639e+00
1.000000000000034639e+00
1.000000000000034639e+00
1.000000000000034639e+00
1.000000000000034639e+00
1.000000000000034639e+00
1.000000000000034639e+00
1.000000000000034639e+00
1.000000000000034639e+00
1.000000000000034639e+00
1.000000000000034417e+00
1.000000000000034417e+00
1.000000000000034195e+00
1.000000000000034195e+00
1.000000000000034195e+00
1.000000000000034195e+00
1.000000000000033973e+00
1.000000000000033973e+00
1.000000000000033973e+00
1.000000000000033973e+00
1.000000000000033973e+00
1.000000000000033973e+00
1.000000000000033973e+00
1.000000000000033973e+00
1.000000000000033973e+00
1.000000000000031974e+00
1.000000000000031974e+00
1.000000000000031974e+00
1.000000000000031974e+00
1.000000000000031974e+00
1.000000000000031974e+00
1.000000000000031974e+00
1.000000000000031974e+00
1.000000000000031752e+00
1.000000000000031752e+00
1.000000000000031752e+00
1.000000000000031974e+00
1.000000000000031752e+00
1.000000000000031752e+00
1.000000000000031752e+00
1.000000000000031752e+00
1.000000000000031974e+00
1.000000000000031752e+00
1.000000000000031752e+00
1.000000000000031974e+00
1.000000000000031974e+00
1.000000000000031752e+00
1.000000000000031974e+00
1.000000000000031974e+00
1.000000000000031974e+00
1.000000000000031974e+00
1.000000000000022871e+00
1.000000000000022871e+00
1.000000000000022871e+00
1.000000000000022871e+00
1.000000000000022871e+00
1.000000000000023093e+00
1.000000000000023093e+00
1.000000000000022871e+00
1.000000000000022871e+00
1.000000000000022871e+00
1.000000000000022871e+00
1.000000000000023093e+00
1.000000000000022871e+00
1.000000000000022871e+00
1.000000000000022871e+00
1.000000000000022871e+00
1.000000000000022871e+00
1.000000000000022871e+00
1.000000000000022871e+00
1.000000000000022871e+00
1.000000000000022871e+00
1.000000000000022871e+00
1.000000000000023093e+00
1.000000000000023093e+00
1.000000000000023093e+00
1.000000000000023093e+00
1.000000000000022871e+00
1.000000000000022871e+00
1.000000000000022871e+00
1.000000000000022871e+00
1.000000000000023093e+00
1.000000000000022871e+00
1.000000000000022871e+00
1.000000000000022871e+00
1.000000000000022871e+00
1.000000000000022871e+00
1.000000000000022871e+00
1.000000000000022871e+00
1.000000000000022871e+00
1.000000000000022871e+00
1.000000000000022871e+00
1.000000000000023093e+00
1.000000000000023093e+00
1.000000000000023093e+00
1.000000000000022871e+00
1.000000000000022871e+00
1.000000000000023093e+00
1.000000000000022871e+00
1.000000000000022871e+00
1.000000000000022871e+00
1.000000000000022871e+00
1.000000000000022871e+00
1.000000000000022871e+00
1.000000000000022871e+00
1.000000000000022871e+00
1.000000000000022871e+00
1.000000000000023093e+00
1.000000000000022871e+00
1.000000000000022871e+00
1.000000000000022871e+00
1.000000000000022871e+00
1.000000000000022871e+00
1.000000000000022871e+00
1.000000000000022871e+00
1.000000000000023093e+00
1.000000000000023093e+00
1.000000000000022871e+00
1.000000000000022871e+00
1.000000000000022871e+00
1.000000000000022871e+00
1.000000000000023093e+00
1.000000000000022871e+00
1.000000000000022871e+00
1.000000000000022871e+00
1.000000000000022871e+00
1.000000000000022871e+00
1.000000000000022871e+00
1.000000000000022871e+00
1.000000000000022871e+00
1.000000000000022871e+00
1.000000000000023093e+00
1.000000000000022871e+00
1.000000000000022871e+00
1.000000000000022871e+00
1.000000000000022871e+00
1.000000000000022871e+00
1.000000000000022871e+00
1.000000000000022871e+00
1.000000000000022871e+00
1.000000000000022871e+00
1.000000000000022871e+00
1.000000000000022871e+00
1.000000000000022871e+00
1.000000000000022871e+00
1.000000000000020428e+00
1.000000000000020206e+00
1.000000000000020206e+00
1.000000000000019984e+00
1.000000000000009326e+00
9.999999999999624745e-01
9.999999999999624745e-01
9.999999999999624745e-01
9.999999999999624745e-01
9.999999999999157341e-01
9.999999999999157341e-01
9.999999999999157341e-01
9.999999999999157341e-01
9.999999999999157341e-01
9.999999999998746558e-01
9.999999999998746558e-01
9.999999999982479570e-01
9.999999999982412957e-01
9.999999999949120699e-01
9.999999999949119589e-01
9.999999999949119589e-01
9.999999999949119589e-01
9.999999999910984538e-01
9.999999999910984538e-01
9.999999999910983428e-01
9.999999999837334563e-01
9.999999998433222181e-01
9.999999998433222181e-01
9.999999998431858828e-01
9.999999998431823300e-01
9.999999996213303488e-01
9.999999996213303488e-01
9.999999996213304598e-01
9.999999996213302378e-01
9.999999996213304598e-01
9.999999996213304598e-01
9.999999994779085188e-01
9.999999994779085188e-01
9.999999994779064094e-01
9.999999984476228843e-01
9.999999984420532284e-01
9.999999915205977086e-01
9.999999915184158983e-01
9.999999915184153432e-01
9.999999825120448049e-01
9.999999825120448049e-01
9.999999825120449159e-01
9.999999825120449159e-01
9.999999825120449159e-01
9.999999797889268516e-01
9.999999797889268516e-01
9.999999085004134258e-01
9.999999079621032516e-01
9.999997010404464426e-01
9.999997010404458875e-01
9.999997010403972597e-01
9.999997010403972597e-01
9.999995004016123401e-01
9.999995004016122291e-01
9.999995003938598748e-01
9.999995003938598748e-01
9.999993750067831533e-01
9.999970469745237400e-01
9.999970469745237400e-01
9.999970420979045205e-01
9.999970420458147435e-01
9.999930849131987154e-01
9.999930849131987154e-01
9.999930849131987154e-01
9.999930849131987154e-01
9.999930849131969390e-01
9.999930849131948296e-01
9.999930849131948296e-01
9.999907496859893330e-01
9.999907496859893330e-01
9.999907496533956275e-01
9.999841577610845134e-01
9.999841380610902108e-01
9.999451388355612425e-01
9.999451388345231839e-01
9.999451222713048315e-01
9.998970539756971698e-01
9.998970539756971698e-01
9.998970539756971698e-01
9.998970539756971698e-01
9.998970539756971698e-01
9.998831646513306470e-01
9.998831646513284266e-01
9.997174082107312953e-01
9.997166989860046815e-01
9.997166989860046815e-01
9.997166989860046815e-01
9.993582860367612453e-01
9.993582860341506668e-01
9.993582859881897651e-01
9.993582859881897651e-01
9.990244013447804328e-01
9.990244013447768801e-01
9.990243895690927856e-01
9.990243895690927856e-01
9.989551266234338867e-01
9.970619316121558384e-01
9.970619316121558384e-01
9.970556132438889163e-01
9.970556003306259019e-01
9.950932255647342295e-01
9.950932255647342295e-01
9.950932255647338964e-01
9.950932255641236068e-01
9.950932255641236068e-01
9.950932255616707911e-01
9.950932255616707911e-01
9.938979066446941291e-01
9.938979066446941291e-01
9.938979066446941291e-01
9.938978920817413965e-01
9.925150603735365396e-01
9.925125037987453380e-01
9.818501969640170968e-01
9.818501968627788568e-01
9.818446030101771749e-01
9.751071162684654681e-01
9.751071162684654681e-01
9.751071162684642468e-01
9.751071162684643578e-01
9.730204710873712193e-01
9.730204710873712193e-01
9.730204710867738083e-01
9.600121413044772067e-01
9.599738318721321439e-01
9.599738318721321439e-01
9.599738318721321439e-01
9.266045085517546909e-01
9.266045083383400716e-01
9.266045066896303473e-01
9.266045066896303473e-01
9.132131881508119831e-01
9.132131881507393745e-01
9.132118873492421907e-01
9.132118873492421907e-01
9.120909564418294702e-01
8.556518403661390604e-01
8.556518403661390604e-01
8.552752397616407709e-01
8.552749047376110303e-01
7.939288073955834690e-01
7.939288073955834690e-01
7.939288073955811376e-01
7.939288073915534705e-01
7.939288073915534705e-01
7.939288073377158694e-01
7.939288073377158694e-01
7.795330634381175683e-01
7.795330634381175683e-01
7.795330634381174573e-01
7.795326398141960711e-01
7.712964097254468854e-01
7.712752583841904208e-01
6.516178653098912976e-01
6.516178648416024455e-01
6.515315019759552184e-01
5.816448382551296925e-01
5.816448382551296925e-01
5.816448382551296925e-01
5.816448382551280272e-01
5.816448382551279161e-01
5.734143354068469423e-01
5.734143354068469423e-01
5.734143354028830020e-01
5.411255228463979217e-01
5.409709962747719647e-01
5.409709962747719647e-01
5.409709962747719647e-01
3.974781897050387869e-01
3.974781871650322485e-01
3.974781837015069486e-01
3.974781837015069486e-01
3.974781837015069486e-01
3.500248953008646136e-01
3.500248953008178177e-01
3.500208545836878127e-01
3.500208545836878127e-01
3.486909087905049054e-01
2.854816132640225490e-01
2.854816132640225490e-01
2.845649577020901155e-01
2.845645927059738955e-01
1.865616834149833314e-01
1.865616834149833314e-01
1.865616834149783632e-01
1.865616834134149193e-01
1.865616834134149193e-01
1.865616832640086820e-01
1.865616832640086820e-01
1.865616832640086820e-01
1.685033355689319612e-01
1.685033355689319612e-01
1.685033355689319334e-01
1.685028695297134393e-01
1.642698310999362588e-01
1.642634771878519750e-01
1.064165823974239228e-01
1.064165823974239228e-01
1.064165822745125195e-01
1.063487288997636421e-01
6.733625485238302344e-02
6.733625485238302344e-02
6.733625485238302344e-02
6.733625485238275976e-02
6.733625485238269037e-02
6.353204147275816338e-02
6.353204147275816338e-02
6.353204146967715571e-02
5.629082858021759034e-02
5.626994399412727638e-02
5.626994399412727638e-02
5.626994399412727638e-02
2.856695764476488431e-02
2.856695606782183247e-02
2.856695563086673884e-02
2.856695563086673884e-02
2.856695563086673884e-02
1.932435446598214368e-02
1.932435446597845219e-02
1.932365546702586451e-02
1.932365546702586451e-02
1.923912543452816273e-02
1.296058876075803154e-02
1.296058876075803154e-02
1.280619189691564741e-02
1.280617875593950336e-02
5.794317103338101314e-03
5.794317103338101314e-03
5.794317103336498430e-03
5.794317103336498430e-03
5.794317103259726508e-03
5.794317080003497968e-03
5.794317080003497968e-03
5.794317080003497968e-03
4.510119809084991646e-03
4.510119809084991646e-03
4.510119809084991646e-03
4.510090286986773341e-03
4.384859901683252868e-03
4.384735834560866442e-03
1.953601592763151186e-03
1.953601592763151186e-03
1.953601590666447299e-03
1.949742692730823844e-03
9.610976788352684373e-04
9.610976788352684373e-04
9.610976788352684373e-04
9.610976788352657268e-04
9.610976788352581374e-04
9.610976788352581374e-04
8.565155309893125995e-04
8.565155308458953119e-04
7.532783037851533033e-04
7.530698366452217261e-04
7.530698366452217261e-04
7.530698366452217261e-04
2.276800651994911938e-04
2.276800362242410703e-04
2.276800326913126988e-04
2.276800326913126988e-04
2.276800326913126988e-04
1.400968470490879974e-04
1.400968470490699725e-04
1.400790246008349715e-04
1.400790246008349715e-04
1.400790246008349715e-04
1.400790246008349715e-04
1.396988314825123485e-04
9.349737908097153138e-05
9.349737908097153138e-05
9.127130187329349361e-05
9.127121115455906204e-05
2.415541985803493062e-05
2.415541985803493062e-05
2.415541985801318559e-05
2.415541985801318559e-05
2.415541985784439564e-05
2.415541968784122733e-05
2.415541968784122733e-05
2.415541968784122733e-05
1.869321220523213460e-05
1.869321220523213460e-05
1.869321220523213460e-05
1.869289958038812993e-05
1.840099383985296035e-05
1.840061188342761322e-05
8.317186085473068740e-06
8.317186085473068740e-06
8.286166458981721825e-06
8.286166453772343839e-06
2.682804355484586474e-06
2.682804355484586474e-06
2.682804355484586474e-06
2.682804355484586474e-06
2.682804355484584357e-06
2.682804355484529723e-06
2.682804355484529723e-06
2.413923567337607773e-06
2.413923566693253292e-06
2.250641731966303625e-06
2.250641731966303625e-06
2.250173901311593512e-06
2.250173901311593512e-06
6.961744929528669699e-07
6.961741868682296925e-07
6.961741799647223899e-07
6.961741799647223899e-07
6.961741799647223899e-07
3.289318573670857434e-07
3.289318573670711321e-07
3.288666170632948708e-07
3.288666170632948708e-07
3.288666170632948708e-07
3.288666170632948708e-07
3.282294154817756814e-07
2.584978448903611769e-07
2.584978448903611769e-07
2.515906552550920572e-07
2.515905216366669966e-07
6.495441572280632470e-08
6.495441572280632470e-08
6.495441572267826391e-08
6.495441572267826391e-08
6.495441572248801237e-08
6.495441429930588814e-08
6.495441429930588814e-08
6.495441429930588814e-08
6.495441429930588814e-08
4.350786990423640694e-08
4.350786990423640694e-08
4.350671423357230171e-08
4.297071552872408673e-08
4.297027888160419622e-08
2.485096721922906547e-08
2.485096721922906547e-08
2.472780482267375723e-08
2.472780481566595918e-08
7.213093911207199589e-09
7.213093911207199589e-09
7.213093911207199589e-09
7.213093911207199589e-09
7.213093911207196281e-09
7.213093911206881125e-09
7.213093911206881125e-09
6.055165618103999277e-09
6.055165613344488887e-09
5.692982978268440448e-09
5.692982978268440448e-09
5.692331134140490396e-09
5.692331134140490396e-09
2.282439523516036826e-09
2.282437187965188967e-09
2.282437176397331971e-09
2.282437176397331971e-09
2.282437176397331971e-09
2.282437176397331971e-09
9.388408859511561156e-10
9.388408859511325410e-10
9.385966583881052510e-10
9.385966583881052510e-10
9.385966583881052510e-10
9.385966583881052510e-10
9.374570020603001750e-10
7.373326430316716944e-10
7.373326430316716944e-10
7.020298608197252350e-10
7.020296993184168360e-10
2.244665877987900442e-10
2.244665877987899925e-10
2.244665877969778983e-10
2.244665877969778983e-10
2.244665877965334955e-10
2.244665757689113171e-10
2.244665757689113171e-10
2.244665757689113171e-10
2.244665757689113171e-10
1.347669180578909152e-10
1.347669180578909152e-10
1.347618372501413066e-10
1.347618372501413066e-10
1.336275044560168540e-10
1.336275044560168540e-10
1.336268481621348943e-10
7.424850651623311200e-11
7.354498295290131782e-11
7.354498294078591358e-11
2.521859356935505568e-11
2.521859356935505568e-11
2.521859356935505568e-11
2.521859356935505568e-11
2.521859356935504922e-11
2.521859356935050296e-11
2.521859356935050296e-11
1.999583060071252156e-11
1.999583056398898523e-11
1.999583056398898523e-11
1.911349959051311065e-11
1.911235735020273482e-11
1.911235735020273482e-11
6.901380824969710866e-12
6.901371040411789957e-12
6.901371019738780612e-12
6.901371019738780612e-12
6.901371019738780612e-12
6.901371019738780612e-12
3.212653170697745446e-12
3.210815169850836115e-12
3.210815169850801380e-12
3.210815169850801380e-12
3.210815169850801380e-12
3.210815169850801380e-12
3.208740803272472688e-12
2.664773812720624118e-12
2.664773812720624118e-12
2.488119101320179843e-12
2.488118704786000140e-12
6.798574429877431010e-13
6.798574429877426971e-13
6.798574429759811218e-13
6.798574429759811218e-13
6.798574429754692836e-13
6.798574429754692836e-13
6.798573924179574989e-13
6.798573924179574989e-13
4.429334897723108392e-13
4.429334897723108392e-13
4.429334897723108392e-13
4.428982068415198504e-13
4.428982068415198504e-13
4.409857205095659111e-13
4.409857205095659111e-13
2.791200584901446030e-13
2.791194987795021151e-13
2.752525952149504421e-13
2.752525951936449878e-13
7.797911876776039738e-14
7.797911876776039738e-14
7.797911876776039738e-14
7.797911876776039738e-14
7.797911876776039738e-14
7.797911876776039738e-14
7.797911876772962549e-14
7.797911876772962549e-14
6.421752944914439333e-14
6.421752927558571717e-14
6.421752927558571717e-14
6.277090407037577873e-14
6.276849595828042817e-14
2.756832461227375570e-14
2.756832461227375570e-14
2.756822423655809312e-14
2.756822419514418933e-14
2.756822419514418933e-14
2.756822419514418933e-14
2.756822419514418933e-14
2.756822419514418933e-14
1.053093560533534151e-14
1.052322149047883814e-14
1.052322149047880343e-14
1.052322149047880343e-14
1.052322149047880343e-14
1.052322149047880343e-14
1.051886510060894360e-14
9.527739893079625905e-15
8.926482241113646221e-15
8.926482241113646221e-15
8.926481600354719547e-15
2.882539290229659326e-15
2.882539290229653410e-15
2.882539290132768275e-15
2.882539290132768275e-15
2.882539290131921827e-15
2.882539290131921827e-15
2.882538705826327394e-15
2.882538705826327394e-15
1.601432994697510620e-15
1.601432994697510620e-15
1.601432994697510620e-15
1.601252819599786430e-15
1.601252819599786430e-15
1.596360280656096127e-15
1.596360280656096127e-15
1.203588496468737299e-15
1.203587189896079224e-15
1.184547129776435847e-15
1.184547129740136807e-15
3.491937160640580710e-16
3.491937160640580710e-16
3.491937160640580710e-16
3.491937160640580710e-16
3.491937160640580710e-16
3.491937160640580710e-16
3.491937160640580710e-16
3.491937160637754616e-16
3.491937160637754616e-16
2.608854333593956893e-16
2.608854315178671072e-16
2.608854315178671072e-16
2.561968524081088734e-16
2.561918161117847616e-16
1.415329447180399035e-16
1.415329447180399035e-16
1.415319111828311615e-16
1.415319110824154792e-16
1.415319110824154792e-16
1.415319110824154792e-16
1.415319110824154792e-16
1.415319110824154792e-16
5.009913814699038318e-17
5.005282269223532433e-17
5.005282269223523805e-17
5.005282269223523805e-17
5.005282269223523805e-17
5.005282269223523805e-17
5.004044742628584318e-17
4.562692157011755004e-17
4.096588605921360599e-17
4.096588605921360599e-17
4.096588481772417046e-17
1.641379891302720097e-17
1.641379891302711160e-17
1.641379891100751675e-17
1.641379891100751675e-17
1.641379891100451538e-17
1.641379891100451538e-17
1.641379150964404486e-17
1.641379150964404486e-17
8.203092767409626283e-18
8.203092767409626283e-18
8.203092767409626283e-18
8.201838438040332516e-18
8.201838438040332516e-18
8.201838438040332516e-18
8.185705760618235129e-18
6.168183505214361733e-18
6.168180348344639029e-18
5.994014975861203193e-18
5.994014975759565707e-18
2.079992653279887731e-18
2.079992653279887731e-18
2.079992653279887731e-18
2.079992653279887731e-18
2.079992653279887731e-18
2.079992653279887731e-18
2.079992653279887731e-18
2.079992653273441644e-18
2.079992653273441644e-18
1.441399873370818261e-18
1.441399851409842395e-18
1.441399851409842395e-18
1.423332104888272293e-18
1.423317804603343485e-18
7.571837686358776948e-19
7.571759197480416669e-19
7.571759197480416669e-19
7.571759194337652407e-19
7.571759194337652407e-19
7.571759194337652407e-19
7.571759194337652407e-19
7.571759194337652407e-19
3.007326420732159675e-19
3.001445752429422514e-19
3.001445752429420107e-19
3.001445752429420107e-19
3.001445752429420107e-19
3.001445752429420107e-19
3.001036330722901987e-19
2.797308403798834219e-19
2.425534254999368098e-19
2.425534254999368098e-19
2.425534207406886537e-19
2.425534207406761351e-19
8.880957743051103961e-20
8.880957740741330160e-20
8.880957740741330160e-20
8.880957740741330160e-20
8.880957740741330160e-20
8.880957740740689789e-20
8.880951991512687795e-20
8.880951991512687795e-20
4.821702719677875729e-20
4.821702719677875729e-20
4.821702719677875729e-20
4.820174328767889559e-20
4.820174328767889559e-20
4.820174328767889559e-20
4.820174328767889559e-20
4.815043749246738166e-20
3.878262833668483745e-20
3.878261468953899826e-20
3.728582659051801484e-20
3.728582659051801484e-20
1.133988059828368099e-20
1.133988059825723857e-20
1.133988059825723857e-20
1.133988059825723857e-20
1.133988059825723857e-20
1.133988059825723857e-20
1.133988059818238008e-20
1.133988059818237858e-20
1.133988059818237858e-20
8.244351497715370979e-21
8.244351307084888622e-21
8.244351307084888622e-21
8.189649783751247198e-21
8.189598012379005400e-21
8.189274145496913594e-21
5.007271051647662952e-21
5.007271051647662952e-21
5.007271051647662952e-21
5.007271050648622152e-21
5.007271050648622152e-21
5.007271050648622152e-21
5.007271050648622152e-21
1.690541737167182675e-21
1.686460327611586882e-21
1.686460327611586694e-21
1.686460327611586694e-21
1.686460327611586694e-21
1.686460327611586694e-21
1.686318972939846540e-21
1.474524197802538234e-21
1.427530398045390612e-21
1.427530398045390612e-21
1.427530386062620876e-21
1.427530386062452357e-21
6.263513758272096602e-22
6.263513755223621275e-22
6.263513755223621275e-22
6.263513755223621275e-22
6.263513755223621275e-22
6.263513755223446361e-22
6.263503667943119909e-22
6.263503667943119909e-22
2.898986041496072851e-22
2.898986041496072851e-22
2.898986041496072851e-22
2.897772165941632820e-22
2.897772165941632820e-22
2.897772165941632820e-22
2.897772165941632820e-22
2.895743768726700175e-22
2.554384784091827555e-22
2.554384353760441169e-22
2.453540123196874354e-22
2.453540123196874354e-22
8.489192481953095741e-23
8.489192481944957793e-23
8.489192481944957793e-23
8.489192481944957793e-23
8.489192481944957793e-23
8.489192481944957793e-23
8.489192481833645531e-23
8.489192481833639654e-23
8.489192481833639654e-23
5.478924383275779260e-23
5.478924086301759376e-23
5.478924086301759376e-23
5.452457958358009494e-23
5.452441277897610208e-23
5.452125844300401985e-23
3.924622479816067823e-23
3.924622479816067823e-23
3.924622479816067823e-23
3.924622479479070638e-23
3.924622479479070638e-23
3.924622479479070638e-23
3.924622479479070638e-23
3.924622479479070638e-23
1.339219343363183256e-23
1.335240000276289738e-23
1.335240000276289738e-23
1.335240000276289738e-23
1.335240000276289738e-23
1.092391769258935394e-23
1.092348657379222542e-23
1.063974626216333945e-23
1.063974626216333945e-23
1.063974626216333945e-23
1.063974622561240643e-23
1.063974622560992026e-23
5.668349720535906988e-24
5.668349711729308289e-24
5.668349711729308289e-24
5.668349711729308289e-24
5.668349711729308289e-24
5.668349711729308289e-24
5.668331558949690604e-24
5.668331558949602442e-24
5.668331558949602442e-24
2.444730711166123005e-24
2.444730711166123005e-24
2.444730711166123005e-24
2.443388936393286090e-24
2.443388936393286090e-24
2.443388936393286090e-24
2.443388936393286090e-24
2.442340383406481164e-24
2.174346417981091476e-24
2.174346246767846864e-24
2.174346246767846864e-24
2.035167150224504410e-24
8.332748183079663881e-25
8.332748183074825987e-25
8.332748183074825987e-25
8.332748183074825987e-25
8.332748183074825987e-25
8.332748183074825987e-25
8.332748183074811293e-25
8.332748182696511497e-25
8.332748182696511497e-25
4.968663259480896131e-25
4.968662722820577556e-25
4.968662722820577556e-25
4.952815345347462212e-25
4.952807787854012485e-25
4.952403201960774775e-25
3.571621463053427018e-25
3.571621463053427018e-25
3.571621463053427018e-25
3.571621463053427018e-25
3.571621462881143168e-25
3.571621462881143168e-25
3.571621462881143168e-25
3.571621462881143168e-25
1.365168480240738033e-25
1.357109592827611296e-25
1.357109592827611296e-25
1.357109592827611296e-25
1.357109592827611296e-25
1.057213691676455392e-25
1.057191518742275326e-25
1.037723279673647649e-25
1.037723279673647649e-25
1.037723279673647649e-25
1.037723279672814242e-25
1.037723277526555100e-25
1.037723277526555100e-25
5.361803284702084775e-26
5.361803284702084775e-26
5.361803267387613183e-26
5.361803267387613183e-26
5.361803267387613183e-26
5.361778018447958185e-26
5.361778018447958185e-26
5.361778018447924894e-26
2.496828848292267405e-26
2.496828848292267405e-26
2.494094642034429601e-26
2.494094642034429601e-26
2.494094642034429601e-26
2.494094642034429601e-26
2.494094642034429601e-26
2.493494626613450464e-26
2.284536363972888084e-26
2.284536247302906734e-26
2.284536247302906734e-26
2.095507387325474472e-26
7.985863901539398047e-27
7.985863901537506810e-27
7.985863901537506810e-27
7.985863901537506810e-27
7.985863901537506810e-27
7.985863901537506810e-27
7.985863901537458022e-27
7.985863900773979320e-27
7.985863900773979320e-27
7.985863900773979320e-27
5.000751720871609477e-27
5.000751720871609477e-27
5.000750875820256070e-27
4.991923769225703958e-27
4.991919030160013231e-27
4.991115722298238802e-27
4.991115722298238802e-27
3.889563541448881209e-27
3.889563541448881209e-27
3.889563541448881209e-27
3.889563541448881209e-27
3.889563541361927343e-27
3.889563541361927343e-27
3.889563541361927343e-27
1.329889575236775898e-27
1.320300912121083541e-27
1.320300912121083541e-27
1.320300912121083541e-27
1.052971520810078579e-27
1.052971520810078579e-27
1.052957943383857327e-27
1.042264200325068191e-27
1.042264200325068191e-27
1.042264200323220360e-27
1.042264200323220360e-27
1.042264200323220360e-27
1.042264200323220181e-27
1.042264199401823527e-27
1.042264189231486977e-27
6.193266532965437519e-28
6.193266532965437519e-28
6.193266532965437519e-28
6.193266532965437519e-28
6.193200686579607473e-28
6.193200686579591330e-28
2.528554717008448659e-28
2.525035346196334663e-28
2.525035346196334663e-28
2.525035346196334663e-28
2.525035346196334663e-28
2.525035346196334663e-28
2.524655687153812270e-28
2.524655687153812270e-28
2.402485449607612956e-28
2.402485449607612956e-28
2.402485394696973464e-28
2.209648901578103630e-28
9.843548456883067850e-29
9.843548456883067850e-29
9.843548456883067850e-29
9.843548456882111604e-29
9.843548456882111604e-29
9.843548456882111604e-29
9.843548456881944569e-29
9.843548455078726800e-29
9.843548455078726800e-29
9.843548455078726800e-29
5.454696497502048936e-29
5.454694532209561630e-29
5.454694532209561630e-29
5.448207853433411075e-29
5.448207853433411075e-29
5.447006629277037813e-29
5.447004227985736861e-29
5.447004227985736861e-29
4.656703593930251376e-29
4.656703593930251376e-29
4.656703593930251376e-29
4.656703593888785833e-29
4.656703593888785833e-29
4.656703593888785833e-29
1.740836492363791104e-29
1.725743749364513632e-29
1.725743749364513632e-29
1.725743749364513632e-29
1.266251150018973643e-29
1.256679903451878628e-29
1.256671673291909317e-29
1.256671673291909317e-29
1.256671673291909317e-29
1.256671673287733588e-29
1.256671673287733588e-29
1.256671673287733448e-29
1.256671673287733448e-29
1.256671644387795749e-29
1.256671644387795749e-29
1.256671643942154531e-29
8.654071762260954862e-30
8.654071762260954862e-30
8.654071762260954862e-30
8.653910354080177749e-30
8.653910354080177749e-30
8.653910354080166539e-30
3.500714969690826220e-30
3.494511527073741492e-30
3.494511527073741492e-30
3.494511527073741492e-30
3.494511527073741492e-30
3.494511527073741492e-30
3.494202048490490421e-30
3.494202048490490421e-30
3.494202048490490421e-30
3.348719030518193132e-30
3.348718995025160452e-30
2.955575449332490360e-30
2.955575449332490360e-30
2.955575449332490360e-30
1.543999866454799836e-30
1.543999866454717860e-30
1.543999866454717860e-30
1.543999866454654276e-30
1.543999866454654276e-30
1.543999865587467202e-30
1.543999865587467202e-30
1.543999865587467202e-30
1.543997888728129528e-30
8.052741396406924539e-31
8.052741396406924539e-31
8.052741396406924539e-31
8.046722275959427090e-31
8.044311900321894882e-31
8.044311900321894882e-31
8.044310157882600561e-31
8.044310157882600561e-31
6.966499395146395105e-31
6.966499395114039999e-31
6.966499395114039999e-31
6.966499395114039999e-31
6.966499395114039999e-31
2.932119164610041810e-31
2.885637415635996964e-31
2.885637415635996964e-31
2.885637415635996964e-31
2.885637415635996964e-31
2.002455817283824449e-31
2.002455817283824449e-31
1.992244037527922053e-31
1.992237155822645303e-31
1.992237155802132045e-31
1.992237155802132045e-31
1.992237155802131607e-31
1.992237155802131607e-31
1.992237155802131607e-31
1.992237064615545676e-31
1.992237064615545676e-31
1.381159796482442416e-31
1.381159796294767608e-31
1.381159796294767608e-31
1.381121975299582527e-31
1.381121975299582527e-31
1.381121975299582527e-31
1.381121975299582089e-31
6.031106206150755448e-32
6.031106206150755448e-32
6.011003307572118897e-32
6.011003307572118897e-32
6.011003307572118897e-32
6.011003307572118897e-32
6.011003307572118897e-32
6.010698645250589123e-32
5.825426455046095160e-32
5.825426455046095160e-32
5.825426417599083537e-32
4.986676881226771057e-32
4.986676881226771057e-32
4.986676881226771057e-32
2.554442937079094751e-32
2.554442937079038371e-32
2.554442937078697352e-32
2.554442934098766103e-32
2.554442934098766103e-32
2.554442934098766103e-32
2.554442934098766103e-32
2.554437956295800321e-32
1.393304026771720155e-32
1.393304026771720155e-32
1.393304026771720155e-32
1.393304026771720155e-32
1.393304026771720155e-32
1.392704338152873701e-32
1.391914980813698309e-32
1.391914980813698309e-32
1.391914798935208398e-32
1.249557428267069810e-32
1.249557428264452228e-32
1.249557428264452228e-32
1.249557428264452228e-32
1.249557428264452228e-32
1.190170946313925176e-32
4.855821405853345292e-33
4.855821405853345292e-33
4.855821405853345292e-33
4.855821405853345292e-33
4.855821405853345292e-33
4.855821405853345292e-33
3.449893248609950244e-33
3.449893248532725562e-33
3.439787141264111630e-33
3.439779988881109111e-33
3.439779988881109111e-33
3.439779988881104321e-33
3.439779988881104321e-33
3.439779738803654071e-33
3.439779738803654071e-33
2.595868916200201903e-33
2.595868916200201903e-33
2.595868916033485702e-33
2.595868916033485702e-33
2.595868916033485702e-33
2.595722825101101986e-33
2.595722825101101986e-33
2.595722825101101301e-33
1.039713772852740861e-33
1.039713772852740861e-33
1.035374778684102982e-33
1.035374778684102982e-33
1.035374778684102982e-33
1.035374778684102982e-33
1.035343264592000346e-33
1.035343264592000346e-33
1.016810816423389393e-33
1.016810816423389393e-33
1.016810816423389393e-33
1.016810813554354975e-33
8.756501798676047601e-34
8.756501798676047601e-34
5.116147815991268888e-34
5.116147815991223558e-34
5.116147815989506146e-34
5.116147804992756578e-34
5.116147804992756578e-34
5.116147804992756578e-34
5.116147804992756578e-34
5.116125969869471475e-34
2.519881764291885050e-34
2.519881764291885050e-34
2.519881764291885050e-34
2.519881764291885050e-34
2.519881764291885050e-34
2.519881764291885050e-34
2.518003738736402602e-34
2.517320783957276595e-34
2.517320634358937520e-34
2.355831063056216407e-34
2.355831063054313398e-34
2.355831063054313398e-34
2.355831063054313398e-34
2.240116950786549573e-34
1.036003273942356089e-34
1.036003273942356089e-34
1.036003273942356089e-34
1.036003273942356089e-34
1.036003273942356089e-34
1.036003273942356089e-34
1.036003273942356089e-34
6.741700550721343711e-35
6.741700550450044194e-35
6.741700550450044194e-35
6.741700550450022812e-35
6.728232858303251374e-35
6.728225976792255692e-35
6.728224930532542177e-35
6.728224930532542177e-35
5.553354930275658552e-35
5.553354930275658552e-35
5.553354930275658552e-35
5.553354930275658552e-35
5.553354930119643931e-35
5.553354930119643931e-35
5.552868950572736827e-35
5.552868950572736827e-35
2.350442883358899975e-35
2.350442883358899975e-35
2.350442883358899975e-35
2.338278974073688427e-35
2.338278974073688427e-35
2.338278974073688427e-35
2.338278974073688427e-35
2.338278974073688427e-35
2.338238553572487351e-35
2.338238553572487351e-35
2.305157921065702594e-35
2.305157921065702594e-35
1.880850326940984486e-35
1.880850324933722152e-35
1.880850324933722152e-35
1.246850412716612891e-35
1.246850412716607278e-35
1.246850412715668603e-35
1.246850405573468257e-35
1.246850405573468257e-35
1.246850405573468257e-35
1.246850405573468257e-35
1.246840978873071524e-35
6.027520094755320704e-36
6.027520094755320704e-36
6.027520094755320704e-36
6.027520094755320704e-36
6.027520094755320704e-36
6.027520094755320704e-36
6.021621256005320303e-36
6.020638950148955086e-36
6.020638775174303192e-36
5.695114866576950775e-36
5.695114866576950775e-36
5.695114866574762449e-36
5.287537095931938775e-36
5.287537095931938775e-36
2.764400459051215015e-36
2.764400459051215015e-36
2.764400459051215015e-36
2.764400459051215015e-36
2.764400459051215015e-36
2.764400459051215015e-36
2.764400459051215015e-36
2.764400459051215015e-36
1.717586652177758131e-36
1.717586651985195456e-36
1.717586651985182761e-36
1.715386781459498116e-36
1.715386287119929209e-36
1.715385372488394958e-36
1.715385372488394958e-36
1.715385372488394958e-36
1.715385372488394958e-36
1.443867219576305438e-36
1.443867219576305438e-36
1.443867219555551921e-36
1.443867219555551921e-36
1.443686836870257758e-36
1.443686836870257758e-36
1.443686836870257758e-36
6.626926070248066934e-37
6.626926070248066934e-37
6.567466709693231308e-37
6.567466709693231308e-37
6.567466709693231308e-37
6.567466709693231308e-37
6.567466709693231308e-37
6.567401509585945578e-37
6.567401509585945578e-37
6.501501536172340611e-37
6.501501536172340611e-37
5.116163022238319755e-37
5.116163019315701659e-37
5.116163019315701659e-37
5.116163019315701659e-37
5.116163019315701659e-37
5.116163019315701659e-37
5.116163019315701659e-37
5.116163019315701659e-37
5.116163019315701659e-37
5.116163019315701659e-37
5.116163019315701659e-37
5.116163019315701659e-37
5.116163019315701659e-37
5.116163019315701659e-37
5.116163019315701659e-37
5.116163019315701659e-37
5.116163019315701659e-37
5.116163019315701659e-37
5.116163019315701659e-37
5.116163019315701659e-37
5.116163019315701659e-37
5.116163019315701659e-37
5.116163019315701659e-37
5.116163019315701659e-37
5.116163019315701659e-37
5.116163019315701659e-37
5.116163019315701659e-37
5.116163019315701659e-37
5.116163019315701659e-37
5.116163019315701659e-37
5.116163019315701659e-37
5.116163019315701659e-37
5.116163019315701659e-37
5.116163019315701659e-37
5.116163019315701659e-37
5.116163019315701659e-37
5.116163019315701659e-37
5.116163019315701659e-37
5.116163019315701659e-37
5.116163019315701659e-37
5.116163019315701659e-37
5.116163019315701659e-37
5.116163019315701659e-37
5.116163019315701659e-37
5.116163019315701659e-37
5.116163019315701659e-37
5.116163019315701659e-37
5.116163019315701659e-37
5.116163019315701659e-37
5.116163019315701659e-37
5.116163019315701659e-37
5.116163019315701659e-37
5.116163019315701659e-37
5.116163019315701659e-37
5.116163019315701659e-37
5.116163019315701659e-37
5.116163019315701659e-37
5.116163019315701659e-37
5.116163019315701659e-37
5.116163019315701659e-37
5.116163019315701659e-37
5.116163019315701659e-37
5.116163019315701659e-37
5.116163019315701659e-37
5.116163019315701659e-37
5.116163019315701659e-37
5.116163019315701659e-37
5.116163019315701659e-37
5.116163019315701659e-37
5.116163019315701659e-37
5.116163019315701659e-37
5.116163019315701659e-37
5.116163019315701659e-37
5.116163019315701659e-37
5.116163019315701659e-37
5.116163019315701659e-37
5.116163019315701659e-37
5.116163019315701659e-37
5.116163019315701659e-37
5.116163019315701659e-37
5.116163019315701659e-37
5.116163019315701659e-37
5.116163019315701659e-37
5.116163019315701659e-37
5.116163019315701659e-37
5.116163019315701659e-37
5.116163019315701659e-37
5.116163019315701659e-37
5.116163019315701659e-37
5.116163019315701659e-37
5.116163019315701659e-37
5.116163019315701659e-37
5.116163019315701659e-37
5.116163019315701659e-37
5.116163019315701659e-37
5.116163019315701659e-37
5.116163019315701659e-37
5.116163019315701659e-37
5.116163019315701659e-37
5.116163019315701659e-37
5.116163019315701659e-37
5.116163019315701659e-37
5.116163019315701659e-37
5.116163019315701659e-37
5.116163019315701659e-37
5.116163019315701659e-37
5.116163019315701659e-37
5.116163019315701659e-37
5.116163019315701659e-37
5.116163019315701659e-37
5.116163019315701659e-37
5.116163019315701659e-37
5.116163019315701659e-37
5.116163019315701659e-37
5.116163019315701659e-37
5.116163019315701659e-37
5.116163019315701659e-37
5.116163019315701659e-37
5.116163019315701659e-37
5.116163019315701659e-37
5.116163019315701659e-37
5.116163019315701659e-37
5.116163019315701659e-37
5.116163019315701659e-37
5.116163019315701659e-37
5.116163019315701659e-37
5.116163019315701659e-37
5.116163019315701659e-37
5.116163019315701659e-37
5.116163019315701659e-37
5.116163019315701659e-37
5.116163019315701659e-37
5.116163019315701659e-37
5.116163019315701659e-37
5.116163019315701659e-37
5.116163019315701659e-37
5.116163019315701659e-37
5.116163019315701659e-37
5.116163019315701659e-37
5.116163019315701659e-37
5.116163019315701659e-37
5.116163019315701659e-37
5.116163019315701659e-37
5.116163019315701659e-37
5.116163019315701659e-37
5.116163019315701659e-37
5.116163019315701659e-37
5.116163019315701659e-37
5.116163019315701659e-37
5.116163019315701659e-37
5.116163019315701659e-37
5.116163019315701659e-37
5.116163019315701659e-37
5.116163019315701659e-37
5.116163019315701659e-37
5.116163019315701659e-37
5.116163019315701659e-37
5.116163019315701659e-37
5.116163019315701659e-37
5.116163019315701659e-37
5.116163019315701659e-37
5.116163019315701659e-37
5.116163019315701659e-37
5.116163019315701659e-37
5.116163019315701659e-37
5.116163019315701659e-37
5.116163019315701659e-37
5.116163019315701659e-37
5.116163019315701659e-37
5.116163019315701659e-37
5.116163019315701659e-37
5.116163019315701659e-37
5.116163019315701659e-37
5.116163019315701659e-37
5.116163019315701659e-37
5.116163019315701659e-37
5.116163019315701659e-37
5.116163019315701659e-37
5.116163019315701659e-37
5.116163019315701659e-37
5.116163019315701659e-37
5.116163019315701659e-37
5.116163019315701659e-37
5.116163019315701659e-37
5.116163019315701659e-37
5.116163019315701659e-37
5.116163019315701659e-37
5.116163019315701659e-37
5.116163019315701659e-37
5.116163019315701659e-37
5.116163019315701659e-37
5.116163019315701659e-37
5.116163019315701659e-37
5.116163019315701659e-37
5.116163019315701659e-37
5.116163019315701659e-37
5.116163019315701659e-37
5.116163019315701659e-37
5.116163019315701659e-37
5.116163019315701659e-37
5.116163019315701659e-37
5.116163019315701659e-37
5.116163019315701659e-37
5.116163019315701659e-37
5.116163019315701659e-37
5.116163019315701659e-37
5.116163019315701659e-37
5.116163019315701659e-37
5.116163019315701659e-37
5.116163019315701659e-37
5.116163019315701659e-37
5.116163019315701659e-37
5.116163019315701659e-37
5.116163019315701659e-37
5.116163019315701659e-37
5.116163019315701659e-37
5.116163019315701659e-37
5.116163019315701659e-37
5.116163019315701659e-37
5.116163019315701659e-37
5.116163019315701659e-37
5.116163019315701659e-37
5.116163019315701659e-37
5.116163019315701659e-37
5.116163019315701659e-37
5.116163019315701659e-37
5.116163019315701659e-37
5.116163019315701659e-37
5.116163019315701659e-37
5.116163019315701659e-37
5.116163019315701659e-37
5.116163019315701659e-37
5.116163019315701659e-37
5.116163019315701659e-37
5.116163019315701659e-37
5.116163019315701659e-37
5.116163019315701659e-37
5.116163019315701659e-37
5.116163019315701659e-37
5.116163019315701659e-37
5.116163019315701659e-37
5.116163019315701659e-37
5.116163019315701659e-37
5.116163019315701659e-37
5.116163019315701659e-37
5.116163019315701659e-37
5.116163019315701659e-37
5.116163019315701659e-37
5.116163019315701659e-37
5.116163019315701659e-37
5.116163019315701659e-37
5.116163019315701659e-37
5.116163019315701659e-37
5.116163019315701659e-37
5.116163019315701659e-37
5.116163019315701659e-37
5.116163019315701659e-37
5.116163019315701659e-37
5.116163019315701659e-37
5.116163019315701659e-37
5.116163019315701659e-37
5.116163019315701659e-37
5.116163019315701659e-37
5.116163019315701659e-37
5.116163019315701659e-37
5.116163019315701659e-37
5.116163019315701659e-37
5.116163019315701659e-37
5.116163019315701659e-37
5.116163019315701659e-37
5.116163019315701659e-37
5.116163019315701659e-37
5.116163019315701659e-37
5.116163019315701659e-37
5.116163019315701659e-37
5.116163019315701659e-37
5.116163019315701659e-37
5.116163019315701659e-37
5.116163019315701659e-37
5.116163019315701659e-37
5.116163019315701659e-37
5.116163019315701659e-37
5.116163019315701659e-37
5.116163019315701659e-37
5.116163019315701659e-37
5.116163019315701659e-37
5.116163019315701659e-37
5.116163019315701659e-37
5.116163019315701659e-37
5.116163019315701659e-37
5.116163019315701659e-37
5.116163019315701659e-37
5.116163019315701659e-37
5.116163019315701659e-37
5.116163019315701659e-37
5.116163019315701659e-37
5.116163019315701659e-37
5.116163019315701659e-37
5.116163019315701659e-37
5.116163019315701659e-37
5.116163019315701659e-37
5.116163019315701659e-37
5.116163019315701659e-37
5.116163019315701659e-37
5.116163019315701659e-37
5.116163019315701659e-37
5.116163019315701659e-37
5.116163019315701659e-37
5.116163019315701659e-37
5.116163019315701659e-37
5.116163019315701659e-37
5.116163019315701659e-37
5.116163019315701659e-37
5.116163019315701659e-37
5.116163019315701659e-37
5.116163019315701659e-37
5.116163019315701659e-37
5.116163019315701659e-37
5.116163019315701659e-37
5.116163019315701659e-37
5.116163019315701659e-37
5.116163019315701659e-37
5.116163019315701659e-37
5.116163019315701659e-37
5.116163019315701659e-37
5.116163019315701659e-37
5.116163019315701659e-37
5.116163019315701659e-37
5.116163019315701659e-37
5.116163019315701659e-37
5.116163019315701659e-37
5.116163019315701659e-37
5.116163019315701659e-37
5.116163019315701659e-37
5.116163019315701659e-37
5.116163019315701659e-37
5.116163019315701659e-37
5.116163019315701659e-37
5.116163019315701659e-37
5.116163019315701659e-37
5.116163019315701659e-37
5.116163019315701659e-37
5.116163019315701659e-37
5.116163019315701659e-37
5.116163019315701659e-37
5.116163019315701659e-37
5.116163019315701659e-37
5.116163019315701659e-37
5.116163019315701659e-37
5.116163019315701659e-37
5.116163019315701659e-37
5.116163019315701659e-37
5.116163019315701659e-37
5.116163019315701659e-37
5.116163019315701659e-37
5.116163019315701659e-37
5.116163019315701659e-37
5.116163019315701659e-37
5.116163019315701659e-37
5.116163019315701659e-37
5.116163019315701659e-37
5.116163019315701659e-37
5.116163019315701659e-37
5.116163019315701659e-37
5.116163019315701659e-37
5.116163019315701659e-37
5.116163019315701659e-37
5.116163019315701659e-37
5.116163019315701659e-37
5.116163019315701659e-37
5.116163019315701659e-37
5.116163019315701659e-37
5.116163019315701659e-37
5.116163019315701659e-37
5.116163019315701659e-37
5.116163019315701659e-37
5.116163019315701659e-37
5.116163019315701659e-37
5.116163019315701659e-37
5.116163019315701659e-37
5.116163019315701659e-37
5.116163019315701659e-37
5.116163019315701659e-37
5.116163019315701659e-37
5.116163019315701659e-37
5.116163019315701659e-37
5.116163019315701659e-37
5.116163019315701659e-37
5.116163019315701659e-37
5.116163019315701659e-37
5.116163019315700824e-37
5.116163019315692471e-37
5.116163019315658226e-37
5.116163019315545469e-37
5.116163019315342506e-37
5.116163019315245618e-37
5.116163019315242277e-37
5.116163019315242277e-37
5.116163019315242277e-37
5.116163019315242277e-37
5.116163019315242277e-37
5.116163019315242277e-37
5.116163019315242277e-37
5.116163019315242277e-37
5.116163019315242277e-37
5.116163019315242277e-37
5.116163019315242277e-37
5.116163019315242277e-37
5.116163019315242277e-37
5.116163019315242277e-37
5.116163019315242277e-37
5.116163019315242277e-37
5.116163019315242277e-37
5.116163019315242277e-37
5.116163019315242277e-37
5.116163019315242277e-37
5.116163019315242277e-37
5.116163019315242277e-37
5.116163019315242277e-37
5.116163019315238936e-37
5.116163019315215550e-37
5.116163019315033468e-37
5.116163019313830723e-37
5.116163019307398548e-37
5.116163019279140743e-37
5.116163019185767708e-37
5.116163019016336142e-37
5.116163018935320467e-37
5.116163018932807233e-37
5.116163018932807233e-37
5.116163018932807233e-37
5.116163018932807233e-37
5.116163018932807233e-37
5.116163018932807233e-37
5.116163018932807233e-37
5.116163018932807233e-37
5.116163018932807233e-37
5.116163018932807233e-37
5.116163018932807233e-37
5.116163018932807233e-37
5.116163018932807233e-37
5.116163018932807233e-37
5.116163018932807233e-37
5.116163018932807233e-37
5.116163018932807233e-37
5.116163018932807233e-37
5.116163018932807233e-37
5.116163018932806398e-37
5.116163018932795540e-37
5.116163018932663572e-37
5.116163018931165988e-37
5.116163018917737852e-37
5.116163018816298078e-37
5.116163018145095864e-37
5.116163014554076110e-37
5.116162998777839355e-37
5.116162946649360681e-37
5.116162852058531243e-37
5.116162806829442197e-37
5.116162805426246571e-37
5.116162805425945885e-37
5.116162805425945885e-37
5.116162805425945885e-37
5.116162805425945885e-37
5.116162805425945885e-37
5.116162805425945885e-37
5.116162805425945885e-37
5.116162805425945885e-37
5.116162805425945885e-37
5.116162805425945885e-37
5.116162805425945885e-37
5.116162805425945885e-37
5.116162805425945885e-37
5.116162805425945885e-37
5.116162805425945885e-37
5.116162805425945885e-37
5.116162805425945885e-37
5.116162805425932521e-37
5.116162805425666080e-37
5.116162805421665285e-37
5.116162805371823235e-37
5.116162804806956130e-37
5.116162799742724337e-37
5.116162761487082218e-37
5.116162508359219451e-37
5.116161154091087964e-37
5.116155204466381501e-37
5.116135545573015497e-37
5.116099873497871140e-37
5.116082816888325463e-37
5.116082287722633052e-37
5.116082287609541695e-37
5.116082287609541695e-37
5.116082287609541695e-37
5.116082287609541695e-37
5.116082287609541695e-37
5.116082287609541695e-37
5.116082287609541695e-37
5.116082287609541695e-37
5.116082287609541695e-37
5.116082287609541695e-37
5.116082287609541695e-37
5.116082287609541695e-37
5.116082287609541695e-37
5.116082287609541695e-37
5.116082287609535848e-37
5.116082287609364624e-37
5.116082287605886689e-37
5.116082287537444702e-37
5.116082286512740122e-37
5.116082273743348630e-37
5.116082129027307738e-37
5.116080831597443872e-37
5.116071030721097574e-37
5.116006181755536364e-37
5.115659258879122274e-37
5.114135698539902725e-37
5.109107935561280108e-37
5.100009901221075272e-37
5.095671070666186835e-37
5.095536580026762654e-37
5.095536551284742997e-37
5.095536551284742997e-37
5.095536551284742997e-37
5.095536551284742997e-37
5.095536551284742997e-37
5.095536551284742997e-37
5.095536551284742997e-37
5.095536551284742997e-37
5.095536551284742997e-37
5.095536551284742997e-37
5.095536551284742997e-37
5.095536551284742162e-37
5.095536551284707917e-37
5.095536551283534406e-37
5.095536551254003697e-37
5.095536550650187728e-37
5.095536538768098995e-37
5.095536360874833474e-37
5.095534144051850903e-37
5.095509020837427449e-37
5.095283793447094308e-37
5.093583049305584477e-37
5.082358204213306576e-37
5.023134359006722489e-37
4.778504822541912360e-37
4.116141780609566102e-37
3.288905668486037477e-37
3.000561906535936383e-37
2.992422691055173324e-37
2.992420956295410735e-37
2.992420956295408230e-37
2.992420956295408230e-37
2.992420956295408230e-37
2.992420956295408230e-37
2.992420956295408230e-37
2.992420956295408230e-37
2.992420956295408230e-37
2.992420956295408230e-37
2.992420956295408230e-37
2.992420956295407394e-37
2.992420956295365632e-37
2.992420956293969531e-37
2.992420956245300573e-37
2.992420955021390245e-37
2.992420929995487006e-37
2.992420437528394662e-37
2.992413064551832149e-37
2.992321188957533790e-37
2.991280353071276769e-37
2.981981138269712261e-37
2.913559262012050682e-37
2.529522258626872075e-37
1.483414281613526511e-37
5.266181859239003986e-38
1.681829824289770066e-38
7.524756449058422205e-39
5.952087467703124133e-39
5.913742555156777951e-39
5.913734413046861631e-39
5.913734413046847275e-39
5.913734413046847275e-39
5.913734413046847275e-39
5.913734413046847275e-39
5.913734413046847275e-39
5.913734413046847275e-39
5.913734413046847275e-39
5.913734413046847275e-39
5.913734413046844665e-39
5.913734413046708939e-39
5.913734413042186903e-39
5.913734412884523801e-39
5.913734408919739671e-39
5.913734327849761530e-39
5.913732732531075892e-39
5.913708848239739345e-39
5.913411229371394517e-39
5.910040394398273988e-39
5.879990470981668086e-39
5.662498618971038268e-39
4.549129545806416775e-39
2.216976687347451652e-39
6.816773034752147422e-40
2.073069696038361014e-40
9.161781809905877782e-41
7.232007887139183744e-41
7.185055564176784531e-41
7.185045594882440293e-41
7.185045594882424999e-41
7.185045594882424999e-41
7.185045594882424999e-41
7.185045594882424999e-41
7.185045594882424999e-41
7.185045594882424999e-41
7.185045594882424999e-41
7.185045594882424999e-41
7.185045594882420921e-41
7.185045594882306728e-41
7.185045594878465974e-41
7.185045594744571824e-41
7.185045591377489230e-41
7.185045522529047669e-41
7.185044167709174660e-41
7.185023884016121506e-41
7.184771127571275537e-41
7.181907870304750442e-41
7.156339344002869126e-41
6.968920464287925662e-41
5.939653564571402541e-41
3.317904162790162693e-41
1.128858015814604018e-41
3.549832925542543862e-42
1.581952342499470651e-42
1.250486582373087489e-42
1.242410313124925771e-42
1.242408598248228726e-42
1.242408598248225858e-42
1.242408598248225858e-42
1.242408598248225858e-42
1.242408598248225858e-42
1.242408598248225858e-42
1.242408598248225858e-42
1.242408598248225858e-42
1.242408598248225539e-42
1.242408598248211680e-42
1.242408598247751276e-42
1.242408598231700556e-42
1.242408597828065072e-42
1.242408589574726320e-42
1.242408427163094014e-42
1.242405995614219004e-42
1.242375695569182012e-42
1.242032407126150387e-42
1.238963159230856528e-42
1.216258915621830219e-42
1.084731745710620556e-42
6.871619493240103894e-43
2.632614847157696016e-43
8.664650872656274533e-44
3.907666640638354530e-44
3.095151644740198722e-44
3.075313378274311950e-44
3.075309165702980912e-44
3.075309165702973942e-44
3.075309165702973942e-44
3.075309165702973942e-44
3.075309165702973942e-44
3.075309165702973942e-44
3.075309165702973942e-44
3.075309165702973942e-44
3.075309165702973444e-44
3.075309165702949548e-44
3.075309165702157981e-44
3.075309165674554178e-44
3.075309164980391759e-44
3.075309150786492946e-44
3.075308871474757186e-44
3.075304689751074181e-44
3.075252579988400030e-44
3.074662141221006779e-44
3.069378760650524712e-44
3.030046782403709492e-44
2.793212904405961416e-44
1.969580974451505164e-44
8.580436507128526472e-45
2.995172446942248424e-45
1.373202303005987396e-45
1.090765531147695159e-45
1.083849512325412974e-45
1.083848043636363834e-45
1.083848043636361500e-45
1.083848043636361500e-45
1.083848043636361500e-45
1.083848043636361500e-45
1.083848043636361500e-45
1.083848043636361500e-45
1.083848043636361345e-45
1.083848043636355433e-45
1.083848043636161275e-45
1.083848043629393901e-45
1.083848043459207191e-45
1.083848039979314627e-45
1.083847971500958916e-45
1.083846946274835149e-45
1.083834170541267296e-45
1.083689403654615469e-45
1.082393243084819533e-45
1.072701213904126143e-45
1.012700666032764842e-45
7.794472491698243981e-46
3.874207925009979614e-46
1.455439114927166794e-46
6.823808153092249863e-47
5.441751819441618013e-47
5.407772256023281543e-47
5.407765039407646924e-47
5.407765039407635256e-47
5.407765039407635256e-47
5.407765039407635256e-47
5.407765039407635256e-47
5.407765039407635256e-47
5.407765039407635256e-47
5.407765039407635256e-47
5.407765039407614837e-47
5.407765039406941973e-47
5.407765039383457870e-47
5.407765038792888858e-47
5.407765026717220084e-47
5.407764789088633849e-47
5.407761231422751762e-47
5.407716897820035547e-47
5.407214514008920868e-47
5.402714632734383255e-47
5.368962610545985847e-47
5.155838985396808819e-47
4.252672187339261679e-47
2.403208996367138927e-47
9.861359392618204569e-48
4.763993185514257196e-48
3.819873872515067384e-48
3.796531594754024806e-48
3.796526636630319405e-48
3.796526636630311505e-48
3.796526636630311505e-48
3.796526636630311505e-48
3.796526636630311505e-48
3.796526636630311505e-48
3.796526636630310897e-48
3.796526636630301781e-48
3.796526636629973614e-48
3.796526636618531531e-48
3.796526636330794254e-48
3.796526630447294901e-48
3.796526514670048856e-48
3.796524781306000541e-48
3.796503181053511503e-48
3.796258401648594683e-48
3.794065277368464503e-48
3.777579741081908509e-48
3.672008308249359497e-48
3.194385609963319014e-48
2.032782528718042298e-48
9.233412490485071697e-49
4.639096764804708675e-49
3.747499060124867773e-49
3.725286650661792527e-49
3.725281931661745276e-49
3.725281931661737680e-49
3.725281931661737680e-49
3.725281931661737680e-49
3.725281931661737680e-49
3.725281931661737680e-49
3.725281931661737680e-49
3.725281931661730843e-49
3.725281931661508267e-49
3.725281931653754566e-49
3.725281931458765741e-49
3.725281927471731813e-49
3.725281849013711489e-49
3.725280674375895143e-49
3.725266036642008850e-49
3.725100154619553006e-49
3.723613623596542131e-49
3.712422456601150255e-49
3.640035410600297798e-49
3.296177589336466187e-49
2.329437238936297312e-49
1.182992797679750631e-49
6.249135016591754461e-50
5.098959361690657495e-50
5.070009035570779888e-50
5.070002883563883684e-50
5.070002883563874188e-50
5.070002883563874188e-50
5.070002883563874188e-50
5.070002883563874188e-50
5.070002883563874188e-50
5.070002883563874188e-50
5.070002883563867541e-50
5.070002883563660538e-50
5.070002883556435361e-50
5.070002883374739571e-50
5.070002879659532221e-50
5.070002806550576201e-50
5.070001711996395738e-50
5.069988072205433626e-50
5.069833497002643122e-50
5.068448096858193878e-50
5.058007076879518445e-50
4.989990909314562495e-50
4.655083293970085687e-50
3.595057105012452781e-50
2.051480473279322033e-50
1.153096425306398452e-50
9.534500613707046722e-51
9.483559595543859187e-51
9.483548766820739058e-51
9.483548766820723628e-51
9.483548766820723628e-51
9.483548766820723628e-51
9.483548766820723628e-51
9.483548766820723628e-51
9.483548766820723628e-51
9.483548766820715319e-51
9.483548766820453004e-51
9.483548766811327764e-51
9.483548766581870930e-51
9.483548761890050373e-51
9.483548669563024999e-51
9.483547287284519626e-51
9.483530061999572982e-51
9.483334851485004549e-51
9.481585079474769273e-51
9.468387983129820929e-51
9.381983439097542483e-51
8.945248642347117948e-51
7.426479823005932826e-51
4.757482556180769978e-51
2.879592502034711936e-51
2.422392450008632181e-51
2.410518746111251569e-51
2.410516220953781471e-51
2.410516220953777020e-51
2.410516220953777020e-51
2.410516220953777020e-51
2.410516220953777020e-51
2.410516220953777020e-51
2.410516220953776130e-51
2.410516220953732213e-51
2.410516220952199866e-51
2.410516220913670709e-51
2.410516220125844522e-51
2.410516204622762221e-51
2.410515972517609297e-51
2.410513080133732625e-51
2.410480301109227923e-51
2.410186465440570747e-51
2.407969117730381749e-51
2.393399677491214036e-51
2.318352181584078647e-51
2.037655503612320109e-51
1.455401628397323068e-51
9.584417306755147868e-52
8.239200274428911153e-52
8.203479144731039152e-52
8.203471543665115320e-52
8.203471543665103450e-52
8.203471543665103450e-52
8.203471543665103450e-52
8.203471543665103450e-52
8.203471543665103450e-52
8.203471543665100483e-52
8.203471543665004044e-52
8.203471543661673177e-52
8.203471543577865889e-52
8.203471541864202262e-52
8.203471508142218638e-52
8.203471003271874196e-52
8.203464711815134533e-52
8.203393411142540021e-52
8.202754230888993130e-52
8.197929024145082729e-52
8.166144350323820828e-52
8.000193703616596715e-52
7.344488008052743372e-52
5.779331621487716301e-52
4.167697629713168560e-52
3.677361456863492653e-52
3.663987737500152883e-52
3.663984889721322017e-52
3.663984889721316824e-52
3.663984889721316824e-52
3.663984889721316824e-52
3.663984889721316824e-52
3.663984889721316824e-52
3.663984889721290118e-52
3.663984889720385071e-52
3.663984889697617964e-52
3.663984889232084402e-52
3.663984880071190909e-52
3.663984742918417365e-52
3.663983033784518515e-52
3.663963664208727912e-52
3.663790018294815027e-52
3.662478813606596848e-52
3.653826498665704068e-52
3.608221211460640546e-52
3.420651939337413738e-52
2.919224888237223031e-52
2.305874611426897431e-52
2.095366066772484557e-52
2.089448187357304610e-52
2.089446926185517448e-52
2.089446926185515593e-52
2.089446926185515593e-52
2.089446926185515593e-52
2.089446926185515593e-52
2.089446926185515222e-52
2.089446926185507062e-52
2.089446926185215148e-52
2.089446926177879822e-52
2.089446926027894362e-52
2.089446923076430066e-52
2.089446878888435753e-52
2.089446328238139101e-52
2.089440087715176383e-52
2.089384140896331678e-52
2.088961610559750194e-52
2.086170135156833015e-52
2.071361193442120194e-52
2.008717312446999331e-52
1.826223396058396145e-52
1.567768120152813570e-52
1.468400511911477642e-52
1.465518771497073064e-52
1.465518156832431676e-52
1.465518156832430749e-52
1.465518156832430749e-52
1.465518156832430749e-52
1.465518156832430749e-52
1.465518156832427967e-52
1.465518156832324109e-52
1.465518156829714868e-52
1.465518156776364058e-52
1.465518155726510905e-52
1.465518140008581815e-52
1.465517944139010922e-52
1.465515724344484291e-52
1.465495823405938343e-52
1.465345507452719756e-52
1.464351681439264524e-52
1.459057393706867265e-52
1.436244723102510446e-52
1.365689774402193285e-52
1.253915629947921640e-52
1.206692505113497192e-52
1.205284266147018830e-52
1.205283965535361097e-52
1.205283965535360540e-52
1.205283965535360540e-52
1.205283965535360540e-52
1.205283965535360540e-52
1.205283965535359613e-52
1.205283965535322336e-52
1.205283965534388172e-52
1.205283965515285575e-52
1.205283965139381827e-52
1.205283959511517207e-52
1.205283889379662039e-52
1.205283094572933763e-52
1.205275968897799025e-52
1.205222143652470809e-52
1.204866116769902445e-52
1.202964891913053636e-52
1.194682936531203903e-52
1.168110251618193459e-52
1.122793710655659050e-52
1.102345308170836187e-52
1.101722818395953828e-52
1.101722685435174111e-52
1.101722685435173740e-52
1.101722685435173740e-52
1.101722685435173740e-52
1.101722685435173740e-52
1.101722685435173369e-52
1.101722685435161314e-52
1.101722685434857901e-52
1.101722685428653512e-52
1.101722685306561282e-52
1.101722683478647058e-52
1.101722660700023918e-52
1.101722402548984121e-52
1.101720088139488051e-52
1.101702605203779602e-52
1.101586939035115420e-52
1.100968521610898309e-52
1.098259867272186743e-52
1.089403833730450177e-52
1.073693391036524043e-52
1.066340397305969073e-52
1.066113886992907671e-52
1.066113838594352729e-52
1.066113838594352544e-52
1.066113838594352544e-52
1.066113838594352544e-52
1.066113838594352544e-52
1.066113838594349206e-52
1.066113838594267974e-52
1.066113838592604580e-52
1.066113838559873062e-52
1.066113838069829993e-52
1.066113831963139686e-52
1.066113762755760567e-52
1.066113142287658515e-52
1.066108455241187686e-52
1.066077443282510901e-52
1.065911555721803138e-52
1.065183382033039872e-52
1.062784379847905705e-52
1.058458701895096705e-52
1.056402776439226800e-52
1.056339120742770210e-52
1.056339107139359954e-52
1.056339107139359954e-52
1.056339107139359954e-52
1.056339107139359954e-52
1.056339107139359954e-52
1.056339107139359212e-52
1.056339107139342521e-52
1.056339107138997008e-52
1.056339107132201928e-52
1.056339107030469902e-52
1.056339105762733158e-52
1.056339091395416161e-52
1.056338962587383902e-52
1.056337989561360562e-52
1.056331551340241731e-52
1.056297107313183196e-52
1.056145812832557983e-52
1.055646207511766799e-52
1.054740844095583353e-52
1.054308488521302392e-52
1.054295080708346091e-52
1.054295077842920542e-52
1.054295077842920542e-52
1.054295077842920542e-52
1.054295077842920542e-52
1.054295077842920542e-52
1.054295077842920356e-52
1.054295077842917760e-52
1.054295077842863976e-52
1.054295077841803514e-52
1.054295077825932563e-52
1.054295077628153054e-52
1.054295075386710935e-52
1.054295055291393734e-52
1.054294903489651114e-52
1.054293899057143168e-52
1.054288525238887380e-52
1.054264917381707510e-52
1.054186918858306416e-52
1.054045414455230451e-52
1.053977766824561835e-52
1.053975668250425783e-52
1.053975667801928049e-52
1.053975667801928049e-52
1.053975667801928049e-52
1.053975667801928049e-52
1.053975667801928049e-52
1.053975667801927864e-52
1.053975667801921558e-52
1.053975667801798227e-52
1.053975667799953453e-52
1.053975667776963979e-52
1.053975667516421735e-52
1.053975665180571788e-52
1.053975647535358469e-52
1.053975530781474129e-52
1.053974906132726009e-52
1.053972161905813827e-52
1.053963094421334977e-52
1.053946641223909870e-52
1.053938774224870386e-52
1.053938530159468617e-52
1.053938530107308091e-52
1.053938530107308091e-52
1.053938530107308091e-52
1.053938530107308091e-52
1.053938530107308091e-52
1.053938530107307349e-52
1.053938530107296778e-52
1.053938530107136911e-52
1.053938530105146180e-52
1.053938530082584563e-52
1.053938529880309496e-52
1.053938528352306288e-52
1.053938518241897749e-52
1.053938464149836737e-52
1.053938226510167078e-52
1.053937441292274166e-52
1.053936016461518963e-52
1.053935335172761171e-52
1.053935314036342504e-52
1.053935314031825432e-52
1.053935314031825432e-52
1.053935314031825432e-52
1.053935314031825432e-52
1.053935314031825432e-52
1.053935314031824876e-52
1.053935314031814490e-52
1.053935314031685781e-52
1.053935314030227136e-52
1.053935314017150700e-52
1.053935313918371202e-52
1.053935313264770317e-52
1.053935309767917331e-52
1.053935294405381563e-52
1.053935243643870166e-52
1.053935151533507684e-52
1.053935107490472115e-52
1.053935106124072342e-52
1.053935106123780428e-52
1.053935106123780428e-52
1.053935106123780428e-52
1.053935106123780428e-52
1.053935106123780428e-52
1.053935106123780428e-52
1.053935106123779871e-52
1.053935106123773751e-52
1.053935106123703091e-52
1.053935106123070486e-52
1.053935106118291915e-52
1.053935106086672602e-52
1.053935105917505724e-52
1.053935105174313601e-52
1.053935102718627735e-52
1.053935098262611130e-52
1.053935096131943896e-52
1.053935096065841391e-52
1.053935096065827482e-52
1.053935096065827482e-52
1.053935096065827482e-52
1.053935096065827482e-52
1.053935096065827482e-52
1.053935096065827482e-52
1.053935096065827482e-52
1.053935096065827111e-52
1.053935096065824515e-52
1.053935096065801703e-52
1.053935096065628298e-52
1.053935096064480855e-52
1.053935096058341748e-52
1.053935096031372110e-52
1.053935095942257875e-52
1.053935095780553735e-52
1.053935095703234035e-52
1.053935095700835291e-52
1.053935095700834735e-52
1.053935095700834735e-52
1.053935095700834735e-52
1.053935095700834735e-52
1.053935095700834735e-52
1.053935095700834735e-52
1.053935095700834735e-52
1.053935095700834549e-52
1.053935095700834178e-52
1.053935095700829356e-52
1.053935095700798014e-52
1.053935095700630543e-52
1.053935095699894451e-52
1.053935095697463066e-52
1.053935095693051151e-52
1.053935095690941355e-52
1.053935095690875887e-52
1.053935095690875887e-52
1.053935095690875887e-52
1.053935095690875887e-52
1.053935095690875887e-52
1.053935095690875887e-52
1.053935095690875887e-52
1.053935095690875887e-52
1.053935095690875887e-52
1.053935095690875887e-52
1.053935095690875887e-52
1.053935095690875145e-52
1.053935095690871621e-52
1.053935095690856599e-52
1.053935095690806525e-52
1.053935095690716020e-52
1.053935095690672437e-52
1.053935095690671139e-52
1.053935095690671139e-52
1.053935095690671139e-52
1.053935095690671139e-52
1.053935095690671139e-52
1.053935095690671139e-52
1.053935095690671139e-52
1.053935095690671139e-52
1.053935095690671139e-52
1.053935095690671139e-52
1.053935095690671139e-52
1.053935095690671139e-52
1.053935095690671139e-52
1.053935095690670768e-52
1.053935095690670212e-52
1.053935095690668728e-52
1.053935095690667986e-52
1.053935095690667986e-52
1.053935095690667986e-52
1.053935095690667986e-52
1.053935095690667986e-52
1.053935095690667986e-52
1.053935095690667986e-52
1.053935095690667986e-52
1.053935095690667986e-52
1.053935095690667986e-52
1.053935095690667986e-52
1.053935095690667986e-52
1.053935095690667986e-52
1.053935095690667986e-52
1.053935095690667986e-52
1.053935095690667986e-52
1.053935095690667986e-52
1.053935095690667986e-52
1.053935095690667986e-52
1.053935095690667986e-52
1.053935095690667986e-52
1.053935095690667986e-52
1.053935095690667986e-52
1.053935095690667986e-52
1.053935095690667986e-52
1.053935095690667986e-52
1.053935095690667986e-52
1.053935095690667986e-52
1.053935095690667986e-52
1.053935095690667986e-52
1.053935095690667986e-52
1.053935095690667986e-52
1.053935095690667986e-52
1.053935095690667986e-52
1.053935095690667986e-52
1.053935095690667986e-52
1.053935095690667986e-52
1.053935095690667986e-52
1.053935095690667986e-52
1.053935095690667986e-52
1.053935095690667986e-52
1.053935095690667986e-52
1.053935095690667986e-52
1.053935095690667986e-52
1.053935095690667986e-52
1.053935095690667986e-52
1.053935095690667986e-52
1.053935095690667986e-52
1.053935095690667986e-52
1.053935095690667986e-52
1.053935095690667986e-52
1.053935095690667986e-52
1.053935095690667986e-52
1.053935095690667986e-52
1.053935095690667986e-52
1.053935095690667986e-52
1.053935095690667986e-52
1.053935095690667986e-52
1.053935095690667986e-52
1.053935095690667986e-52
1.053935095690667986e-52
1.053935095690667986e-52
1.053935095690667986e-52
1.053935095690667986e-52
1.053935095690667986e-52
1.053935095690667986e-52
1.053935095690667986e-52
1.053935095690667986e-52
1.053935095690667986e-52
1.053935095690667986e-52
1.053935095690667986e-52
1.053935095690667986e-52
1.053935095690667986e-52
1.053935095690667986e-52
1.053935095690667986e-52
1.053935095690667986e-52
1.053935095690667986e-52
1.053935095690667986e-52
1.053935095690667986e-52
1.053935095690667986e-52
1.053935095690667986e-52
1.053935095690667986e-52
1.053935095690667986e-52
1.053935095690667986e-52
1.053935095690667986e-52
1.053935095690667986e-52
1.053935095690667986e-52
1.053935095690667986e-52
1.053935095690667986e-52
1.053935095690667986e-52
1.053935095690667986e-52
1.053935095690667986e-52
1.053935095690667986e-52
1.053935095690667986e-52
1.053935095690667986e-52
1.053935095690667986e-52
1.053935095690667986e-52
1.053935095690667986e-52
1.053935095690667986e-52
1.053935095690667986e-52
1.053935095690667986e-52
1.053935095690667986e-52
1.053935095690667986e-52
1.053935095690667986e-52
1.053935095690667986e-52
1.053935095690667986e-52
1.053935095690667986e-52
1.053935095690667986e-52
1.053935095690667986e-52
1.053935095690667986e-52
1.053935095690667986e-52
1.053935095690667986e-52
1.053935095690667986e-52
1.053935095690667986e-52
1.053935095690667986e-52
1.053935095690667986e-52
1.053935095690667986e-52
1.053935095690667986e-52
1.053935095690667986e-52
1.053935095690667986e-52
1.053935095690667986e-52
1.053935095690667986e-52
1.053935095690667986e-52
1.053935095690667986e-52
1.053935095690667986e-52
1.053935095690667986e-52
1.053935095690667986e-52
1.053935095690667986e-52
1.053935095690667986e-52
1.053935095690667986e-52
1.053935095690667986e-52
1.053935095690667986e-52
1.053935095690667986e-52
1.053935095690667986e-52
1.053935095690667986e-52
1.053935095690667986e-52
1.053935095690667986e-52
1.053935095690667986e-52
1.053935095690667986e-52
1.053935095690667986e-52
1.053935095690667986e-52
1.053935095690667986e-52
1.053935095690667986e-52
1.053935095690667986e-52
1.053935095690667986e-52
1.053935095690667986e-52
1.053935095690667986e-52
1.053935095690667986e-52
1.053935095690667986e-52
1.053935095690667986e-52
1.053935095690667986e-52
1.053935095690667986e-52
1.053935095690667986e-52
1.053935095690667986e-52
1.053935095690667986e-52
1.053935095690667986e-52
1.053935095690667986e-52
1.053935095690667986e-52
1.053935095690667986e-52
1.053935095690667986e-52
1.053935095690667986e-52
1.053935095690667986e-52
1.053935095690667986e-52
1.053935095690667986e-52
1.053935095690667986e-52
1.053935095690667986e-52
1.053935095690667986e-52
1.053935095690667986e-52
1.053935095690667986e-52
1.053935095690667986e-52
1.053935095690667986e-52
1.053935095690667986e-52
1.053935095690667986e-52
1.053935095690667986e-52
1.053935095690667986e-52
1.053935095690667986e-52
1.053935095690667986e-52
1.053935095690667986e-52
1.053935095690667986e-52
1.053935095690667986e-52
1.053935095690667986e-52
1.053935095690667986e-52
1.053935095690667986e-52
1.053935095690667986e-52
1.053935095690667986e-52
1.053935095690667986e-52
1.053935095690667986e-52
1.053935095690667986e-52
1.053935095690667986e-52
1.053935095690667986e-52
1.053935095690667986e-52
1.053935095690667986e-52
1.053935095690667986e-52
1.053935095690667986e-52
1.053935095690667986e-52
1.053935095690667986e-52
1.053935095690667986e-52
1.053935095690667986e-52
1.053935095690667986e-52
1.053935095690667986e-52
1.053935095690667986e-52
1.053935095690667986e-52
1.053935095690667986e-52
1.053935095690667986e-52
1.053935095690667986e-52
1.053935095690667986e-52
1.053935095690667986e-52
1.053935095690667986e-52
1.053935095690667986e-52
1.053935095690667986e-52
1.053935095690667986e-52
1.053935095690667986e-52
1.053935095690667986e-52
1.053935095690667986e-52
1.053935095690667986e-52
1.053935095690667986e-52
1.053935095690667986e-52
1.053935095690667986e-52
1.053935095690667986e-52
1.053935095690667986e-52
1.053935095690667986e-52
1.053935095690667986e-52
1.053935095690667986e-52
1.053935095690667986e-52
1.053935095690667986e-52
1.053935095690667986e-52
1.053935095690667986e-52
1.053935095690667986e-52
1.053935095690667986e-52
1.053935095690667986e-52
1.053935095690667986e-52
1.053935095690667986e-52
1.053935095690667986e-52
1.053935095690667986e-52
1.053935095690667986e-52
1.053935095690667986e-52
1.053935095690667986e-52
1.053935095690667986e-52
1.053935095690667986e-52
1.053935095690667986e-52
1.053935095690667986e-52
1.053935095690667986e-52
1.053935095690667986e-52
1.053935095690667986e-52
1.053935095690667986e-52
1.053935095690667986e-52
1.053935095690667986e-52
1.053935095690667986e-52
1.053935095690667986e-52
1.053935095690667986e-52
1.053935095690667986e-52
1.053935095690667986e-52
1.053935095690667986e-52
1.053935095690667986e-52
1.053935095690667986e-52
1.053935095690667986e-52
1.053935095690667986e-52
1.053935095690667986e-52
1.053935095690667986e-52
1.053935095690667986e-52
1.053935095690667986e-52
1.053935095690667986e-52
1.053935095690667986e-52
1.053935095690667986e-52
1.053935095690667986e-52
1.053935095690667986e-52
1.053935095690667986e-52
1.053935095690667986e-52
1.053935095690667986e-52
1.053935095690667986e-52
1.053935095690667986e-52
1.053935095690667986e-52
1.053935095690667986e-52
1.053935095690667986e-52
1.053935095690667986e-52
1.053935095690667986e-52
1.053935095690667986e-52
1.053935095690667986e-52
1.053935095690667986e-52
1.053935095690667986e-52
1.053935095690667986e-52
1.053935095690667986e-52
1.053935095690667986e-52
1.053935095690667986e-52
1.053935095690667986e-52
1.053935095690667986e-52
1.053935095690667986e-52
1.053935095690667986e-52
1.053935095690667986e-52
1.053935095690667986e-52
1.053935095690667986e-52
