1.000000000000033529e+00
1.000000000000033529e+00
1.000000000000033529e+00
1.000000000000033529e+00
1.000000000000033529e+00
1.000000000000033529e+00
1.000000000000025979e+00
1.000000000000025979e+00
1.000000000000025979e+00
1.000000000000025979e+00
1.000000000000025979e+00
1.000000000000025979e+00
1.000000000000025979e+00
1.000000000000025979e+00
1.000000000000025979e+00
1.000000000000025979e+00
1.000000000000025979e+00
1.000000000000025979e+00
1.000000000000025979e+00
1.000000000000025979e+00
1.000000000000025979e+00
1.000000000000022649e+00
1.000000000000022649e+00
1.000000000000022649e+00
1.000000000000022649e+00
1.000000000000022649e+00
1.000000000000022649e+00
1.000000000000022649e+00
1.000000000000022649e+00
1.000000000000022649e+00
1.000000000000020872e+00
1.000000000000020872e+00
1.000000000000020872e+00
1.000000000000020872e+00
1.000000000000020206e+00
1.000000000000020206e+00
1.000000000000019984e+00
1.000000000000020206e+00
1.000000000000020206e+00
1.000000000000019984e+00
1.000000000000020206e+00
1.000000000000020206e+00
1.000000000000020206e+00
1.000000000000020206e+00
1.000000000000019540e+00
1.000000000000019540e+00
1.000000000000019540e+00
1.000000000000019540e+00
1.000000000000019540e+00
1.000000000000019540e+00
1.000000000000019540e+00
1.000000000000019540e+00
1.000000000000019540e+00
1.000000000000019540e+00
1.000000000000019318e+00
1.000000000000019318e+00
1.000000000000019318e+00
1.000000000000019318e+00
1.000000000000019318e+00
1.000000000000019318e+00
1.000000000000019318e+00
1.000000000000019318e+00
1.000000000000019318e+00
1.000000000000019318e+00
1.000000000000019318e+00
1.000000000000019318e+00
1.000000000000019318e+00
1.000000000000019318e+00
1.000000000000019318e+00
1.000000000000019318e+00
1.000000000000019318e+00
1.000000000000019318e+00
1.000000000000017764e+00
1.000000000000017764e+00
1.000000000000017764e+00
1.000000000000017764e+00
1.000000000000017764e+00
1.000000000000017764e+00
1.000000000000017764e+00
1.000000000000017542e+00
1.000000000000017542e+00
1.000000000000017542e+00
1.000000000000017542e+00
1.000000000000017542e+00
1.000000000000017542e+00
1.000000000000017542e+00
1.000000000000017542e+00
1.000000000000017764e+00
1.000000000000017542e+00
1.000000000000017764e+00
1.000000000000017764e+00
1.000000000000017764e+00
1.000000000000017764e+00
1.000000000000017764e+00
1.000000000000017764e+00
1.000000000000017764e+00
1.000000000000017764e+00
1.000000000000017764e+00
1.000000000000017764e+00
1.000000000000017764e+00
1.000000000000017764e+00
1.000000000000017764e+00
1.000000000000017764e+00
1.000000000000017764e+00
1.000000000000017764e+00
1.000000000000017764e+00
1.000000000000017764e+00
1.000000000000017764e+00
1.000000000000017764e+00
1.000000000000017542e+00
1.000000000000017542e+00
1.000000000000017542e+00
1.000000000000017542e+00
1.000000000000017542e+00
1.000000000000017542e+00
1.000000000000017542e+00
1.000000000000017542e+00
1.000000000000017542e+00
1.000000000000017542e+00
1.000000000000017542e+00
1.000000000000017542e+00
1.000000000000017542e+00
1.000000000000017542e+00
1.000000000000017542e+00
1.000000000000017542e+00
1.000000000000017542e+00
1.000000000000017542e+00
1.000000000000017542e+00
1.000000000000017542e+00
1.000000000000017542e+00
1.000000000000017542e+00
1.000000000000017542e+00
1.000000000000017542e+00
1.000000000000017542e+00
1.000000000000017542e+00
1.000000000000017542e+00
1.000000000000017542e+00
1.000000000000017542e+00
1.000000000000017542e+00
1.000000000000017542e+00
1.000000000000017542e+00
1.000000000000017542e+00
1.000000000000017542e+00
1.000000000000017542e+00
1.000000000000017542e+00
1.000000000000017542e+00
1.000000000000017542e+00
1.000000000000017542e+00
1.000000000000017542e+00
1.000000000000017542e+00
1.000000000000017542e+00
1.000000000000017542e+00
1.000000000000017542e+00
1.000000000000017542e+00
1.000000000000017542e+00
1.000000000000017542e+00
1.000000000000017542e+00
1.000000000000017542e+00
1.000000000000017542e+00
1.000000000000017542e+00
1.000000000000017542e+00
1.000000000000017542e+00
1.000000000000017542e+00
1.000000000000017542e+00
1.000000000000017542e+00
1.000000000000017542e+00
1.000000000000017542e+00
1.000000000000017542e+00
1.000000000000017542e+00
1.000000000000017542e+00
1.000000000000017542e+00
1.000000000000017542e+00
1.000000000000017542e+00
1.000000000000017542e+00
1.000000000000006217e+00
1.000000000000006217e+00
1.000000000000006217e+00
1.000000000000006217e+00
1.000000000000006217e+00
1.000000000000006217e+00
1.000000000000006217e+00
1.000000000000006217e+00
1.000000000000006217e+00
1.000000000000006217e+00
1.000000000000006217e+00
1.000000000000006217e+00
1.000000000000006217e+00
1.000000000000006217e+00
1.000000000000006217e+00
1.000000000000006217e+00
1.000000000000006217e+00
1.000000000000006217e+00
1.000000000000006217e+00
1.000000000000006217e+00
1.000000000000006217e+00
1.000000000000006217e+00
1.000000000000006217e+00
1.000000000000006217e+00
1.000000000000006217e+00
1.000000000000006217e+00
1.000000000000006217e+00
1.000000000000006217e+00
1.000000000000006217e+00
9.999999999999875655e-01
9.999999999999876765e-01
9.999999999999875655e-01
9.999999999999786837e-01
9.999999999984072740e-01
9.999999999983905097e-01
9.999999999983905097e-01
9.999999999983905097e-01
9.999999999983905097e-01
9.999999999983905097e-01
9.999999999983905097e-01
9.999999999943177675e-01
9.999999999943177675e-01
9.999999999943176565e-01
9.999999999943177675e-01
9.999999999880329060e-01
9.999999999880329060e-01
9.999999999880329060e-01
9.999999999880329060e-01
9.999999999175136489e-01
9.999999995064927649e-01
9.999999995064449143e-01
9.999999995062816005e-01
9.999999985337971742e-01
9.999999985337971742e-01
9.999999985337971742e-01
9.999999985337971742e-01
9.999999985337971742e-01
9.999999985337971742e-01
9.999999985337971742e-01
9.999999978143453427e-01
9.999999978143453427e-01
9.999999779549380019e-01
9.999999779549363366e-01
9.999999778376921222e-01
9.999999277928964814e-01
9.999999277928730557e-01
9.999999277928730557e-01
9.999999277928730557e-01
9.999999277871685077e-01
9.999998337601605503e-01
9.999998337601604392e-01
9.999998056183312389e-01
9.999978078395124204e-01
9.999977965434957428e-01
9.999977965434957428e-01
9.999977965434957428e-01
9.999977965434957428e-01
9.999977965434958538e-01
9.999977965434958538e-01
9.999950048496437649e-01
9.999950048461895280e-01
9.999950048461895280e-01
9.999950048461864194e-01
9.999950048461831997e-01
9.999916472275496293e-01
9.999916471856424849e-01
9.999916471856424849e-01
9.999916471856424849e-01
9.999819207008254773e-01
9.999079546296087972e-01
9.999079524498064586e-01
9.999079180377489218e-01
9.998351659112563183e-01
9.998351659105580991e-01
9.998351659105580991e-01
9.998351659105580991e-01
9.998351659105580991e-01
9.998351659105580991e-01
9.998351659105478850e-01
9.997935915234369419e-01
9.997935915234369419e-01
9.993528174714334522e-01
9.993528173950420035e-01
9.993512549380009213e-01
9.981427745723159273e-01
9.981427744029770510e-01
9.981427744029770510e-01
9.981427744029770510e-01
9.973480367872937791e-01
9.973479776201989999e-01
9.973479776201890079e-01
9.971738134814537302e-01
9.899708289219859569e-01
9.899396709026657692e-01
9.899396709026657692e-01
9.899396709026657692e-01
9.899396709026657692e-01
9.899396709026638819e-01
9.899396709026638819e-01
9.808267871230673673e-01
9.808267825737349010e-01
9.808267825737349010e-01
9.808267825667691397e-01
9.808267825652188243e-01
9.774391580150876280e-01
9.774390595903680312e-01
9.774390595903680312e-01
9.774390595903681422e-01
9.742045098544649395e-01
9.283554732307348623e-01
9.283544339628755360e-01
9.283256573121457800e-01
8.957005878510762020e-01
8.957005877824344431e-01
8.957005877824344431e-01
8.957005877824344431e-01
8.957005877824344431e-01
8.957005877824344431e-01
8.957005877824344431e-01
8.957005877799737448e-01
8.901691478383314537e-01
8.901691478383298994e-01
8.901691478383298994e-01
8.613796367534116705e-01
8.613796089142853329e-01
8.612304700302360061e-01
7.335275703653849622e-01
7.335275649515783369e-01
7.335275649515783369e-01
7.335275649515783369e-01
6.818820614022179649e-01
6.818784730154249241e-01
6.818784730153366613e-01
6.784782781312620470e-01
5.790885185681353686e-01
5.782923068114165233e-01
5.782923068114165233e-01
5.782923068114165233e-01
5.782923068114165233e-01
5.782923068113388076e-01
5.782923068113388076e-01
4.216403527334695034e-01
4.216403132862170389e-01
4.216403132862170389e-01
4.216403130875974181e-01
4.216403130835553181e-01
3.880822079821413251e-01
3.880822079821413251e-01
3.880813750945435459e-01
3.880813750945435459e-01
3.880813750945435459e-01
3.880813750945435459e-01
3.783241309299548161e-01
2.489093759325324562e-01
2.489066719847159714e-01
2.487732807060712148e-01
1.621775252940625411e-01
1.621775252507959841e-01
1.621775252507959841e-01
1.621775252507957898e-01
1.621775252507957898e-01
1.621775252507957898e-01
1.621775252507957898e-01
1.621775252428901692e-01
1.532294822938953527e-01
1.532294822938947143e-01
1.532294822938947143e-01
1.344185905622092003e-01
1.344185538731600127e-01
1.343629616175854857e-01
6.474305466887188276e-02
6.474305338646742236e-02
6.474305338646742236e-02
6.474305338646742236e-02
4.272313208546085761e-02
4.272164585054527564e-02
4.272164585053442321e-02
4.169598658791390938e-02
2.704760834638138267e-02
2.697879193212541007e-02
2.697879193212541007e-02
2.697879193212541007e-02
2.697879193212541007e-02
2.697879193209209991e-02
2.697879193209209991e-02
1.086017491884872996e-02
1.086017202774197839e-02
1.086017202774197839e-02
1.086017198329606616e-02
1.086017198311189404e-02
8.230331956630150547e-03
8.230331956630150547e-03
8.230275020453127477e-03
8.230275020453127477e-03
8.230275020453127477e-03
8.230275020453127477e-03
7.978199655609983024e-03
3.189505137429618931e-03
3.189471746989621780e-03
3.182607587229506832e-03
1.400873037628182867e-03
1.400873036990221395e-03
1.400873036990221395e-03
1.400873036990209685e-03
1.400873036990209685e-03
1.400873036990209685e-03
1.400873036990209685e-03
1.400873036708043902e-03
1.237260665310254814e-03
1.237260665310251778e-03
1.237260665310251778e-03
1.077402913904223873e-03
1.077402251568919649e-03
1.077080055606887158e-03
2.838665257922548101e-04
2.838665205171464977e-04
2.838665205171464977e-04
2.838665205171464977e-04
2.837962950697366614e-04
1.658022688751733967e-04
1.658022688751733967e-04
1.658022688751491377e-04
1.595539654289504560e-04
1.061495274476260378e-04
1.059582932809340885e-04
1.059582932809340750e-04
1.059582932809340750e-04
1.059582932809340750e-04
1.059582932805005296e-04
1.059582932805005296e-04
1.059582932805005296e-04
2.564543917939932866e-05
2.564543285844600573e-05
2.564543285844600573e-05
2.564543266961638159e-05
2.564543266942341732e-05
1.963717814416686308e-05
1.963717814416686308e-05
1.963684168527520788e-05
1.963684168527520788e-05
1.963684168527520788e-05
1.963684168527520788e-05
1.932455607865395914e-05
8.585829228528429723e-06
8.585748962680757166e-06
8.553245261879179837e-06
8.553245261879179837e-06
2.693917853416596233e-06
2.693917852875546738e-06
2.693917852875546738e-06
2.693917852875492104e-06
2.693917852875492104e-06
2.693917852875492104e-06
2.693917852875492104e-06
2.693917852070284797e-06
2.421709107138245664e-06
2.421709107138243970e-06
2.421709107138243970e-06
2.256972503545406255e-06
2.256969237494858093e-06
2.256497486173517560e-06
6.925099667527274564e-07
6.925099598211135889e-07
6.925099598211135889e-07
6.925099598211135889e-07
6.925099598211135889e-07
6.922165721771242174e-07
3.258762521897116766e-07
3.258762521896970653e-07
3.148623114595413876e-07
2.495930211948408717e-07
2.495930211948408187e-07
2.492220084367490166e-07
2.492220084367490166e-07
2.492220084367490166e-07
2.492220084348396456e-07
2.492220084348396456e-07
2.492220084348396456e-07
6.422809864778182286e-08
6.422808984862473695e-08
6.422808984862473695e-08
6.422808844034349721e-08
6.422808844015515150e-08
4.301133539423194867e-08
4.301133539423194867e-08
4.301019256233211183e-08
4.301019256233211183e-08
4.301019256233211183e-08
4.301019256233211183e-08
4.248020914228865528e-08
2.456503060766298971e-08
2.456488624073353523e-08
2.444313065771991985e-08
2.444313065771991985e-08
7.128795367834061774e-09
7.128795367244798985e-09
7.128795367244798985e-09
7.128795367244487965e-09
7.128795367244487965e-09
7.128795367244487965e-09
7.128795367244487965e-09
7.128795360569336464e-09
5.984364864733120372e-09
5.984364864733117063e-09
5.984364864733117063e-09
5.626410324838138034e-09
5.626395964090337533e-09
5.625751734362087319e-09
2.255712298149772093e-09
2.255712286717149201e-09
2.255712286717149201e-09
2.255712286717149201e-09
2.255712286717149201e-09
2.254286223593644184e-09
9.275997445478980084e-10
9.275997445478980084e-10
9.275997445478747440e-10
8.717934564003539430e-10
8.717934564003531158e-10
6.944358433993441294e-10
6.938044040581031893e-10
6.938044040581031893e-10
6.938044040581031893e-10
6.938044040581031893e-10
6.938044040405857787e-10
6.938044040405857787e-10
6.938044040405857787e-10
2.218363667696751609e-10
2.218363504523367188e-10
2.218363504523367188e-10
2.218363385656467815e-10
2.218363385652076003e-10
1.331877392127252638e-10
1.331877392127252638e-10
1.331827179405518261e-10
1.331827179405518261e-10
1.331827179405518261e-10
1.331827179405518261e-10
1.320616770221215620e-10
7.337867140472120927e-11
7.337847115757146920e-11
7.268319138630757775e-11
7.268319138630757775e-11
2.492308424088278751e-11
2.492308423947494227e-11
2.492308423947494227e-11
2.492308423947045093e-11
2.492308423947045093e-11
2.492308423947045093e-11
2.492308423947045093e-11
2.492308418174222038e-11
1.976152110818579289e-11
1.976152110818579289e-11
1.976152110818579289e-11
1.976143993214332317e-11
1.888945504280143097e-11
1.888832619602957707e-11
6.820501345937420198e-12
6.820501325506655219e-12
6.820501325506655219e-12
6.820501325506655219e-12
6.820501325506655219e-12
6.812124402866744231e-12
3.173191102319508103e-12
3.173191102319508103e-12
3.173191102319473771e-12
2.923124164084622941e-12
2.923124164084614055e-12
2.460195996960985757e-12
2.458963526735199824e-12
2.458963526735199824e-12
2.458963526735199824e-12
2.458963526735199824e-12
2.458963526579511346e-12
2.458963526579511346e-12
6.718909587240476584e-13
6.718909587240476584e-13
6.718909294653481451e-13
6.718909294653481451e-13
6.718908795002650941e-13
6.718908794997592134e-13
4.377432316269173448e-13
4.377432316269173448e-13
4.377083621386027747e-13
4.377083621386027747e-13
4.377083621386027747e-13
4.358182861639396072e-13
4.358182861639396072e-13
2.758493526379133646e-13
2.758487994859141104e-13
2.720272079787861806e-13
2.720272079787861806e-13
7.706536587941927347e-14
7.706536587772936933e-14
7.706536587772936933e-14
7.706536587769896348e-14
7.706536587769896348e-14
7.706536587769896348e-14
7.706536587769896348e-14
7.706536562478272304e-14
6.346503355758466992e-14
6.346503355758466992e-14
6.346503355758466992e-14
6.346503355758466992e-14
6.346503355758466992e-14
6.346449529534858282e-14
6.203484550269304834e-14
6.203246564811546612e-14
2.724518205594286344e-14
2.724518201501424479e-14
2.724518201501424479e-14
2.724518201501424479e-14
2.719299814097385061e-14
2.719299814097385061e-14
1.039991124792525044e-14
1.039991124792525044e-14
1.039991124792521731e-14
9.679790925493784415e-15
9.679790925493714996e-15
9.679790925493714996e-15
8.824982754929034442e-15
8.821882457549410734e-15
8.821882457549410734e-15
8.821882457549410734e-15
8.821882456631187684e-15
8.821882456631187684e-15
2.848761998219714686e-15
2.848761998219714686e-15
2.848761932186048560e-15
2.848761932186048560e-15
2.848761354727299384e-15
2.848761354726462797e-15
1.582667534786956071e-15
1.582667534786956071e-15
1.582489470966184511e-15
1.582489470966184511e-15
1.582489470966184511e-15
1.582489470966184511e-15
1.577654262390803832e-15
1.577654262390803832e-15
1.189484945615175083e-15
1.189483654352827670e-15
1.170666704089202647e-15
1.170666704089202647e-15
3.451018928678819120e-16
3.451018928647643831e-16
3.451018928647643831e-16
3.451018928644850770e-16
3.451018928644850770e-16
3.451018928644850770e-16
3.451018928644850770e-16
3.451018896039222399e-16
2.578283975223104491e-16
2.578283975223104491e-16
2.578283975223104491e-16
2.578283975223104491e-16
2.578283975223104491e-16
2.578249270539178116e-16
2.531914119472991715e-16
2.531864347974625059e-16
1.398734519065707436e-16
1.398734518073317212e-16
1.398734518073317212e-16
1.398734518073317212e-16
1.395087625579173777e-16
4.946630783913111693e-17
4.946630783913111693e-17
4.946630783913111693e-17
4.946630783913103681e-17
4.397727554643774838e-17
4.397727554643710127e-17
4.397727554643710127e-17
4.397727554643710127e-17
4.049404749002238050e-17
4.048585118101966123e-17
4.048585116858678195e-17
4.048585116858678195e-17
1.622146356445733271e-17
1.622146356445733271e-17
1.622146356445733271e-17
1.622146356445733271e-17
1.622146336748851451e-17
1.622145605285657670e-17
1.622145605285360923e-17
8.106969602107627544e-18
8.106969602107627544e-18
8.105729970866553960e-18
8.105729970866553960e-18
8.105729970866553960e-18
8.105729970866553960e-18
8.089786334829526567e-18
8.089786334829526567e-18
6.095905239016963282e-18
6.095905239016963282e-18
5.923780548322048673e-18
5.923777602143276391e-18
2.055619470724489134e-18
2.055619470712393523e-18
2.055619470712393523e-18
2.055619470706022547e-18
2.055619470706022547e-18
2.055619470706022547e-18
2.055619470706022547e-18
2.055619425511355063e-18
1.424509646689276001e-18
1.424509646689276001e-18
1.424509646689276001e-18
1.424509646689276001e-18
1.424509646689276001e-18
1.424481537305099114e-18
1.406626207419935319e-18
1.406612075255320273e-18
7.483033946943455308e-19
7.483033946943455308e-19
7.483033943837516753e-19
7.483033943837516753e-19
7.446301230439141308e-19
2.966275058352673187e-19
2.966275058352673187e-19
2.966275058352673187e-19
2.966275058352670780e-19
2.966275058352670780e-19
2.547338232575524794e-19
2.547338232575524794e-19
2.547338232575385645e-19
2.547338232575385645e-19
2.397376353888861547e-19
2.397112044407496057e-19
2.397112042704767430e-19
2.397112042704767430e-19
8.776891472577998004e-20
8.776891472577998004e-20
8.776891472577998004e-20
8.776891409522339031e-20
8.776891409522339031e-20
8.776885727663314733e-20
8.776885727663314733e-20
4.765202404406477908e-20
4.765202404406291334e-20
4.763691923055084463e-20
4.763691923055084463e-20
4.763691923055084463e-20
4.763691923055084463e-20
4.758621463242120236e-20
4.758621463242120236e-20
3.832817669263371611e-20
3.832817669263371611e-20
3.684892681228488604e-20
3.684891434602638070e-20
3.684891434602638070e-20
1.120700081157879704e-20
1.120700081155266458e-20
1.120700081155266157e-20
1.120700081147868179e-20
1.120700081147868179e-20
1.120700081147868179e-20
1.120700081147868179e-20
1.120700045504623867e-20
8.147744677613730122e-21
8.147744677613730122e-21
8.147744677613730122e-21
8.147744677613730122e-21
8.147744677613730122e-21
8.147420311739718117e-21
8.093364066341050904e-21
8.093312905668149305e-21
4.948596261948626237e-21
4.948596261948626237e-21
4.948596260961292232e-21
4.913376267171940641e-21
4.913376267171940641e-21
1.666698524418245211e-21
1.666698524418245211e-21
1.666698524418245211e-21
1.666698524418245023e-21
1.666698524418245023e-21
1.457352654462876227e-21
1.457352654462876227e-21
1.457352654462698304e-21
1.457352654462698304e-21
1.410902824279260104e-21
1.410902822714096523e-21
1.410802712871716418e-21
1.410802712871716418e-21
1.410802712871716418e-21
6.190118439807991917e-22
6.190118439807991917e-22
6.190118417009639155e-22
6.190118417009639155e-22
6.190108447931231786e-22
6.190108447931231786e-22
2.865015961871750599e-22
2.865015961871713453e-22
2.863816310411024612e-22
2.863816310411024612e-22
2.863816310411024612e-22
2.863816310411024612e-22
2.861811681787563529e-22
2.861811681787563529e-22
2.861811681787563529e-22
2.524452713614498369e-22
2.424790134520421371e-22
2.424789742148628003e-22
2.424789742148628003e-22
8.389716823764122645e-23
8.389716823764116767e-23
8.389716823756075210e-23
8.389716823646066571e-23
8.389716823646066571e-23
8.389716119047890153e-23
8.389716119047890153e-23
8.389716119047890153e-23
5.414722505196027043e-23
5.414722505196027043e-23
5.414722505196027043e-23
5.414722505196027043e-23
5.414722505196027043e-23
5.414722505196027043e-23
5.414407732306715131e-23
5.388254765879698083e-23
5.388238282786882101e-23
3.878634076896368744e-23
3.878634076896368744e-23
3.878634076563320631e-23
3.845052544732679499e-23
1.319593767946171924e-23
1.319593767946171924e-23
1.319593767946171924e-23
1.319593767946171924e-23
1.319593767946171924e-23
1.319593767946171777e-23
1.319593767946171777e-23
1.079591212494760388e-23
1.079591212494501633e-23
1.079591212494501633e-23
1.079591209262044835e-23
1.051547478091193627e-23
1.051507056126698488e-23
1.051507056126698488e-23
1.051507056126698488e-23
5.601928467001647700e-24
5.601928456749139521e-24
5.601928456749139521e-24
5.601928456749139521e-24
5.601910516682298889e-24
5.601910516682298889e-24
5.601910516682298889e-24
2.416083558082375683e-24
2.416083558082359888e-24
2.414757506115779543e-24
2.414757506115779543e-24
2.414757506115779543e-24
2.414757506115779543e-24
2.414757506115779543e-24
2.413721239986497405e-24
2.148867605771412260e-24
2.148867605771412260e-24
2.011319377447730051e-24
2.011319229209220570e-24
2.011319229209220570e-24
8.235105726297472019e-25
8.235105726297457325e-25
8.235105725923590429e-25
8.235105725918808554e-25
8.235105725918808554e-25
8.235104234231615524e-25
8.235104234231615524e-25
8.235104234231615524e-25
4.910440342338297009e-25
4.910440342338297009e-25
4.910440342338297009e-25
4.910440342338297009e-25
4.910440342338297009e-25
4.910440342338297009e-25
4.910037933388333507e-25
4.894378816919683675e-25
4.894371349204517646e-25
3.529769496968973124e-25
3.529769496968973124e-25
3.529769496798708277e-25
3.475769919514907943e-25
1.341207094413529698e-25
1.341207094413529698e-25
1.341207094413529698e-25
1.341207094413529698e-25
1.341207094413529698e-25
1.341207094413529698e-25
1.341207094413529698e-25
1.341207094412120941e-25
1.044825348726670818e-25
1.044825348726670818e-25
1.044825342074031712e-25
1.025584430830419932e-25
1.025563317356572043e-25
1.025563317356572043e-25
1.025563317356572043e-25
5.298974104052526941e-26
5.298949150977813659e-26
5.298949145315191048e-26
5.298949145315191048e-26
5.298949145315191048e-26
5.298949145315191048e-26
2.467571213529357397e-26
2.467571213529357397e-26
2.467571213529350223e-26
2.464869046475205929e-26
2.464869046475205929e-26
2.464869046475205929e-26
2.464869046475205929e-26
2.464869046475205929e-26
2.464869046475205929e-26
2.464276061985503005e-26
2.257766355053199031e-26
2.257766355053199031e-26
2.070952501393794360e-26
2.070952404382492112e-26
2.070952404382492112e-26
7.892286206192995143e-27
7.892286206192944921e-27
7.892286205438414440e-27
7.892286205436544726e-27
7.892286205436544726e-27
7.892284075644490821e-27
7.892284075644490821e-27
7.892284075644490821e-27
4.942152489004452304e-27
4.942152489004452304e-27
4.942152489004452304e-27
4.942152489004452304e-27
4.941355782817259839e-27
4.941355782817259839e-27
4.941355782817259839e-27
4.932634921444156745e-27
4.932630239417690702e-27
3.843985956280916748e-27
3.843985956280916748e-27
3.764034924883809614e-27
3.764034924801413085e-27
1.304829734795330634e-27
1.304829734795330634e-27
1.304829734795330634e-27
1.304829734795330634e-27
1.304829734795330634e-27
1.304829734795330634e-27
1.304829734795330634e-27
1.304829734792400328e-27
1.040632887268040078e-27
1.040632887268040078e-27
1.040632877009304150e-27
1.030064171389825864e-27
1.030064171389825864e-27
1.030051024231311927e-27
6.120694349130343260e-28
6.120694349130343260e-28
6.120629274326969621e-28
6.120629271111811591e-28
6.120629271111811591e-28
6.120629271111811591e-28
6.120629271111811591e-28
2.498925321129400332e-28
2.498925321129400332e-28
2.498925321129400332e-28
2.495447190014547243e-28
2.495447190014545001e-28
2.495447190014545001e-28
2.495447190014545001e-28
2.495447190014545001e-28
2.495447190014545001e-28
2.495071979785407845e-28
2.374333323018752326e-28
2.183756463679008862e-28
2.183756463679008862e-28
2.183756417773748706e-28
2.183756417773748706e-28
9.728202566947703197e-29
9.728202566947538405e-29
9.728202565165449974e-29
9.728202565165449974e-29
9.728202565164504939e-29
9.728196240024043521e-29
9.728196240024043521e-29
9.728196240024043521e-29
5.390776871022722944e-29
5.390776871022722944e-29
5.390776871022722944e-29
5.390776871022722944e-29
5.389586894485518549e-29
5.389586894485518549e-29
5.389586894485518549e-29
5.383179054303457479e-29
4.602138459294894471e-29
4.602138459294894471e-29
4.602136724822038602e-29
4.496933525111526433e-29
4.496933525072398256e-29
1.705521626271123061e-29
1.705521626271123061e-29
1.705521626271123061e-29
1.705521626271123061e-29
1.705521626271123061e-29
1.705521626271123061e-29
1.705521626271123061e-29
1.705521626263340810e-29
1.705521626263340530e-29
1.251413323348883579e-29
1.251413323348883579e-29
1.251413294350493733e-29
1.251413294350493733e-29
1.241954203299009124e-29
1.241946069579750493e-29
8.552664064336241571e-30
8.552504547523151929e-30
8.552504547523151929e-30
8.552504545434589435e-30
8.552504545434589435e-30
8.552504545434589435e-30
8.552504545434589435e-30
3.459693880054530100e-30
3.459693880054530100e-30
3.453563128867011672e-30
3.453563128867011672e-30
3.453563128867010271e-30
3.453563128867010271e-30
3.453563128867010271e-30
3.453563128867010271e-30
3.453257276728303095e-30
3.453257276728303095e-30
3.309479016776145249e-30
2.920942287013176989e-30
2.920942287013176989e-30
2.920942259688771632e-30
2.920942259688771632e-30
2.920942259688771632e-30
2.920942259688771632e-30
2.920942259688771632e-30
2.920942259688771632e-30
2.920942259688771632e-30
2.920942259688771632e-30
2.920942259688771632e-30
2.920942259688771632e-30
2.920942259688771632e-30
2.920942259688771632e-30
2.920942259688771632e-30
2.920942259688771632e-30
2.920942259688771632e-30
2.920942259688771632e-30
2.920942259688771632e-30
2.920942259688771632e-30
2.920942259688771632e-30
2.920942259688771632e-30
2.920942259688771632e-30
2.920942259688771632e-30
2.920942259688771632e-30
2.920942259688771632e-30
2.920942259688771632e-30
2.920942259688771632e-30
2.920942259688771632e-30
2.920942259688771632e-30
2.920942259688771632e-30
2.920942259688771632e-30
2.920942259688771632e-30
2.920942259688771632e-30
2.920942259688771632e-30
2.920942259688771632e-30
2.920942259688771632e-30
2.920942259688771632e-30
2.920942259688771632e-30
2.920942259688771632e-30
2.920942259688771632e-30
2.920942259688771632e-30
2.920942259688771632e-30
2.920942259688771632e-30
2.920942259688771632e-30
2.920942259688771632e-30
2.920942259688771632e-30
2.920942259688771632e-30
2.920942259688771632e-30
2.920942259688771632e-30
2.920942259688771632e-30
2.920942259688771632e-30
2.920942259688771632e-30
2.920942259688771632e-30
2.920942259688771632e-30
2.920942259688771632e-30
2.920942259688771632e-30
2.920942259688771632e-30
2.920942259688771632e-30
2.920942259688771632e-30
2.920942259688771632e-30
2.920942259688771632e-30
2.920942259688771632e-30
2.920942259688771632e-30
2.920942259688771632e-30
2.920942259688771632e-30
2.920942259688771632e-30
2.920942259688771632e-30
2.920942259688771632e-30
2.920942259688771632e-30
2.920942259688771632e-30
2.920942259688771632e-30
2.920942259688771632e-30
2.920942259688771632e-30
2.920942259688771632e-30
2.920942259688771632e-30
2.920942259688771632e-30
2.920942259688771632e-30
2.920942259688771632e-30
2.920942259688771632e-30
2.920942259688771632e-30
2.920942259688771632e-30
2.920942259688771632e-30
2.920942259688771632e-30
2.920942259688771632e-30
2.920942259688771632e-30
2.920942259688771632e-30
2.920942259688771632e-30
2.920942259688771632e-30
2.920942259688771632e-30
2.920942259688771632e-30
2.920942259688771632e-30
2.920942259688771632e-30
2.920942259688771632e-30
2.920942259688771632e-30
2.920942259688771632e-30
2.920942259688771632e-30
2.920942259688771632e-30
2.920942259688771632e-30
2.920942259688771632e-30
2.920942259688771632e-30
2.920942259688771632e-30
2.920942259688771632e-30
2.920942259688771632e-30
2.920942259688771632e-30
2.920942259688771632e-30
2.920942259688771632e-30
2.920942259688771632e-30
2.920942259688771632e-30
2.920942259688771632e-30
2.920942259688771632e-30
2.920942259688771632e-30
2.920942259688771632e-30
2.920942259688771632e-30
2.920942259688771632e-30
2.920942259688771632e-30
2.920942259688771632e-30
2.920942259688771632e-30
2.920942259688771632e-30
2.920942259688771632e-30
2.920942259688771632e-30
2.920942259688771632e-30
2.920942259688771632e-30
2.920942259688771632e-30
2.920942259688771632e-30
2.920942259688771632e-30
2.920942259688771632e-30
2.920942259688771632e-30
2.920942259688771632e-30
2.920942259688771632e-30
2.920942259688771632e-30
2.920942259688771632e-30
2.920942259688771632e-30
2.920942259688771632e-30
2.920942259688771632e-30
2.920942259688771632e-30
2.920942259688771632e-30
2.920942259688771632e-30
2.920942259688771632e-30
2.920942259688771632e-30
2.920942259688771632e-30
2.920942259688771632e-30
2.920942259688771632e-30
2.920942259688771632e-30
2.920942259688771632e-30
2.920942259688771632e-30
2.920942259688771632e-30
2.920942259688771632e-30
2.920942259688771632e-30
2.920942259688771632e-30
2.920942259688771632e-30
2.920942259688771632e-30
2.920942259688771632e-30
2.920942259688771632e-30
2.920942259688771632e-30
2.920942259688771632e-30
2.920942259688771632e-30
2.920942259688771632e-30
2.920942259688771632e-30
2.920942259688771632e-30
2.920942259688771632e-30
2.920942259688771632e-30
2.920942259688771632e-30
2.920942259688771632e-30
2.920942259688771632e-30
2.920942259688771632e-30
2.920942259688771632e-30
2.920942259688771632e-30
2.920942259688771632e-30
2.920942259688771632e-30
2.920942259688771632e-30
2.920942259688771632e-30
2.920942259688771632e-30
2.920942259688771632e-30
2.920942259688771632e-30
2.920942259688771632e-30
2.920942259688771632e-30
2.920942259688771632e-30
2.920942259688771632e-30
2.920942259688771632e-30
2.920942259688771632e-30
2.920942259688771632e-30
2.920942259688771632e-30
2.920942259688771632e-30
2.920942259688771632e-30
2.920942259688771632e-30
2.920942259688771632e-30
2.920942259688771632e-30
2.920942259688771632e-30
2.920942259688771632e-30
2.920942259688771632e-30
2.920942259688771632e-30
2.920942259688771632e-30
2.920942259688771632e-30
2.920942259688771632e-30
2.920942259688771632e-30
2.920942259688771632e-30
2.920942259688771632e-30
2.920942259688771632e-30
2.920942259688771632e-30
2.920942259688771632e-30
2.920942259688771632e-30
2.920942259688771632e-30
2.920942259688771632e-30
2.920942259688771632e-30
2.920942259688771632e-30
2.920942259688771632e-30
2.920942259688771632e-30
2.920942259688771632e-30
2.920942259688771632e-30
2.920942259688771632e-30
2.920942259688771632e-30
2.920942259688771632e-30
2.920942259688771632e-30
2.920942259688771632e-30
2.920942259688771632e-30
2.920942259688771632e-30
2.920942259688771632e-30
2.920942259688771632e-30
2.920942259688771632e-30
2.920942259688771632e-30
2.920942259688771632e-30
2.920942259688771632e-30
2.920942259688771632e-30
2.920942259688771632e-30
2.920942259688771632e-30
2.920942259688771632e-30
2.920942259688771632e-30
2.920942259688771632e-30
2.920942259688771632e-30
2.920942259688771632e-30
2.920942259688771632e-30
2.920942259688771632e-30
2.920942259688771632e-30
2.920942259688771632e-30
2.920942259688771632e-30
2.920942259688771632e-30
2.920942259688771632e-30
2.920942259688771632e-30
2.920942259688771632e-30
2.920942259688771632e-30
2.920942259688771632e-30
2.920942259688771632e-30
2.920942259688771632e-30
2.920942259688771632e-30
2.920942259688771632e-30
2.920942259688771632e-30
2.920942259688771632e-30
2.920942259688771632e-30
2.920942259688771632e-30
2.920942259688771632e-30
2.920942259688771632e-30
2.920942259688771632e-30
2.920942259688771632e-30
2.920942259688771632e-30
2.920942259688771632e-30
2.920942259688771632e-30
2.920942259688771632e-30
2.920942259688771632e-30
2.920942259688771632e-30
2.920942259688771632e-30
2.920942259688771632e-30
2.920942259688771632e-30
2.920942259688771632e-30
2.920942259688771632e-30
2.920942259688771632e-30
2.920942259688771632e-30
2.920942259688771632e-30
2.920942259688771632e-30
2.920942259688771632e-30
2.920942259688771632e-30
2.920942259688771632e-30
2.920942259688771632e-30
2.920942259688771632e-30
2.920942259688771632e-30
2.920942259688771632e-30
2.920942259688771632e-30
2.920942259688771632e-30
2.920942259688771632e-30
2.920942259688771632e-30
2.920942259688771632e-30
2.920942259688771632e-30
2.920942259688771632e-30
2.920942259688771632e-30
2.920942259688771632e-30
2.920942259688771632e-30
2.920942259688771632e-30
2.920942259688771632e-30
2.920942259688771632e-30
2.920942259688771632e-30
2.920942259688771632e-30
2.920942259688771632e-30
2.920942259688771632e-30
2.920942259688771632e-30
2.920942259688771632e-30
2.920942259688771632e-30
2.920942259688771632e-30
2.920942259688771632e-30
2.920942259688771632e-30
2.920942259688771632e-30
2.920942259688771632e-30
2.920942259688771632e-30
2.920942259688771632e-30
2.920942259688771632e-30
2.920942259688771632e-30
2.920942259688771632e-30
2.920942259688771632e-30
2.920942259688771632e-30
2.920942259688771632e-30
2.920942259688771632e-30
2.920942259688771632e-30
2.920942259688771632e-30
2.920942259688771632e-30
2.920942259688771632e-30
2.920942259688771632e-30
2.920942259688771632e-30
2.920942259688771632e-30
2.920942259688771632e-30
2.920942259688771632e-30
2.920942259688771632e-30
2.920942259688771632e-30
2.920942259688771632e-30
2.920942259688771632e-30
2.920942259688771632e-30
2.920942259688771632e-30
2.920942259688771632e-30
2.920942259688771632e-30
2.920942259688771632e-30
2.920942259688771632e-30
2.920942259688771632e-30
2.920942259688770931e-30
2.920942259688769180e-30
2.920942259688757969e-30
2.920942259688709975e-30
2.920942259688551278e-30
2.920942259688264362e-30
2.920942259688127034e-30
2.920942259688122831e-30
2.920942259688122831e-30
2.920942259688122831e-30
2.920942259688122831e-30
2.920942259688122831e-30
2.920942259688122831e-30
2.920942259688122831e-30
2.920942259688122831e-30
2.920942259688122831e-30
2.920942259688122831e-30
2.920942259688122831e-30
2.920942259688122831e-30
2.920942259688122831e-30
2.920942259688122831e-30
2.920942259688122831e-30
2.920942259688122831e-30
2.920942259688122831e-30
2.920942259688122831e-30
2.920942259688122831e-30
2.920942259688122831e-30
2.920942259688122831e-30
2.920942259688122831e-30
2.920942259688122831e-30
2.920942259688122831e-30
2.920942259688122831e-30
2.920942259688122831e-30
2.920942259688122831e-30
2.920942259688121429e-30
2.920942259688113022e-30
2.920942259688036300e-30
2.920942259687457914e-30
2.920942259683628166e-30
2.920942259663139781e-30
2.920942259573128425e-30
2.920942259275709132e-30
2.920942258736020748e-30
2.920942258477966381e-30
2.920942258469960063e-30
2.920942258469958311e-30
2.920942258469958311e-30
2.920942258469958311e-30
2.920942258469958311e-30
2.920942258469958311e-30
2.920942258469958311e-30
2.920942258469958311e-30
2.920942258469958311e-30
2.920942258469958311e-30
2.920942258469958311e-30
2.920942258469958311e-30
2.920942258469958311e-30
2.920942258469958311e-30
2.920942258469958311e-30
2.920942258469958311e-30
2.920942258469958311e-30
2.920942258469958311e-30
2.920942258469958311e-30
2.920942258469958311e-30
2.920942258469958311e-30
2.920942258469958311e-30
2.920942258469958311e-30
2.920942258469958311e-30
2.920942258469957961e-30
2.920942258469953056e-30
2.920942258469877736e-30
2.920942258468938166e-30
2.920942258458293903e-30
2.920942258362866528e-30
2.920942257641999011e-30
2.920942252872202196e-30
2.920942227353141148e-30
2.920942115241630429e-30
2.920941744798280475e-30
2.920941072602701948e-30
2.920940751189055007e-30
2.920940741217457524e-30
2.920940741215326850e-30
2.920940741215326850e-30
2.920940741215326850e-30
2.920940741215326850e-30
2.920940741215326850e-30
2.920940741215326850e-30
2.920940741215326850e-30
2.920940741215326850e-30
2.920940741215326850e-30
2.920940741215326850e-30
2.920940741215326850e-30
2.920940741215326850e-30
2.920940741215326850e-30
2.920940741215326850e-30
2.920940741215326850e-30
2.920940741215326850e-30
2.920940741215326850e-30
2.920940741215326850e-30
2.920940741215326850e-30
2.920940741215326850e-30
2.920940741215326500e-30
2.920940741215315990e-30
2.920940741215102642e-30
2.920940741210918015e-30
2.920940741148261757e-30
2.920940740367470514e-30
2.920940731518724382e-30
2.920940652186607344e-30
2.920940052905058758e-30
2.920936087617317939e-30
2.920914872970536416e-30
2.920821675456713282e-30
2.920513770731243856e-30
2.919955221437678989e-30
2.919688223727755903e-30
2.919679941120753339e-30
2.919679939350633819e-30
2.919679939350633819e-30
2.919679939350633819e-30
2.919679939350633819e-30
2.919679939350633819e-30
2.919679939350633819e-30
2.919679939350633819e-30
2.919679939350633819e-30
2.919679939350633819e-30
2.919679939350633819e-30
2.919679939350633819e-30
2.919679939350633819e-30
2.919679939350633819e-30
2.919679939350633819e-30
2.919679939350633819e-30
2.919679939350633819e-30
2.919679939350633819e-30
2.919679939350633819e-30
2.919679939350627513e-30
2.919679939350396650e-30
2.919679939344595274e-30
2.919679939225966601e-30
2.919679936891568362e-30
2.919679901941999864e-30
2.919679466416630878e-30
2.919674530598164678e-30
2.919630279994491772e-30
2.919296050432214402e-30
2.917086465075741027e-30
2.905321471919726250e-30
2.854739655856409913e-30
2.699448426649607579e-30
2.456928747172357574e-30
2.355731980096690695e-30
2.352725586648724897e-30
2.352724944954998447e-30
2.352724944954997396e-30
2.352724944954997396e-30
2.352724944954997396e-30
2.352724944954997396e-30
2.352724944954997396e-30
2.352724944954997396e-30
2.352724944954997396e-30
2.352724944954997396e-30
2.352724944954997396e-30
2.352724944954997396e-30
2.352724944954997396e-30
2.352724944954997396e-30
2.352724944954997396e-30
2.352724944954997396e-30
2.352724944954997396e-30
2.352724944954996345e-30
2.352724944954947650e-30
2.352724944953327399e-30
2.352724944896831949e-30
2.352724943476119896e-30
2.352724914426105864e-30
2.352724342771437113e-30
2.352715784247909328e-30
2.352609137087940257e-30
2.351401175625261131e-30
2.340626535786795001e-30
2.262317557255127491e-30
1.852274654998772214e-30
9.403807585824189664e-31
2.973216040922725053e-31
9.121598795352992643e-32
4.039904880669335087e-32
3.190113253977106708e-32
3.169429807357672927e-32
3.169425415643751264e-32
3.169425415643744148e-32
3.169425415643744148e-32
3.169425415643744148e-32
3.169425415643744148e-32
3.169425415643744148e-32
3.169425415643744148e-32
3.169425415643744148e-32
3.169425415643744148e-32
3.169425415643744148e-32
3.169425415643744148e-32
3.169425415643744148e-32
3.169425415643744148e-32
3.169425415643744148e-32
3.169425415643744148e-32
3.169425415643738674e-32
3.169425415643512058e-32
3.169425415635978436e-32
3.169425415373305587e-32
3.169425408767755956e-32
3.169425273700759822e-32
3.169422615814553485e-32
3.169382823669982092e-32
3.168887036066794931e-32
3.163279074975846177e-32
3.113874554952572676e-32
2.785266710617812546e-32
1.640064431486361923e-32
5.125545554254514337e-33
1.274927446986534088e-33
3.661118295414208470e-34
1.596306242145594099e-34
1.257258931294699630e-34
1.249028607116152585e-34
1.249026859682530579e-34
1.249026859682527800e-34
1.249026859682527800e-34
1.249026859682527800e-34
1.249026859682527800e-34
1.249026859682527800e-34
1.249026859682527800e-34
1.249026859682527800e-34
1.249026859682527800e-34
1.249026859682527800e-34
1.249026859682527800e-34
1.249026859682527800e-34
1.249026859682527800e-34
1.249026859682527800e-34
1.249026859682526089e-34
1.249026859682464723e-34
1.249026859680416957e-34
1.249026859609024204e-34
1.249026857813680039e-34
1.249026821103374561e-34
1.249026098707497672e-34
1.249015283421056782e-34
1.248880524005680974e-34
1.247355319537204261e-34
1.233845938550662031e-34
1.140534347041937178e-34
7.601524498269675851e-35
2.730104461434348425e-35
7.155483156495703406e-36
2.081162962238632417e-36
9.100743207685144150e-37
7.171235650153209783e-37
7.124374083568939599e-37
7.124364133969075821e-37
7.124364133969059951e-37
7.124364133969059951e-37
7.124364133969059951e-37
7.124364133969059951e-37
7.124364133969059951e-37
7.124364133969059951e-37
7.124364133969059951e-37
7.124364133969059951e-37
7.124364133969059951e-37
7.124364133969059951e-37
7.124364133969059951e-37
7.124364133969059951e-37
7.124364133969059951e-37
7.124364133969054105e-37
7.124364133968814391e-37
7.124364133960807790e-37
7.124364133681666750e-37
7.124364126662018579e-37
7.124363983127722228e-37
7.124361158618320866e-37
7.124318871600958099e-37
7.123791952348902548e-37
7.117825796527970807e-37
7.064780197699803198e-37
6.688252749882672952e-37
4.944559538801801633e-37
2.064678143961017700e-37
5.801649973079774919e-38
1.718618190446180390e-38
7.547590496663457488e-39
5.951581425092023403e-39
5.912791401091128659e-39
5.912783165091486619e-39
5.912783165091473568e-39
5.912783165091473568e-39
5.912783165091473568e-39
5.912783165091473568e-39
5.912783165091473568e-39
5.912783165091473568e-39
5.912783165091473568e-39
5.912783165091473568e-39
5.912783165091473568e-39
5.912783165091473568e-39
5.912783165091473568e-39
5.912783165091473568e-39
5.912783165091469653e-39
5.912783165091332622e-39
5.912783165086757078e-39
5.912783164927278637e-39
5.912783160916773004e-39
5.912783078911948422e-39
5.912781465197076141e-39
5.912757305488704605e-39
5.912456254877965911e-39
5.909046576682567315e-39
5.878652386956344679e-39
5.658776472776058781e-39
4.536157282343190995e-39
2.200533864882094694e-39
6.745882859250761795e-40
2.049608137363543502e-40
9.056046518907934860e-41
7.148274266378658119e-41
7.101859048241752755e-41
7.101849192998868024e-41
7.101849192998852731e-41
7.101849192998852731e-41
7.101849192998852731e-41
7.101849192998852731e-41
7.101849192998852731e-41
7.101849192998852731e-41
7.101849192998852731e-41
7.101849192998852731e-41
7.101849192998852731e-41
7.101849192998852731e-41
7.101849192998852731e-41
7.101849192998852731e-41
7.101849192998849672e-41
7.101849192998735479e-41
7.101849192994938568e-41
7.101849192862576845e-41
7.101849189534013938e-41
7.101849121473216390e-41
7.101847782152854222e-41
7.101827730510819868e-41
7.101577865670439838e-41
7.098747365040768731e-41
7.073471365423490860e-41
6.888197495814136862e-41
5.870734761288226118e-41
3.279237898314000703e-41
1.115654766986166517e-41
3.508260617692748468e-42
1.563419989466535158e-42
1.235836504228832575e-42
1.227854833147058617e-42
1.227853138356913983e-42
1.227853138356911275e-42
1.227853138356911275e-42
1.227853138356911275e-42
1.227853138356911275e-42
1.227853138356911275e-42
1.227853138356911275e-42
1.227853138356911275e-42
1.227853138356911275e-42
1.227853138356911275e-42
1.227853138356911275e-42
1.227853138356911275e-42
1.227853138356910797e-42
1.227853138356897255e-42
1.227853138356442428e-42
1.227853138340579374e-42
1.227853137941671709e-42
1.227853129785005438e-42
1.227852969275719709e-42
1.227850566207863095e-42
1.227820621070822327e-42
1.227481353606007084e-42
1.224448056195279347e-42
1.202009751362355282e-42
1.072023221380612727e-42
6.791107543350944168e-43
2.601767422032295464e-43
8.563120657734787329e-44
3.861877219811069303e-44
3.058883097791367882e-44
3.039277292133109232e-44
3.039273128923841581e-44
3.039273128923834611e-44
3.039273128923834611e-44
3.039273128923834611e-44
3.039273128923834611e-44
3.039273128923834611e-44
3.039273128923834611e-44
3.039273128923834611e-44
3.039273128923834611e-44
3.039273128923834611e-44
3.039273128923834611e-44
3.039273128923834611e-44
3.039273128923834113e-44
3.039273128923810217e-44
3.039273128923028108e-44
3.039273128895748401e-44
3.039273128209718716e-44
3.039273114182141685e-44
3.039272838143325637e-44
3.039268705420238442e-44
3.039217206269279849e-44
3.038633686144581330e-44
3.033412215165344691e-44
2.994541121165411508e-44
2.760482416399614408e-44
1.946501661776040569e-44
8.479891801187184094e-45
2.960075280271686870e-45
1.357111235182255189e-45
1.077984032806003981e-45
1.071149055293507981e-45
1.071147603814430065e-45
1.071147603814427731e-45
1.071147603814427731e-45
1.071147603814427731e-45
1.071147603814427731e-45
1.071147603814427731e-45
1.071147603814427731e-45
1.071147603814427731e-45
1.071147603814427731e-45
1.071147603814427731e-45
1.071147603814427731e-45
1.071147603814427420e-45
1.071147603814421664e-45
1.071147603814229995e-45
1.071147603807541653e-45
1.071147603639349264e-45
1.071147600200233786e-45
1.071147532524301668e-45
1.071146519311688826e-45
1.071133893283060817e-45
1.070990822762255040e-45
1.069709850489819072e-45
1.060131391668316572e-45
1.000833925032541576e-45
7.703137516861827619e-46
3.828810278589857302e-46
1.438384399682406908e-46
6.743847332178915315e-47
5.377985820468836575e-47
5.344404426768378865e-47
5.344397294716450000e-47
5.344397294716438331e-47
5.344397294716438331e-47
5.344397294716438331e-47
5.344397294716438331e-47
5.344397294716438331e-47
5.344397294716438331e-47
5.344397294716438331e-47
5.344397294716438331e-47
5.344397294716438331e-47
5.344397294716438331e-47
5.344397294716438331e-47
5.344397294716418885e-47
5.344397294715752827e-47
5.344397294692543898e-47
5.344397294108896046e-47
5.344397282174728916e-47
5.344397047330655175e-47
5.344393531353207493e-47
5.344349717247986557e-47
5.343853220328880595e-47
5.339406068291491525e-47
5.306049549511682832e-47
5.095423289402180885e-47
4.202839725319919662e-47
2.375048391428516783e-47
9.745804795792957876e-48
4.708169105853901707e-48
3.775112905175027069e-48
3.752044150301576314e-48
3.752039250276756494e-48
3.752039250276748594e-48
3.752039250276748594e-48
3.752039250276748594e-48
3.752039250276748594e-48
3.752039250276748594e-48
3.752039250276748594e-48
3.752039250276748594e-48
3.752039250276748594e-48
3.752039250276748594e-48
3.752039250276748594e-48
3.752039250276738870e-48
3.752039250276414350e-48
3.752039250265106572e-48
3.752039249980742121e-48
3.752039244166184539e-48
3.752039129745606266e-48
3.752037416692975413e-48
3.752016069550465407e-48
3.751774158450446924e-48
3.749606733019936973e-48
3.733314372889314865e-48
3.628980017408517387e-48
3.156954062549512757e-48
2.008962550509115114e-48
9.125216123559232990e-49
4.584736211073946316e-49
3.703586174848919451e-49
3.681634048570107909e-49
3.681629384866915259e-49
3.681629384866906903e-49
3.681629384866906903e-49
3.681629384866906903e-49
3.681629384866906903e-49
3.681629384866906903e-49
3.681629384866906903e-49
3.681629384866906903e-49
3.681629384866906903e-49
3.681629384866906903e-49
3.681629384866906903e-49
3.681629384866900825e-49
3.681629384866680528e-49
3.681629384859017225e-49
3.681629384666313414e-49
3.681629380725999957e-49
3.681629303187343542e-49
3.681628142313835777e-49
3.681613676103710233e-49
3.681449737873128601e-49
3.679980625898187189e-49
3.668920596075735624e-49
3.597381775516787121e-49
3.257553251876075532e-49
2.302141085263635872e-49
1.169130585528255243e-49
6.175908167253336179e-50
5.039210175928051186e-50
5.010599087344797869e-50
5.010593007426611157e-50
5.010593007426602611e-50
5.010593007426602611e-50
5.010593007426602611e-50
5.010593007426602611e-50
5.010593007426602611e-50
5.010593007426602611e-50
5.010593007426602611e-50
5.010593007426602611e-50
5.010593007426602611e-50
5.010593007426602611e-50
5.010593007426595964e-50
5.010593007426390859e-50
5.010593007419250192e-50
5.010593007239685208e-50
5.010593003568011239e-50
5.010592931315739643e-50
5.010591849587454226e-50
5.010578369626439154e-50
5.010425605723142543e-50
5.009056439583460574e-50
4.998737766616792542e-50
4.931518606900379691e-50
4.600535411403747622e-50
3.552930522006331300e-50
2.027441394088406171e-50
1.139584536383354516e-50
9.422776120939745587e-51
9.372432025431023408e-51
9.372421323597989311e-51
9.372421323597971507e-51
9.372421323597971507e-51
9.372421323597971507e-51
9.372421323597971507e-51
9.372421323597971507e-51
9.372421323597971507e-51
9.372421323597971507e-51
9.372421323597971507e-51
9.372421323597971507e-51
9.372421323597971507e-51
9.372421323597964385e-51
9.372421323597704444e-51
9.372421323588687216e-51
9.372421323361920001e-51
9.372421318725077594e-51
9.372421227479932106e-51
9.372419861398853434e-51
9.372402837958376113e-51
9.372209914904536937e-51
9.370480646578576435e-51
9.357438192721458525e-51
9.272046130018397372e-51
8.840428955639358261e-51
7.339456944211483952e-51
4.701734767494820417e-51
2.845849674308193385e-51
2.394007054828963148e-51
2.382272486015731441e-51
2.382269990447848661e-51
2.382269990447844506e-51
2.382269990447844506e-51
2.382269990447844506e-51
2.382269990447844506e-51
2.382269990447844506e-51
2.382269990447844506e-51
2.382269990447844506e-51
2.382269990447844506e-51
2.382269990447844506e-51
2.382269990447843319e-51
2.382269990447799699e-51
2.382269990446285750e-51
2.382269990408207929e-51
2.382269989629613511e-51
2.382269974308195071e-51
2.382269744922830910e-51
2.382266886431670544e-51
2.382234491509074938e-51
2.381944098982577132e-51
2.379752733970197751e-51
2.365354017231565155e-51
2.291185921699278420e-51
2.013778424277029184e-51
1.438347352007446152e-51
9.472107894290541907e-52
8.142654004334101091e-52
8.107351451891427818e-52
8.107343939894168314e-52
8.107343939894156445e-52
8.107343939894156445e-52
8.107343939894156445e-52
8.107343939894156445e-52
8.107343939894156445e-52
8.107343939894156445e-52
8.107343939894156445e-52
8.107343939894156445e-52
8.107343939894156445e-52
8.107343939894153477e-52
8.107343939894058522e-52
8.107343939890766230e-52
8.107343939807941141e-52
8.107343938114357672e-52
8.107343904787526165e-52
8.107343405833209746e-52
8.107337188099243520e-52
8.107266722922056996e-52
8.106635032530067066e-52
8.101866367161294374e-52
8.070454143529543965e-52
7.906448092829909094e-52
7.258425902591577713e-52
5.711609889631365281e-52
4.118860892210789315e-52
3.634270438242122293e-52
3.621053431020595025e-52
3.621050616611801240e-52
3.621050616611796789e-52
3.621050616611796789e-52
3.621050616611796789e-52
3.621050616611796789e-52
3.621050616611796789e-52
3.621050616611796789e-52
3.621050616611796789e-52
3.621050616611796789e-52
3.621050616611796047e-52
3.621050616611770083e-52
3.621050616610875422e-52
3.621050616588374636e-52
3.621050616128297316e-52
3.621050607074749733e-52
3.621050471529121059e-52
3.621048782422712867e-52
3.621029639818015922e-52
3.620858028672617132e-52
3.619562188572922591e-52
3.611011260745754724e-52
3.565940372539332200e-52
3.380569021695443096e-52
2.885017651473967641e-52
2.278854562681324381e-52
2.070812739812101098e-52
2.064964205620411075e-52
2.064962959226930595e-52
2.064962959226928741e-52
2.064962959226928741e-52
2.064962959226928741e-52
2.064962959226928741e-52
2.064962959226928741e-52
2.064962959226928741e-52
2.064962959226928741e-52
2.064962959226928741e-52
2.064962959226928370e-52
2.064962959226920210e-52
2.064962959226632004e-52
2.064962959219382732e-52
2.064962959071154694e-52
2.064962956154275407e-52
2.064962912484072549e-52
2.064962368286250827e-52
2.064956200889221715e-52
2.064900909650591548e-52
2.064483330489687376e-52
2.061724565365588163e-52
2.047089153609971305e-52
1.985179328451933877e-52
1.804823860742263230e-52
1.549397142468961366e-52
1.451193915675388062e-52
1.448345943257769964e-52
1.448345335795718492e-52
1.448345335795717565e-52
1.448345335795717565e-52
1.448345335795717565e-52
1.448345335795717565e-52
1.448345335795717565e-52
1.448345335795717565e-52
1.448345335795717565e-52
1.448345335795717565e-52
1.448345335795714783e-52
1.448345335795612038e-52
1.448345335793033583e-52
1.448345335740307774e-52
1.448345334702756760e-52
1.448345319169009043e-52
1.448345125594621288e-52
1.448342931811464363e-52
1.448323264070476912e-52
1.448174709507215668e-52
1.447192529065117687e-52
1.441960279360240820e-52
1.419414925750785597e-52
1.349686734127230886e-52
1.239222349890051020e-52
1.192552581742334799e-52
1.191160844404059472e-52
1.191160547314944316e-52
1.191160547314943760e-52
1.191160547314943760e-52
1.191160547314943760e-52
1.191160547314943760e-52
1.191160547314943760e-52
1.191160547314943760e-52
1.191160547314943760e-52
1.191160547314943760e-52
1.191160547314942647e-52
1.191160547314905926e-52
1.191160547313982705e-52
1.191160547295104144e-52
1.191160546923604892e-52
1.191160541361687176e-52
1.191160472051631482e-52
1.191159686558382870e-52
1.191152644381322433e-52
1.191099449855784947e-52
1.190747594866897925e-52
1.188868648406304508e-52
1.180683740295376418e-52
1.154422431915197306e-52
1.109636906446619475e-52
1.089428116657634624e-52
1.088812921166655639e-52
1.088812789763899219e-52
1.088812789763899033e-52
1.088812789763899033e-52
1.088812789763899033e-52
1.088812789763899033e-52
1.088812789763899033e-52
1.088812789763899033e-52
1.088812789763899033e-52
1.088812789763899033e-52
1.088812789763898663e-52
1.088812789763886793e-52
1.088812789763586904e-52
1.088812789757455215e-52
1.088812789636793626e-52
1.088812787830298769e-52
1.088812765318593628e-52
1.088812510192546462e-52
1.088810222903110347e-52
1.088792944831002267e-52
1.088678634028974048e-52
1.088067463169190725e-52
1.085390548618889150e-52
1.076638289348660841e-52
1.061111940328042390e-52
1.053845108372304296e-52
1.053621252288431974e-52
1.053621204457007419e-52
1.053621204457007048e-52
1.053621204457007048e-52
1.053621204457007048e-52
1.053621204457007048e-52
1.053621204457007048e-52
1.053621204457007048e-52
1.053621204457007048e-52
1.053621204457007048e-52
1.053621204457003896e-52
1.053621204456923406e-52
1.053621204455279671e-52
1.053621204422931684e-52
1.053621203938630837e-52
1.053621197903497979e-52
1.053621129507085227e-52
1.053620516309577491e-52
1.053615884185531149e-52
1.053585235622431179e-52
1.053421291918494611e-52
1.052701650909031497e-52
1.050330760033880314e-52
1.046055770018985712e-52
1.044023935728246203e-52
1.043961025943997389e-52
1.043961012499990452e-52
1.043961012499990452e-52
1.043961012499990452e-52
1.043961012499990452e-52
1.043961012499990452e-52
1.043961012499990452e-52
1.043961012499990452e-52
1.043961012499990452e-52
1.043961012499990452e-52
1.043961012499989896e-52
1.043961012499973204e-52
1.043961012499631772e-52
1.043961012492916440e-52
1.043961012392376738e-52
1.043961011139494808e-52
1.043960996940533114e-52
1.043960869641862521e-52
1.043959908017677945e-52
1.043953545239103942e-52
1.043919504824316950e-52
1.043769983199952734e-52
1.043276232213154626e-52
1.042381477770900772e-52
1.041954188503622800e-52
1.041940937802314282e-52
1.041940934970465579e-52
1.041940934970465579e-52
1.041940934970465579e-52
1.041940934970465579e-52
1.041940934970465579e-52
1.041940934970465579e-52
1.041940934970465579e-52
1.041940934970465579e-52
1.041940934970465579e-52
1.041940934970465579e-52
1.041940934970462797e-52
1.041940934970409756e-52
1.041940934969361905e-52
1.041940934953676599e-52
1.041940934758214974e-52
1.041940932543037743e-52
1.041940912683195785e-52
1.041940762660253791e-52
1.041939769997603141e-52
1.041934459149306677e-52
1.041911127927052576e-52
1.041834043383923744e-52
1.041694197117785953e-52
1.041627342176480889e-52
1.041625268193263662e-52
1.041625267750021688e-52
1.041625267750021688e-52
1.041625267750021688e-52
1.041625267750021688e-52
1.041625267750021688e-52
1.041625267750021688e-52
1.041625267750021688e-52
1.041625267750021688e-52
1.041625267750021688e-52
1.041625267750021131e-52
1.041625267750015011e-52
1.041625267749893349e-52
1.041625267748070089e-52
1.041625267725349903e-52
1.041625267467860892e-52
1.041625265159381919e-52
1.041625247720933846e-52
1.041625132335162190e-52
1.041624515005996614e-52
1.041621802935709061e-52
1.041612841703266625e-52
1.041596581303053403e-52
1.041588806488860599e-52
1.041588565283397165e-52
1.041588565231847731e-52
1.041588565231847731e-52
1.041588565231847731e-52
1.041588565231847731e-52
1.041588565231847731e-52
1.041588565231847731e-52
1.041588565231847731e-52
1.041588565231847731e-52
1.041588565231847731e-52
1.041588565231847174e-52
1.041588565231836603e-52
1.041588565231678962e-52
1.041588565229711414e-52
1.041588565207413892e-52
1.041588565007509008e-52
1.041588563497411065e-52
1.041588553505475312e-52
1.041588500047260881e-52
1.041588265192233229e-52
1.041587489175458853e-52
1.041586081040753184e-52
1.041585407735280843e-52
1.041585386846537184e-52
1.041585386842072783e-52
1.041585386842072783e-52
1.041585386842072783e-52
1.041585386842072783e-52
1.041585386842072783e-52
1.041585386842072783e-52
1.041585386842072783e-52
1.041585386842072783e-52
1.041585386842072783e-52
1.041585386842072042e-52
1.041585386842061841e-52
1.041585386841934615e-52
1.041585386840493403e-52
1.041585386827570158e-52
1.041585386729947932e-52
1.041585386084005816e-52
1.041585382628128802e-52
1.041585367445610081e-52
1.041585317278917553e-52
1.041585226247896784e-52
1.041585182720953853e-52
1.041585181370565796e-52
1.041585181370277220e-52
1.041585181370277220e-52
1.041585181370277220e-52
1.041585181370277220e-52
1.041585181370277220e-52
1.041585181370277220e-52
1.041585181370277220e-52
1.041585181370277220e-52
1.041585181370277220e-52
1.041585181370277220e-52
1.041585181370276663e-52
1.041585181370270543e-52
1.041585181370200810e-52
1.041585181369575623e-52
1.041585181364853062e-52
1.041585181333604298e-52
1.041585181166419621e-52
1.041585180431935972e-52
1.041585178005025570e-52
1.041585173601224202e-52
1.041585171495524006e-52
1.041585171430196354e-52
1.041585171430182259e-52
1.041585171430182259e-52
1.041585171430182259e-52
1.041585171430182259e-52
1.041585171430182259e-52
1.041585171430182259e-52
1.041585171430182259e-52
1.041585171430182259e-52
1.041585171430182259e-52
1.041585171430182259e-52
1.041585171430182259e-52
1.041585171430182074e-52
1.041585171430179477e-52
1.041585171430156851e-52
1.041585171429985486e-52
1.041585171428851396e-52
1.041585171422784619e-52
1.041585171396130819e-52
1.041585171308060727e-52
1.041585171148251620e-52
1.041585171071837893e-52
1.041585171069467154e-52
1.041585171069466598e-52
1.041585171069466598e-52
1.041585171069466598e-52
1.041585171069466598e-52
1.041585171069466598e-52
1.041585171069466598e-52
1.041585171069466598e-52
1.041585171069466598e-52
1.041585171069466598e-52
1.041585171069466598e-52
1.041585171069466598e-52
1.041585171069466598e-52
1.041585171069465856e-52
1.041585171069461219e-52
1.041585171069430247e-52
1.041585171069264631e-52
1.041585171068537627e-52
1.041585171066134618e-52
1.041585171061774075e-52
1.041585171059689130e-52
1.041585171059624590e-52
1.041585171059624590e-52
1.041585171059624590e-52
1.041585171059624590e-52
1.041585171059624590e-52
1.041585171059624590e-52
1.041585171059624590e-52
1.041585171059624590e-52
1.041585171059624590e-52
1.041585171059624590e-52
1.041585171059624590e-52
1.041585171059624590e-52
1.041585171059624590e-52
1.041585171059624590e-52
1.041585171059624405e-52
1.041585171059623663e-52
1.041585171059620324e-52
1.041585171059605302e-52
1.041585171059556155e-52
1.041585171059466392e-52
1.041585171059423551e-52
1.041585171059422253e-52
1.041585171059422253e-52
1.041585171059422253e-52
1.041585171059422253e-52
1.041585171059422253e-52
1.041585171059422253e-52
1.041585171059422253e-52
1.041585171059422253e-52
1.041585171059422253e-52
1.041585171059422253e-52
1.041585171059422253e-52
1.041585171059422253e-52
1.041585171059422253e-52
1.041585171059422253e-52
1.041585171059422253e-52
1.041585171059422253e-52
1.041585171059422253e-52
1.041585171059421882e-52
1.041585171059420955e-52
1.041585171059419656e-52
1.041585171059418915e-52
1.041585171059418915e-52
1.041585171059418915e-52
1.041585171059418915e-52
1.041585171059418915e-52
1.041585171059418915e-52
1.041585171059418915e-52
1.041585171059418915e-52
1.041585171059418915e-52
1.041585171059418915e-52
1.041585171059418915e-52
1.041585171059418915e-52
1.041585171059418915e-52
1.041585171059418915e-52
1.041585171059418915e-52
1.041585171059418915e-52
1.041585171059418915e-52
1.041585171059418915e-52
1.041585171059418915e-52
1.041585171059418915e-52
1.041585171059418915e-52
1.041585171059418915e-52
1.041585171059418915e-52
1.041585171059418915e-52
1.041585171059418915e-52
1.041585171059418915e-52
1.041585171059418915e-52
1.041585171059418915e-52
1.041585171059418915e-52
1.041585171059418915e-52
1.041585171059418915e-52
1.041585171059418915e-52
1.041585171059418915e-52
1.041585171059418915e-52
1.041585171059418915e-52
1.041585171059418915e-52
1.041585171059418915e-52
1.041585171059418915e-52
1.041585171059418915e-52
1.041585171059418915e-52
1.041585171059418915e-52
1.041585171059418915e-52
1.041585171059418915e-52
1.041585171059418915e-52
1.041585171059418915e-52
1.041585171059418915e-52
1.041585171059418915e-52
1.041585171059418915e-52
1.041585171059418915e-52
1.041585171059418915e-52
1.041585171059418915e-52
1.041585171059418915e-52
1.041585171059418915e-52
1.041585171059418915e-52
1.041585171059418915e-52
1.041585171059418915e-52
1.041585171059418915e-52
1.041585171059418915e-52
1.041585171059418915e-52
1.041585171059418915e-52
1.041585171059418915e-52
1.041585171059418915e-52
1.041585171059418915e-52
1.041585171059418915e-52
1.041585171059418915e-52
1.041585171059418915e-52
1.041585171059418915e-52
1.041585171059418915e-52
1.041585171059418915e-52
1.041585171059418915e-52
1.041585171059418915e-52
1.041585171059418915e-52
1.041585171059418915e-52
1.041585171059418915e-52
1.041585171059418915e-52
1.041585171059418915e-52
1.041585171059418915e-52
1.041585171059418915e-52
1.041585171059418915e-52
1.041585171059418915e-52
1.041585171059418915e-52
1.041585171059418915e-52
1.041585171059418915e-52
1.041585171059418915e-52
1.041585171059418915e-52
1.041585171059418915e-52
1.041585171059418915e-52
1.041585171059418915e-52
1.041585171059418915e-52
1.041585171059418915e-52
1.041585171059418915e-52
1.041585171059418915e-52
1.041585171059418915e-52
1.041585171059418915e-52
1.041585171059418915e-52
1.041585171059418915e-52
1.041585171059418915e-52
1.041585171059418915e-52
1.041585171059418915e-52
1.041585171059418915e-52
1.041585171059418915e-52
1.041585171059418915e-52
1.041585171059418915e-52
1.041585171059418915e-52
1.041585171059418915e-52
1.041585171059418915e-52
1.041585171059418915e-52
1.041585171059418915e-52
1.041585171059418915e-52
1.041585171059418915e-52
1.041585171059418915e-52
1.041585171059418915e-52
1.041585171059418915e-52
1.041585171059418915e-52
1.041585171059418915e-52
1.041585171059418915e-52
1.041585171059418915e-52
1.041585171059418915e-52
1.041585171059418915e-52
1.041585171059418915e-52
1.041585171059418915e-52
1.041585171059418915e-52
1.041585171059418915e-52
1.041585171059418915e-52
1.041585171059418915e-52
1.041585171059418915e-52
1.041585171059418915e-52
1.041585171059418915e-52
1.041585171059418915e-52
1.041585171059418915e-52
1.041585171059418915e-52
1.041585171059418915e-52
1.041585171059418915e-52
1.041585171059418915e-52
1.041585171059418915e-52
1.041585171059418915e-52
1.041585171059418915e-52
1.041585171059418915e-52
1.041585171059418915e-52
1.041585171059418915e-52
1.041585171059418915e-52
1.041585171059418915e-52
1.041585171059418915e-52
1.041585171059418915e-52
1.041585171059418915e-52
1.041585171059418915e-52
1.041585171059418915e-52
1.041585171059418915e-52
1.041585171059418915e-52
1.041585171059418915e-52
1.041585171059418915e-52
1.041585171059418915e-52
1.041585171059418915e-52
1.041585171059418915e-52
1.041585171059418915e-52
1.041585171059418915e-52
1.041585171059418915e-52
1.041585171059418915e-52
1.041585171059418915e-52
1.041585171059418915e-52
1.041585171059418915e-52
1.041585171059418915e-52
1.041585171059418915e-52
1.041585171059418915e-52
1.041585171059418915e-52
1.041585171059418915e-52
1.041585171059418915e-52
1.041585171059418915e-52
1.041585171059418915e-52
1.041585171059418915e-52
1.041585171059418915e-52
1.041585171059418915e-52
1.041585171059418915e-52
1.041585171059418915e-52
1.041585171059418915e-52
1.041585171059418915e-52
1.041585171059418915e-52
1.041585171059418915e-52
1.041585171059418915e-52
1.041585171059418915e-52
1.041585171059418915e-52
1.041585171059418915e-52
1.041585171059418915e-52
1.041585171059418915e-52
1.041585171059418915e-52
1.041585171059418915e-52
1.041585171059418915e-52
1.041585171059418915e-52
1.041585171059418915e-52
1.041585171059418915e-52
1.041585171059418915e-52
1.041585171059418915e-52
1.041585171059418915e-52
1.041585171059418915e-52
1.041585171059418915e-52
1.041585171059418915e-52
1.041585171059418915e-52
1.041585171059418915e-52
1.041585171059418915e-52
1.041585171059418915e-52
1.041585171059418915e-52
1.041585171059418915e-52
1.041585171059418915e-52
1.041585171059418915e-52
1.041585171059418915e-52
1.041585171059418915e-52
1.041585171059418915e-52
1.041585171059418915e-52
1.041585171059418915e-52
1.041585171059418915e-52
1.041585171059418915e-52
1.041585171059418915e-52
1.041585171059418915e-52
1.041585171059418915e-52
1.041585171059418915e-52
1.041585171059418915e-52
1.041585171059418915e-52
1.041585171059418915e-52
1.041585171059418915e-52
1.041585171059418915e-52
1.041585171059418915e-52
1.041585171059418915e-52
1.041585171059418915e-52
1.041585171059418915e-52
1.041585171059418915e-52
1.041585171059418915e-52
1.041585171059418915e-52
1.041585171059418915e-52
1.041585171059418915e-52
1.041585171059418915e-52
1.041585171059418915e-52
1.041585171059418915e-52
1.041585171059418915e-52
1.041585171059418915e-52
1.041585171059418915e-52
1.041585171059418915e-52
1.041585171059418915e-52
1.041585171059418915e-52
1.041585171059418915e-52
1.041585171059418915e-52
1.041585171059418915e-52
1.041585171059418915e-52
1.041585171059418915e-52
1.041585171059418915e-52
1.041585171059418915e-52
1.041585171059418915e-52
1.041585171059418915e-52
1.041585171059418915e-52
1.041585171059418915e-52
1.041585171059418915e-52
1.041585171059418915e-52
1.041585171059418915e-52
1.041585171059418915e-52
1.041585171059418915e-52
1.041585171059418915e-52
1.041585171059418915e-52
1.041585171059418915e-52
1.041585171059418915e-52
1.041585171059418915e-52
1.041585171059418915e-52
1.041585171059418915e-52
1.041585171059418915e-52
1.041585171059418915e-52
1.041585171059418915e-52
1.041585171059418915e-52
1.041585171059418915e-52
1.041585171059418915e-52
1.041585171059418915e-52
1.041585171059418915e-52
1.041585171059418915e-52
1.041585171059418915e-52
1.041585171059418915e-52
1.041585171059418915e-52
1.041585171059418915e-52
1.041585171059418915e-52
1.041585171059418915e-52
1.041585171059418915e-52
1.041585171059418915e-52
1.041585171059418915e-52
1.041585171059418915e-52
1.041585171059418915e-52
1.041585171059418915e-52
1.041585171059418915e-52
1.041585171059418915e-52
1.041585171059418915e-52
1.041585171059418915e-52
1.041585171059418915e-52
1.041585171059418915e-52
1.041585171059418915e-52
1.041585171059418915e-52
1.041585171059418915e-52
1.041585171059418915e-52
1.041585171059418915e-52
1.041585171059418915e-52
1.041585171059418915e-52
1.041585171059418915e-52
1.041585171059418915e-52
1.041585171059418915e-52
1.041585171059418915e-52
1.041585171059418915e-52
1.041585171059418915e-52
1.041585171059418915e-52
1.041585171059418915e-52
1.041585171059418915e-52
1.041585171059418915e-52
1.041585171059418915e-52
1.041585171059418915e-52
1.041585171059418915e-52
1.041585171059418915e-52
1.041585171059418915e-52
1.041585171059418915e-52
1.041585171059418915e-52
1.041585171059418915e-52
1.041585171059418915e-52
1.041585171059418915e-52
1.041585171059418915e-52
1.041585171059418915e-52
1.041585171059418915e-52
1.041585171059418915e-52
1.041585171059418915e-52
1.041585171059418915e-52
1.041585171059418915e-52
1.041585171059418915e-52
1.041585171059418915e-52
1.041585171059418915e-52
1.041585171059418915e-52
1.041585171059418915e-52
1.041585171059418915e-52
1.041585171059418915e-52
1.041585171059418915e-52
1.041585171059418915e-52
1.041585171059418915e-52
1.041585171059418915e-52
1.041585171059418915e-52
1.041585171059418915e-52
1.041585171059418915e-52
1.041585171059418915e-52
1.041585171059418915e-52
1.041585171059418915e-52
1.041585171059418915e-52
1.041585171059418915e-52
1.041585171059418915e-52
1.041585171059418915e-52
1.041585171059418915e-52
1.041585171059418915e-52
1.041585171059418915e-52
1.041585171059418915e-52
1.041585171059418915e-52
1.041585171059418915e-52
1.041585171059418915e-52
1.041585171059418915e-52
1.041585171059418915e-52
1.041585171059418915e-52
1.041585171059418915e-52
1.041585171059418915e-52
1.041585171059418915e-52
1.041585171059418915e-52
1.041585171059418915e-52
1.041585171059418915e-52
1.041585171059418915e-52
1.041585171059418915e-52
1.041585171059418915e-52
1.041585171059418915e-52
1.041585171059418915e-52
1.041585171059418915e-52
1.041585171059418915e-52
1.041585171059418915e-52
1.041585171059418915e-52
1.041585171059418915e-52
1.041585171059418915e-52
1.041585171059418915e-52
1.041585171059418915e-52
1.041585171059418915e-52
1.041585171059418915e-52
1.041585171059418915e-52
1.041585171059418915e-52
1.041585171059418915e-52
1.041585171059418915e-52
1.041585171059418915e-52
1.041585171059418915e-52
