1.000000000000206724e+00
1.000000000000153655e+00
1.000000000000153655e+00
1.000000000000153655e+00
1.000000000000153655e+00
1.000000000000153433e+00
1.000000000000153655e+00
1.000000000000153433e+00
1.000000000000153433e+00
1.000000000000027978e+00
1.000000000000027978e+00
1.000000000000027089e+00
1.000000000000027089e+00
1.000000000000026423e+00
1.000000000000026423e+00
1.000000000000026423e+00
1.000000000000026423e+00
1.000000000000026423e+00
1.000000000000026423e+00
1.000000000000026423e+00
1.000000000000026423e+00
1.000000000000026423e+00
1.000000000000026423e+00
1.000000000000026423e+00
1.000000000000026423e+00
1.000000000000026645e+00
1.000000000000026645e+00
1.000000000000026645e+00
1.000000000000026645e+00
1.000000000000026423e+00
1.000000000000026423e+00
1.000000000000026423e+00
1.000000000000026423e+00
1.000000000000026423e+00
1.000000000000026423e+00
1.000000000000026423e+00
1.000000000000026423e+00
1.000000000000026423e+00
1.000000000000026423e+00
1.000000000000026423e+00
1.000000000000026645e+00
1.000000000000026645e+00
1.000000000000026645e+00
1.000000000000026645e+00
1.000000000000026423e+00
1.000000000000026423e+00
1.000000000000026423e+00
1.000000000000026423e+00
1.000000000000026423e+00
1.000000000000026423e+00
1.000000000000026423e+00
1.000000000000026423e+00
1.000000000000026423e+00
1.000000000000026423e+00
1.000000000000026423e+00
1.000000000000026423e+00
1.000000000000026423e+00
1.000000000000026423e+00
1.000000000000026423e+00
1.000000000000026423e+00
1.000000000000026423e+00
1.000000000000026423e+00
1.000000000000026423e+00
1.000000000000026423e+00
1.000000000000026423e+00
1.000000000000026423e+00
1.000000000000026423e+00
1.000000000000026423e+00
1.000000000000026423e+00
1.000000000000026423e+00
1.000000000000026423e+00
1.000000000000026423e+00
1.000000000000026423e+00
1.000000000000026423e+00
1.000000000000026423e+00
1.000000000000026423e+00
1.000000000000026423e+00
1.000000000000026423e+00
1.000000000000026423e+00
1.000000000000026423e+00
1.000000000000026645e+00
1.000000000000026645e+00
1.000000000000026423e+00
1.000000000000026423e+00
1.000000000000026423e+00
1.000000000000026423e+00
1.000000000000026423e+00
1.000000000000026423e+00
1.000000000000026423e+00
1.000000000000026423e+00
1.000000000000026423e+00
1.000000000000026423e+00
1.000000000000026423e+00
1.000000000000026423e+00
1.000000000000026423e+00
1.000000000000026423e+00
1.000000000000026423e+00
1.000000000000026423e+00
1.000000000000026423e+00
1.000000000000026423e+00
1.000000000000026423e+00
1.000000000000026423e+00
1.000000000000026423e+00
1.000000000000026423e+00
1.000000000000026423e+00
1.000000000000026423e+00
1.000000000000026423e+00
1.000000000000026423e+00
1.000000000000026423e+00
1.000000000000026423e+00
1.000000000000026423e+00
1.000000000000026423e+00
1.000000000000026423e+00
1.000000000000026423e+00
1.000000000000026423e+00
1.000000000000026423e+00
1.000000000000026423e+00
1.000000000000026423e+00
1.000000000000026423e+00
1.000000000000026423e+00
1.000000000000026423e+00
1.000000000000026423e+00
1.000000000000026423e+00
1.000000000000026423e+00
1.000000000000026423e+00
1.000000000000026423e+00
1.000000000000026423e+00
1.000000000000026423e+00
1.000000000000026423e+00
1.000000000000026423e+00
1.000000000000026423e+00
1.000000000000026423e+00
1.000000000000026423e+00
1.000000000000026201e+00
1.000000000000026423e+00
1.000000000000026423e+00
1.000000000000026423e+00
1.000000000000026423e+00
1.000000000000026201e+00
1.000000000000024425e+00
1.000000000000024425e+00
1.000000000000024425e+00
1.000000000000024425e+00
1.000000000000024425e+00
1.000000000000024425e+00
1.000000000000024425e+00
1.000000000000024425e+00
1.000000000000024425e+00
1.000000000000024425e+00
1.000000000000024425e+00
1.000000000000024425e+00
1.000000000000024425e+00
1.000000000000024425e+00
1.000000000000024425e+00
1.000000000000023981e+00
1.000000000000023981e+00
1.000000000000023981e+00
1.000000000000024203e+00
1.000000000000024203e+00
1.000000000000024203e+00
1.000000000000024203e+00
1.000000000000024203e+00
1.000000000000024203e+00
1.000000000000024203e+00
1.000000000000024203e+00
1.000000000000024203e+00
1.000000000000024203e+00
1.000000000000024203e+00
1.000000000000024203e+00
1.000000000000024203e+00
1.000000000000023981e+00
1.000000000000023981e+00
1.000000000000023981e+00
1.000000000000023981e+00
1.000000000000023981e+00
1.000000000000024203e+00
1.000000000000024203e+00
1.000000000000023981e+00
1.000000000000023981e+00
1.000000000000023981e+00
1.000000000000023981e+00
1.000000000000023981e+00
1.000000000000023981e+00
1.000000000000023981e+00
1.000000000000023981e+00
1.000000000000023981e+00
1.000000000000023981e+00
1.000000000000023981e+00
1.000000000000023981e+00
1.000000000000023981e+00
1.000000000000023981e+00
1.000000000000023981e+00
1.000000000000023981e+00
1.000000000000023981e+00
1.000000000000023981e+00
1.000000000000023981e+00
1.000000000000023981e+00
1.000000000000023981e+00
1.000000000000023981e+00
1.000000000000023981e+00
1.000000000000023981e+00
1.000000000000023981e+00
1.000000000000023981e+00
1.000000000000023981e+00
1.000000000000023981e+00
1.000000000000023981e+00
1.000000000000023981e+00
1.000000000000023981e+00
1.000000000000023981e+00
1.000000000000023981e+00
1.000000000000023981e+00
1.000000000000023981e+00
1.000000000000023981e+00
1.000000000000023981e+00
1.000000000000023981e+00
1.000000000000023981e+00
1.000000000000023981e+00
1.000000000000023981e+00
1.000000000000023981e+00
1.000000000000023981e+00
1.000000000000023981e+00
1.000000000000023981e+00
1.000000000000023981e+00
1.000000000000023981e+00
1.000000000000023981e+00
1.000000000000023981e+00
1.000000000000023981e+00
1.000000000000023981e+00
1.000000000000023981e+00
1.000000000000023981e+00
1.000000000000023981e+00
1.000000000000023981e+00
1.000000000000023981e+00
1.000000000000023981e+00
1.000000000000023981e+00
1.000000000000012657e+00
1.000000000000011990e+00
1.000000000000011990e+00
1.000000000000010880e+00
1.000000000000010880e+00
1.000000000000010880e+00
1.000000000000010880e+00
1.000000000000010880e+00
1.000000000000010880e+00
1.000000000000010880e+00
1.000000000000010880e+00
1.000000000000007994e+00
1.000000000000007994e+00
1.000000000000007994e+00
9.999999999994908517e-01
9.999999999994862998e-01
9.999999999994862998e-01
9.999999999981099563e-01
9.999999999981099563e-01
9.999999999981098453e-01
9.999999999981099563e-01
9.999999999981099563e-01
9.999999999920856641e-01
9.999999999920856641e-01
9.999999999920857752e-01
9.999999999920857752e-01
9.999999998608462004e-01
9.999999988541834472e-01
9.999999988541834472e-01
9.999999988538286200e-01
9.999999988537412454e-01
9.999999964809616060e-01
9.999999964809616060e-01
9.999999964809616060e-01
9.999999964809616060e-01
9.999999964809613839e-01
9.999999964809613839e-01
9.999999919006530291e-01
9.999999919006530291e-01
9.999999919006253846e-01
9.999999919006253846e-01
9.999998386519109994e-01
9.999998378496802731e-01
9.999993186960666192e-01
9.999993186027417158e-01
9.999993186024725977e-01
9.999984596599926778e-01
9.999984596599926778e-01
9.999984596599926778e-01
9.999984596599925668e-01
9.999984596599925668e-01
9.999978941444901404e-01
9.999978941444901404e-01
9.999978941444901404e-01
9.999592994349340014e-01
9.999590855249714805e-01
9.999590855249714805e-01
9.998873261470436757e-01
9.998873261470436757e-01
9.998873261470035967e-01
9.998873260418406073e-01
9.998873260418406073e-01
9.998255250320334797e-01
9.998255250319978416e-01
9.998255232174692031e-01
9.998255232174692031e-01
9.996652641652560289e-01
9.974066988754135554e-01
9.974066988754135554e-01
9.974055217301380782e-01
9.974054292895655482e-01
9.948055013520628043e-01
9.948055013520628043e-01
9.948055013520628043e-01
9.948055013520628043e-01
9.948055013394915269e-01
9.948055013392077539e-01
9.939427719147602147e-01
9.939427719147602147e-01
9.939427719147602147e-01
9.939427719147602147e-01
9.939427643362197529e-01
9.939427643362194198e-01
9.865853026505064793e-01
9.865415038769973499e-01
9.520016386516964024e-01
9.519979926275861093e-01
9.519979896569327193e-01
9.298565487096407400e-01
9.298565487096407400e-01
9.298565487096407400e-01
9.298565487095703519e-01
9.298565487095703519e-01
9.275637724469451006e-01
9.275637724469451006e-01
9.275637724468136502e-01
8.468894210736794825e-01
8.461947654843359201e-01
8.461947654843359201e-01
7.089414394295204813e-01
7.089414394295204813e-01
7.089414392918330643e-01
7.089413818675557311e-01
7.089413818675557311e-01
7.089413818675557311e-01
6.681584879127745458e-01
6.681584879087998363e-01
6.681575051425281409e-01
6.681575051425281409e-01
6.681575051425281409e-01
6.524028126391133720e-01
4.469425314556771389e-01
4.469425314556771389e-01
4.467529964056019542e-01
4.467481268943216954e-01
3.029799802858549884e-01
3.029799802858549884e-01
3.029799802858547109e-01
3.029799802858547109e-01
3.029799801886445265e-01
3.029799801753726984e-01
2.863121286639587204e-01
2.863121286639587204e-01
2.863121286639587204e-01
2.863121286639587204e-01
2.863120304762784007e-01
2.863120304762770685e-01
2.485044226209172924e-01
2.483914339882677125e-01
1.112239780029489616e-01
1.112136499401162465e-01
1.112136472705750473e-01
6.989432834722734966e-02
6.989432834722734966e-02
6.989432834722734966e-02
6.989432834720604726e-02
6.989432834720604726e-02
6.809564791542868645e-02
6.809564791542868645e-02
6.809564791526936944e-02
4.208604950801915490e-02
4.196295934660777133e-02
4.196295934660777133e-02
1.453816275270950961e-02
1.453816275270950961e-02
1.453816268596175125e-02
1.453815751907504630e-02
1.453815751907504630e-02
1.453815751907504630e-02
1.064722103403857416e-02
1.064722103389283830e-02
1.064714049729231261e-02
1.064714049729231261e-02
1.064714049729231261e-02
1.030303640099091735e-02
3.818948824585350916e-03
3.818948824585350916e-03
3.810016489530512317e-03
3.809972218112783488e-03
1.540096602866402112e-03
1.540096602866402112e-03
1.540096602866388668e-03
1.540096602866388668e-03
1.540096602079131472e-03
1.540096601756668713e-03
1.353264546366212111e-03
1.353264546366212111e-03
1.353264546366212111e-03
1.353264546366212111e-03
1.353263567635680379e-03
1.353263567635676692e-03
1.174952938677519551e-03
1.174595057511033328e-03
2.961381109288423272e-04
2.961381109288423272e-04
2.960633571212904942e-04
2.960633514376426602e-04
1.704418289987591961e-04
1.704418289987591961e-04
1.704418289987591961e-04
1.704418289987339071e-04
1.704418289987338800e-04
1.639863883970902312e-04
1.639863883970902312e-04
1.639863883960739001e-04
1.088827956553831643e-04
1.086855060119160099e-04
1.086855060119160099e-04
2.606379333261181716e-05
2.606379333261181716e-05
2.606379313946862692e-05
2.606378663802239495e-05
2.606378663802239495e-05
2.606378663802239495e-05
2.606378663802239495e-05
1.994195213862585449e-05
1.994195213851069189e-05
1.994160980806500703e-05
1.994160980806500703e-05
1.994160980806500703e-05
1.994160980806500703e-05
1.962431915063948330e-05
8.714648159688937064e-06
8.714648159688937064e-06
8.681638431914756821e-06
8.681557524346569986e-06
2.732563429475021692e-06
2.732563429475021692e-06
2.732563429474965787e-06
2.732563429474965787e-06
2.732563428925839833e-06
2.732563428108981588e-06
2.456419766187221618e-06
2.456419766187221618e-06
2.456419766187221618e-06
2.456419766187221618e-06
2.456415951924050528e-06
2.456415951924048411e-06
2.289313163243908473e-06
7.024479020014352508e-07
7.024028427017501497e-07
7.024028427017501497e-07
7.021052600533212960e-07
7.021052530284655123e-07
3.305268737223697829e-07
3.305268737223697829e-07
3.305268737223697829e-07
3.305268737223549598e-07
3.305268737223548539e-07
3.193557350119257037e-07
3.193557350119257037e-07
3.193557350088345629e-07
2.531549162448822071e-07
2.527786083832956938e-07
2.527786083832956938e-07
6.514460099861998534e-08
6.514460099861998534e-08
6.514459957024188308e-08
6.514459064551069367e-08
6.514459064551069367e-08
6.514459064551069367e-08
6.514459064551069367e-08
4.362508135022741561e-08
4.362392221065725514e-08
4.362392221057158569e-08
4.362392221057158569e-08
4.362392221057158569e-08
4.362392221057158569e-08
4.308637623536738786e-08
2.491555861524045651e-08
2.479206420498514809e-08
2.479206420498514809e-08
2.479191922595968574e-08
7.230518846206888041e-09
7.230518846206888041e-09
7.230518846206572886e-09
7.230518846206572886e-09
7.230518845608901806e-09
7.230518838838499630e-09
6.069758030302916073e-09
6.069758030302916073e-09
6.069758030302916073e-09
6.069758030302916073e-09
6.069741552336060877e-09
6.069741552336057568e-09
5.706681135974188573e-09
2.288004953606889923e-09
2.287899909770706507e-09
2.287899909770706507e-09
2.286453497598638411e-09
2.286453486017536599e-09
9.408360159813777920e-10
9.408360159813777920e-10
9.408360159813777920e-10
9.408360159813777920e-10
9.408360159813544242e-10
9.408360159813544242e-10
9.408360159813535970e-10
8.842334068106642662e-10
8.842334068106642662e-10
8.842334067826114697e-10
7.043450109619117434e-10
7.043450109619117434e-10
7.037045613740275500e-10
2.250018337520777990e-10
2.250018337520777990e-10
2.250018216957704187e-10
2.250018051455954718e-10
2.250018051455954718e-10
2.250018051455954718e-10
2.250018051455954718e-10
1.350882454151708517e-10
1.350831524925664843e-10
1.350831524924059079e-10
1.350831524924059079e-10
1.350831524924059079e-10
1.350831524924059079e-10
1.339461150173024470e-10
7.442573940771029059e-11
7.372053459583515545e-11
7.372053459583515545e-11
7.372033532198858174e-11
2.527872115205682236e-11
2.527872115205682236e-11
2.527872115205226318e-11
2.527872115205226318e-11
2.527872115062432972e-11
2.527872109207235329e-11
2.004350572369687352e-11
2.004350572369687352e-11
2.004350572369687352e-11
2.004350572369687352e-11
2.004342338932276697e-11
2.004342338932276697e-11
1.915899581794205826e-11
6.917974943538311720e-12
6.917825658124616981e-12
6.917825658124616981e-12
6.909329201957800747e-12
6.909329181286373062e-12
3.218470565779439165e-12
3.218470565779439165e-12
3.218470565779439165e-12
3.218470565779439165e-12
3.218470565779439165e-12
3.218470565779404430e-12
3.218470565779393928e-12
3.218470565779393928e-12
2.964835327865377314e-12
2.964835327642226361e-12
2.495301463557578399e-12
2.495301463557578399e-12
2.494051406748364671e-12
6.814784248216190258e-13
6.814784248216190258e-13
6.814783741435609138e-13
6.814783444673623831e-13
6.814783444673623831e-13
6.814783444673623831e-13
6.814783444673623831e-13
4.439895552875016014e-13
4.439541882332759085e-13
4.439541882330581576e-13
4.439541882330581576e-13
4.439541882330581576e-13
4.439541882330581576e-13
4.420371420497716702e-13
2.797855513352070035e-13
2.759094126564167507e-13
2.759094126564167507e-13
2.759088670489817150e-13
7.816504071961803319e-14
7.816504071961803319e-14
7.816504071958721081e-14
7.816504071958721081e-14
7.816504071787318646e-14
7.816504046134797680e-14
7.816504046134797680e-14
7.816504046134797680e-14
6.437064011429454089e-14
6.437064011429454089e-14
6.437064011429454089e-14
6.437009417139110409e-14
6.437009417139110409e-14
6.437009417139110409e-14
6.292004416536685738e-14
6.292004416536685738e-14
2.763441948310718504e-14
2.763395385870616655e-14
2.758102535308017769e-14
2.758102531172639772e-14
1.054831151319535618e-14
1.054831151319535618e-14
1.054831151319535618e-14
1.054831151319535618e-14
1.054831151319535618e-14
1.054831151319532305e-14
1.054831151319524258e-14
1.054831151319524258e-14
9.817915521642456539e-15
9.817915520521185425e-15
9.817915520521185425e-15
8.950909769200847000e-15
8.947765232506505260e-15
2.889412060143228122e-15
2.889411474444474170e-15
2.889411474444474170e-15
2.889411407468576013e-15
2.889411407468576013e-15
2.889411407468576013e-15
2.889411407468576013e-15
1.605251216166578335e-15
1.605251216166578335e-15
1.605070611485831699e-15
1.605070611485569797e-15
1.605070611485569797e-15
1.605070611485569797e-15
1.605070611485569797e-15
1.600166407491082305e-15
1.206458155987456462e-15
1.187372658437504703e-15
1.187372658437504703e-15
1.187371389858937422e-15
3.500262822425533393e-16
3.500262822425533393e-16
3.500262822422700396e-16
3.500262822422700396e-16
3.500262822391080879e-16
3.500262789320190728e-16
3.500262789320190728e-16
3.500262789320190728e-16
2.615074483982600364e-16
2.615074483982600364e-16
2.615074483982600364e-16
2.615039284084419062e-16
2.615039284084419062e-16
2.615039284084419062e-16
2.568042959230722935e-16
2.568042959230722935e-16
1.418708997773538323e-16
1.418693590708094100e-16
1.414994659321006704e-16
1.414994658319697422e-16
5.017216128636359373e-17
5.017216128636359373e-17
5.017216128636359373e-17
5.017216128636359373e-17
5.017216128636359373e-17
5.017216128636350745e-17
5.017216128636268161e-17
5.017216128636268161e-17
4.460480391676331972e-17
4.460480390188428138e-17
4.460480390188428138e-17
4.107187234976619511e-17
4.106355908453681908e-17
1.645293376056261929e-17
1.645292634155525328e-17
1.645292634155525328e-17
1.645292614177599175e-17
1.645292614177599175e-17
1.645292614177599175e-17
1.645292614177599175e-17
1.645292614177599175e-17
8.222651016190588357e-18
8.221393696182694550e-18
8.221393696181944208e-18
8.221393696181944208e-18
8.221393696181944208e-18
8.205222554374833142e-18
8.205222554374833142e-18
6.182890015421860842e-18
6.008309212443896487e-18
6.008309212443896487e-18
6.008306224224985526e-18
2.084951882076631091e-18
2.084951882076631091e-18
2.084951882070169211e-18
2.084951882070169211e-18
2.084951882057900652e-18
2.084951836218333600e-18
2.084951836218333600e-18
2.084951836218333600e-18
1.444836513371978416e-18
1.444836513371978416e-18
1.444836513371978416e-18
1.444808002884372017e-18
1.444808002884372017e-18
1.444808002884372017e-18
1.426697888546891621e-18
1.426697888546891621e-18
7.589852753706334225e-19
7.589812187284029465e-19
7.552555320880563133e-19
3.008601959051897885e-19
3.008601958556888630e-19
3.008601958556888630e-19
3.008601958556888630e-19
3.008601958556888630e-19
3.008601958556888630e-19
3.008601958556888630e-19
3.008601958556886704e-19
3.008601958556695556e-19
3.008601958556695556e-19
2.583687164834041683e-19
2.583687162883768947e-19
2.583687162883768947e-19
2.431585421680231950e-19
2.431317340667336477e-19
8.902132255093075654e-20
8.902126492157374412e-20
8.902126492157374412e-20
8.902126428202032913e-20
8.902126428202032913e-20
8.902126428202032913e-20
8.902126428202032913e-20
8.902126428202032913e-20
4.833198878993772534e-20
4.831666844013129291e-20
4.831666844012940911e-20
4.831666844012940911e-20
4.831666844012940911e-20
4.826524031892023969e-20
3.887509593578024524e-20
3.737473807966014652e-20
3.737473807966014652e-20
3.737473807966014652e-20
3.737472543551588436e-20
1.136691774295187775e-20
1.136691774295187474e-20
1.136691774295187474e-20
1.136691774287683870e-20
1.136691774287683870e-20
1.136691774285033459e-20
1.136691774285033459e-20
1.136691738133182195e-20
1.136691738133182195e-20
8.264007926663302788e-21
8.264007926663302788e-21
8.264007926663302788e-21
8.263678932290007357e-21
8.263678932290007357e-21
8.263678932290007357e-21
8.263678932290007357e-21
8.208851337889851084e-21
5.019229052738263647e-21
5.019209652821008840e-21
4.983487091611199386e-21
1.690481275870062204e-21
1.690481275756465063e-21
1.690481275756465063e-21
1.690481275756465063e-21
1.690481275756465063e-21
1.690481275756465063e-21
1.690481275756465063e-21
1.690481275756229400e-21
1.690481275756229400e-21
1.690481275756229024e-21
1.478148170439577816e-21
1.478148168745832456e-21
1.478148168745832456e-21
1.431035528481454191e-21
1.430933990133886849e-21
1.430928737923806909e-21
6.278437468661128578e-22
6.278437468661128578e-22
6.278437468661128578e-22
6.278437445537531574e-22
6.278437445537531574e-22
6.278437445537531574e-22
6.278437445537531574e-22
2.905897957747405341e-22
2.904681188006497433e-22
2.904681188006459817e-22
2.904681188006459817e-22
2.904681188006459817e-22
2.902647954579322787e-22
2.773422572990464740e-22
2.459390381638775842e-22
2.459390381638775842e-22
2.459390381638775842e-22
2.459389983668080783e-22
2.459389983668075610e-22
8.509432864844375663e-23
8.509432864732797740e-23
8.509432864732797740e-23
8.509432864732797740e-23
8.509432864732797740e-23
8.509432864732797740e-23
8.509432150080442989e-23
8.509432150072286234e-23
8.509432150072286234e-23
5.491987227651750021e-23
5.491987227651750021e-23
5.491987227651750021e-23
5.491667963149082325e-23
5.491667963149082325e-23
5.491667963149082325e-23
5.491667963149082325e-23
5.465141810157020886e-23
3.933988435600293007e-23
3.933979772852372587e-23
3.899919053442760355e-23
1.338423550330872779e-23
1.338423550330872779e-23
1.338423550291772017e-23
1.338423550291772017e-23
1.338423550291772017e-23
1.338423550291772017e-23
1.338423550291772017e-23
1.338423550291379695e-23
1.338423550291379695e-23
1.338423550291379401e-23
1.094996307643695480e-23
1.094996304365113607e-23
1.094996304365113607e-23
1.094996304365113607e-23
1.094996304365113607e-23
1.094996304365113607e-23
1.094996304365113607e-23
1.094996304365113607e-23
1.094996304365113607e-23
1.094996304365113607e-23
1.094996304365113607e-23
1.094996304365113607e-23
1.094996304365113607e-23
1.094996304365113607e-23
1.094996304365113607e-23
1.094996304365113607e-23
1.094996304365113607e-23
1.094996304365113607e-23
1.094996304365113607e-23
1.094996304365113607e-23
1.094996304365113607e-23
1.094996304365113607e-23
1.094996304365113607e-23
1.094996304365113607e-23
1.094996304365113607e-23
1.094996304365113607e-23
1.094996304365113607e-23
1.094996304365113607e-23
1.094996304365113607e-23
1.094996304365113607e-23
1.094996304365113607e-23
1.094996304365113607e-23
1.094996304365113607e-23
1.094996304365113607e-23
1.094996304365113607e-23
1.094996304365113607e-23
1.094996304365113607e-23
1.094996304365113607e-23
1.094996304365113607e-23
1.094996304365113607e-23
1.094996304365113607e-23
1.094996304365113607e-23
1.094996304365113607e-23
1.094996304365113607e-23
1.094996304365113607e-23
1.094996304365113607e-23
1.094996304365113607e-23
1.094996304365113607e-23
1.094996304365113607e-23
1.094996304365113607e-23
1.094996304365113607e-23
1.094996304365113607e-23
1.094996304365113607e-23
1.094996304365113607e-23
1.094996304365113607e-23
1.094996304365113607e-23
1.094996304365113607e-23
1.094996304365113607e-23
1.094996304365113607e-23
1.094996304365113607e-23
1.094996304365113607e-23
1.094996304365113607e-23
1.094996304365113607e-23
1.094996304365113607e-23
1.094996304365113607e-23
1.094996304365113607e-23
1.094996304365113607e-23
1.094996304365113607e-23
1.094996304365113607e-23
1.094996304365113607e-23
1.094996304365113607e-23
1.094996304365113607e-23
1.094996304365113607e-23
1.094996304365113607e-23
1.094996304365113607e-23
1.094996304365113607e-23
1.094996304365113607e-23
1.094996304365113607e-23
1.094996304365113607e-23
1.094996304365113607e-23
1.094996304365113607e-23
1.094996304365113607e-23
1.094996304365113607e-23
1.094996304365113607e-23
1.094996304365113607e-23
1.094996304365113607e-23
1.094996304365113607e-23
1.094996304365113607e-23
1.094996304365113607e-23
1.094996304365113607e-23
1.094996304365113607e-23
1.094996304365113607e-23
1.094996304365113607e-23
1.094996304365113607e-23
1.094996304365113607e-23
1.094996304365113607e-23
1.094996304365113607e-23
1.094996304365113607e-23
1.094996304365113607e-23
1.094996304365113607e-23
1.094996304365113607e-23
1.094996304365113607e-23
1.094996304365113607e-23
1.094996304365113607e-23
1.094996304365113607e-23
1.094996304365113607e-23
1.094996304365113607e-23
1.094996304365113607e-23
1.094996304365113607e-23
1.094996304365113607e-23
1.094996304365113607e-23
1.094996304365113607e-23
1.094996304365113607e-23
1.094996304365113607e-23
1.094996304365113607e-23
1.094996304365113607e-23
1.094996304365113607e-23
1.094996304365113607e-23
1.094996304365113607e-23
1.094996304365113607e-23
1.094996304365113607e-23
1.094996304365113607e-23
1.094996304365113607e-23
1.094996304365113607e-23
1.094996304365113607e-23
1.094996304365113607e-23
1.094996304365113607e-23
1.094996304365113607e-23
1.094996304365113607e-23
1.094996304365113607e-23
1.094996304365113607e-23
1.094996304365113607e-23
1.094996304365113607e-23
1.094996304365113607e-23
1.094996304365113607e-23
1.094996304365113607e-23
1.094996304365113607e-23
1.094996304365113607e-23
1.094996304365113607e-23
1.094996304365113607e-23
1.094996304365113607e-23
1.094996304365113607e-23
1.094996304365113607e-23
1.094996304365113607e-23
1.094996304365113607e-23
1.094996304365113607e-23
1.094996304365113607e-23
1.094996304365113607e-23
1.094996304365113607e-23
1.094996304365113607e-23
1.094996304365113607e-23
1.094996304365113607e-23
1.094996304365113607e-23
1.094996304365113607e-23
1.094996304365113607e-23
1.094996304365113607e-23
1.094996304365113607e-23
1.094996304365113607e-23
1.094996304365113607e-23
1.094996304365113607e-23
1.094996304365113607e-23
1.094996304365113607e-23
1.094996304365113607e-23
1.094996304365113607e-23
1.094996304365113607e-23
1.094996304365113607e-23
1.094996304365113607e-23
1.094996304365113607e-23
1.094996304365113607e-23
1.094996304365113607e-23
1.094996304365113607e-23
1.094996304365113607e-23
1.094996304365113607e-23
1.094996304365113607e-23
1.094996304365113607e-23
1.094996304365113607e-23
1.094996304365113607e-23
1.094996304365113607e-23
1.094996304365113607e-23
1.094996304365113607e-23
1.094996304365113607e-23
1.094996304365113607e-23
1.094996304365113607e-23
1.094996304365113607e-23
1.094996304365113607e-23
1.094996304365113607e-23
1.094996304365113607e-23
1.094996304365113607e-23
1.094996304365113607e-23
1.094996304365113607e-23
1.094996304365113607e-23
1.094996304365113607e-23
1.094996304365113607e-23
1.094996304365113607e-23
1.094996304365113607e-23
1.094996304365113607e-23
1.094996304365113607e-23
1.094996304365113607e-23
1.094996304365113607e-23
1.094996304365113607e-23
1.094996304365113607e-23
1.094996304365113607e-23
1.094996304365113607e-23
1.094996304365113607e-23
1.094996304365113607e-23
1.094996304365113607e-23
1.094996304365113607e-23
1.094996304365113607e-23
1.094996304365113607e-23
1.094996304365113607e-23
1.094996304365113607e-23
1.094996304365113607e-23
1.094996304365113607e-23
1.094996304365113607e-23
1.094996304365113607e-23
1.094996304365113607e-23
1.094996304365113607e-23
1.094996304365113607e-23
1.094996304365113607e-23
1.094996304365113607e-23
1.094996304365113607e-23
1.094996304365113607e-23
1.094996304365113607e-23
1.094996304365113607e-23
1.094996304365113607e-23
1.094996304365113607e-23
1.094996304365113607e-23
1.094996304365113607e-23
1.094996304365113607e-23
1.094996304365113607e-23
1.094996304365113607e-23
1.094996304365113607e-23
1.094996304365113607e-23
1.094996304365113607e-23
1.094996304365113607e-23
1.094996304365113607e-23
1.094996304365113607e-23
1.094996304365113607e-23
1.094996304365113607e-23
1.094996304365113607e-23
1.094996304365113607e-23
1.094996304365113607e-23
1.094996304365113607e-23
1.094996304365113607e-23
1.094996304365113607e-23
1.094996304365113607e-23
1.094996304365113607e-23
1.094996304365113607e-23
1.094996304365113607e-23
1.094996304365113607e-23
1.094996304365113607e-23
1.094996304365113607e-23
1.094996304365113607e-23
1.094996304365113607e-23
1.094996304365113607e-23
1.094996304365113460e-23
1.094996304365112137e-23
1.094996304365106701e-23
1.094996304365089068e-23
1.094996304365056889e-23
1.094996304365041608e-23
1.094996304365041314e-23
1.094996304365041314e-23
1.094996304365041314e-23
1.094996304365041314e-23
1.094996304365041314e-23
1.094996304365041314e-23
1.094996304365041314e-23
1.094996304365041314e-23
1.094996304365041314e-23
1.094996304365041314e-23
1.094996304365041314e-23
1.094996304365041314e-23
1.094996304365041314e-23
1.094996304365041314e-23
1.094996304365041314e-23
1.094996304365041314e-23
1.094996304365041314e-23
1.094996304365041314e-23
1.094996304365041314e-23
1.094996304365041314e-23
1.094996304365041314e-23
1.094996304365041314e-23
1.094996304365041314e-23
1.094996304365041314e-23
1.094996304365041314e-23
1.094996304365041314e-23
1.094996304365041314e-23
1.094996304365041314e-23
1.094996304365041020e-23
1.094996304365038816e-23
1.094996304365018979e-23
1.094996304364869251e-23
1.094996304363877868e-23
1.094996304358574332e-23
1.094996304335274564e-23
1.094996304258286590e-23
1.094996304118586580e-23
1.094996304051788232e-23
1.094996304049715983e-23
1.094996304049715542e-23
1.094996304049715542e-23
1.094996304049715542e-23
1.094996304049715542e-23
1.094996304049715542e-23
1.094996304049715542e-23
1.094996304049715542e-23
1.094996304049715542e-23
1.094996304049715542e-23
1.094996304049715542e-23
1.094996304049715542e-23
1.094996304049715542e-23
1.094996304049715542e-23
1.094996304049715542e-23
1.094996304049715542e-23
1.094996304049715542e-23
1.094996304049715542e-23
1.094996304049715542e-23
1.094996304049715542e-23
1.094996304049715542e-23
1.094996304049715542e-23
1.094996304049715542e-23
1.094996304049715542e-23
1.094996304049715542e-23
1.094996304049715542e-23
1.094996304049715395e-23
1.094996304049712456e-23
1.094996304049667641e-23
1.094996304049111338e-23
1.094996304042806133e-23
1.094996303986278520e-23
1.094996303559265063e-23
1.094996300733825094e-23
1.094996285617336113e-23
1.094996219206884980e-23
1.094995999770829783e-23
1.094995601588717157e-23
1.094995411196004081e-23
1.094995405289225196e-23
1.094995405287962862e-23
1.094995405287962862e-23
1.094995405287962862e-23
1.094995405287962862e-23
1.094995405287962862e-23
1.094995405287962862e-23
1.094995405287962862e-23
1.094995405287962862e-23
1.094995405287962862e-23
1.094995405287962862e-23
1.094995405287962862e-23
1.094995405287962862e-23
1.094995405287962862e-23
1.094995405287962862e-23
1.094995405287962862e-23
1.094995405287962862e-23
1.094995405287962862e-23
1.094995405287962862e-23
1.094995405287962862e-23
1.094995405287962862e-23
1.094995405287962862e-23
1.094995405287962862e-23
1.094995405287962862e-23
1.094995405287962862e-23
1.094995405287962421e-23
1.094995405287948462e-23
1.094995405287663845e-23
1.094995405282063790e-23
1.094995405198222097e-23
1.094995404153425085e-23
1.094995392312697232e-23
1.094995286156416562e-23
1.094994484243340609e-23
1.094989178217600464e-23
1.094960791130474541e-23
1.094836097105183014e-23
1.094424279920871025e-23
1.093677798922101354e-23
1.093321224959722071e-23
1.093310166259602372e-23
1.093310163896207209e-23
1.093310163896207209e-23
1.093310163896207209e-23
1.093310163896207209e-23
1.093310163896207209e-23
1.093310163896207209e-23
1.093310163896207209e-23
1.093310163896207209e-23
1.093310163896207209e-23
1.093310163896207209e-23
1.093310163896207209e-23
1.093310163896207209e-23
1.093310163896207209e-23
1.093310163896207209e-23
1.093310163896207209e-23
1.093310163896207209e-23
1.093310163896207209e-23
1.093310163896207209e-23
1.093310163896207209e-23
1.093310163896207209e-23
1.093310163896207209e-23
1.093310163896207209e-23
1.093310163896206621e-23
1.093310163896186932e-23
1.093310163895499562e-23
1.093310163878218325e-23
1.093310163524855173e-23
1.093310156571273148e-23
1.093310052465380972e-23
1.093308755147314231e-23
1.093294052801604638e-23
1.093162258761401051e-23
1.092167700848987296e-23
1.085632293220335914e-23
1.051954385534648729e-23
9.257839686150145213e-24
6.630229833246700844e-24
4.376327666524258777e-24
3.764435191627699829e-24
3.748176493123304690e-24
3.748173033392706826e-24
3.748173033392701683e-24
3.748173033392701683e-24
3.748173033392701683e-24
3.748173033392701683e-24
3.748173033392701683e-24
3.748173033392701683e-24
3.748173033392701683e-24
3.748173033392701683e-24
3.748173033392701683e-24
3.748173033392701683e-24
3.748173033392701683e-24
3.748173033392701683e-24
3.748173033392701683e-24
3.748173033392701683e-24
3.748173033392701683e-24
3.748173033392701683e-24
3.748173033392701683e-24
3.748173033392701683e-24
3.748173033392701683e-24
3.748173033392688459e-24
3.748173033392109528e-24
3.748173033372849787e-24
3.748173032701397129e-24
3.748173015816076117e-24
3.748172670553426121e-24
3.748165876385194838e-24
3.748064160097260378e-24
3.746797081411139603e-24
3.732496867277031688e-24
3.609005321276404123e-24
2.887364156702304815e-24
1.242916246972631462e-24
3.071145681929091654e-25
7.129415269408595701e-26
2.015560168547918761e-26
8.757316071561337671e-27
6.893333430878132656e-27
6.848112221633427103e-27
6.848102620558853590e-27
6.848102620558837806e-27
6.848102620558837806e-27
6.848102620558837806e-27
6.848102620558837806e-27
6.848102620558837806e-27
6.848102620558837806e-27
6.848102620558837806e-27
6.848102620558837806e-27
6.848102620558837806e-27
6.848102620558837806e-27
6.848102620558837806e-27
6.848102620558837806e-27
6.848102620558837806e-27
6.848102620558837806e-27
6.848102620558837806e-27
6.848102620558837806e-27
6.848102620558837806e-27
6.848102620558837806e-27
6.848102620558837806e-27
6.848102620558813412e-27
6.848102620557734345e-27
6.848102620521841015e-27
6.848102619270516373e-27
6.848102587802894204e-27
6.848101944368626862e-27
6.848089282702226108e-27
6.847899723522144605e-27
6.845538404143736135e-27
6.818890835065741229e-27
6.588941082096042851e-27
5.251230277018717215e-27
2.240901713589684040e-27
5.509925082862440687e-28
1.277505139156064233e-28
3.610673758353360002e-29
1.568691696429582173e-29
1.234785787368429230e-29
1.226685133547180477e-29
1.226683413669177980e-29
1.226683413669175037e-29
1.226683413669175037e-29
1.226683413669175037e-29
1.226683413669175037e-29
1.226683413669175037e-29
1.226683413669175037e-29
1.226683413669175037e-29
1.226683413669175037e-29
1.226683413669175037e-29
1.226683413669175037e-29
1.226683413669175037e-29
1.226683413669175037e-29
1.226683413669175037e-29
1.226683413669175037e-29
1.226683413669175037e-29
1.226683413669175037e-29
1.226683413669175037e-29
1.226683413669175037e-29
1.226683413669172094e-29
1.226683413669041493e-29
1.226683413664698309e-29
1.226683413513278761e-29
1.226683409705467666e-29
1.226683331845238942e-29
1.226681799690497774e-29
1.226658861416022143e-29
1.226373087130863618e-29
1.223143675979315184e-29
1.194933118711250967e-29
1.017633588052294649e-29
5.134980774992209679e-30
1.406668076763469043e-30
3.357389272009250423e-31
9.549987904177248303e-32
4.155019148640137472e-32
3.271362430177675556e-32
3.249919524990153771e-32
3.249914972346484516e-32
3.249914972346476853e-32
3.249914972346476853e-32
3.249914972346476853e-32
3.249914972346476853e-32
3.249914972346476853e-32
3.249914972346476853e-32
3.249914972346476853e-32
3.249914972346476853e-32
3.249914972346476853e-32
3.249914972346476853e-32
3.249914972346476853e-32
3.249914972346476853e-32
3.249914972346476853e-32
3.249914972346476853e-32
3.249914972346476853e-32
3.249914972346476853e-32
3.249914972346476853e-32
3.249914972346471379e-32
3.249914972346236552e-32
3.249914972338426503e-32
3.249914972066127937e-32
3.249914965218525345e-32
3.249914825202143034e-32
3.249912069920555698e-32
3.249870819641714204e-32
3.249356865463377603e-32
3.243543541112211000e-32
3.192339579413741236e-32
2.852207977758423857e-32
1.672859981437181894e-32
5.207822364741855833e-33
1.293684533579578373e-33
3.713825668414275183e-34
1.619173027804621342e-34
1.275254124940923262e-34
1.266905642836969228e-34
1.266903870316969879e-34
1.266903870316966886e-34
1.266903870316966886e-34
1.266903870316966886e-34
1.266903870316966886e-34
1.266903870316966886e-34
1.266903870316966886e-34
1.266903870316966886e-34
1.266903870316966886e-34
1.266903870316966886e-34
1.266903870316966886e-34
1.266903870316966886e-34
1.266903870316966886e-34
1.266903870316966886e-34
1.266903870316966886e-34
1.266903870316966886e-34
1.266903870316966886e-34
1.266903870316966886e-34
1.266903870316965175e-34
1.266903870316902739e-34
1.266903870314825680e-34
1.266903870242407869e-34
1.266903868421289699e-34
1.266903831183966551e-34
1.266903098417283199e-34
1.266892127865230889e-34
1.266755433827430426e-34
1.265208333427526633e-34
1.251505017970168608e-34
1.156854234255801758e-34
7.710194176820205426e-35
2.769087235807969550e-35
7.257605229854411805e-36
2.110861367310122816e-36
9.230608029008410995e-37
7.273566508462306468e-37
7.226036233206337459e-37
7.226026141626948783e-37
7.226026141626932913e-37
7.226026141626932913e-37
7.226026141626932913e-37
7.226026141626932913e-37
7.226026141626932913e-37
7.226026141626932913e-37
7.226026141626932913e-37
7.226026141626932913e-37
7.226026141626932913e-37
7.226026141626932913e-37
7.226026141626932913e-37
7.226026141626932913e-37
7.226026141626932913e-37
7.226026141626932913e-37
7.226026141626932913e-37
7.226026141626932913e-37
7.226026141626926232e-37
7.226026141626683177e-37
7.226026141618562148e-37
7.226026141335438688e-37
7.226026134215621143e-37
7.226025988633109188e-37
7.226023123818317440e-37
7.225980233370595457e-37
7.225445795047834795e-37
7.219394502943574828e-37
7.165591950288139414e-37
6.783691510157547906e-37
5.015116177102182744e-37
2.094139964971159353e-37
5.884436026730314404e-38
1.743141813383377889e-38
7.655289938598448211e-39
6.036506802734300953e-39
5.997163269056610203e-39
5.997154915534343661e-39
5.997154915534329305e-39
5.997154915534329305e-39
5.997154915534329305e-39
5.997154915534329305e-39
5.997154915534329305e-39
5.997154915534329305e-39
5.997154915534329305e-39
5.997154915534329305e-39
5.997154915534329305e-39
5.997154915534329305e-39
5.997154915534329305e-39
5.997154915534329305e-39
5.997154915534329305e-39
5.997154915534329305e-39
5.997154915534329305e-39
5.997154915534329305e-39
5.997154915534326695e-39
5.997154915534187053e-39
5.997154915529546257e-39
5.997154915367790484e-39
5.997154911300059236e-39
5.997154828125076601e-39
5.997153191383489357e-39
5.997128686931006069e-39
5.996823340514054275e-39
5.993365008317464999e-39
5.962537112283145403e-39
5.739523704678725768e-39
4.600885432638612159e-39
2.231934116190636755e-39
6.842142413622189150e-40
2.078854770873253041e-40
9.185270670598090429e-41
7.250275694459207973e-41
7.203198160025196570e-41
7.203188164154123288e-41
7.203188164154107994e-41
7.203188164154107994e-41
7.203188164154107994e-41
7.203188164154107994e-41
7.203188164154107994e-41
7.203188164154107994e-41
7.203188164154107994e-41
7.203188164154107994e-41
7.203188164154107994e-41
7.203188164154107994e-41
7.203188164154107994e-41
7.203188164154107994e-41
7.203188164154107994e-41
7.203188164154107994e-41
7.203188164154107994e-41
7.203188164154104936e-41
7.203188164153988704e-41
7.203188164150137754e-41
7.203188164015887772e-41
7.203188160639827785e-41
7.203188091607845723e-41
7.203186733176214652e-41
7.203166395409719087e-41
7.202912965153456974e-41
7.200042075040094635e-41
7.174405402627472604e-41
6.986487790121126715e-41
5.954506495140672510e-41
3.326030583634175487e-41
1.131574466632505697e-41
3.558321314744425374e-42
1.585729020346057063e-42
1.253471122514651235e-42
1.245375557950743685e-42
1.245373838976998019e-42
1.245373838976994993e-42
1.245373838976994993e-42
1.245373838976994993e-42
1.245373838976994993e-42
1.245373838976994993e-42
1.245373838976994993e-42
1.245373838976994993e-42
1.245373838976994993e-42
1.245373838976994993e-42
1.245373838976994993e-42
1.245373838976994993e-42
1.245373838976994993e-42
1.245373838976994993e-42
1.245373838976994993e-42
1.245373838976994833e-42
1.245373838976980973e-42
1.245373838976519455e-42
1.245373838960430341e-42
1.245373838555830399e-42
1.245373830282773471e-42
1.245373667483120052e-42
1.245371230124979789e-42
1.245340857689457959e-42
1.244996749088927217e-42
1.241920168410708634e-42
1.219161682923331755e-42
1.087320326003931836e-42
6.888012424258347327e-43
2.638893024972434723e-43
8.685311063677332973e-44
3.916983805838465845e-44
3.102531457120721278e-44
3.082645888809573975e-44
3.082641666193899001e-44
3.082641666193892031e-44
3.082641666193892031e-44
3.082641666193892031e-44
3.082641666193892031e-44
3.082641666193892031e-44
3.082641666193892031e-44
3.082641666193892031e-44
3.082641666193892031e-44
3.082641666193892031e-44
3.082641666193892031e-44
3.082641666193892031e-44
3.082641666193892031e-44
3.082641666193892031e-44
3.082641666193892031e-44
3.082641666193891533e-44
3.082641666193867637e-44
3.082641666193074078e-44
3.082641666165405059e-44
3.082641665469586820e-44
3.082641651241845258e-44
3.082641371264125888e-44
3.082637179569651005e-44
3.082584945557838119e-44
3.081993098963881745e-44
3.076697120841272064e-44
3.037271360505883607e-44
2.799872783596178134e-44
1.974277029860459168e-44
8.600894583110856975e-45
3.002313713498649948e-45
1.376476368451279262e-45
1.093366194500630535e-45
1.086433686110054216e-45
1.086432213919272529e-45
1.086432213919270195e-45
1.086432213919270195e-45
1.086432213919270195e-45
1.086432213919270195e-45
1.086432213919270195e-45
1.086432213919270195e-45
1.086432213919270195e-45
1.086432213919270195e-45
1.086432213919270195e-45
1.086432213919270195e-45
1.086432213919270195e-45
1.086432213919270195e-45
1.086432213919270195e-45
1.086432213919270040e-45
1.086432213919264128e-45
1.086432213919069503e-45
1.086432213912285950e-45
1.086432213741693343e-45
1.086432210253503944e-45
1.086432141611878249e-45
1.086431113941351591e-45
1.086418307747147950e-45
1.086273195698993175e-45
1.084973944748931807e-45
1.075258807277381053e-45
1.015115202672846660e-45
7.813056498251449914e-46
3.883445019932001656e-46
1.458909250460901406e-46
6.840077839264839708e-47
5.454726333281930220e-47
5.420665753979356380e-47
5.420658520157482208e-47
5.420658520157470540e-47
5.420658520157470540e-47
5.420658520157470540e-47
5.420658520157470540e-47
5.420658520157470540e-47
5.420658520157470540e-47
5.420658520157470540e-47
5.420658520157470540e-47
5.420658520157470540e-47
5.420658520157470540e-47
5.420658520157470540e-47
5.420658520157470540e-47
5.420658520157470540e-47
5.420658520157470540e-47
5.420658520157451093e-47
5.420658520156776285e-47
5.420658520133235785e-47
5.420658519541258816e-47
5.420658507436798873e-47
5.420658269241645990e-47
5.420654703093387639e-47
5.420610263788135368e-47
5.420106682166790854e-47
5.415596072035739625e-47
5.381763576479071776e-47
5.168131810637073086e-47
4.262811634238819763e-47
2.408938854809888858e-47
9.884871368813462113e-48
4.775351750742782151e-48
3.828981418395689702e-48
3.805583486737835628e-48
3.805578516792708698e-48
3.805578516792700797e-48
3.805578516792700797e-48
3.805578516792700797e-48
3.805578516792700797e-48
3.805578516792700797e-48
3.805578516792700797e-48
3.805578516792700797e-48
3.805578516792700797e-48
3.805578516792700797e-48
3.805578516792700797e-48
3.805578516792700797e-48
3.805578516792700797e-48
3.805578516792700797e-48
3.805578516792691074e-48
3.805578516792361692e-48
3.805578516780892869e-48
3.805578516492470088e-48
3.805578510594943426e-48
3.805578394541653783e-48
3.805576657044828095e-48
3.805555005291870935e-48
3.805309642270912016e-48
3.803111289027541523e-48
3.786586447050909355e-48
3.680763305208283046e-48
3.202001833550573184e-48
2.037629196628113130e-48
9.255427282202861340e-49
4.650157545323560322e-49
3.756434046113966907e-49
3.734168676646309925e-49
3.734163946394972808e-49
3.734163946394964452e-49
3.734163946394964452e-49
3.734163946394964452e-49
3.734163946394964452e-49
3.734163946394964452e-49
3.734163946394964452e-49
3.734163946394964452e-49
3.734163946394964452e-49
3.734163946394964452e-49
3.734163946394964452e-49
3.734163946394964452e-49
3.734163946394964452e-49
3.734163946394964452e-49
3.734163946394958375e-49
3.734163946394735039e-49
3.734163946386962347e-49
3.734163946191508619e-49
3.734163942194969248e-49
3.734163863549884721e-49
3.734162686111434229e-49
3.734148013477487347e-49
3.733981735950316335e-49
3.732491660661208443e-49
3.721273811091990107e-49
3.648714176057324167e-49
3.304036510741034450e-49
2.334991206730825444e-49
1.185813351841516025e-49
6.264034535686244766e-50
5.111116570995482231e-50
5.082097219972848944e-50
5.082091053298011557e-50
5.082091053298003011e-50
5.082091053298003011e-50
5.082091053298003011e-50
5.082091053298003011e-50
5.082091053298003011e-50
5.082091053298003011e-50
5.082091053298003011e-50
5.082091053298003011e-50
5.082091053298003011e-50
5.082091053298003011e-50
5.082091053298003011e-50
5.082091053298003011e-50
5.082091053298003011e-50
5.082091053297996365e-50
5.082091053297788412e-50
5.082091053290545193e-50
5.082091053108417355e-50
5.082091049384351590e-50
5.082090976101085432e-50
5.082089878937209599e-50
5.082076206625534608e-50
5.081921262876349518e-50
5.080532559587408891e-50
5.070066645575218823e-50
5.001888310256691910e-50
4.666182190415735635e-50
3.603628630805786769e-50
2.056371721812340801e-50
1.155845698951519593e-50
9.557233275678181606e-51
9.506170801238122508e-51
9.506159946696586913e-51
9.506159946696569109e-51
9.506159946696569109e-51
9.506159946696569109e-51
9.506159946696569109e-51
9.506159946696569109e-51
9.506159946696569109e-51
9.506159946696569109e-51
9.506159946696569109e-51
9.506159946696569109e-51
9.506159946696569109e-51
9.506159946696569109e-51
9.506159946696569109e-51
9.506159946696569109e-51
9.506159946696560801e-51
9.506159946696298486e-51
9.506159946687153067e-51
9.506159946457149051e-51
9.506159941754141528e-51
9.506159849206985155e-51
9.506158463632778307e-51
9.506141197278393742e-51
9.505945521332565117e-51
9.504191577423113102e-51
9.490963015861225230e-51
9.404352461533091143e-51
8.966576378520503576e-51
7.444186430020970089e-51
4.768825598377161993e-51
2.886458179180812714e-51
2.428168046545695241e-51
2.416266032733828560e-51
2.416263501555744178e-51
2.416263501555740024e-51
2.416263501555740024e-51
2.416263501555740024e-51
2.416263501555740024e-51
2.416263501555740024e-51
2.416263501555740024e-51
2.416263501555740024e-51
2.416263501555740024e-51
2.416263501555740024e-51
2.416263501555740024e-51
2.416263501555740024e-51
2.416263501555740024e-51
2.416263501555740024e-51
2.416263501555738837e-51
2.416263501555694623e-51
2.416263501554159012e-51
2.416263501515537570e-51
2.416263500725833337e-51
2.416263485185787759e-51
2.416263252527237301e-51
2.416260353247185859e-51
2.416227496069192724e-51
2.415932959821952023e-51
2.413710325393767930e-51
2.399106147922574863e-51
2.323879719795982311e-51
2.042513789919457044e-51
1.458871674138660857e-51
9.607268982752735168e-52
8.258844612642122232e-52
8.223038314732559452e-52
8.223030695543771876e-52
8.223030695543758523e-52
8.223030695543758523e-52
8.223030695543758523e-52
8.223030695543758523e-52
8.223030695543758523e-52
8.223030695543758523e-52
8.223030695543758523e-52
8.223030695543758523e-52
8.223030695543758523e-52
8.223030695543758523e-52
8.223030695543758523e-52
8.223030695543758523e-52
8.223030695543755556e-52
8.223030695543659116e-52
8.223030695540319347e-52
8.223030695456313246e-52
8.223030693738563557e-52
8.223030659936179181e-52
8.223030153862094969e-52
8.223023847404932456e-52
8.222952376733492747e-52
8.222311672512488975e-52
8.217474961254783007e-52
8.185614504728677352e-52
8.019268189689328627e-52
7.361999125834506235e-52
5.793111010413501681e-52
4.177634475411962135e-52
3.686129217056800280e-52
3.672723611362555878e-52
3.672720756793899265e-52
3.672720756793894814e-52
3.672720756793894814e-52
3.672720756793894814e-52
3.672720756793894814e-52
3.672720756793894814e-52
3.672720756793894814e-52
3.672720756793894814e-52
3.672720756793894814e-52
3.672720756793894814e-52
3.672720756793894814e-52
3.672720756793894814e-52
3.672720756793894814e-52
3.672720756793893330e-52
3.672720756793867366e-52
3.672720756792960094e-52
3.672720756770138091e-52
3.672720756303495476e-52
3.672720747120759951e-52
3.672720609640979084e-52
3.672718896432072915e-52
3.672699480674312615e-52
3.672525420744602971e-52
3.671211089812635107e-52
3.662538145563634026e-52
3.616824123814400510e-52
3.428807639085913223e-52
2.926185059020170356e-52
2.311372399954346146e-52
2.100361949664650348e-52
2.094429960527547860e-52
2.094428696348808163e-52
2.094428696348806308e-52
2.094428696348806308e-52
2.094428696348806308e-52
2.094428696348806308e-52
2.094428696348806308e-52
2.094428696348806308e-52
2.094428696348806308e-52
2.094428696348806308e-52
2.094428696348806308e-52
2.094428696348806308e-52
2.094428696348806308e-52
2.094428696348805566e-52
2.094428696348797406e-52
2.094428696348505120e-52
2.094428696341152361e-52
2.094428696190808963e-52
2.094428693232307932e-52
2.094428648938958441e-52
2.094428096975771951e-52
2.094421841573823197e-52
2.094365761363606305e-52
2.093942223607790083e-52
2.091144092621187027e-52
2.076299842642330277e-52
2.013506602784180715e-52
1.830577574722601441e-52
1.571506076042506017e-52
1.471901550280207869e-52
1.469012939067490448e-52
1.469012322937333179e-52
1.469012322937332252e-52
1.469012322937332252e-52
1.469012322937332252e-52
1.469012322937332252e-52
1.469012322937332252e-52
1.469012322937332252e-52
1.469012322937332252e-52
1.469012322937332252e-52
1.469012322937332252e-52
1.469012322937332252e-52
1.469012322937332252e-52
1.469012322937332252e-52
1.469012322937329470e-52
1.469012322937225241e-52
1.469012322934609880e-52
1.469012322881131844e-52
1.469012321828775533e-52
1.469012306073371035e-52
1.469012109736797178e-52
1.469009884649718905e-52
1.468989936262299975e-52
1.468839261917814734e-52
1.467843066371676306e-52
1.462536155717715198e-52
1.439669093934363885e-52
1.368945924383876945e-52
1.256905282087094199e-52
1.209569565374230742e-52
1.208157968809730855e-52
1.208157667481338767e-52
1.208157667481338211e-52
1.208157667481338211e-52
1.208157667481338211e-52
1.208157667481338211e-52
1.208157667481338211e-52
1.208157667481338211e-52
1.208157667481338211e-52
1.208157667481338211e-52
1.208157667481338211e-52
1.208157667481338211e-52
1.208157667481338211e-52
1.208157667481337098e-52
1.208157667481299820e-52
1.208157667480363431e-52
1.208157667461215396e-52
1.208157667084415133e-52
1.208157661443132275e-52
1.208157591144065351e-52
1.208156794442316450e-52
1.208149651777769393e-52
1.208095698199436750e-52
1.207738822458695091e-52
1.205833064600722103e-52
1.197531362941664833e-52
1.170895322024154157e-52
1.125470734961553117e-52
1.104973578311161687e-52
1.104349604363148016e-52
1.104349471085355987e-52
1.104349471085355616e-52
1.104349471085355616e-52
1.104349471085355616e-52
1.104349471085355616e-52
1.104349471085355616e-52
1.104349471085355616e-52
1.104349471085355616e-52
1.104349471085355616e-52
1.104349471085355616e-52
1.104349471085355616e-52
1.104349471085355616e-52
1.104349471085355245e-52
1.104349471085343191e-52
1.104349471085039036e-52
1.104349471078819810e-52
1.104349470956436407e-52
1.104349469124164237e-52
1.104349446291230900e-52
1.104349187524693780e-52
1.104346867597059939e-52
1.104329342977608979e-52
1.104213401031531667e-52
1.103593509143697628e-52
1.100878396687673570e-52
1.092001248121137878e-52
1.076253347756627200e-52
1.068882822628495844e-52
1.068655772257534485e-52
1.068655723743585027e-52
1.068655723743584842e-52
1.068655723743584842e-52
1.068655723743584842e-52
1.068655723743584842e-52
1.068655723743584842e-52
1.068655723743584842e-52
1.068655723743584842e-52
1.068655723743584842e-52
1.068655723743584842e-52
1.068655723743584842e-52
1.068655723743584842e-52
1.068655723743584842e-52
1.068655723743581504e-52
1.068655723743499901e-52
1.068655723741832798e-52
1.068655723709023201e-52
1.068655723217811732e-52
1.068655717096561121e-52
1.068655647724174258e-52
1.068655025776719317e-52
1.068650327555143851e-52
1.068619241656110485e-52
1.068452958577483616e-52
1.067723048738397136e-52
1.065318326725035975e-52
1.060982335261464219e-52
1.058921507959097858e-52
1.058857700491354570e-52
1.058857686855510088e-52
1.058857686855510088e-52
1.058857686855510088e-52
1.058857686855510088e-52
1.058857686855510088e-52
1.058857686855510088e-52
1.058857686855510088e-52
1.058857686855510088e-52
1.058857686855510088e-52
1.058857686855510088e-52
1.058857686855510088e-52
1.058857686855510088e-52
1.058857686855509346e-52
1.058857686855492469e-52
1.058857686855146214e-52
1.058857686848334999e-52
1.058857686746360576e-52
1.058857685475601015e-52
1.058857671074028942e-52
1.058857541958885356e-52
1.058856566612921967e-52
1.058850113041454892e-52
1.058815586891120397e-52
1.058663931686171614e-52
1.058163135179881012e-52
1.057255613148229646e-52
1.056822226728860855e-52
1.056808786948286048e-52
1.056808784076028511e-52
1.056808784076028511e-52
1.056808784076028511e-52
1.056808784076028511e-52
1.056808784076028511e-52
1.056808784076028511e-52
1.056808784076028511e-52
1.056808784076028511e-52
1.056808784076028511e-52
1.056808784076028511e-52
1.056808784076028511e-52
1.056808784076028511e-52
1.056808784076028511e-52
1.056808784076025730e-52
1.056808784075971761e-52
1.056808784074909258e-52
1.056808784059000102e-52
1.056808783860749339e-52
1.056808781613962810e-52
1.056808761470733237e-52
1.056808609307057223e-52
1.056807602479727959e-52
1.056802215848929392e-52
1.056778551704644665e-52
1.056700367213028132e-52
1.056558525427650107e-52
1.056490716507913167e-52
1.056488612930245333e-52
1.056488612480678606e-52
1.056488612480678606e-52
1.056488612480678606e-52
1.056488612480678606e-52
1.056488612480678606e-52
1.056488612480678606e-52
1.056488612480678606e-52
1.056488612480678606e-52
1.056488612480678606e-52
1.056488612480678606e-52
1.056488612480678606e-52
1.056488612480678606e-52
1.056488612480678606e-52
1.056488612480678049e-52
1.056488612480671743e-52
1.056488612480548412e-52
1.056488612478699188e-52
1.056488612455654632e-52
1.056488612194491467e-52
1.056488609853071961e-52
1.056488592165788084e-52
1.056488475133533201e-52
1.056487848995464442e-52
1.056485098225620548e-52
1.056476009121964658e-52
1.056459516695953602e-52
1.056451630939997747e-52
1.056451386292682364e-52
1.056451386240397394e-52
1.056451386240397394e-52
1.056451386240397394e-52
1.056451386240397394e-52
1.056451386240397394e-52
1.056451386240397394e-52
1.056451386240397394e-52
1.056451386240397394e-52
1.056451386240397394e-52
1.056451386240397394e-52
1.056451386240397394e-52
1.056451386240397394e-52
1.056451386240397023e-52
1.056451386240386081e-52
1.056451386240226214e-52
1.056451386238230661e-52
1.056451386215614889e-52
1.056451386012857626e-52
1.056451384481211421e-52
1.056451374346696937e-52
1.056451320125667012e-52
1.056451081919404245e-52
1.056450294829353141e-52
1.056448866601440995e-52
1.056448183688318342e-52
1.056448162501505288e-52
1.056448162496977089e-52
1.056448162496977089e-52
1.056448162496977089e-52
1.056448162496977089e-52
1.056448162496977089e-52
1.056448162496977089e-52
1.056448162496977089e-52
1.056448162496977089e-52
1.056448162496977089e-52
1.056448162496977089e-52
1.056448162496977089e-52
1.056448162496977089e-52
1.056448162496977089e-52
1.056448162496976533e-52
1.056448162496966147e-52
1.056448162496837066e-52
1.056448162495375268e-52
1.056448162482267676e-52
1.056448162383252272e-52
1.056448161728093149e-52
1.056448158222902981e-52
1.056448142823739172e-52
1.056448091941199161e-52
1.056447999611222187e-52
1.056447955463176952e-52
1.056447954093519569e-52
1.056447954093226912e-52
1.056447954093226912e-52
1.056447954093226912e-52
1.056447954093226912e-52
1.056447954093226912e-52
1.056447954093226912e-52
1.056447954093226912e-52
1.056447954093226912e-52
1.056447954093226912e-52
1.056447954093226912e-52
1.056447954093226912e-52
1.056447954093226912e-52
1.056447954093226912e-52
1.056447954093226912e-52
1.056447954093226356e-52
1.056447954093220050e-52
1.056447954093149390e-52
1.056447954092515301e-52
1.056447954087725232e-52
1.056447954056030622e-52
1.056447953886460368e-52
1.056447953141496172e-52
1.056447950679955323e-52
1.056447946213314254e-52
1.056447944077567077e-52
1.056447944011307302e-52
1.056447944011293021e-52
1.056447944011293021e-52
1.056447944011293021e-52
1.056447944011293021e-52
1.056447944011293021e-52
1.056447944011293021e-52
1.056447944011293021e-52
1.056447944011293021e-52
1.056447944011293021e-52
1.056447944011293021e-52
1.056447944011293021e-52
1.056447944011293021e-52
1.056447944011293021e-52
1.056447944011293021e-52
1.056447944011292650e-52
1.056447944011290054e-52
1.056447944011267057e-52
1.056447944011093280e-52
1.056447944009943241e-52
1.056447944003789668e-52
1.056447943976755675e-52
1.056447943887428904e-52
1.056447943725339377e-52
1.056447943647835329e-52
1.056447943645430651e-52
1.056447943645430094e-52
1.056447943645430094e-52
1.056447943645430094e-52
1.056447943645430094e-52
1.056447943645430094e-52
1.056447943645430094e-52
1.056447943645430094e-52
1.056447943645430094e-52
1.056447943645430094e-52
1.056447943645430094e-52
1.056447943645430094e-52
1.056447943645430094e-52
1.056447943645430094e-52
1.056447943645430094e-52
1.056447943645430094e-52
1.056447943645430094e-52
1.056447943645429352e-52
1.056447943645424716e-52
1.056447943645393373e-52
1.056447943645225346e-52
1.056447943644487770e-52
1.056447943642050637e-52
1.056447943637627779e-52
1.056447943635513161e-52
1.056447943635447693e-52
1.056447943635447693e-52
1.056447943635447693e-52
1.056447943635447693e-52
1.056447943635447693e-52
1.056447943635447693e-52
1.056447943635447693e-52
1.056447943635447693e-52
1.056447943635447693e-52
1.056447943635447693e-52
1.056447943635447693e-52
1.056447943635447693e-52
1.056447943635447693e-52
1.056447943635447693e-52
1.056447943635447693e-52
1.056447943635447693e-52
1.056447943635447693e-52
1.056447943635447693e-52
1.056447943635447322e-52
1.056447943635446766e-52
1.056447943635443428e-52
1.056447943635428220e-52
1.056447943635378146e-52
1.056447943635287270e-52
1.056447943635243872e-52
1.056447943635242389e-52
1.056447943635242389e-52
1.056447943635242389e-52
1.056447943635242389e-52
1.056447943635242389e-52
1.056447943635242389e-52
1.056447943635242389e-52
1.056447943635242389e-52
1.056447943635242389e-52
1.056447943635242389e-52
1.056447943635242389e-52
1.056447943635242389e-52
1.056447943635242389e-52
1.056447943635242389e-52
1.056447943635242389e-52
1.056447943635242389e-52
1.056447943635242389e-52
1.056447943635242389e-52
1.056447943635242389e-52
1.056447943635242389e-52
1.056447943635242203e-52
1.056447943635241276e-52
1.056447943635239792e-52
1.056447943635239050e-52
1.056447943635239050e-52
1.056447943635239050e-52
1.056447943635239050e-52
1.056447943635239050e-52
1.056447943635239050e-52
1.056447943635239050e-52
1.056447943635239050e-52
1.056447943635239050e-52
1.056447943635239050e-52
1.056447943635239050e-52
1.056447943635239050e-52
1.056447943635239050e-52
1.056447943635239050e-52
1.056447943635239050e-52
1.056447943635239050e-52
1.056447943635239050e-52
1.056447943635239050e-52
1.056447943635239050e-52
1.056447943635239050e-52
1.056447943635239050e-52
1.056447943635239050e-52
1.056447943635239050e-52
1.056447943635239050e-52
1.056447943635239050e-52
1.056447943635239050e-52
1.056447943635239050e-52
1.056447943635239050e-52
1.056447943635239050e-52
1.056447943635239050e-52
1.056447943635239050e-52
1.056447943635239050e-52
1.056447943635239050e-52
1.056447943635239050e-52
1.056447943635239050e-52
1.056447943635239050e-52
1.056447943635239050e-52
1.056447943635239050e-52
1.056447943635239050e-52
1.056447943635239050e-52
1.056447943635239050e-52
1.056447943635239050e-52
1.056447943635239050e-52
1.056447943635239050e-52
1.056447943635239050e-52
1.056447943635239050e-52
1.056447943635239050e-52
1.056447943635239050e-52
1.056447943635239050e-52
1.056447943635239050e-52
1.056447943635239050e-52
1.056447943635239050e-52
1.056447943635239050e-52
1.056447943635239050e-52
1.056447943635239050e-52
1.056447943635239050e-52
1.056447943635239050e-52
1.056447943635239050e-52
1.056447943635239050e-52
1.056447943635239050e-52
1.056447943635239050e-52
1.056447943635239050e-52
1.056447943635239050e-52
1.056447943635239050e-52
1.056447943635239050e-52
1.056447943635239050e-52
1.056447943635239050e-52
1.056447943635239050e-52
1.056447943635239050e-52
1.056447943635239050e-52
1.056447943635239050e-52
1.056447943635239050e-52
1.056447943635239050e-52
1.056447943635239050e-52
1.056447943635239050e-52
1.056447943635239050e-52
1.056447943635239050e-52
1.056447943635239050e-52
1.056447943635239050e-52
1.056447943635239050e-52
1.056447943635239050e-52
1.056447943635239050e-52
1.056447943635239050e-52
1.056447943635239050e-52
1.056447943635239050e-52
1.056447943635239050e-52
1.056447943635239050e-52
1.056447943635239050e-52
1.056447943635239050e-52
1.056447943635239050e-52
1.056447943635239050e-52
1.056447943635239050e-52
1.056447943635239050e-52
1.056447943635239050e-52
1.056447943635239050e-52
1.056447943635239050e-52
1.056447943635239050e-52
1.056447943635239050e-52
1.056447943635239050e-52
1.056447943635239050e-52
1.056447943635239050e-52
1.056447943635239050e-52
1.056447943635239050e-52
1.056447943635239050e-52
1.056447943635239050e-52
1.056447943635239050e-52
1.056447943635239050e-52
1.056447943635239050e-52
1.056447943635239050e-52
1.056447943635239050e-52
1.056447943635239050e-52
1.056447943635239050e-52
1.056447943635239050e-52
1.056447943635239050e-52
1.056447943635239050e-52
1.056447943635239050e-52
1.056447943635239050e-52
1.056447943635239050e-52
1.056447943635239050e-52
1.056447943635239050e-52
1.056447943635239050e-52
1.056447943635239050e-52
1.056447943635239050e-52
1.056447943635239050e-52
1.056447943635239050e-52
1.056447943635239050e-52
1.056447943635239050e-52
1.056447943635239050e-52
1.056447943635239050e-52
1.056447943635239050e-52
1.056447943635239050e-52
1.056447943635239050e-52
1.056447943635239050e-52
1.056447943635239050e-52
1.056447943635239050e-52
1.056447943635239050e-52
1.056447943635239050e-52
1.056447943635239050e-52
1.056447943635239050e-52
1.056447943635239050e-52
1.056447943635239050e-52
1.056447943635239050e-52
1.056447943635239050e-52
1.056447943635239050e-52
1.056447943635239050e-52
1.056447943635239050e-52
1.056447943635239050e-52
1.056447943635239050e-52
1.056447943635239050e-52
1.056447943635239050e-52
1.056447943635239050e-52
1.056447943635239050e-52
1.056447943635239050e-52
1.056447943635239050e-52
1.056447943635239050e-52
1.056447943635239050e-52
1.056447943635239050e-52
1.056447943635239050e-52
1.056447943635239050e-52
1.056447943635239050e-52
1.056447943635239050e-52
1.056447943635239050e-52
1.056447943635239050e-52
1.056447943635239050e-52
1.056447943635239050e-52
1.056447943635239050e-52
1.056447943635239050e-52
1.056447943635239050e-52
1.056447943635239050e-52
1.056447943635239050e-52
1.056447943635239050e-52
1.056447943635239050e-52
1.056447943635239050e-52
1.056447943635239050e-52
1.056447943635239050e-52
1.056447943635239050e-52
1.056447943635239050e-52
1.056447943635239050e-52
1.056447943635239050e-52
1.056447943635239050e-52
1.056447943635239050e-52
1.056447943635239050e-52
1.056447943635239050e-52
1.056447943635239050e-52
1.056447943635239050e-52
1.056447943635239050e-52
1.056447943635239050e-52
1.056447943635239050e-52
1.056447943635239050e-52
1.056447943635239050e-52
1.056447943635239050e-52
1.056447943635239050e-52
1.056447943635239050e-52
1.056447943635239050e-52
1.056447943635239050e-52
1.056447943635239050e-52
1.056447943635239050e-52
1.056447943635239050e-52
1.056447943635239050e-52
1.056447943635239050e-52
1.056447943635239050e-52
1.056447943635239050e-52
1.056447943635239050e-52
1.056447943635239050e-52
1.056447943635239050e-52
1.056447943635239050e-52
1.056447943635239050e-52
1.056447943635239050e-52
1.056447943635239050e-52
1.056447943635239050e-52
1.056447943635239050e-52
1.056447943635239050e-52
1.056447943635239050e-52
1.056447943635239050e-52
1.056447943635239050e-52
1.056447943635239050e-52
1.056447943635239050e-52
1.056447943635239050e-52
1.056447943635239050e-52
1.056447943635239050e-52
1.056447943635239050e-52
1.056447943635239050e-52
1.056447943635239050e-52
1.056447943635239050e-52
1.056447943635239050e-52
1.056447943635239050e-52
1.056447943635239050e-52
1.056447943635239050e-52
1.056447943635239050e-52
1.056447943635239050e-52
1.056447943635239050e-52
1.056447943635239050e-52
1.056447943635239050e-52
1.056447943635239050e-52
1.056447943635239050e-52
1.056447943635239050e-52
1.056447943635239050e-52
1.056447943635239050e-52
1.056447943635239050e-52
1.056447943635239050e-52
1.056447943635239050e-52
1.056447943635239050e-52
1.056447943635239050e-52
1.056447943635239050e-52
1.056447943635239050e-52
1.056447943635239050e-52
1.056447943635239050e-52
1.056447943635239050e-52
1.056447943635239050e-52
1.056447943635239050e-52
1.056447943635239050e-52
1.056447943635239050e-52
1.056447943635239050e-52
1.056447943635239050e-52
1.056447943635239050e-52
1.056447943635239050e-52
1.056447943635239050e-52
1.056447943635239050e-52
1.056447943635239050e-52
1.056447943635239050e-52
1.056447943635239050e-52
1.056447943635239050e-52
1.056447943635239050e-52
1.056447943635239050e-52
1.056447943635239050e-52
1.056447943635239050e-52
1.056447943635239050e-52
1.056447943635239050e-52
1.056447943635239050e-52
1.056447943635239050e-52
1.056447943635239050e-52
1.056447943635239050e-52
1.056447943635239050e-52
1.056447943635239050e-52
1.056447943635239050e-52
1.056447943635239050e-52
1.056447943635239050e-52
1.056447943635239050e-52
1.056447943635239050e-52
1.056447943635239050e-52
1.056447943635239050e-52
1.056447943635239050e-52
1.056447943635239050e-52
1.056447943635239050e-52
1.056447943635239050e-52
1.056447943635239050e-52
1.056447943635239050e-52
1.056447943635239050e-52
1.056447943635239050e-52
1.056447943635239050e-52
1.056447943635239050e-52
1.056447943635239050e-52
1.056447943635239050e-52
1.056447943635239050e-52
1.056447943635239050e-52
1.056447943635239050e-52
1.056447943635239050e-52
1.056447943635239050e-52
1.056447943635239050e-52
1.056447943635239050e-52
1.056447943635239050e-52
1.056447943635239050e-52
1.056447943635239050e-52
1.056447943635239050e-52
1.056447943635239050e-52
1.056447943635239050e-52
1.056447943635239050e-52
1.056447943635239050e-52
1.056447943635239050e-52
1.056447943635239050e-52
1.056447943635239050e-52
1.056447943635239050e-52
1.056447943635239050e-52
1.056447943635239050e-52
1.056447943635239050e-52
1.056447943635239050e-52
1.056447943635239050e-52
1.056447943635239050e-52
1.056447943635239050e-52
1.056447943635239050e-52
1.056447943635239050e-52
1.056447943635239050e-52
1.056447943635239050e-52
1.056447943635239050e-52
1.056447943635239050e-52
1.056447943635239050e-52
1.056447943635239050e-52
1.056447943635239050e-52
1.056447943635239050e-52
1.056447943635239050e-52
1.056447943635239050e-52
1.056447943635239050e-52
1.056447943635239050e-52
1.056447943635239050e-52
1.056447943635239050e-52
1.056447943635239050e-52
1.056447943635239050e-52
1.056447943635239050e-52
1.056447943635239050e-52
1.056447943635239050e-52
1.056447943635239050e-52
1.056447943635239050e-52
1.056447943635239050e-52
1.056447943635239050e-52
1.056447943635239050e-52
1.056447943635239050e-52
1.056447943635239050e-52
1.056447943635239050e-52
1.056447943635239050e-52
1.056447943635239050e-52
1.056447943635239050e-52
1.056447943635239050e-52
1.056447943635239050e-52
1.056447943635239050e-52
1.056447943635239050e-52
1.056447943635239050e-52
1.056447943635239050e-52
1.056447943635239050e-52
1.056447943635239050e-52
1.056447943635239050e-52
1.056447943635239050e-52
1.056447943635239050e-52
1.056447943635239050e-52
1.056447943635239050e-52
1.056447943635239050e-52
1.056447943635239050e-52
1.056447943635239050e-52
1.056447943635239050e-52
1.056447943635239050e-52
1.056447943635239050e-52
1.056447943635239050e-52
1.056447943635239050e-52
1.056447943635239050e-52
1.056447943635239050e-52
1.056447943635239050e-52
1.056447943635239050e-52
1.056447943635239050e-52
1.056447943635239050e-52
1.056447943635239050e-52
1.056447943635239050e-52
1.056447943635239050e-52
1.056447943635239050e-52
1.056447943635239050e-52
1.056447943635239050e-52
1.056447943635239050e-52
1.056447943635239050e-52
1.056447943635239050e-52
1.056447943635239050e-52
1.056447943635239050e-52
1.056447943635239050e-52
1.056447943635239050e-52
1.056447943635239050e-52
1.056447943635239050e-52
1.056447943635239050e-52
1.056447943635239050e-52
1.056447943635239050e-52
1.056447943635239050e-52
1.056447943635239050e-52
1.056447943635239050e-52
1.056447943635239050e-52
1.056447943635239050e-52
1.056447943635239050e-52
1.056447943635239050e-52
1.056447943635239050e-52
1.056447943635239050e-52
1.056447943635239050e-52
1.056447943635239050e-52
1.056447943635239050e-52
1.056447943635239050e-52
1.056447943635239050e-52
1.056447943635239050e-52
1.056447943635239050e-52
1.056447943635239050e-52
1.056447943635239050e-52
1.056447943635239050e-52
1.056447943635239050e-52
1.056447943635239050e-52
1.056447943635239050e-52
1.056447943635239050e-52
1.056447943635239050e-52
1.056447943635239050e-52
1.056447943635239050e-52
1.056447943635239050e-52
1.056447943635239050e-52
1.056447943635239050e-52
1.056447943635239050e-52
1.056447943635239050e-52
1.056447943635239050e-52
1.056447943635239050e-52
1.056447943635239050e-52
1.056447943635239050e-52
1.056447943635239050e-52
1.056447943635239050e-52
1.056447943635239050e-52
1.056447943635239050e-52
1.056447943635239050e-52
1.056447943635239050e-52
1.056447943635239050e-52
1.056447943635239050e-52
1.056447943635239050e-52
1.056447943635239050e-52
1.056447943635239050e-52
1.056447943635239050e-52
1.056447943635239050e-52
1.056447943635239050e-52
1.056447943635239050e-52
1.056447943635239050e-52
1.056447943635239050e-52
1.056447943635239050e-52
1.056447943635239050e-52
1.056447943635239050e-52
1.056447943635239050e-52
1.056447943635239050e-52
