1.000000000000184075e+00
1.000000000000033085e+00
1.000000000000033085e+00
1.000000000000033085e+00
1.000000000000033085e+00
1.000000000000028866e+00
1.000000000000028866e+00
1.000000000000028866e+00
1.000000000000028866e+00
1.000000000000027089e+00
1.000000000000027089e+00
1.000000000000027089e+00
1.000000000000027089e+00
1.000000000000027089e+00
1.000000000000027089e+00
1.000000000000027089e+00
1.000000000000027089e+00
1.000000000000027089e+00
1.000000000000027089e+00
1.000000000000027089e+00
1.000000000000027089e+00
1.000000000000027089e+00
1.000000000000027089e+00
1.000000000000027089e+00
1.000000000000027089e+00
1.000000000000027089e+00
1.000000000000027089e+00
1.000000000000027089e+00
1.000000000000027089e+00
1.000000000000027089e+00
1.000000000000027089e+00
1.000000000000019762e+00
1.000000000000019762e+00
1.000000000000019762e+00
1.000000000000019540e+00
1.000000000000019540e+00
1.000000000000019540e+00
1.000000000000019540e+00
1.000000000000019540e+00
1.000000000000019540e+00
1.000000000000019540e+00
1.000000000000019540e+00
1.000000000000019540e+00
1.000000000000019540e+00
1.000000000000019762e+00
1.000000000000019762e+00
1.000000000000019762e+00
1.000000000000019762e+00
1.000000000000019540e+00
1.000000000000019540e+00
1.000000000000019540e+00
1.000000000000019762e+00
1.000000000000019762e+00
1.000000000000019540e+00
1.000000000000019762e+00
1.000000000000019762e+00
1.000000000000019762e+00
1.000000000000019762e+00
1.000000000000019762e+00
1.000000000000019762e+00
1.000000000000019762e+00
1.000000000000019762e+00
1.000000000000019762e+00
1.000000000000019540e+00
1.000000000000019762e+00
1.000000000000019762e+00
1.000000000000019762e+00
1.000000000000019762e+00
1.000000000000019762e+00
1.000000000000019540e+00
1.000000000000019540e+00
1.000000000000019540e+00
1.000000000000019540e+00
1.000000000000019762e+00
1.000000000000019540e+00
1.000000000000019762e+00
1.000000000000019540e+00
1.000000000000019540e+00
1.000000000000019540e+00
1.000000000000019540e+00
1.000000000000019540e+00
1.000000000000019540e+00
1.000000000000019540e+00
1.000000000000019540e+00
1.000000000000019762e+00
1.000000000000019762e+00
1.000000000000019540e+00
1.000000000000019540e+00
1.000000000000018652e+00
1.000000000000018652e+00
1.000000000000018652e+00
1.000000000000018430e+00
1.000000000000018652e+00
1.000000000000018652e+00
1.000000000000018652e+00
1.000000000000018652e+00
1.000000000000018652e+00
1.000000000000018652e+00
1.000000000000018652e+00
1.000000000000018652e+00
1.000000000000018652e+00
1.000000000000018430e+00
1.000000000000018430e+00
1.000000000000018430e+00
1.000000000000018430e+00
1.000000000000018430e+00
1.000000000000018652e+00
1.000000000000018652e+00
1.000000000000018652e+00
1.000000000000018652e+00
1.000000000000018652e+00
1.000000000000018652e+00
1.000000000000018652e+00
1.000000000000018652e+00
1.000000000000018652e+00
1.000000000000018652e+00
1.000000000000018652e+00
1.000000000000018652e+00
1.000000000000018652e+00
1.000000000000018652e+00
1.000000000000018652e+00
1.000000000000018652e+00
1.000000000000018652e+00
1.000000000000018652e+00
1.000000000000018652e+00
1.000000000000018652e+00
1.000000000000018652e+00
1.000000000000018652e+00
1.000000000000018652e+00
1.000000000000018652e+00
1.000000000000018652e+00
1.000000000000018652e+00
1.000000000000018652e+00
1.000000000000018652e+00
1.000000000000018652e+00
1.000000000000018652e+00
1.000000000000018652e+00
1.000000000000018652e+00
1.000000000000018652e+00
1.000000000000018652e+00
1.000000000000018430e+00
1.000000000000018430e+00
1.000000000000018430e+00
1.000000000000018430e+00
1.000000000000018430e+00
1.000000000000018430e+00
1.000000000000018430e+00
1.000000000000018430e+00
1.000000000000018430e+00
1.000000000000018430e+00
1.000000000000018430e+00
1.000000000000018430e+00
1.000000000000018430e+00
1.000000000000018430e+00
1.000000000000018430e+00
1.000000000000018430e+00
1.000000000000018430e+00
1.000000000000018430e+00
1.000000000000018430e+00
1.000000000000018430e+00
1.000000000000018430e+00
1.000000000000018430e+00
1.000000000000018430e+00
1.000000000000018430e+00
1.000000000000018430e+00
1.000000000000018430e+00
1.000000000000018430e+00
1.000000000000018430e+00
1.000000000000018430e+00
1.000000000000018430e+00
1.000000000000018430e+00
1.000000000000018430e+00
1.000000000000018430e+00
1.000000000000018430e+00
1.000000000000018430e+00
1.000000000000018430e+00
1.000000000000018430e+00
1.000000000000018430e+00
1.000000000000018430e+00
1.000000000000018430e+00
1.000000000000018430e+00
1.000000000000018430e+00
1.000000000000018430e+00
1.000000000000018430e+00
1.000000000000018430e+00
1.000000000000018430e+00
1.000000000000018430e+00
1.000000000000018430e+00
1.000000000000018430e+00
1.000000000000018208e+00
1.000000000000018208e+00
1.000000000000018208e+00
1.000000000000009326e+00
1.000000000000009326e+00
1.000000000000009326e+00
1.000000000000009326e+00
1.000000000000009326e+00
1.000000000000009548e+00
1.000000000000009326e+00
1.000000000000009326e+00
1.000000000000009326e+00
1.000000000000009326e+00
1.000000000000009548e+00
1.000000000000009326e+00
1.000000000000009326e+00
1.000000000000009326e+00
1.000000000000009326e+00
1.000000000000009326e+00
1.000000000000009326e+00
1.000000000000009326e+00
1.000000000000009326e+00
1.000000000000009548e+00
1.000000000000009548e+00
1.000000000000009548e+00
1.000000000000009548e+00
1.000000000000009326e+00
1.000000000000009326e+00
1.000000000000009326e+00
1.000000000000009326e+00
1.000000000000009326e+00
1.000000000000009326e+00
1.000000000000009326e+00
1.000000000000009326e+00
1.000000000000009548e+00
1.000000000000009548e+00
1.000000000000009548e+00
1.000000000000009326e+00
1.000000000000009326e+00
1.000000000000009326e+00
1.000000000000009326e+00
1.000000000000009326e+00
1.000000000000009326e+00
1.000000000000009326e+00
1.000000000000009326e+00
1.000000000000009326e+00
1.000000000000009548e+00
1.000000000000009548e+00
1.000000000000009548e+00
1.000000000000009326e+00
9.999999999999693578e-01
9.999999999999693578e-01
9.999999999999693578e-01
9.999999999999693578e-01
9.999999999999693578e-01
9.999999999999692468e-01
9.999999999999692468e-01
9.999999999999188427e-01
9.999999999999188427e-01
9.999999999999188427e-01
9.999999999923774308e-01
9.999999999923129268e-01
9.999999999923129268e-01
9.999999999923129268e-01
9.999999999738402590e-01
9.999999999738402590e-01
9.999999999738402590e-01
9.999999999738402590e-01
9.999999999095353642e-01
9.999999999095353642e-01
9.999999999095345871e-01
9.999999999095345871e-01
9.999999989416911150e-01
9.999999915304143006e-01
9.999999915304144116e-01
9.999999915276457374e-01
9.999999915270990636e-01
9.999999764214252407e-01
9.999999764214252407e-01
9.999999764214252407e-01
9.999999764214247966e-01
9.999999764214247966e-01
9.999999764214247966e-01
9.999999764214247966e-01
9.999999529140785048e-01
9.999999529140785048e-01
9.999999529139482757e-01
9.999993158315026998e-01
9.999993127214106270e-01
9.999972369286920237e-01
9.999972365903307958e-01
9.999972365894506110e-01
9.999942856312787898e-01
9.999942856312787898e-01
9.999942856312787898e-01
9.999942856312786787e-01
9.999942856312786787e-01
9.999926919614778864e-01
9.999926919614778864e-01
9.999926919614778864e-01
9.998934282030017551e-01
9.998929011255457411e-01
9.998929011255457411e-01
9.998929011255457411e-01
9.997206761846993972e-01
9.997206761845971457e-01
9.997206759643206819e-01
9.997206759643206819e-01
9.995915448266925463e-01
9.995915448266240455e-01
9.995915410508843246e-01
9.995915410508843246e-01
9.993117112380287548e-01
9.953684403118454593e-01
9.953684403118454593e-01
9.953663182593465164e-01
9.953661715299033652e-01
9.911958988632508794e-01
9.911958988632508794e-01
9.911958988632508794e-01
9.911958988453476449e-01
9.911958988453476449e-01
9.911958988449202090e-01
9.911958988449202090e-01
9.911958988449202090e-01
9.899593267827876408e-01
9.899593267827876408e-01
9.899593267827870857e-01
9.899593162692863491e-01
9.802856442678686832e-01
9.802294735359259326e-01
9.353693107027082343e-01
9.353693072471059855e-01
9.353648097763079816e-01
9.088291730477671138e-01
9.088291730477671138e-01
9.088291730477671138e-01
9.088291730476902863e-01
9.088291730476902863e-01
9.062845606286393796e-01
9.062845606286393796e-01
9.062845606284932742e-01
8.193925444497929256e-01
8.186526185800195865e-01
8.186526185800195865e-01
8.186526185800195865e-01
6.731444121360911081e-01
6.731443551673357284e-01
6.731443550160621792e-01
6.731443550160621792e-01
6.731443550160621792e-01
6.322866688275724512e-01
6.322866688237358535e-01
6.322856814264194991e-01
6.322856814264194991e-01
6.322856814264194991e-01
6.171808133309414357e-01
4.198670300974979841e-01
4.198670300974979841e-01
4.196824858900050081e-01
4.196778912731298217e-01
2.829369751585459336e-01
2.829369751585459336e-01
2.829369751585456561e-01
2.829369750694071817e-01
2.829369750694071817e-01
2.829369750568542785e-01
2.829369750568542785e-01
2.829369750568542785e-01
2.673861682060330591e-01
2.673861682060330591e-01
2.673861682060318379e-01
2.673860765668371053e-01
2.324183940509672031e-01
2.323139823860751740e-01
1.051844606742673716e-01
1.051844582063066053e-01
1.051747819098874520e-01
6.662382492227129915e-02
6.662382492227129915e-02
6.662382492227129915e-02
6.662382492225139841e-02
6.662382492225139841e-02
6.492612827965572875e-02
6.492612827965572875e-02
6.492612827950479393e-02
4.036659077265119383e-02
4.025035825420763408e-02
4.025035825420763408e-02
4.025035825420763408e-02
1.422213228541833324e-02
1.422213222134736943e-02
1.422212731610486558e-02
1.422212731610486558e-02
1.422212731610486558e-02
1.045950958620440498e-02
1.045950958606356972e-02
1.045943135448713576e-02
1.045943135448713576e-02
1.045943135448713576e-02
1.012275985065625057e-02
3.775466903315785345e-03
3.775466903315785345e-03
3.766703407396141279e-03
3.766659952344445384e-03
1.532684345557028174e-03
1.532684345557028174e-03
1.532684345557014946e-03
1.532684344778255511e-03
1.532684344778255511e-03
1.532684344458249770e-03
1.532684344458249770e-03
1.532684344458249770e-03
1.347145778862060463e-03
1.347145778862060463e-03
1.347145778862056994e-03
1.347144805449718196e-03
1.169755698291600077e-03
1.169399583943098739e-03
2.952535830738798012e-04
2.952535830738798012e-04
2.951790966090489543e-04
2.951790909460064909e-04
1.699940291954803423e-04
1.699940291954803423e-04
1.699940291954803423e-04
1.699940291954551074e-04
1.699940291954550803e-04
1.635559515962646115e-04
1.635559515962646115e-04
1.635559515952509637e-04
1.085986773615550764e-04
1.084019103028927651e-04
1.084019103028927651e-04
1.084019103028927651e-04
2.599733471012028886e-05
2.599733451747944336e-05
2.599732803295635371e-05
2.599732803295635371e-05
2.599732803295635371e-05
2.599732803295635371e-05
1.989115888608947248e-05
1.989115888597460126e-05
1.989081742980419490e-05
1.989081742980419490e-05
1.989081742980419490e-05
1.989081742980419490e-05
1.957433507579346596e-05
8.692455676507849550e-06
8.692455676507849550e-06
8.659530030639600232e-06
8.659449329140550032e-06
2.725605865164800631e-06
2.725605865164800631e-06
2.725605865164744727e-06
2.725605864617017224e-06
2.725605864617017224e-06
2.725605863802238444e-06
2.450165316958321038e-06
2.450165316958321038e-06
2.450165316958321038e-06
2.450165316958321038e-06
2.450165316958319767e-06
2.450161512406909966e-06
2.283484195327431790e-06
2.283006889776995920e-06
7.006144113924025032e-07
7.006144113924025032e-07
7.003175864377155434e-07
7.003175794307463427e-07
3.296852989477287264e-07
3.296852989477287264e-07
3.296852989477287264e-07
3.296852989477139563e-07
3.296852989477138504e-07
3.185426037598163054e-07
3.185426037598163054e-07
3.185426037567330526e-07
2.525103429637547217e-07
2.521349932427285956e-07
2.521349932427285956e-07
2.521349932427285956e-07
6.497873232897355084e-08
6.497873090423233012e-08
6.497872200222495680e-08
6.497872200222495680e-08
6.497872200222495680e-08
6.497872200222495680e-08
4.351400485124369662e-08
4.351400485115824556e-08
4.351284866294454229e-08
4.351284866294454229e-08
4.351284866294454229e-08
4.351284866294454229e-08
4.297667136656271872e-08
2.485211958119062577e-08
2.485211958119062577e-08
2.472893960763802684e-08
2.472879499775256693e-08
7.212108778089779166e-09
7.212108778089779166e-09
7.212108778089464837e-09
7.212108777493315770e-09
7.212108777493315770e-09
7.212108770740152038e-09
6.054303446590590576e-09
6.054303446590590576e-09
6.054303446590590576e-09
6.054303446590590576e-09
6.054287010579299714e-09
6.054287010579296405e-09
5.692151004641909237e-09
5.691499245875076737e-09
2.282074547292590667e-09
2.282074547292590667e-09
2.280631817919389765e-09
2.280631806367774874e-09
9.384404956169809396e-10
9.384404956169809396e-10
9.384404956169809396e-10
9.384404956169809396e-10
9.384404956169573649e-10
9.384404956169573649e-10
9.384404956169565377e-10
8.819820058258859989e-10
8.819820058258859989e-10
8.819820057979046502e-10
7.025516348701589717e-10
7.019128159703056439e-10
7.019128159703056439e-10
2.244289427640371252e-10
2.244289427640371252e-10
2.244289307384270637e-10
2.244289142303915148e-10
2.244289142303915148e-10
2.244289142303915148e-10
2.244289142303915148e-10
1.347442889366923318e-10
1.347442889365321690e-10
1.347392089813308119e-10
1.347392089813308119e-10
1.347392089813308119e-10
1.347392089813308119e-10
1.336050665871770784e-10
7.423623946153686170e-11
7.423623946153686170e-11
7.353283021494539826e-11
7.353263144848219698e-11
2.521435744756735487e-11
2.521435744756735487e-11
2.521435744756280861e-11
2.521435744756280861e-11
2.521435744613851022e-11
2.521435738773561694e-11
1.999247172274512960e-11
1.999247172274512960e-11
1.999247172274512960e-11
1.999247172274512960e-11
1.999238959800762883e-11
1.999238959800762883e-11
1.911021392198603401e-11
6.900360662647555886e-12
6.900211757338621529e-12
6.900211757338621529e-12
6.891736934520685795e-12
6.891736913901890708e-12
3.210275820200428224e-12
3.210275820200428224e-12
3.210275820200428224e-12
3.210275820200428224e-12
3.210275820200393489e-12
3.210275820200393489e-12
3.210275820200383392e-12
2.957286378543345426e-12
2.957286378543345426e-12
2.957286378320762352e-12
2.488948023245211741e-12
2.487701149282415820e-12
2.487701149282415820e-12
6.797432707492542000e-13
6.797432707492542000e-13
6.797432202002307100e-13
6.797431905995924827e-13
6.797431905995924827e-13
6.797431905995924827e-13
6.797431905995924827e-13
4.428590862119088082e-13
4.428238092079120438e-13
4.428238092076948483e-13
4.428238092076948483e-13
4.428238092076948483e-13
4.428238092076948483e-13
4.409116441334364085e-13
2.790731721591308401e-13
2.752069027550946904e-13
2.752069027550946904e-13
2.752063585368642570e-13
7.796601990871458582e-14
7.796601990871458582e-14
7.796601990868383917e-14
7.796601990868383917e-14
7.796601990697418195e-14
7.796601965110212388e-14
7.796601965110212388e-14
6.420674207399446321e-14
6.420674207399446321e-14
6.420674207399446321e-14
6.420674207399446321e-14
6.420619752114979472e-14
6.420619752114979472e-14
6.420619752114979472e-14
6.275983957650479980e-14
2.756405779041515350e-14
2.756359335156901562e-14
2.756359335156901562e-14
2.751079961046195747e-14
2.751079956921347150e-14
1.052145380939720053e-14
1.052145380939720053e-14
1.052145380939720053e-14
1.052145380939720053e-14
1.052145380939720053e-14
1.052145380939716740e-14
1.052145380939708694e-14
1.052145380939708694e-14
9.792917523937730392e-15
9.792917522819314955e-15
8.928119308092025258e-15
8.928119308092025258e-15
8.924982777895690281e-15
2.882055150635476982e-15
2.882055150635476982e-15
2.882054566428006590e-15
2.882054499622640045e-15
2.882054499622640045e-15
2.882054499622640045e-15
2.882054499622640045e-15
1.601163987454049287e-15
1.601163987454049287e-15
1.600983842621972621e-15
1.600983842621711508e-15
1.600983842621711508e-15
1.600983842621711508e-15
1.600983842621711508e-15
1.596092125522219884e-15
1.203386318778454300e-15
1.184349415986004063e-15
1.184349415986004063e-15
1.184348150637442550e-15
3.491350588274806772e-16
3.491350588274806772e-16
3.491350588271981171e-16
3.491350588271981171e-16
3.491350588240441526e-16
3.491350555253755374e-16
3.491350555253755374e-16
3.491350555253755374e-16
2.608416082226730799e-16
2.608416082226730799e-16
2.608416082226730799e-16
2.608380971953172287e-16
2.608380971953172287e-16
2.608380971953172287e-16
2.561504307328598200e-16
1.415096735660278161e-16
1.415096735660278161e-16
1.415081367823709626e-16
1.411391854513007276e-16
1.411391853514247494e-16
5.004441486504707707e-17
5.004441486504707707e-17
5.004441486504707707e-17
5.004441486504707707e-17
5.004441486504707707e-17
5.004441486504699079e-17
5.004441486504616495e-17
5.004441486504616495e-17
4.449123288598055335e-17
4.449123287113940499e-17
4.449123287113940499e-17
4.096729673303115864e-17
4.095900463471696377e-17
1.641104193541135189e-17
1.641103453529397516e-17
1.641103453529397516e-17
1.641103433602338409e-17
1.641103433602338409e-17
1.641103433602338409e-17
1.641103433602338409e-17
8.201714819420878403e-18
8.201714819420878403e-18
8.200460700752679317e-18
8.200460700751930515e-18
8.200460700751930515e-18
8.200460700751930515e-18
8.200460700751930515e-18
8.184330733282170478e-18
6.167147379413903917e-18
5.993011087340775479e-18
5.993011087340775479e-18
5.993008106730352451e-18
2.079643258036454380e-18
2.079643258036454380e-18
2.079643258030008678e-18
2.079643258030008678e-18
2.079643258017771704e-18
2.079643212294919474e-18
2.079643212294919474e-18
2.079643212294919474e-18
1.441157726386557660e-18
1.441157726386557660e-18
1.441157726386557660e-18
1.441129288491254874e-18
1.441129288491254874e-18
1.441129288491254874e-18
1.423065285428173099e-18
1.423065285428173099e-18
7.570527763457831861e-19
7.570487300324186170e-19
7.533325295916506031e-19
7.533325292805042947e-19
3.000941572328401439e-19
3.000941572328401439e-19
3.000941572328401439e-19
3.000941572328401439e-19
3.000941572328401439e-19
3.000941572328401439e-19
3.000941572328399513e-19
3.000941572328208846e-19
3.000941572328208846e-19
2.577108680259197167e-19
2.577108678313889960e-19
2.577108678313889960e-19
2.425394212695390473e-19
2.425126814260026497e-19
8.879465989408732399e-20
8.879460241146395291e-20
8.879460241146395291e-20
8.879460177353894780e-20
8.879460177353894780e-20
8.879460177353894780e-20
8.879460177353894780e-20
8.879460177353894780e-20
4.820892774483376375e-20
4.819364640311092001e-20
4.819364640310903621e-20
4.819364640310903621e-20
4.819364640310903621e-20
4.814234922619788032e-20
4.814234922619788032e-20
3.877611366639409734e-20
3.727957596356018750e-20
3.727957596356018750e-20
3.727956335160996289e-20
1.133797573555511888e-20
1.133797573555511737e-20
1.133797573555511737e-20
1.133797573548027243e-20
1.133797573548027243e-20
1.133797573545383452e-20
1.133797537485580656e-20
1.133797537485580656e-20
1.133797537485580656e-20
8.242966428523785952e-21
8.242966428523785952e-21
8.242966428523785952e-21
8.242638271823271662e-21
8.242638271823271662e-21
8.242638271823271662e-21
8.187950277328608220e-21
8.187950277328608220e-21
5.006449285376926995e-21
5.006429934854993539e-21
4.970798329052281577e-21
1.686177037667876818e-21
1.686177037554568943e-21
1.686177037554568943e-21
1.686177037554568943e-21
1.686177037554568943e-21
1.686177037554568943e-21
1.686177037554568943e-21
1.686177037554568755e-21
1.686177037554333468e-21
1.686177037554333468e-21
1.474384566598167684e-21
1.474384564908734790e-21
1.474384564908734790e-21
1.427391881031290050e-21
1.427290601216745515e-21
6.262461639000110516e-22
6.262451553414161370e-22
6.262451553414161370e-22
6.262451530349440647e-22
6.262451530349440647e-22
6.262451530349440647e-22
6.262451530349440647e-22
6.262451530349440647e-22
2.898499072483235989e-22
2.897285400834496945e-22
2.897285400834459329e-22
2.897285400834459329e-22
2.897285400834459329e-22
2.895257344347828327e-22
2.553955700881696000e-22
2.453128376737663691e-22
2.453128376737663691e-22
2.453128376737663691e-22
2.453127979780265921e-22
8.487766475196295609e-23
8.487766475196289731e-23
8.487766475196289731e-23
8.487766475084995101e-23
8.487766475084995101e-23
8.487766475084995101e-23
8.487766475084995101e-23
8.487766475076859505e-23
8.487765762244125341e-23
8.487765762244125341e-23
5.478003741665485103e-23
5.478003741665485103e-23
5.478003741665485103e-23
5.477685290061775713e-23
5.477685290061775713e-23
5.477685290061775713e-23
5.477685290061775713e-23
5.451226676937027293e-23
3.923971866027376156e-23
3.923963225336209566e-23
3.889989230016221574e-23
1.335015707926304607e-23
1.335015707887303174e-23
1.335015707887303174e-23
1.335015707887303174e-23
1.335015707887303174e-23
1.335015707887303174e-23
1.335015707887303174e-23
1.335015707886912028e-23
1.335015707886912028e-23
1.335015707886911734e-23
1.092208270292506118e-23
1.092208267022272017e-23
1.092208267022272017e-23
1.063836792004528173e-23
1.063795897633203216e-23
1.063789502961936998e-23
5.667379408192372554e-24
5.667379408192372554e-24
5.667379408192372554e-24
5.667379397820110888e-24
5.667379397820110888e-24
5.667379397820110888e-24
5.667379397820110888e-24
2.444320047546473217e-24
2.442978498163730913e-24
2.442978498163714383e-24
2.442978498163714383e-24
2.442978498163714383e-24
2.442978498163714383e-24
2.441930121311876917e-24
2.267732119994065872e-24
2.034825434686625418e-24
2.034825434686625418e-24
2.034825434686625418e-24
2.034825434686625418e-24
2.034825434686625418e-24
2.034825434686625418e-24
2.034825434686625418e-24
2.034825434686625418e-24
2.034825434686625418e-24
2.034825434686625418e-24
2.034825434686625418e-24
2.034825434686625418e-24
2.034825434686625418e-24
2.034825434686625418e-24
2.034825434686625418e-24
2.034825434686625418e-24
2.034825434686625418e-24
2.034825434686625418e-24
2.034825434686625418e-24
2.034825434686625418e-24
2.034825434686625418e-24
2.034825434686625418e-24
2.034825434686625418e-24
2.034825434686625418e-24
2.034825434686625418e-24
2.034825434686625418e-24
2.034825434686625418e-24
2.034825434686625418e-24
2.034825434686625418e-24
2.034825434686625418e-24
2.034825434686625418e-24
2.034825434686625418e-24
2.034825434686625418e-24
2.034825434686625418e-24
2.034825434686625418e-24
2.034825434686625418e-24
2.034825434686625418e-24
2.034825434686625418e-24
2.034825434686625418e-24
2.034825434686625418e-24
2.034825434686625418e-24
2.034825434686625418e-24
2.034825434686625418e-24
2.034825434686625418e-24
2.034825434686625418e-24
2.034825434686625418e-24
2.034825434686625418e-24
2.034825434686625418e-24
2.034825434686625418e-24
2.034825434686625418e-24
2.034825434686625418e-24
2.034825434686625418e-24
2.034825434686625418e-24
2.034825434686625418e-24
2.034825434686625418e-24
2.034825434686625418e-24
2.034825434686625418e-24
2.034825434686625418e-24
2.034825434686625418e-24
2.034825434686625418e-24
2.034825434686625418e-24
2.034825434686625418e-24
2.034825434686625418e-24
2.034825434686625418e-24
2.034825434686625418e-24
2.034825434686625418e-24
2.034825434686625418e-24
2.034825434686625418e-24
2.034825434686625418e-24
2.034825434686625418e-24
2.034825434686625418e-24
2.034825434686625418e-24
2.034825434686625418e-24
2.034825434686625418e-24
2.034825434686625418e-24
2.034825434686625418e-24
2.034825434686625418e-24
2.034825434686625418e-24
2.034825434686625418e-24
2.034825434686625418e-24
2.034825434686625418e-24
2.034825434686625418e-24
2.034825434686625418e-24
2.034825434686625418e-24
2.034825434686625418e-24
2.034825434686625418e-24
2.034825434686625418e-24
2.034825434686625418e-24
2.034825434686625418e-24
2.034825434686625418e-24
2.034825434686625418e-24
2.034825434686625418e-24
2.034825434686625418e-24
2.034825434686625418e-24
2.034825434686625418e-24
2.034825434686625418e-24
2.034825434686625418e-24
2.034825434686625418e-24
2.034825434686625418e-24
2.034825434686625418e-24
2.034825434686625418e-24
2.034825434686625418e-24
2.034825434686625418e-24
2.034825434686625418e-24
2.034825434686625418e-24
2.034825434686625418e-24
2.034825434686625418e-24
2.034825434686625418e-24
2.034825434686625418e-24
2.034825434686625418e-24
2.034825434686625418e-24
2.034825434686625418e-24
2.034825434686625418e-24
2.034825434686625418e-24
2.034825434686625418e-24
2.034825434686625418e-24
2.034825434686625418e-24
2.034825434686625418e-24
2.034825434686625418e-24
2.034825434686625418e-24
2.034825434686625418e-24
2.034825434686625418e-24
2.034825434686625418e-24
2.034825434686625418e-24
2.034825434686625418e-24
2.034825434686625418e-24
2.034825434686625418e-24
2.034825434686625418e-24
2.034825434686625418e-24
2.034825434686625418e-24
2.034825434686625418e-24
2.034825434686625418e-24
2.034825434686625418e-24
2.034825434686625418e-24
2.034825434686625418e-24
2.034825434686625418e-24
2.034825434686625418e-24
2.034825434686625418e-24
2.034825434686625418e-24
2.034825434686625418e-24
2.034825434686625418e-24
2.034825434686625418e-24
2.034825434686625418e-24
2.034825434686625418e-24
2.034825434686625418e-24
2.034825434686625418e-24
2.034825434686625418e-24
2.034825434686625418e-24
2.034825434686625418e-24
2.034825434686625418e-24
2.034825434686625418e-24
2.034825434686625418e-24
2.034825434686625418e-24
2.034825434686625418e-24
2.034825434686625418e-24
2.034825434686625418e-24
2.034825434686625418e-24
2.034825434686625418e-24
2.034825434686625418e-24
2.034825434686625418e-24
2.034825434686625418e-24
2.034825434686625418e-24
2.034825434686625418e-24
2.034825434686625418e-24
2.034825434686625418e-24
2.034825434686625418e-24
2.034825434686625418e-24
2.034825434686625418e-24
2.034825434686625418e-24
2.034825434686625418e-24
2.034825434686625418e-24
2.034825434686625418e-24
2.034825434686625418e-24
2.034825434686625418e-24
2.034825434686625418e-24
2.034825434686625418e-24
2.034825434686625418e-24
2.034825434686625418e-24
2.034825434686625418e-24
2.034825434686625418e-24
2.034825434686625418e-24
2.034825434686625418e-24
2.034825434686625418e-24
2.034825434686625418e-24
2.034825434686625418e-24
2.034825434686625418e-24
2.034825434686625418e-24
2.034825434686625418e-24
2.034825434686625418e-24
2.034825434686625418e-24
2.034825434686625418e-24
2.034825434686625418e-24
2.034825434686625418e-24
2.034825434686625418e-24
2.034825434686625418e-24
2.034825434686625418e-24
2.034825434686625418e-24
2.034825434686625418e-24
2.034825434686625418e-24
2.034825434686625418e-24
2.034825434686625418e-24
2.034825434686625418e-24
2.034825434686625418e-24
2.034825434686625418e-24
2.034825434686625418e-24
2.034825434686625418e-24
2.034825434686625418e-24
2.034825434686625418e-24
2.034825434686625418e-24
2.034825434686625418e-24
2.034825434686625418e-24
2.034825434686625418e-24
2.034825434686625418e-24
2.034825434686625418e-24
2.034825434686625418e-24
2.034825434686625418e-24
2.034825434686625418e-24
2.034825434686625418e-24
2.034825434686625418e-24
2.034825434686625418e-24
2.034825434686625418e-24
2.034825434686625418e-24
2.034825434686625418e-24
2.034825434686625418e-24
2.034825434686625418e-24
2.034825434686625418e-24
2.034825434686625418e-24
2.034825434686625418e-24
2.034825434686625418e-24
2.034825434686625418e-24
2.034825434686625418e-24
2.034825434686625418e-24
2.034825434686625418e-24
2.034825434686625418e-24
2.034825434686625418e-24
2.034825434686625418e-24
2.034825434686625418e-24
2.034825434686625418e-24
2.034825434686625418e-24
2.034825434686625418e-24
2.034825434686625418e-24
2.034825434686625418e-24
2.034825434686625418e-24
2.034825434686625418e-24
2.034825434686625418e-24
2.034825434686625418e-24
2.034825434686625418e-24
2.034825434686625418e-24
2.034825434686625418e-24
2.034825434686625418e-24
2.034825434686625418e-24
2.034825434686625418e-24
2.034825434686625418e-24
2.034825434686625418e-24
2.034825434686625418e-24
2.034825434686625418e-24
2.034825434686625051e-24
2.034825434686623214e-24
2.034825434686616969e-24
2.034825434686605949e-24
2.034825434686600806e-24
2.034825434686600806e-24
2.034825434686600806e-24
2.034825434686600806e-24
2.034825434686600806e-24
2.034825434686600806e-24
2.034825434686600806e-24
2.034825434686600806e-24
2.034825434686600806e-24
2.034825434686600806e-24
2.034825434686600806e-24
2.034825434686600806e-24
2.034825434686600806e-24
2.034825434686600806e-24
2.034825434686600806e-24
2.034825434686600806e-24
2.034825434686600806e-24
2.034825434686600806e-24
2.034825434686600806e-24
2.034825434686600806e-24
2.034825434686600806e-24
2.034825434686600806e-24
2.034825434686600806e-24
2.034825434686600806e-24
2.034825434686600806e-24
2.034825434686600806e-24
2.034825434686600806e-24
2.034825434686600806e-24
2.034825434686600806e-24
2.034825434686600806e-24
2.034825434686599704e-24
2.034825434686592724e-24
2.034825434686540929e-24
2.034825434686197832e-24
2.034825434684361857e-24
2.034825434676295027e-24
2.034825434649641060e-24
2.034825434601276079e-24
2.034825434578150065e-24
2.034825434577432278e-24
2.034825434577432278e-24
2.034825434577432278e-24
2.034825434577432278e-24
2.034825434577432278e-24
2.034825434577432278e-24
2.034825434577432278e-24
2.034825434577432278e-24
2.034825434577432278e-24
2.034825434577432278e-24
2.034825434577432278e-24
2.034825434577432278e-24
2.034825434577432278e-24
2.034825434577432278e-24
2.034825434577432278e-24
2.034825434577432278e-24
2.034825434577432278e-24
2.034825434577432278e-24
2.034825434577432278e-24
2.034825434577432278e-24
2.034825434577432278e-24
2.034825434577432278e-24
2.034825434577432278e-24
2.034825434577432278e-24
2.034825434577432278e-24
2.034825434577432278e-24
2.034825434577432278e-24
2.034825434577431544e-24
2.034825434577416115e-24
2.034825434577223628e-24
2.034825434575040515e-24
2.034825434555470003e-24
2.034825434407634691e-24
2.034825433429446699e-24
2.034825428196008096e-24
2.034825405204224256e-24
2.034825329233841235e-24
2.034825191380189944e-24
2.034825125464767400e-24
2.034825123419794775e-24
2.034825123419357638e-24
2.034825123419357638e-24
2.034825123419357638e-24
2.034825123419357638e-24
2.034825123419357638e-24
2.034825123419357638e-24
2.034825123419357638e-24
2.034825123419357638e-24
2.034825123419357638e-24
2.034825123419357638e-24
2.034825123419357638e-24
2.034825123419357638e-24
2.034825123419357638e-24
2.034825123419357638e-24
2.034825123419357638e-24
2.034825123419357638e-24
2.034825123419357638e-24
2.034825123419357638e-24
2.034825123419357638e-24
2.034825123419357638e-24
2.034825123419357638e-24
2.034825123419357638e-24
2.034825123419357638e-24
2.034825123419357638e-24
2.034825123419357638e-24
2.034825123419352863e-24
2.034825123419254048e-24
2.034825123417315584e-24
2.034825123388288955e-24
2.034825123026572079e-24
2.034825118927220303e-24
2.034825082175090041e-24
2.034824804546355250e-24
2.034822967549377472e-24
2.034813139421605935e-24
2.034769963162200570e-24
2.034627311439834720e-24
2.034368510808942167e-24
2.034244787227725404e-24
2.034240949044404834e-24
2.034240948224125407e-24
2.034240948224125407e-24
2.034240948224125407e-24
2.034240948224125407e-24
2.034240948224125407e-24
2.034240948224125407e-24
2.034240948224125407e-24
2.034240948224125407e-24
2.034240948224125407e-24
2.034240948224125407e-24
2.034240948224125407e-24
2.034240948224125407e-24
2.034240948224125407e-24
2.034240948224125407e-24
2.034240948224125407e-24
2.034240948224125407e-24
2.034240948224125407e-24
2.034240948224125407e-24
2.034240948224125407e-24
2.034240948224125407e-24
2.034240948224125407e-24
2.034240948224125407e-24
2.034240948224125407e-24
2.034240948224118428e-24
2.034240948223880023e-24
2.034240948217881695e-24
2.034240948095237594e-24
2.034240945681812878e-24
2.034240909549100915e-24
2.034240459279979534e-24
2.034235356374793137e-24
2.034189608178025372e-24
2.033844088806078846e-24
2.031560829267401683e-24
2.019431644211707328e-24
1.967817104803869088e-24
1.814571296414612030e-24
1.589899956778758818e-24
1.501034472089392467e-24
1.498436096026051499e-24
1.498435541673432468e-24
1.498435541673431183e-24
1.498435541673431183e-24
1.498435541673431183e-24
1.498435541673431183e-24
1.498435541673431183e-24
1.498435541673431183e-24
1.498435541673431183e-24
1.498435541673431183e-24
1.498435541673431183e-24
1.498435541673431183e-24
1.498435541673431183e-24
1.498435541673431183e-24
1.498435541673431183e-24
1.498435541673431183e-24
1.498435541673431183e-24
1.498435541673431183e-24
1.498435541673431183e-24
1.498435541673431183e-24
1.498435541673431183e-24
1.498435541673429162e-24
1.498435541673336408e-24
1.498435541670250552e-24
1.498435541562663615e-24
1.498435538857127083e-24
1.498435483535660398e-24
1.498434394904201797e-24
1.498418096592472678e-24
1.498215024264706814e-24
1.495917437704256745e-24
1.475629292716111468e-24
1.338498620441543501e-24
8.288449815448020858e-25
2.729026280873028178e-25
6.914632106264459521e-26
1.994394489388047549e-26
8.704613290514274175e-27
6.856928614024957885e-27
6.812068759370166706e-27
6.812059234844700804e-27
6.812059234844685020e-27
6.812059234844685020e-27
6.812059234844685020e-27
6.812059234844685020e-27
6.812059234844685020e-27
6.812059234844685020e-27
6.812059234844685020e-27
6.812059234844685020e-27
6.812059234844685020e-27
6.812059234844685020e-27
6.812059234844685020e-27
6.812059234844685020e-27
6.812059234844685020e-27
6.812059234844685020e-27
6.812059234844685020e-27
6.812059234844685020e-27
6.812059234844685020e-27
6.812059234844685020e-27
6.812059234844660626e-27
6.812059234843588733e-27
6.812059234807983825e-27
6.812059233566634813e-27
6.812059202349902915e-27
6.812058564045717056e-27
6.812046003330322018e-27
6.811857955483548345e-27
6.809515460253157120e-27
6.783080017279472293e-27
6.554937476799442982e-27
5.226911812538635312e-27
2.233199934213450244e-27
5.494688342014792757e-28
1.274187478070163395e-28
3.601428533154021833e-29
1.564687763918244691e-29
1.231635757445100403e-29
1.223555808525134604e-29
1.223554093043006230e-29
1.223554093043003427e-29
1.223554093043003427e-29
1.223554093043003427e-29
1.223554093043003427e-29
1.223554093043003427e-29
1.223554093043003427e-29
1.223554093043003427e-29
1.223554093043003427e-29
1.223554093043003427e-29
1.223554093043003427e-29
1.223554093043003427e-29
1.223554093043003427e-29
1.223554093043003427e-29
1.223554093043003427e-29
1.223554093043003427e-29
1.223554093043003427e-29
1.223554093043003427e-29
1.223554093043003427e-29
1.223554093043000484e-29
1.223554093042870164e-29
1.223554093038538049e-29
1.223554092887505680e-29
1.223554089089426883e-29
1.223554011428202720e-29
1.223552483189529820e-29
1.223529603543494388e-29
1.223244559674765420e-29
1.220023402597074386e-29
1.191884945354949536e-29
1.015038408628958712e-29
5.121895794529929465e-30
1.403085685544860244e-30
3.348840368519838305e-31
9.525671730585513827e-32
4.144439730507748722e-32
3.263032970796921843e-32
3.241644663263610646e-32
3.241640122211825496e-32
3.241640122211817833e-32
3.241640122211817833e-32
3.241640122211817833e-32
3.241640122211817833e-32
3.241640122211817833e-32
3.241640122211817833e-32
3.241640122211817833e-32
3.241640122211817833e-32
3.241640122211817833e-32
3.241640122211817833e-32
3.241640122211817833e-32
3.241640122211817833e-32
3.241640122211817833e-32
3.241640122211817833e-32
3.241640122211817833e-32
3.241640122211817833e-32
3.241640122211817833e-32
3.241640122211812359e-32
3.241640122211578080e-32
3.241640122203787736e-32
3.241640121932182703e-32
3.241640115102015330e-32
3.241639975442140865e-32
3.241637227176016897e-32
3.241596081928110216e-32
3.241083436373362908e-32
3.235284913834538511e-32
3.184211326998875185e-32
2.844945763484267069e-32
1.668600598761302922e-32
5.194562397575545886e-33
1.290390603267482337e-33
3.704369668236073889e-34
1.615050351808127884e-34
1.272007122025368030e-34
1.263679896505288868e-34
1.263678128498411387e-34
1.263678128498408608e-34
1.263678128498408608e-34
1.263678128498408608e-34
1.263678128498408608e-34
1.263678128498408608e-34
1.263678128498408608e-34
1.263678128498408608e-34
1.263678128498408608e-34
1.263678128498408608e-34
1.263678128498408608e-34
1.263678128498408608e-34
1.263678128498408608e-34
1.263678128498408608e-34
1.263678128498408608e-34
1.263678128498408608e-34
1.263678128498408608e-34
1.263678128498407111e-34
1.263678128498344889e-34
1.263678128496272748e-34
1.263678128424039678e-34
1.263678126607558220e-34
1.263678089465047231e-34
1.263677358564106315e-34
1.263666415944851569e-34
1.263530069952149770e-34
1.261986908719749376e-34
1.248318484116877495e-34
1.153908696585240804e-34
7.690562777646694459e-35
2.762036692695041541e-35
7.239126195411354593e-36
2.105486773536515729e-36
9.207105410978443126e-37
7.255046834046330953e-37
7.207637578543424124e-37
7.207627512658826036e-37
7.207627512658810166e-37
7.207627512658810166e-37
7.207627512658810166e-37
7.207627512658810166e-37
7.207627512658810166e-37
7.207627512658810166e-37
7.207627512658810166e-37
7.207627512658810166e-37
7.207627512658810166e-37
7.207627512658810166e-37
7.207627512658810166e-37
7.207627512658810166e-37
7.207627512658810166e-37
7.207627512658810166e-37
7.207627512658810166e-37
7.207627512658810166e-37
7.207627512658803484e-37
7.207627512658561265e-37
7.207627512650461118e-37
7.207627512368057634e-37
7.207627505266368115e-37
7.207627360054533545e-37
7.207624502534022388e-37
7.207581721292302575e-37
7.207048643735780815e-37
7.201012759198007456e-37
7.147347196526355969e-37
6.766419136562088330e-37
5.002346881785107009e-37
2.088807946588638288e-37
5.869453302753224183e-38
1.738703492952322209e-38
7.635798334714458808e-39
6.021136882014692623e-39
5.981893523324494012e-39
5.981885191071642702e-39
5.981885191071628346e-39
5.981885191071628346e-39
5.981885191071628346e-39
5.981885191071628346e-39
5.981885191071628346e-39
5.981885191071628346e-39
5.981885191071628346e-39
5.981885191071628346e-39
5.981885191071628346e-39
5.981885191071628346e-39
5.981885191071628346e-39
5.981885191071628346e-39
5.981885191071628346e-39
5.981885191071628346e-39
5.981885191071628346e-39
5.981885191071625736e-39
5.981885191071486095e-39
5.981885191066858349e-39
5.981885190905514975e-39
5.981885186848139385e-39
5.981885103884932896e-39
5.981883471310754843e-39
5.981859029250564027e-39
5.981554460294877359e-39
5.978104933570296422e-39
5.947355530335452141e-39
5.724909950865135476e-39
4.589170835662160625e-39
2.226251251656850724e-39
6.824721214593318613e-40
2.073561671062382294e-40
9.161883488804282044e-41
7.231815322217340759e-41
7.184857654785151280e-41
7.184847684365179786e-41
7.184847684365164492e-41
7.184847684365164492e-41
7.184847684365164492e-41
7.184847684365164492e-41
7.184847684365164492e-41
7.184847684365164492e-41
7.184847684365164492e-41
7.184847684365164492e-41
7.184847684365164492e-41
7.184847684365164492e-41
7.184847684365164492e-41
7.184847684365164492e-41
7.184847684365164492e-41
7.184847684365164492e-41
7.184847684365164492e-41
7.184847684365161434e-41
7.184847684365046221e-41
7.184847684361205468e-41
7.184847684227296024e-41
7.184847680859833127e-41
7.184847612003616258e-41
7.184846257030771760e-41
7.184825971047513125e-41
7.184573186065591870e-41
7.181709605701870538e-41
7.156138208395427227e-41
6.968699064463776024e-41
5.939345360440523591e-41
3.317561972887601797e-41
1.128693295384163726e-41
3.549261254300579047e-42
1.581691498295317389e-42
1.250279582704139482e-42
1.242204630754380208e-42
1.242202916157419269e-42
1.242202916157416242e-42
1.242202916157416242e-42
1.242202916157416242e-42
1.242202916157416242e-42
1.242202916157416242e-42
1.242202916157416242e-42
1.242202916157416242e-42
1.242202916157416242e-42
1.242202916157416242e-42
1.242202916157416242e-42
1.242202916157416242e-42
1.242202916157416242e-42
1.242202916157416242e-42
1.242202916157416242e-42
1.242202916157416083e-42
1.242202916157402064e-42
1.242202916156941820e-42
1.242202916140893808e-42
1.242202915737323959e-42
1.242202907485331530e-42
1.242202745100192341e-42
1.242200313947959302e-42
1.242170018845560856e-42
1.241826786401072480e-42
1.238758039193875690e-42
1.216057500484174956e-42
1.084551832941037663e-42
6.870474432778163296e-43
2.632173977366467513e-43
8.663196859745140154e-44
3.907010532797772921e-44
3.094631911226994654e-44
3.074796974782652843e-44
3.074792762918439048e-44
3.074792762918432078e-44
3.074792762918432078e-44
3.074792762918432078e-44
3.074792762918432078e-44
3.074792762918432078e-44
3.074792762918432078e-44
3.074792762918432078e-44
3.074792762918432078e-44
3.074792762918432078e-44
3.074792762918432078e-44
3.074792762918432078e-44
3.074792762918432078e-44
3.074792762918432078e-44
3.074792762918432078e-44
3.074792762918431580e-44
3.074792762918407684e-44
3.074792762917616614e-44
3.074792762890017790e-44
3.074792762195971368e-44
3.074792748004455721e-44
3.074792468739604656e-44
3.074788287717860847e-44
3.074736186702273400e-44
3.074145847045279936e-44
3.068863353337835491e-44
3.029537977352281744e-44
2.792743855539751786e-44
1.969250201858919302e-44
8.578995317164511440e-45
2.994669338157116133e-45
1.372971637429373069e-45
1.090582307680632824e-45
1.083667450575449297e-45
1.083665982133103041e-45
1.083665982133100708e-45
1.083665982133100708e-45
1.083665982133100708e-45
1.083665982133100708e-45
1.083665982133100708e-45
1.083665982133100708e-45
1.083665982133100708e-45
1.083665982133100708e-45
1.083665982133100708e-45
1.083665982133100708e-45
1.083665982133100708e-45
1.083665982133100708e-45
1.083665982133100708e-45
1.083665982133100552e-45
1.083665982133094640e-45
1.083665982132900482e-45
1.083665982126134198e-45
1.083665981955975957e-45
1.083665978476668046e-45
1.083665910009814957e-45
1.083664884955903336e-45
1.083652111368337323e-45
1.083507368798880791e-45
1.082211425951460649e-45
1.072521024788108747e-45
1.012530555509147827e-45
7.793163195240271203e-46
3.873557142053984577e-46
1.455194632015261670e-46
6.822661896975545462e-47
5.440837719547303843e-47
5.406863863977618543e-47
5.406856648574222439e-47
5.406856648574210770e-47
5.406856648574210770e-47
5.406856648574210770e-47
5.406856648574210770e-47
5.406856648574210770e-47
5.406856648574210770e-47
5.406856648574210770e-47
5.406856648574210770e-47
5.406856648574210770e-47
5.406856648574210770e-47
5.406856648574210770e-47
5.406856648574210770e-47
5.406856648574210770e-47
5.406856648574210770e-47
5.406856648574191324e-47
5.406856648573517488e-47
5.406856648550037273e-47
5.406856647959568413e-47
5.406856635885927953e-47
5.406856398297258472e-47
5.406852841228989072e-47
5.406808515073381493e-47
5.406306215652131663e-47
5.401807090262567121e-47
5.368060737700754758e-47
5.154972912818565445e-47
4.251957827724241699e-47
2.402805307639858950e-47
9.859702890713970753e-48
4.763192934358470847e-48
3.819232213638580362e-48
3.795893856891570406e-48
3.795888899600726265e-48
3.795888899600718365e-48
3.795888899600718365e-48
3.795888899600718365e-48
3.795888899600718365e-48
3.795888899600718365e-48
3.795888899600718365e-48
3.795888899600718365e-48
3.795888899600718365e-48
3.795888899600718365e-48
3.795888899600718365e-48
3.795888899600718365e-48
3.795888899600718365e-48
3.795888899600718365e-48
3.795888899600708642e-48
3.795888899600380475e-48
3.795888899588940215e-48
3.795888899301252163e-48
3.795888893418740956e-48
3.795888777660942442e-48
3.795887044588063785e-48
3.795865447963964577e-48
3.795620709676863383e-48
3.793427953795703782e-48
3.776945186734147941e-48
3.671391487692395294e-48
3.193849020022163571e-48
2.032441063783813423e-48
9.231861470351379474e-49
4.638317493594823661e-49
3.746869558677126385e-49
3.724660880434161672e-49
3.724656162226807456e-49
3.724656162226799859e-49
3.724656162226799859e-49
3.724656162226799859e-49
3.724656162226799859e-49
3.724656162226799859e-49
3.724656162226799859e-49
3.724656162226799859e-49
3.724656162226799859e-49
3.724656162226799859e-49
3.724656162226799859e-49
3.724656162226799859e-49
3.724656162226799859e-49
3.724656162226799859e-49
3.724656162226793782e-49
3.724656162226570446e-49
3.724656162218817505e-49
3.724656162023861345e-49
3.724656158037498183e-49
3.724656079592656948e-49
3.724654905152154701e-49
3.724640269877101617e-49
3.724474415719355898e-49
3.722988134402458368e-49
3.711798847289004520e-49
3.639423960797555867e-49
3.295623900454281796e-49
2.329045942209273533e-49
1.182794079636308716e-49
6.248085292631521752e-50
5.098102843180379636e-50
5.069157380109689220e-50
5.069151229136202300e-50
5.069151229136192805e-50
5.069151229136192805e-50
5.069151229136192805e-50
5.069151229136192805e-50
5.069151229136192805e-50
5.069151229136192805e-50
5.069151229136192805e-50
5.069151229136192805e-50
5.069151229136192805e-50
5.069151229136192805e-50
5.069151229136192805e-50
5.069151229136192805e-50
5.069151229136192805e-50
5.069151229136186158e-50
5.069151229135979155e-50
5.069151229128754927e-50
5.069151228947090472e-50
5.069151225232506982e-50
5.069151152135831579e-50
5.069150057765512844e-50
5.069136420265750518e-50
5.068981871028361171e-50
5.067596703602155085e-50
5.057157437496425283e-50
4.989152695224818631e-50
4.654301337353930434e-50
3.594453210621839703e-50
2.051135867473544469e-50
1.152902729227883712e-50
9.532899017050443116e-51
9.481966555912701966e-51
9.481955729008581282e-51
9.481955729008563477e-51
9.481955729008563477e-51
9.481955729008563477e-51
9.481955729008563477e-51
9.481955729008563477e-51
9.481955729008563477e-51
9.481955729008563477e-51
9.481955729008563477e-51
9.481955729008563477e-51
9.481955729008563477e-51
9.481955729008563477e-51
9.481955729008563477e-51
9.481955729008563477e-51
9.481955729008556356e-51
9.481955729008294041e-51
9.481955728999171174e-51
9.481955728769752322e-51
9.481955724078721084e-51
9.481955631767204347e-51
9.481954249720892905e-51
9.481937027329434478e-51
9.481741849606148717e-51
9.479992371521007649e-51
9.466797492012182383e-51
9.380407462135855320e-51
8.943746027695483495e-51
7.425232329745712569e-51
4.756683398630210732e-51
2.879108790730801324e-51
2.421985538749571614e-51
2.410113829386067196e-51
2.410111304652770637e-51
2.410111304652766483e-51
2.410111304652766483e-51
2.410111304652766483e-51
2.410111304652766483e-51
2.410111304652766483e-51
2.410111304652766483e-51
2.410111304652766483e-51
2.410111304652766483e-51
2.410111304652766483e-51
2.410111304652766483e-51
2.410111304652766483e-51
2.410111304652766483e-51
2.410111304652765296e-51
2.410111304652721082e-51
2.410111304651189625e-51
2.410111304612666403e-51
2.410111303824972857e-51
2.410111288324494716e-51
2.410111056258330593e-51
2.410108164360314230e-51
2.410075390841999945e-51
2.409781604531587889e-51
2.407564629289430966e-51
2.392997636411454231e-51
2.317962746913758595e-51
2.037313220112176995e-51
1.455157151368403166e-51
9.582807325138130544e-52
8.237816261133554603e-52
8.202101131838244121e-52
8.202093532049140322e-52
8.202093532049128453e-52
8.202093532049128453e-52
8.202093532049128453e-52
8.202093532049128453e-52
8.202093532049128453e-52
8.202093532049128453e-52
8.202093532049128453e-52
8.202093532049128453e-52
8.202093532049128453e-52
8.202093532049128453e-52
8.202093532049128453e-52
8.202093532049128453e-52
8.202093532049125486e-52
8.202093532049029046e-52
8.202093532045698179e-52
8.202093531961905728e-52
8.202093530248529935e-52
8.202093496532211012e-52
8.202092991746673858e-52
8.202086701346768630e-52
8.202015412651194845e-52
8.201376339766560650e-52
8.196551943556446543e-52
8.164772608895503359e-52
7.998849838425504735e-52
7.343254287702203995e-52
5.778360814669577066e-52
4.166997543692868773e-52
3.676743737063192317e-52
3.663372264204948709e-52
3.663369416904485258e-52
3.663369416904480065e-52
3.663369416904480065e-52
3.663369416904480065e-52
3.663369416904480065e-52
3.663369416904480065e-52
3.663369416904480065e-52
3.663369416904480065e-52
3.663369416904480065e-52
3.663369416904480065e-52
3.663369416904480065e-52
3.663369416904480065e-52
3.663369416904479323e-52
3.663369416904453359e-52
3.663369416903548312e-52
3.663369416880784914e-52
3.663369416415329987e-52
3.663369407255975073e-52
3.663369270126240150e-52
3.663367561279440533e-52
3.663348194957332924e-52
3.663174578212301184e-52
3.661863593779042457e-52
3.653212732246067124e-52
3.607615105775265798e-52
3.420077341366109322e-52
2.918734519521460759e-52
2.305487272727343777e-52
2.095014089104934783e-52
2.089097203769704283e-52
2.089095942809767318e-52
2.089095942809765463e-52
2.089095942809765463e-52
2.089095942809765463e-52
2.089095942809765463e-52
2.089095942809765463e-52
2.089095942809765463e-52
2.089095942809765463e-52
2.089095942809765463e-52
2.089095942809765463e-52
2.089095942809765463e-52
2.089095942809765463e-52
2.089095942809765092e-52
2.089095942809756932e-52
2.089095942809465388e-52
2.089095942802131175e-52
2.089095942652170567e-52
2.089095939701202563e-52
2.089095895520630743e-52
2.089095344962832048e-52
2.089089105488146255e-52
2.089033168067196996e-52
2.088610708706873501e-52
2.085819702213430664e-52
2.071013248091146641e-52
2.008379889957624599e-52
1.825916628729496822e-52
1.567504767903800186e-52
1.468153851342039363e-52
1.465272594999742795e-52
1.465271980438352353e-52
1.465271980438351426e-52
1.465271980438351426e-52
1.465271980438351426e-52
1.465271980438351426e-52
1.465271980438351426e-52
1.465271980438351426e-52
1.465271980438351426e-52
1.465271980438351426e-52
1.465271980438351426e-52
1.465271980438351426e-52
1.465271980438351426e-52
1.465271980438348644e-52
1.465271980438244786e-52
1.465271980435636102e-52
1.465271980382294194e-52
1.465271979332617414e-52
1.465271963617328536e-52
1.465271767780659414e-52
1.465269548359012045e-52
1.465249650763407428e-52
1.465099360060124919e-52
1.464105700988650528e-52
1.458812302585844348e-52
1.436003464032945030e-52
1.365460367088114252e-52
1.253704998351976604e-52
1.206489806014692649e-52
1.205081803602902941e-52
1.205081503041741598e-52
1.205081503041741042e-52
1.205081503041741042e-52
1.205081503041741042e-52
1.205081503041741042e-52
1.205081503041741042e-52
1.205081503041741042e-52
1.205081503041741042e-52
1.205081503041741042e-52
1.205081503041741042e-52
1.205081503041741042e-52
1.205081503041741042e-52
1.205081503041739929e-52
1.205081503041702652e-52
1.205081503040768674e-52
1.205081503021669415e-52
1.205081502645828538e-52
1.205081497018909395e-52
1.205081426898835222e-52
1.205080632225617596e-52
1.205073507747447391e-52
1.205019691543634280e-52
1.204663724466134705e-52
1.202762818975291189e-52
1.194482254788700597e-52
1.167914033530897848e-52
1.122605104799296560e-52
1.102160137218343438e-52
1.101537752008722087e-52
1.101537619070276798e-52
1.101537619070276613e-52
1.101537619070276613e-52
1.101537619070276613e-52
1.101537619070276613e-52
1.101537619070276613e-52
1.101537619070276613e-52
1.101537619070276613e-52
1.101537619070276613e-52
1.101537619070276613e-52
1.101537619070276613e-52
1.101537619070276613e-52
1.101537619070276056e-52
1.101537619070264187e-52
1.101537619069960588e-52
1.101537619063757312e-52
1.101537618941685483e-52
1.101537617114078566e-52
1.101537594339281658e-52
1.101537336231605819e-52
1.101535022210882217e-52
1.101517542211941262e-52
1.101401895472773787e-52
1.100783581929747709e-52
1.098075382588304181e-52
1.089220836674948901e-52
1.073513033006758367e-52
1.066161274425337448e-52
1.065934802161270270e-52
1.065934753770845351e-52
1.065934753770845166e-52
1.065934753770845166e-52
1.065934753770845166e-52
1.065934753770845166e-52
1.065934753770845166e-52
1.065934753770845166e-52
1.065934753770845166e-52
1.065934753770845166e-52
1.065934753770845166e-52
1.065934753770845166e-52
1.065934753770845166e-52
1.065934753770841827e-52
1.065934753770760410e-52
1.065934753769097388e-52
1.065934753736371433e-52
1.065934753246410708e-52
1.065934747140745811e-52
1.065934677944992272e-52
1.065934057581115760e-52
1.065929371321970858e-52
1.065898364572654341e-52
1.065732504877586644e-52
1.065004453506771025e-52
1.062605854303820729e-52
1.058280902974421703e-52
1.056225322871021332e-52
1.056161677867390605e-52
1.056161664266265220e-52
1.056161664266265220e-52
1.056161664266265220e-52
1.056161664266265220e-52
1.056161664266265220e-52
1.056161664266265220e-52
1.056161664266265220e-52
1.056161664266265220e-52
1.056161664266265220e-52
1.056161664266265220e-52
1.056161664266265220e-52
1.056161664266265220e-52
1.056161664266264478e-52
1.056161664266247601e-52
1.056161664265902274e-52
1.056161664259108492e-52
1.056161664157393714e-52
1.056161662889869508e-52
1.056161648524966276e-52
1.056161519738570744e-52
1.056160546875995428e-52
1.056154109736363158e-52
1.056119671495180683e-52
1.055968402428863348e-52
1.055468881031315335e-52
1.054563669697246911e-52
1.054131386749658026e-52
1.054117981188933926e-52
1.054117978323989831e-52
1.054117978323989831e-52
1.054117978323989831e-52
1.054117978323989831e-52
1.054117978323989831e-52
1.054117978323989831e-52
1.054117978323989831e-52
1.054117978323989831e-52
1.054117978323989831e-52
1.054117978323989831e-52
1.054117978323989831e-52
1.054117978323989831e-52
1.054117978323989831e-52
1.054117978323986863e-52
1.054117978323933080e-52
1.054117978322873174e-52
1.054117978307004634e-52
1.054117978109258508e-52
1.054117975868192688e-52
1.054117955776251050e-52
1.054117804000008295e-52
1.054116799736223976e-52
1.054111426820656918e-52
1.054087822929103402e-52
1.054009837507822811e-52
1.053868356874526249e-52
1.053800720607244541e-52
1.053798622385624951e-52
1.053798621937202885e-52
1.053798621937202885e-52
1.053798621937202885e-52
1.053798621937202885e-52
1.053798621937202885e-52
1.053798621937202885e-52
1.053798621937202885e-52
1.053798621937202885e-52
1.053798621937202885e-52
1.053798621937202885e-52
1.053798621937202885e-52
1.053798621937202885e-52
1.053798621937202328e-52
1.053798621937196023e-52
1.053798621937073062e-52
1.053798621935228474e-52
1.053798621912242709e-52
1.053798621651744419e-52
1.053798619316286721e-52
1.053798601674037429e-52
1.053798484939765516e-52
1.053797860395945275e-52
1.053795116630005443e-52
1.053786050668674822e-52
1.053769600235042459e-52
1.053761734557494277e-52
1.053761490533090363e-52
1.053761490480938368e-52
1.053761490480938368e-52
1.053761490480938368e-52
1.053761490480938368e-52
1.053761490480938368e-52
1.053761490480938368e-52
1.053761490480938368e-52
1.053761490480938368e-52
1.053761490480938368e-52
1.053761490480938368e-52
1.053761490480938368e-52
1.053761490480938368e-52
1.053761490480937997e-52
1.053761490480927241e-52
1.053761490480767559e-52
1.053761490478777199e-52
1.053761490456219106e-52
1.053761490253977979e-52
1.053761488726231633e-52
1.053761478617521168e-52
1.053761424534546969e-52
1.053761186934795602e-52
1.053760401848802988e-52
1.053758977257389504e-52
1.053758296083073890e-52
1.053758274950205860e-52
1.053758274945689345e-52
1.053758274945689345e-52
1.053758274945689345e-52
1.053758274945689345e-52
1.053758274945689345e-52
1.053758274945689345e-52
1.053758274945689345e-52
1.053758274945689345e-52
1.053758274945689345e-52
1.053758274945689345e-52
1.053758274945689345e-52
1.053758274945689345e-52
1.053758274945688603e-52
1.053758274945678403e-52
1.053758274945549694e-52
1.053758274944091419e-52
1.053758274931017209e-52
1.053758274832254032e-52
1.053758274178762939e-52
1.053758270682497492e-52
1.053758255322542589e-52
1.053758204569557730e-52
1.053758112474667830e-52
1.053758068439030644e-52
1.053758067072860656e-52
1.053758067072568556e-52
1.053758067072568556e-52
1.053758067072568556e-52
1.053758067072568556e-52
1.053758067072568556e-52
1.053758067072568556e-52
1.053758067072568556e-52
1.053758067072568556e-52
1.053758067072568556e-52
1.053758067072568556e-52
1.053758067072568556e-52
1.053758067072568556e-52
1.053758067072568556e-52
1.053758067072568186e-52
1.053758067072561880e-52
1.053758067072491405e-52
1.053758067071858985e-52
1.053758067067080971e-52
1.053758067035467036e-52
1.053758066866328534e-52
1.053758066123261041e-52
1.053758063667987823e-52
1.053758059212719551e-52
1.053758057082410255e-52
1.053758057016319249e-52
1.053758057016304969e-52
1.053758057016304969e-52
1.053758057016304969e-52
1.053758057016304969e-52
1.053758057016304969e-52
1.053758057016304969e-52
1.053758057016304969e-52
1.053758057016304969e-52
1.053758057016304969e-52
1.053758057016304969e-52
1.053758057016304969e-52
1.053758057016304969e-52
1.053758057016304969e-52
1.053758057016304969e-52
1.053758057016304598e-52
1.053758057016302187e-52
1.053758057016279190e-52
1.053758057016105784e-52
1.053758057014958527e-52
1.053758057008820718e-52
1.053758056981855531e-52
1.053758056892756319e-52
1.053758056731079441e-52
1.053758056653772723e-52
1.053758056651374165e-52
1.053758056651373609e-52
1.053758056651373609e-52
1.053758056651373609e-52
1.053758056651373609e-52
1.053758056651373609e-52
1.053758056651373609e-52
1.053758056651373609e-52
1.053758056651373609e-52
1.053758056651373609e-52
1.053758056651373609e-52
1.053758056651373609e-52
1.053758056651373609e-52
1.053758056651373609e-52
1.053758056651373609e-52
1.053758056651373609e-52
1.053758056651372867e-52
1.053758056651368230e-52
1.053758056651336888e-52
1.053758056651169417e-52
1.053758056650433696e-52
1.053758056648002682e-52
1.053758056643591138e-52
1.053758056641481898e-52
1.053758056641416616e-52
1.053758056641416616e-52
1.053758056641416616e-52
1.053758056641416616e-52
1.053758056641416616e-52
1.053758056641416616e-52
1.053758056641416616e-52
1.053758056641416616e-52
1.053758056641416616e-52
1.053758056641416616e-52
1.053758056641416616e-52
1.053758056641416616e-52
1.053758056641416616e-52
1.053758056641416616e-52
1.053758056641416616e-52
1.053758056641416616e-52
1.053758056641416616e-52
1.053758056641416430e-52
1.053758056641415688e-52
1.053758056641412350e-52
1.053758056641397142e-52
1.053758056641347254e-52
1.053758056641256563e-52
1.053758056641213166e-52
1.053758056641211868e-52
1.053758056641211868e-52
1.053758056641211868e-52
1.053758056641211868e-52
1.053758056641211868e-52
1.053758056641211868e-52
1.053758056641211868e-52
1.053758056641211868e-52
1.053758056641211868e-52
1.053758056641211868e-52
1.053758056641211868e-52
1.053758056641211868e-52
1.053758056641211868e-52
1.053758056641211868e-52
1.053758056641211868e-52
1.053758056641211868e-52
1.053758056641211868e-52
1.053758056641211868e-52
1.053758056641211868e-52
1.053758056641211868e-52
1.053758056641211682e-52
1.053758056641210755e-52
1.053758056641209271e-52
1.053758056641208529e-52
1.053758056641208529e-52
1.053758056641208529e-52
1.053758056641208529e-52
1.053758056641208529e-52
1.053758056641208529e-52
1.053758056641208529e-52
1.053758056641208529e-52
1.053758056641208529e-52
1.053758056641208529e-52
1.053758056641208529e-52
1.053758056641208529e-52
1.053758056641208529e-52
1.053758056641208529e-52
1.053758056641208529e-52
1.053758056641208529e-52
1.053758056641208529e-52
1.053758056641208529e-52
1.053758056641208529e-52
1.053758056641208529e-52
1.053758056641208529e-52
1.053758056641208529e-52
1.053758056641208529e-52
1.053758056641208529e-52
1.053758056641208529e-52
1.053758056641208529e-52
1.053758056641208529e-52
1.053758056641208529e-52
1.053758056641208529e-52
1.053758056641208529e-52
1.053758056641208529e-52
1.053758056641208529e-52
1.053758056641208529e-52
1.053758056641208529e-52
1.053758056641208529e-52
1.053758056641208529e-52
1.053758056641208529e-52
1.053758056641208529e-52
1.053758056641208529e-52
1.053758056641208529e-52
1.053758056641208529e-52
1.053758056641208529e-52
1.053758056641208529e-52
1.053758056641208529e-52
1.053758056641208529e-52
1.053758056641208529e-52
1.053758056641208529e-52
1.053758056641208529e-52
1.053758056641208529e-52
1.053758056641208529e-52
1.053758056641208529e-52
1.053758056641208529e-52
1.053758056641208529e-52
1.053758056641208529e-52
1.053758056641208529e-52
1.053758056641208529e-52
1.053758056641208529e-52
1.053758056641208529e-52
1.053758056641208529e-52
1.053758056641208529e-52
1.053758056641208529e-52
1.053758056641208529e-52
1.053758056641208529e-52
1.053758056641208529e-52
1.053758056641208529e-52
1.053758056641208529e-52
1.053758056641208529e-52
1.053758056641208529e-52
1.053758056641208529e-52
1.053758056641208529e-52
1.053758056641208529e-52
1.053758056641208529e-52
1.053758056641208529e-52
1.053758056641208529e-52
1.053758056641208529e-52
1.053758056641208529e-52
1.053758056641208529e-52
1.053758056641208529e-52
1.053758056641208529e-52
1.053758056641208529e-52
1.053758056641208529e-52
1.053758056641208529e-52
1.053758056641208529e-52
1.053758056641208529e-52
1.053758056641208529e-52
1.053758056641208529e-52
1.053758056641208529e-52
1.053758056641208529e-52
1.053758056641208529e-52
1.053758056641208529e-52
1.053758056641208529e-52
1.053758056641208529e-52
1.053758056641208529e-52
1.053758056641208529e-52
1.053758056641208529e-52
1.053758056641208529e-52
1.053758056641208529e-52
1.053758056641208529e-52
1.053758056641208529e-52
1.053758056641208529e-52
1.053758056641208529e-52
1.053758056641208529e-52
1.053758056641208529e-52
1.053758056641208529e-52
1.053758056641208529e-52
1.053758056641208529e-52
1.053758056641208529e-52
1.053758056641208529e-52
1.053758056641208529e-52
1.053758056641208529e-52
1.053758056641208529e-52
1.053758056641208529e-52
1.053758056641208529e-52
1.053758056641208529e-52
1.053758056641208529e-52
1.053758056641208529e-52
1.053758056641208529e-52
1.053758056641208529e-52
1.053758056641208529e-52
1.053758056641208529e-52
1.053758056641208529e-52
1.053758056641208529e-52
1.053758056641208529e-52
1.053758056641208529e-52
1.053758056641208529e-52
1.053758056641208529e-52
1.053758056641208529e-52
1.053758056641208529e-52
1.053758056641208529e-52
1.053758056641208529e-52
1.053758056641208529e-52
1.053758056641208529e-52
1.053758056641208529e-52
1.053758056641208529e-52
1.053758056641208529e-52
1.053758056641208529e-52
1.053758056641208529e-52
1.053758056641208529e-52
1.053758056641208529e-52
1.053758056641208529e-52
1.053758056641208529e-52
1.053758056641208529e-52
1.053758056641208529e-52
1.053758056641208529e-52
1.053758056641208529e-52
1.053758056641208529e-52
1.053758056641208529e-52
1.053758056641208529e-52
1.053758056641208529e-52
1.053758056641208529e-52
1.053758056641208529e-52
1.053758056641208529e-52
1.053758056641208529e-52
1.053758056641208529e-52
1.053758056641208529e-52
1.053758056641208529e-52
1.053758056641208529e-52
1.053758056641208529e-52
1.053758056641208529e-52
1.053758056641208529e-52
1.053758056641208529e-52
1.053758056641208529e-52
1.053758056641208529e-52
1.053758056641208529e-52
1.053758056641208529e-52
1.053758056641208529e-52
1.053758056641208529e-52
1.053758056641208529e-52
1.053758056641208529e-52
1.053758056641208529e-52
1.053758056641208529e-52
1.053758056641208529e-52
1.053758056641208529e-52
1.053758056641208529e-52
1.053758056641208529e-52
1.053758056641208529e-52
1.053758056641208529e-52
1.053758056641208529e-52
1.053758056641208529e-52
1.053758056641208529e-52
1.053758056641208529e-52
1.053758056641208529e-52
1.053758056641208529e-52
1.053758056641208529e-52
1.053758056641208529e-52
1.053758056641208529e-52
1.053758056641208529e-52
1.053758056641208529e-52
1.053758056641208529e-52
1.053758056641208529e-52
1.053758056641208529e-52
1.053758056641208529e-52
1.053758056641208529e-52
1.053758056641208529e-52
1.053758056641208529e-52
1.053758056641208529e-52
1.053758056641208529e-52
1.053758056641208529e-52
1.053758056641208529e-52
1.053758056641208529e-52
1.053758056641208529e-52
1.053758056641208529e-52
1.053758056641208529e-52
1.053758056641208529e-52
1.053758056641208529e-52
1.053758056641208529e-52
1.053758056641208529e-52
1.053758056641208529e-52
1.053758056641208529e-52
1.053758056641208529e-52
1.053758056641208529e-52
1.053758056641208529e-52
1.053758056641208529e-52
1.053758056641208529e-52
1.053758056641208529e-52
1.053758056641208529e-52
1.053758056641208529e-52
1.053758056641208529e-52
1.053758056641208529e-52
1.053758056641208529e-52
1.053758056641208529e-52
1.053758056641208529e-52
1.053758056641208529e-52
1.053758056641208529e-52
1.053758056641208529e-52
1.053758056641208529e-52
1.053758056641208529e-52
1.053758056641208529e-52
1.053758056641208529e-52
1.053758056641208529e-52
1.053758056641208529e-52
1.053758056641208529e-52
1.053758056641208529e-52
1.053758056641208529e-52
1.053758056641208529e-52
1.053758056641208529e-52
1.053758056641208529e-52
1.053758056641208529e-52
1.053758056641208529e-52
1.053758056641208529e-52
1.053758056641208529e-52
1.053758056641208529e-52
1.053758056641208529e-52
1.053758056641208529e-52
1.053758056641208529e-52
1.053758056641208529e-52
1.053758056641208529e-52
1.053758056641208529e-52
1.053758056641208529e-52
1.053758056641208529e-52
1.053758056641208529e-52
1.053758056641208529e-52
1.053758056641208529e-52
1.053758056641208529e-52
1.053758056641208529e-52
1.053758056641208529e-52
1.053758056641208529e-52
1.053758056641208529e-52
1.053758056641208529e-52
1.053758056641208529e-52
1.053758056641208529e-52
1.053758056641208529e-52
1.053758056641208529e-52
1.053758056641208529e-52
1.053758056641208529e-52
1.053758056641208529e-52
1.053758056641208529e-52
1.053758056641208529e-52
1.053758056641208529e-52
1.053758056641208529e-52
1.053758056641208529e-52
1.053758056641208529e-52
1.053758056641208529e-52
1.053758056641208529e-52
1.053758056641208529e-52
1.053758056641208529e-52
1.053758056641208529e-52
1.053758056641208529e-52
1.053758056641208529e-52
1.053758056641208529e-52
1.053758056641208529e-52
1.053758056641208529e-52
1.053758056641208529e-52
1.053758056641208529e-52
1.053758056641208529e-52
1.053758056641208529e-52
1.053758056641208529e-52
1.053758056641208529e-52
1.053758056641208529e-52
1.053758056641208529e-52
1.053758056641208529e-52
1.053758056641208529e-52
1.053758056641208529e-52
1.053758056641208529e-52
1.053758056641208529e-52
1.053758056641208529e-52
1.053758056641208529e-52
1.053758056641208529e-52
1.053758056641208529e-52
1.053758056641208529e-52
1.053758056641208529e-52
1.053758056641208529e-52
1.053758056641208529e-52
1.053758056641208529e-52
1.053758056641208529e-52
1.053758056641208529e-52
1.053758056641208529e-52
1.053758056641208529e-52
1.053758056641208529e-52
1.053758056641208529e-52
1.053758056641208529e-52
1.053758056641208529e-52
1.053758056641208529e-52
1.053758056641208529e-52
1.053758056641208529e-52
1.053758056641208529e-52
1.053758056641208529e-52
1.053758056641208529e-52
1.053758056641208529e-52
1.053758056641208529e-52
1.053758056641208529e-52
1.053758056641208529e-52
1.053758056641208529e-52
1.053758056641208529e-52
1.053758056641208529e-52
1.053758056641208529e-52
1.053758056641208529e-52
1.053758056641208529e-52
1.053758056641208529e-52
1.053758056641208529e-52
1.053758056641208529e-52
1.053758056641208529e-52
1.053758056641208529e-52
1.053758056641208529e-52
1.053758056641208529e-52
1.053758056641208529e-52
1.053758056641208529e-52
1.053758056641208529e-52
1.053758056641208529e-52
1.053758056641208529e-52
1.053758056641208529e-52
1.053758056641208529e-52
1.053758056641208529e-52
1.053758056641208529e-52
1.053758056641208529e-52
1.053758056641208529e-52
1.053758056641208529e-52
1.053758056641208529e-52
1.053758056641208529e-52
1.053758056641208529e-52
1.053758056641208529e-52
1.053758056641208529e-52
1.053758056641208529e-52
1.053758056641208529e-52
1.053758056641208529e-52
1.053758056641208529e-52
1.053758056641208529e-52
1.053758056641208529e-52
1.053758056641208529e-52
1.053758056641208529e-52
1.053758056641208529e-52
1.053758056641208529e-52
1.053758056641208529e-52
1.053758056641208529e-52
1.053758056641208529e-52
1.053758056641208529e-52
1.053758056641208529e-52
1.053758056641208529e-52
1.053758056641208529e-52
1.053758056641208529e-52
1.053758056641208529e-52
1.053758056641208529e-52
1.053758056641208529e-52
1.053758056641208529e-52
1.053758056641208529e-52
1.053758056641208529e-52
1.053758056641208529e-52
1.053758056641208529e-52
1.053758056641208529e-52
1.053758056641208529e-52
1.053758056641208529e-52
1.053758056641208529e-52
1.053758056641208529e-52
1.053758056641208529e-52
1.053758056641208529e-52
1.053758056641208529e-52
1.053758056641208529e-52
1.053758056641208529e-52
1.053758056641208529e-52
1.053758056641208529e-52
1.053758056641208529e-52
1.053758056641208529e-52
1.053758056641208529e-52
1.053758056641208529e-52
1.053758056641208529e-52
1.053758056641208529e-52
1.053758056641208529e-52
1.053758056641208529e-52
1.053758056641208529e-52
1.053758056641208529e-52
1.053758056641208529e-52
1.053758056641208529e-52
1.053758056641208529e-52
1.053758056641208529e-52
1.053758056641208529e-52
1.053758056641208529e-52
1.053758056641208529e-52
1.053758056641208529e-52
1.053758056641208529e-52
1.053758056641208529e-52
1.053758056641208529e-52
1.053758056641208529e-52
1.053758056641208529e-52
1.053758056641208529e-52
1.053758056641208529e-52
1.053758056641208529e-52
1.053758056641208529e-52
1.053758056641208529e-52
1.053758056641208529e-52
1.053758056641208529e-52
1.053758056641208529e-52
1.053758056641208529e-52
1.053758056641208529e-52
1.053758056641208529e-52
1.053758056641208529e-52
1.053758056641208529e-52
1.053758056641208529e-52
1.053758056641208529e-52
1.053758056641208529e-52
1.053758056641208529e-52
1.053758056641208529e-52
1.053758056641208529e-52
1.053758056641208529e-52
1.053758056641208529e-52
1.053758056641208529e-52
1.053758056641208529e-52
1.053758056641208529e-52
1.053758056641208529e-52
1.053758056641208529e-52
1.053758056641208529e-52
1.053758056641208529e-52
1.053758056641208529e-52
1.053758056641208529e-52
1.053758056641208529e-52
