6.354630460915133060e-09
4.204104829432662252e-09
4.143262560352495004e-09
4.114340513639150167e-09
2.757959858070710878e-09
2.713452134206179655e-09
2.676329071782136015e-09
1.833338088415405639e-09
1.724937906395034639e-09
1.715619812166286657e-09
1.710562643552576235e-09
1.110575513438467757e-09
1.088592928174742521e-09
1.080373883632820064e-09
1.079580713429156191e-09
7.287929657818467693e-10
7.145084829303371556e-10
6.878302618777641094e-10
6.878287417011691667e-10
6.877180686950702275e-10
6.870863343577175833e-10
4.537194125229908436e-10
4.281355566696225334e-10
4.272743148438414363e-10
4.258796213466916491e-10
4.258752100247426729e-10
2.833810789664477100e-10
2.756885391907375321e-10
2.697709230370719464e-10
2.696001163596812080e-10
2.695999622153500059e-10
1.741222210445190655e-10
1.727416310940862701e-10
1.654645175306136734e-10
1.654638072257912753e-10
1.654638054367912320e-10
1.654542193253199959e-10
1.652704405796560783e-10
1.123347375291808376e-10
1.046226124613977189e-10
1.044076378821900659e-10
1.034013004546016889e-10
1.034013004454577242e-10
1.034013003594450284e-10
6.538122535348294356e-11
6.538122108910567772e-11
6.538122095643034064e-11
6.464623261575791424e-11
6.284985623502509781e-11
6.283369165038911857e-11
6.283360348402293575e-11
4.123327107601016673e-11
4.123327107598235924e-11
4.123262907543294105e-11
3.913264123200220046e-11
3.895577731774689740e-11
3.895577706695188783e-11
3.895494278946764054e-11
3.882387148586121212e-11
2.733926725696488794e-11
2.368158156504694792e-11
2.368158156504249536e-11
2.365734064482634738e-11
2.365734064482613735e-11
2.365734063447691882e-11
2.330456081797049463e-11
2.330456081270129274e-11
2.330455448402319253e-11
1.484660805825162822e-11
1.484660736166344734e-11
1.466369190732019903e-11
1.422239186467180249e-11
1.422235471219504397e-11
1.422095085767469480e-11
9.560923436275493987e-12
9.560140263804751648e-12
9.560140263801556017e-12
8.543883702603353732e-12
8.520964282062628132e-12
8.520964262847390524e-12
8.520964262847107796e-12
8.466166378225101670e-12
8.466070795962894281e-12
5.966927363169680651e-12
5.966927363127427393e-12
5.142892196301940607e-12
5.140806211678054716e-12
5.140806203915047870e-12
5.057455235449915062e-12
5.057455235449902137e-12
5.057455235189429102e-12
5.057452567426191630e-12
3.303891980473222175e-12
3.256214925993890960e-12
3.256214833749275005e-12
3.024578185323763929e-12
3.024549375255400208e-12
3.024350922108341228e-12
1.983269028084887025e-12
1.983269028084887025e-12
1.982977347114757454e-12
1.982977347114757454e-12
1.775412134634320441e-12
1.775412134634266722e-12
1.773515526605497127e-12
1.773515526605496925e-12
1.773515525633093003e-12
1.773515525632761404e-12
1.760696408920971151e-12
1.760689705450990456e-12
1.760689705105971928e-12
1.326852209662437295e-12
1.098372636793283624e-12
1.098372631665280209e-12
1.097950706307544978e-12
1.051876542776704456e-12
1.051876542776704456e-12
1.051876542776703649e-12
1.051874077586907169e-12
1.051874077563538307e-12
6.589642662268345709e-13
6.549725083843779291e-13
6.549725032150757642e-13
6.050609306112831611e-13
6.050501541755210130e-13
6.050359864463984058e-13
6.050359864463984058e-13
6.050359864463984058e-13
4.173687390883765530e-13
4.172447602369203486e-13
3.650962174299226023e-13
3.650962174299226023e-13
3.650962174299223499e-13
3.646902464727594712e-13
3.646902464727548769e-13
3.646902464723596134e-13
3.646902463639013616e-13
3.574337027555918010e-13
3.574337025444023519e-13
3.574332239602329263e-13
2.154655990789931794e-13
2.136459199855219723e-13
2.136459165942170945e-13
2.030229674697349172e-13
2.030003047626341848e-13
2.030003047626341848e-13
2.030003047626341596e-13
2.029992599345910619e-13
2.029992599335894989e-13
1.319230031832203069e-13
1.310576481545805567e-13
1.196643154558090604e-13
1.196643151947652933e-13
1.196604474990370625e-13
1.196604474990370625e-13
1.196593523128028951e-13
1.196593523128028951e-13
1.196593523128028951e-13
1.187782080362080534e-13
8.641286163442952207e-14
8.641286163442769191e-14
6.840194781600001798e-14
6.840194781600001798e-14
6.840194781600001798e-14
6.836705209220633242e-14
6.836705209203210145e-14
6.836705209203191212e-14
6.836705208659715273e-14
6.651355673550772015e-14
6.651355657579081396e-14
6.651352095931836968e-14
4.118975491332811020e-14
4.078659701072572156e-14
4.078659499834502333e-14
3.852220878071514292e-14
3.852043570429956647e-14
3.852006301325127687e-14
3.852006301325127687e-14
3.852006301325127056e-14
2.592127154549919332e-14
2.592127154549563082e-14
2.574878759201210303e-14
2.159392524026179719e-14
2.159228191991341338e-14
2.159228190448578372e-14
2.159228190448578372e-14
2.159228190448578372e-14
2.159228190448578372e-14
2.159228190448578056e-14
2.159218531432382114e-14
2.133053257482424046e-14
2.133053257481827352e-14
1.590144438230711118e-14
1.245017776043714363e-14
1.245017776028245905e-14
1.245017776028245905e-14
1.244743177166523969e-14
1.244743177166523969e-14
1.244743177166522865e-14
1.206927581430554476e-14
1.206927572008583314e-14
1.206927571987952708e-14
7.720946061944057062e-15
7.720945951002220270e-15
7.720944672692866172e-15
7.634568231170186061e-15
6.749074481023606797e-15
6.748889209760860015e-15
6.748679556533182648e-15
6.748679556533182648e-15
6.748679556533182648e-15
6.748679556533182648e-15
4.503604415389620815e-15
4.503604415389395989e-15
4.500755325391319427e-15
3.747648835499910898e-15
3.745438779167584308e-15
3.745438779167584308e-15
3.745438779167584308e-15
3.745438778442372645e-15
3.745438778442372645e-15
3.745438778442372645e-15
3.745438778442368701e-15
3.745432946095609532e-15
3.745432946089436695e-15
3.693222473171936372e-15
2.965721801562079952e-15
2.231264429096453987e-15
2.231264428961350119e-15
2.230808089322357837e-15
2.230808089322357837e-15
2.230808089322357837e-15
2.230808028345283802e-15
2.230808028345283408e-15
2.072683513715020671e-15
2.072683513700694168e-15
2.072667769078461585e-15
1.280970905487760016e-15
1.280970900323628828e-15
1.274570545752416736e-15
1.118626288498240439e-15
1.118562895152979307e-15
1.118551761780305907e-15
1.118551761780305907e-15
7.995621636304332644e-16
7.995621636304332644e-16
7.995621636304332644e-16
7.985983223869426306e-16
7.985983223869426306e-16
7.985983223869426306e-16
6.445578404543451877e-16
6.445578404543427225e-16
6.445578404543427225e-16
6.441581196161176454e-16
6.441581196161176454e-16
6.441581196161176454e-16
6.441581196161119262e-16
6.441581195470455762e-16
6.441581195414696115e-16
6.214433723252052664e-16
6.214430480183328317e-16
6.214430461712473654e-16
5.340496416467067463e-16
3.586964969112914775e-16
3.586665133832812498e-16
3.586664799328194330e-16
3.298716134110034237e-16
3.298716134110034237e-16
3.298716134110034237e-16
3.298716134110033744e-16
3.298716134110033744e-16
3.298716134104904175e-16
3.298664652579321929e-16
2.156743726290914800e-16
2.145322794384963175e-16
2.145322789135789035e-16
1.845977820515647578e-16
1.845788663666266415e-16
1.845781146448784891e-16
1.845781146448784891e-16
1.845781146448784891e-16
1.398812130521394959e-16
1.398812130521394959e-16
1.391906668470993485e-16
1.391906668470992992e-16
1.391906668470992992e-16
1.391906668470992992e-16
9.952951482759189837e-17
9.952951482759189837e-17
9.952951482759189837e-17
9.952951482759181209e-17
9.950214693966320959e-17
9.950214693965998019e-17
9.950214693965998019e-17
9.950214693682946098e-17
9.950214693477419482e-17
9.506725299548221450e-17
9.506725192967448147e-17
9.506723310501078464e-17
5.783943287087535958e-17
5.735428055511182064e-17
5.735426407317354099e-17
5.735214190682703103e-17
5.212546940819950530e-17
5.212546940819950530e-17
5.212546940819950530e-17
5.212546940819950530e-17
5.212394307060408585e-17
5.212394307060408585e-17
5.212394307058406851e-17
3.572639988259893253e-17
3.554701684288871476e-17
3.554701679414109210e-17
2.735314941093811473e-17
2.734693469192984570e-17
2.734688431592028414e-17
2.734688431592028414e-17
2.734688431592028414e-17
2.734688431592028414e-17
2.734688431592020402e-17
2.734688431592020402e-17
2.678637893419471828e-17
2.133658935139069325e-17
1.510455547883585866e-17
1.510455547883449356e-17
1.510455547883449356e-17
1.510455547883449356e-17
1.510455547883449356e-17
1.510260475552610203e-17
1.510260475552610203e-17
1.510260475552609895e-17
1.510260475395105495e-17
1.510260475395105495e-17
1.510260475383411865e-17
1.433095872215536705e-17
1.433095822479766537e-17
1.433095726061932958e-17
9.088815467537732677e-18
9.005949506566037982e-18
9.005942028219790468e-18
7.475363410949427097e-18
7.475272592030199689e-18
7.474644097753981273e-18
7.474644097753981273e-18
7.474644097753981273e-18
7.474644097753981273e-18
7.474644097753101509e-18
5.179507218955211832e-18
5.179507218955211832e-18
5.167469333081036761e-18
3.934181007724765821e-18
3.932708118331825750e-18
3.932708118034513011e-18
3.932708118034513011e-18
3.932708118034513011e-18
3.932708118034513011e-18
3.932705512535178018e-18
3.932705512535178018e-18
3.932705512535135647e-18
3.837838082178966617e-18
3.837838082178966617e-18
3.837838082140529678e-18
3.275675831908982131e-18
2.258053243389571764e-18
2.258053243389571764e-18
2.258053242310616890e-18
2.258053242310616890e-18
2.257792004056309382e-18
2.257792004056309382e-18
2.257792004056308611e-18
2.257792004056308611e-18
2.015203403079342491e-18
2.015203403074636289e-18
2.015203244173274430e-18
2.015203244173274430e-18
1.249684131813197534e-18
1.249684129008478275e-18
1.244217422353219225e-18
1.244214304967169852e-18
1.020830107994559477e-18
1.020825472364708222e-18
1.020671158679421342e-18
1.020671158679421342e-18
1.020671158679421342e-18
1.020671158679421342e-18
7.658443660482440147e-19
7.658443660482372739e-19
7.658443660482372739e-19
5.621882449839101041e-19
5.619785895996668809e-19
5.616049869305964741e-19
5.616049869067194688e-19
5.616049869067194688e-19
5.616049869067194688e-19
5.616049869067194688e-19
5.616049869067194688e-19
5.616049869066723798e-19
5.616049869066723798e-19
5.616048411242659375e-19
5.303022537241079877e-19
5.303022537012463326e-19
4.793708570972651274e-19
4.793708570972651274e-19
2.987232704238023541e-19
2.987232701399858582e-19
2.987088734289906314e-19
2.987088734289906314e-19
2.987088734289906314e-19
2.987088734289906314e-19
2.987088734289906314e-19
2.987087494251138709e-19
2.629236363035150494e-19
2.629236363035150494e-19
2.629236363033724824e-19
2.629236363033724824e-19
1.754637154988039991e-19
1.754623989567007411e-19
1.754623987155270546e-19
1.746993278287761225e-19
1.394204270927147226e-19
1.393827957587734971e-19
1.393825277290049203e-19
1.393825277290049203e-19
1.114280534244585122e-19
1.114280534244585122e-19
1.114280534244585122e-19
1.101012150055825455e-19
1.101012150055822566e-19
7.114072476090235515e-20
7.114072476090235515e-20
7.114072476090235515e-20
7.112896188662648562e-20
7.112896188662648562e-20
7.112896188662644951e-20
7.112896188662644951e-20
7.112896188580614780e-20
7.112896188578413201e-20
7.112896188578413201e-20
7.112896188578413201e-20
7.112896187687486435e-20
7.112896187687486435e-20
6.630800504023281750e-20
6.630799978145340707e-20
6.196655019138385749e-20
6.196654800797920366e-20
3.973317482965834194e-20
3.973317482965834194e-20
3.973229111582216265e-20
3.973224216331159385e-20
3.430543394241846401e-20
3.430543394241846401e-20
3.430543394241846401e-20
3.430543394241846401e-20
3.430543394241846401e-20
3.430543394241846401e-20
3.430543394241363715e-20
3.430283762939790796e-20
2.429406141908050438e-20
2.429406141908050438e-20
2.420245446128707012e-20
2.420245444408878956e-20
1.688167348451185045e-20
1.687200355989515297e-20
1.687198960310400591e-20
1.410218805002835707e-20
1.410218805002835707e-20
1.410218805002835707e-20
1.383361531082306144e-20
1.383361531082306144e-20
1.383361531082306144e-20
1.383361531082306144e-20
1.383361531082288089e-20
8.942536979161798937e-21
8.942536979161798937e-21
8.942536979161800441e-21
8.942536979161800441e-21
8.941795964678064439e-21
8.941795964669364653e-21
8.941795964669364653e-21
8.941795964639208803e-21
8.941795964639208803e-21
8.941795959091412621e-21
8.236615978015101450e-21
8.236615978015101450e-21
8.236615978015101450e-21
8.236615752391493648e-21
8.236614711337141507e-21
5.241846236824049651e-21
5.201478724382660769e-21
5.201461049803939511e-21
5.201461049803939511e-21
5.201373340819455510e-21
4.004311395820173367e-21
4.004311395820173367e-21
4.004311395820173367e-21
4.004311395820173367e-21
4.003517343226128554e-21
4.003517343226128554e-21
4.003517343225966054e-21
4.003517343225966054e-21
2.917787814551220786e-21
2.912571125910432839e-21
2.912571125910432839e-21
2.912571125302064672e-21
2.000502330847600728e-21
1.998571127742406448e-21
1.998570514729266426e-21
1.998570514729266426e-21
1.998570514729266426e-21
1.998570514729266426e-21
1.998570514729104678e-21
1.922096906483101591e-21
1.722743320265310033e-21
1.722743320265310033e-21
1.107938965543610613e-21
1.107938965536263867e-21
1.107938965536263867e-21
1.107938965536263867e-21
1.107938965536263867e-21
1.107861077429562981e-21
1.107861077429562793e-21
1.107861077429562793e-21
1.107861074511400324e-21
1.107861074511400324e-21
1.107861074509704791e-21
1.107861074509704791e-21
9.414026143007183243e-22
9.414023547836141526e-22
9.414023547836141526e-22
9.414023470867032145e-22
5.950448863557612993e-22
5.950448863557612993e-22
5.926999454035183445e-22
5.926937253958197270e-22
4.476005468705189858e-22
4.475995283214091504e-22
4.475995283214091504e-22
4.474411454542000658e-22
4.474411454542000658e-22
4.474411454542000658e-22
4.474411454542000658e-22
3.537597221053268246e-22
3.537597221053252260e-22
3.537597221053252260e-22
3.532759383409684890e-22
2.355453074550814734e-22
2.355453074550814734e-22
2.351488070728096998e-22
2.351488070683100015e-22
2.351488070683100015e-22
2.351488070683100015e-22
2.351488070683100015e-22
2.351488070683099075e-22
2.351487784101268337e-22
2.351487784101268337e-22
2.351487784099897710e-22
2.161608524502772873e-22
2.161608524502772873e-22
2.024313491675325907e-22
2.024313491334836210e-22
1.201312034021019653e-22
1.201312027026990719e-22
1.201312027026990719e-22
1.201275730155119513e-22
1.201275730155119513e-22
1.201275730155119513e-22
1.201275730155119513e-22
1.201275730155119513e-22
1.000017106227619396e-22
1.000016280672809660e-22
1.000016280672597248e-22
1.000016280672597248e-22
1.000016280672597248e-22
6.888975804899164265e-23
6.888975799361819450e-23
6.864444026365562140e-23
6.864444026365562140e-23
6.864248731260806270e-23
6.864248731260806270e-23
5.014985027612378816e-23
5.014980087696007567e-23
5.011858327040361807e-23
5.011858327040361807e-23
5.011858327040361807e-23
5.011858327040361807e-23
5.011858327040361807e-23
4.214477979132857345e-23
4.214477979132851467e-23
4.214477979132851467e-23
2.437323235724351888e-23
2.429900207726432807e-23
2.429626137420559249e-23
2.429626137407463066e-23
2.429626137407463066e-23
2.429626137407463066e-23
2.429626137407454544e-23
2.429626137407454544e-23
2.429626137407454544e-23
2.429626137402237994e-23
2.429626137402237994e-23
2.429626025129498311e-23
2.194551541086467513e-23
2.194551540065132781e-23
2.194551540065132781e-23
2.104528637958165983e-23
2.104528637958165983e-23
1.318123927188722221e-23
1.318123892426692654e-23
1.318105205303593715e-23
1.318105205303593715e-23
1.318105205303593715e-23
1.318105205303593715e-23
1.318105205303593715e-23
1.318099576076194767e-23
1.067451918355279452e-23
1.067451918355279452e-23
1.067451918355218179e-23
1.067451918355218179e-23
1.067451918355218179e-23
7.879897826971293902e-24
7.879326511061959202e-24
7.857417347072246293e-24
7.857417344057043039e-24
7.857417344057043039e-24
4.938556088861602202e-24
4.932213705297097848e-24
4.932213705297097848e-24
4.932211678803227509e-24
4.329766406184141874e-24
4.329766406184141874e-24
4.329766406184141874e-24
4.181039859035186756e-24
4.181039859035186756e-24
2.512004709611535138e-24
2.512004709611535138e-24
2.512004709611534770e-24
2.512004709611534770e-24
2.511857806462963045e-24
2.511857806462963045e-24
2.511857806462918964e-24
2.511857806462918964e-24
2.511857806462918964e-24
2.511857806458733837e-24
2.511857806441064687e-24
2.511857806441064687e-24
2.511857806441064687e-24
2.511857799118580135e-24
2.511857799118580135e-24
2.226798354050369731e-24
2.226798327101365341e-24
2.226797453056206342e-24
2.173296194649496815e-24
1.428181454426844156e-24
1.428181454426844156e-24
1.428181454426844156e-24
1.428167364719212864e-24
1.428151374145810587e-24
1.009593642468197301e-24
1.009593642468197301e-24
1.009593642468197301e-24
1.009593642468197301e-24
1.009593642468197301e-24
1.009593642468197301e-24
1.009593642468181321e-24
1.009169309120782260e-24
7.763939060902004185e-25
7.763939060902004185e-25
7.753656875711679438e-25
7.753656874823225196e-25
7.753656874823225196e-25
4.792600195954788000e-25
4.782115267405542846e-25
4.782115267405542846e-25
4.782114522514570626e-25
4.782114522514570626e-25
4.395136945473830650e-25
4.395136945473830650e-25
4.395136945473826977e-25
4.187741124007336708e-25
4.187741124007336708e-25
4.187741124005829688e-25
2.564034502094257083e-25
2.564034502094257083e-25
2.564034502094257083e-25
2.564034502094257083e-25
2.563916898317202430e-25
2.563916898317202430e-25
2.563916898317202430e-25
2.563916898202279030e-25
2.563916898202279030e-25
2.563916898202279030e-25
2.563916898200462524e-25
2.563916868722790431e-25
2.057725783951896980e-25
2.057725783951896980e-25
2.057725783951896980e-25
2.057725783951896980e-25
2.057724066682735232e-25
2.057724059224747957e-25
1.342838280094041305e-25
1.338082277958822302e-25
1.338082277958822302e-25
1.338036673812778517e-25
1.338036673812778517e-25
9.186058890265182491e-26
9.186047152203807302e-26
9.186047152203807302e-26
9.186047152203807302e-26
9.186047152203807302e-26
9.179177300823595595e-26
9.179177300823595595e-26
9.179177300823562304e-26
9.179177300823562304e-26
7.618126977548369078e-26
7.611224532952473373e-26
7.611224532952473373e-26
4.623020319053756279e-26
4.623020319006944856e-26
4.605685455055758604e-26
4.605685455055758604e-26
4.605685455055758604e-26
4.605685167384777617e-26
4.605685167384777617e-26
4.605685167384755232e-26
4.605685167384755232e-26
4.605685167369906581e-26
4.102171719778479196e-26
4.102171719778479196e-26
3.930261542076377473e-26
2.274558882509464418e-26
2.274558882176486703e-26
2.274558882176486703e-26
2.274558882176486703e-26
2.274558882176486703e-26
2.274512639917612844e-26
2.274512639917612844e-26
2.274512639917612844e-26
2.274512578084617735e-26
2.274512578084617735e-26
2.274512578084617735e-26
2.274512578084195579e-26
1.770223424745331960e-26
1.770223424745331960e-26
1.770219067290107477e-26
1.770219067290107477e-26
1.770219065176125528e-26
1.267464435408804425e-26
1.267464435408804425e-26
1.263831086623271878e-26
1.263722727952608800e-26
1.263722727952608800e-26
8.381802380689326671e-27
8.381802380689326671e-27
8.381797700344968363e-27
8.381797700344968363e-27
8.370919774266720549e-27
8.370919774266720549e-27
8.370919774266720549e-27
8.370919774266720549e-27
7.342802587600188365e-27
7.342802587600182625e-27
7.342802587600182625e-27
7.338876626636000643e-27
7.338876626636000643e-27
3.899083517948002163e-27
3.871827893601739834e-27
3.871827893590460569e-27
3.871827893590460569e-27
3.871827893590460569e-27
3.871827893590460569e-27
3.871827893590351515e-27
3.871827893590351515e-27
3.871827893544400046e-27
3.871827803250551384e-27
3.871827803250551384e-27
3.364779732266162364e-27
3.364779732266162364e-27
3.364779732266162364e-27
3.364779725976499900e-27
3.277019861051454063e-27
2.043221884423338775e-27
2.043221646588813660e-27
2.043221646588813660e-27
2.043202156072491154e-27
2.043202156072491154e-27
2.043202156072491154e-27
2.043202156072491154e-27
2.043202156072491154e-27
1.534236774060891921e-27
1.534227237671936721e-27
1.534227237671936721e-27
1.534227237671896363e-27
1.534227237671896363e-27
1.534227237671896363e-27
1.183675629222406683e-27
1.183675628968336788e-27
1.183440075669969785e-27
1.181066665072308885e-27
1.181066665072308885e-27
1.181066665072308885e-27
6.698068377923380187e-28
6.698066846858469304e-28
6.680437125469217043e-28
6.680437125469217043e-28
6.680437125469217043e-28
6.680437125469217043e-28
6.082360769318820797e-28
6.082360769318820797e-28
6.082360769318820797e-28
6.082360769318819900e-28
5.756329971251316662e-28
3.275827306524442727e-28
3.275679385431297941e-28
3.275679385431297941e-28
3.275679385431297044e-28
3.275679385431297044e-28
3.275679385428254545e-28
3.275679385427810613e-28
3.275679385427810613e-28
3.275679385298362473e-28
3.275679385298362473e-28
3.275679385298362473e-28
3.275679385298362473e-28
3.275679348079593207e-28
2.771243888869587266e-28
2.771243872691468248e-28
2.771243872691468248e-28
2.730050966555893554e-28
2.730050966555893554e-28
1.821049765978790627e-28
1.821049014296584909e-28
1.821049014296584909e-28
1.821038195491280102e-28
1.821038195491280102e-28
1.820981782222183476e-28
1.820981782222183476e-28
1.174783665208723605e-28
1.174783665208723605e-28
1.174783665208723605e-28
1.174783665208723605e-28
1.174783665208723605e-28
1.174783665208715533e-28
1.174783665208715533e-28
1.173823969377685629e-28
9.498356542755759135e-29
9.498356542755759135e-29
9.489275511114294371e-29
9.489275510503804682e-29
5.311887572743823138e-29
5.311887572743823138e-29
5.311887572743823138e-29
5.311887572743823138e-29
5.287973641775128936e-29
5.287973183183732821e-29
5.287973183183732821e-29
4.984188120142499798e-29
4.629922863936444331e-29
4.629922863936444331e-29
4.629922863936444331e-29
4.629922863936444331e-29
4.629922863936420789e-29
2.749343412197250659e-29
2.749343412197250659e-29
2.749343412197250659e-29
2.749343412197250659e-29
2.749343412195629076e-29
2.749343412195629076e-29
2.749256111652412665e-29
2.749256111015227680e-29
2.749256111015227680e-29
2.749256111015227680e-29
2.749256111014241166e-29
2.749255996119879915e-29
2.749255996119879915e-29
2.071157427968541811e-29
2.071157427968541811e-29
2.071157424281963492e-29
2.071152767516521329e-29
2.071152767516521329e-29
1.407893916705285503e-29
1.403482841071351629e-29
1.403482841071351629e-29
1.403482841071351629e-29
1.403355393093384238e-29
1.403351996033769163e-29
8.703280919686589927e-30
8.703280919686589927e-30
8.703280919686589927e-30
8.703280919686589927e-30
8.703280919686589927e-30
8.703280919686589927e-30
8.690629541517487493e-30
8.690629541517487493e-30
8.690629541517473480e-30
7.513668069476778515e-30
7.513668069476778515e-30
7.513668069476778515e-30
7.509258626750219802e-30
7.509258626750219802e-30
7.509258626580145609e-30
4.199851830603921622e-30
4.167983549532585146e-30
4.167983549532585146e-30
4.167983404222589510e-30
4.167983404222589510e-30
4.167983404222588809e-30
4.167983404222464794e-30
4.167983404222464794e-30
4.015463294372695339e-30
3.482227406138818373e-30
3.482227406101253765e-30
3.482227406101253765e-30
3.482227406101253765e-30
2.006913297854387231e-30
2.006913297854387231e-30
2.006913296262867404e-30
2.006913296262867404e-30
2.006913296262867404e-30
2.006884524971177911e-30
2.006884524971177911e-30
2.006884524971177911e-30
2.006884524971177911e-30
2.006884317072204932e-30
2.006884317072012604e-30
2.006884317072012604e-30
2.006884317072012604e-30
1.446810032377410677e-30
1.446810032377410677e-30
1.446800600654451834e-30
1.446800599830295484e-30
1.446800599830295484e-30
1.079694521036765834e-30
1.077262089158019941e-30
1.077262089158019941e-30
1.077032163029087247e-30
6.472876827961932969e-31
6.472876827961932969e-31
6.472874553752304474e-31
6.472874553752304474e-31
6.456724815635766022e-31
6.456724815635766022e-31
6.456724815635766022e-31
6.456724815635766022e-31
6.456724815635766022e-31
5.848407734885541872e-31
5.848407734885541872e-31
5.848407734885540120e-31
5.848407734885540120e-31
5.846549877278035279e-31
2.912813196199038409e-31
2.871024671272856849e-31
2.871024671267746488e-31
2.871024671267746488e-31
2.871024671267746488e-31
2.871024671267746488e-31
2.871024671267746050e-31
2.871024671267246838e-31
2.871024671267246838e-31
2.871024634920935234e-31
2.871024634920935234e-31
2.871024634764620390e-31
2.871024634764620390e-31
2.385944244977338145e-31
2.345291440140173622e-31
2.345291425289082439e-31
1.477814436412649308e-31
1.477814436412649308e-31
1.477814436412649308e-31
1.477814436412649308e-31
1.477813824883973943e-31
1.477803985343198701e-31
1.477803985343198701e-31
1.477803985343198701e-31
1.477803985343198701e-31
1.477803985343198701e-31
1.477803985343198701e-31
1.020462900344924026e-31
1.020462900344910451e-31
1.020446649268966057e-31
1.020446649268966057e-31
1.020446649268966057e-31
8.201217536729575339e-32
8.201217535731284839e-32
8.189608068073235549e-32
8.189608068073235549e-32
8.185873735901815957e-32
8.185873735901815957e-32
4.235363510870304317e-32
4.235363510870304317e-32
4.235362921393263721e-32
4.214208681389183863e-32
4.214208681389183863e-32
4.214208681389183863e-32
4.214208681389183863e-32
3.938751273933476210e-32
3.938751273933476210e-32
3.938751273933476210e-32
3.938751273933475115e-32
3.938751273933475115e-32
2.050446566266219001e-32
2.050366098287068750e-32
2.001315258165699161e-32
2.001315258165699161e-32
2.001315258165699161e-32
2.001315258164579491e-32
2.001315258164575111e-32
2.001315258164575111e-32
2.001315258162942270e-32
2.001315258162942270e-32
2.001315258162942270e-32
2.001315257798227523e-32
2.001315257798227523e-32
2.001315248917132033e-32
2.001315248917132033e-32
1.604438479151167879e-32
1.604438437033695802e-32
1.604438437033695802e-32
1.589253745806659605e-32
1.085851861112104146e-32
1.085851861112104146e-32
1.085850408055339545e-32
1.085850408055339545e-32
1.085846477406453998e-32
1.085846477406453998e-32
1.085846477406453998e-32
1.085846477406453998e-32
1.085846477406453998e-32
6.405855319868894393e-33
6.405668284651813682e-33
6.405668284651813682e-33
6.405668284651813682e-33
6.405668284651813682e-33
6.405668284651791787e-33
6.405668284651791787e-33
5.413622087998475949e-33
5.407590133159310067e-33
5.407590133159310067e-33
5.403922044776895057e-33
5.403922044581508345e-33
2.784103151762743898e-33
2.784103151762743898e-33
2.760369381954572670e-33
2.760369237998981977e-33
2.760369237998981977e-33
2.760369237998981977e-33
2.760369237998981977e-33
2.647724541229195505e-33
2.647724541229195505e-33
2.647724541229195505e-33
2.388507311402343616e-33
1.397275696622220509e-33
1.397275696622220509e-33
1.397275696622220509e-33
1.397275696622204601e-33
1.397244023134078519e-33
1.397244023134078519e-33
1.397244023129259502e-33
1.397244023129259502e-33
1.397244023129259502e-33
1.397244023129259502e-33
1.397244023129259502e-33
1.397244021771365197e-33
1.397244021771094756e-33
1.397244021771094756e-33
1.397243841300213121e-33
1.397243841300213121e-33
9.872448097662423703e-34
9.872448097662423703e-34
9.872448097662423703e-34
9.872448088403424496e-34
9.872394187809512836e-34
9.826512681192691868e-34
7.018416217435322546e-34
7.018416217435322546e-34
7.018416217435322546e-34
7.018416217435322546e-34
7.016982192518003567e-34
7.016972012764620143e-34
3.952434814685709815e-34
3.952434814685709815e-34
3.952434814685709815e-34
3.952434814685709815e-34
3.952434814685709815e-34
3.952434814685709815e-34
3.952434814685709815e-34
3.952434814685706394e-34
3.942087807247803576e-34
3.523222711876435413e-34
3.523222711876435413e-34
3.521901813845200152e-34
3.521901813845200152e-34
3.521901813804245272e-34
3.521901813804245272e-34
1.843069261802146251e-34
1.843069261802146251e-34
1.817254472918404823e-34
1.817254472918404823e-34
1.817254436020774675e-34
1.771028834094919160e-34
1.771028834094919160e-34
1.771028834094918732e-34
1.771028834094657015e-34
1.478067299583400863e-34
1.478067299583400863e-34
1.478067299583400863e-34
1.478067299519966535e-34
8.680024032724540727e-35
8.680024032724540727e-35
8.680024032724540727e-35
8.680024032724540727e-35
8.679935238712121461e-35
8.679935209371765604e-35
8.679935209371765604e-35
8.679935209371765604e-35
8.679935209371765604e-35
8.679935209371765604e-35
8.679932341288214288e-35
8.679932341287766333e-35
8.679932341287766333e-35
8.679932341287766333e-35
5.787262202417917938e-35
5.787262202417917938e-35
5.787262202417917938e-35
5.787172371597744932e-35
5.787172369902980110e-35
5.787172369902980110e-35
4.508220443967512457e-35
4.500497375709118072e-35
4.498458797226622701e-35
4.498458797226622701e-35
4.498458797226622701e-35
2.467473177855150227e-35
2.467472602555945484e-35
2.467472602555945484e-35
2.467472602555945484e-35
2.456552949316469076e-35
2.456552949316469076e-35
2.456552949316469076e-35
2.456552949316469076e-35
2.456552949316469076e-35
2.456552949316469076e-35
2.280109932953035595e-35
2.280109932953035060e-35
2.280109932953035060e-35
2.279681941426303430e-35
1.101915959500300834e-35
1.101915959498959374e-35
1.072854789601942974e-35
1.072854789601942974e-35
1.072854789601942974e-35
1.072854781882767965e-35
1.072854781882766228e-35
1.072854781882766228e-35
1.072854781881826217e-35
1.072854781881826217e-35
1.072854781881826217e-35
1.072854781655730368e-35
8.508337273367544756e-36
8.508337273367544756e-36
8.411591344619249477e-36
5.448046695052321102e-36
5.448046637464346654e-36
5.448046637464346654e-36
5.448046637464346654e-36
5.448021651342586318e-36
5.448021651342586318e-36
5.448021651342586318e-36
5.448014982996112987e-36
5.448014982996112987e-36
5.448014982996112987e-36
5.448014982996112987e-36
5.448014982996112987e-36
3.455958398988870913e-36
3.455958398988845521e-36
3.455831587740037004e-36
3.455831587740037004e-36
3.455831587740037004e-36
2.884268214089717304e-36
2.884268214089717304e-36
2.884268213888916167e-36
2.881464189566498162e-36
2.878859626881129171e-36
2.878859626881129171e-36
2.878859626881129171e-36
1.397946297875461513e-36
1.397946172538538860e-36
1.397946172538538860e-36
1.397946172538538860e-36
1.385748313000070381e-36
1.385748313000070381e-36
1.385748313000070381e-36
1.320264796273294242e-36
1.320264796273294242e-36
1.320264796273294242e-36
6.794308704701754390e-37
6.794090140893163946e-37
6.794090140893163946e-37
6.794090140893163946e-37
6.505180913599300240e-37
6.505180913599300240e-37
6.505180913599300240e-37
6.505180913599300240e-37
6.505180913597028390e-37
6.505180913596949878e-37
6.505180913596949878e-37
6.505180913596949878e-37
6.505180913571035753e-37
6.505180913571035753e-37
6.505180908999065413e-37
6.505180893104530420e-37
4.927788073088957539e-37
4.927788073088957539e-37
4.927787699507713657e-37
4.927787699507713657e-37
4.927787699507713657e-37
4.897619621530633399e-37
3.463545555250225089e-37
3.463533040105947904e-37
3.463533040105947904e-37
3.463525473351756836e-37
3.463525473351756836e-37
3.463525473351756836e-37
3.463525473351756836e-37
3.463525473351756836e-37
1.904771817393289344e-37
1.904771817393289344e-37
1.904638882783288239e-37
1.904638882783288239e-37
1.904638882783288239e-37
1.904638882783284898e-37
1.904638882783284898e-37
1.904638882783284898e-37
1.672291466157932709e-37
1.668820946607035356e-37
1.668052129722667490e-37
1.668052129689027197e-37
1.668052129689027197e-37
8.204691886249228699e-38
8.204691886249228699e-38
8.084461786381801420e-38
8.084461523938498144e-38
8.084461523938498144e-38
8.084461523938498144e-38
8.084461523938498144e-38
8.084461523938498144e-38
7.853342537443168674e-38
7.853342537443168674e-38
7.853342537443168674e-38
6.871209838115045188e-38
4.058496101207984360e-38
4.058496101207984360e-38
4.058496101207984360e-38
4.058431273238311922e-38
4.058431273238041514e-38
4.058431273238040992e-38
4.058431273172761324e-38
4.058431273172761324e-38
4.058431273172761324e-38
4.058431273172327522e-38
4.058431259502313716e-38
4.058431259502313716e-38
4.058431259502313716e-38
4.058429873879793471e-38
4.058429873879793471e-38
2.721234505772094946e-38
2.721234504372823794e-38
2.721234504372823794e-38
2.721234504372823794e-38
2.713087566323240135e-38
2.046783416711463085e-38
2.046766142892493378e-38
2.046766142892493378e-38
2.046766142892493378e-38
2.046766142892493378e-38
2.046764410588598712e-38
2.045962042588037720e-38
1.081100303706093456e-38
1.081100303706093456e-38
1.081100303706093456e-38
1.081100303706093456e-38
1.081100303706093456e-38
1.081100303706092934e-38
1.081100303706092934e-38
1.076451478198377438e-38
9.896602189443949983e-39
9.894296424141848377e-39
9.894296424141848377e-39
9.894296424082718678e-39
9.894296424082718678e-39
5.034658033884959106e-39
5.034658033884959106e-39
5.034658033884959106e-39
4.917733807840366757e-39
4.917733807840366757e-39
4.917733749529507367e-39
4.833950743068003258e-39
3.911562635156940486e-39
3.911562635156934614e-39
3.911562635154956141e-39
3.911562635154956141e-39
2.422459669954943661e-39
2.422459669954943661e-39
2.422459669954943661e-39
2.422459669754079782e-39
2.422459669754079782e-39
2.422459669754079782e-39
2.422442775728051248e-39
2.422442775728051248e-39
2.422442747828435647e-39
2.422442747828435647e-39
2.422442747828435647e-39
2.422442747828435647e-39
2.422442747828368437e-39
2.422440619852754780e-39
2.422440619852754780e-39
2.422440619852754780e-39
2.422440619852754780e-39
1.526494712310698298e-39
1.526444945539405177e-39
1.526444945303631571e-39
1.526444945303631571e-39
1.526444945303631571e-39
1.526444945303631571e-39
1.248314083493797961e-39
1.246794739912562373e-39
1.245772577781837887e-39
6.485590207846693602e-40
6.485590207846693602e-40
6.485590207846693602e-40
6.485589220889031464e-40
6.485589220889031464e-40
6.485589220889031464e-40
6.439521119706575400e-40
6.439521119706575400e-40
6.439521119706575400e-40
6.439521119706575400e-40
6.105291649773995253e-40
6.105291649773995253e-40
6.105291649773995253e-40
6.105291649773995253e-40
6.104632029580095640e-40
3.054905800569787370e-40
3.054905800567439892e-40
2.928039938292650164e-40
2.928039938292650164e-40
2.928039938292650164e-40
2.928039926492547313e-40
2.928039926492547313e-40
2.928039926492521212e-40
2.928039926482031377e-40
2.928039926482031377e-40
2.928039924491254378e-40
2.242740047195289965e-40
2.242740047195289965e-40
2.226104452796700933e-40
2.226104452796700933e-40
2.226104452796700933e-40
1.528566404717967690e-40
1.528566351404726308e-40
1.528566351404726308e-40
1.528561843027424296e-40
1.528561843027424296e-40
1.528561843027424296e-40
1.528557296490495140e-40
1.528557296490495140e-40
1.528557296490495140e-40
1.528557296490495140e-40
1.528557296490495140e-40
9.174898506776798136e-41
9.174898506776763470e-41
9.174225349688785749e-41
9.174225349688785749e-41
7.988004194117166023e-41
7.988004193813511999e-41
7.982992400451009354e-41
7.982992400451009354e-41
7.970653970440495439e-41
7.970653970440495439e-41
7.970653970440495439e-41
3.901374300668598229e-41
3.901374300668598229e-41
3.901374083640582462e-41
3.901374083640582462e-41
3.901374083640582462e-41
3.849321977625683653e-41
3.849321977625683653e-41
3.849321977625683653e-41
3.724665800322029572e-41
3.724665800322029572e-41
3.724665800322029572e-41
2.028764312302272645e-41
2.028716446083813165e-41
1.900809036270990709e-41
1.900809036270990709e-41
1.900809036270990709e-41
1.900809036270617543e-41
1.900809036270617543e-41
1.900809036270617543e-41
1.900809036270505390e-41
1.900809036270505390e-41
1.900809036241100736e-41
1.900809036241100226e-41
1.900809032030015380e-41
1.900809032030015380e-41
1.900809029570625067e-41
1.384292038359372950e-41
1.384291781686676677e-41
1.384291781686676677e-41
1.379016600309403653e-41
1.037921879143412222e-41
1.037921879143412222e-41
1.037913565334899449e-41
1.037913565334899449e-41
1.037912274255287482e-41
1.037912274255287482e-41
1.037912274255287482e-41
5.658837306398990914e-42
5.658837306398990914e-42
5.658036840708982709e-42
5.658036840708982709e-42
5.658036840708982709e-42
5.658036840708982709e-42
5.658036840708977611e-42
5.658036840708977611e-42
5.658036840708977611e-42
5.154362383212729500e-42
5.154362383212729500e-42
5.137547748528680667e-42
5.136068924021820549e-42
5.136068923969659534e-42
5.136068923969659534e-42
2.624457036497141455e-42
2.568272695341023711e-42
2.568272646921327359e-42
2.568272646921327359e-42
2.568272646921327359e-42
2.568272646921327359e-42
2.520157976615175473e-42
2.520157976615175473e-42
2.520157976615175473e-42
2.157364605038726620e-42
1.367002262658628795e-42
1.367002262658628795e-42
1.367002262658628795e-42
1.366988307799575582e-42
1.366988307799170459e-42
1.366988307799169343e-42
1.366988307718774757e-42
1.366988307718774757e-42
1.366988307718774757e-42
1.366988307718712785e-42
1.366988294792708330e-42
1.366988294792708330e-42
1.366988294792708330e-42
1.366987258867919929e-42
9.058653088041875285e-43
9.058653088041875285e-43
9.058653085696429788e-43
9.058653085696429788e-43
9.042136696700073426e-43
7.311410890055140719e-43
7.311277853829284718e-43
7.311277853829284718e-43
7.311277853829284718e-43
7.311277853829284718e-43
7.311274529415950398e-43
7.306663510601711440e-43
7.306663510601711440e-43
3.936982544957462695e-43
3.936982544957462695e-43
3.936982544957462695e-43
3.936982544957462695e-43
3.936982544957462695e-43
3.936982544957461898e-43
3.936982544957461898e-43
3.912958808566162915e-43
3.694466924595123789e-43
3.693972716126780572e-43
3.693972716118072732e-43
3.693972716118072732e-43
2.005810091878967184e-43
2.005810091878967184e-43
1.940467435538804609e-43
1.940467435538804609e-43
1.940467435538804609e-43
1.940467423564777714e-43
1.940467423564777714e-43
1.919930168310642720e-43
1.539309395093101023e-43
1.539309395090304151e-43
1.539309395090293995e-43
1.053582979801942740e-43
1.053582979511106088e-43
1.053582979511106088e-43
1.053582979511106088e-43
1.053582979511106088e-43
1.053582979511106088e-43
1.053578588542774777e-43
1.053578556337352431e-43
1.053578556337352431e-43
1.053578556337352431e-43
1.053578556337352431e-43
1.053578556337345859e-43
1.053578556337345859e-43
1.053576541330339729e-43
1.053576541330339729e-43
1.053576541330339729e-43
6.669424746763645013e-44
6.669424746763645013e-44
6.669042226598625800e-44
6.669042226183046866e-44
6.669042226183046866e-44
5.774754607007232889e-44
5.774754607007232889e-44
5.770367087705058925e-44
5.763237246367234801e-44
3.142224546361919601e-44
3.142224280755969250e-44
3.142224280755969250e-44
3.111302516907697098e-44
3.111302516907697098e-44
3.111302516907697098e-44
3.111302516907697098e-44
3.111302516907697098e-44
3.005370817907916669e-44
3.005370817907916669e-44
3.005370817907916669e-44
3.005370817907916669e-44
3.005370817907916669e-44
3.005197247068475987e-44
1.696525363964748369e-44
1.696525363964418798e-44
1.696525363964418798e-44
1.606838958023268217e-44
1.606838955323325419e-44
1.606838955323325419e-44
1.606838955323265180e-44
1.606838955304549337e-44
1.606838955304549088e-44
1.228500478341861401e-44
1.228500476662535176e-44
1.223058892128562264e-44
1.223058892128562264e-44
1.223058892128562264e-44
9.216078411313543656e-45
9.216077594588121858e-45
9.216077594588121858e-45
9.216077594588121858e-45
9.216062878974525875e-45
9.216062878974525875e-45
9.216009373565185935e-45
9.216009373565185935e-45
9.216009373565185935e-45
9.216009373565185935e-45
9.216009373565185935e-45
5.655124854440585798e-45
5.655124854440585798e-45
5.655124854440585798e-45
5.654435516316895530e-45
5.145536094417032913e-45
5.145536094372285077e-45
5.143676238260806198e-45
5.143676238260806198e-45
5.132143612841224582e-45
5.132143612841224582e-45
2.789255347189949900e-45
2.789255347189949900e-45
2.789255278087173725e-45
2.741747697461093907e-45
2.741747697461093907e-45
2.741747697461093907e-45
2.741747697461093907e-45
2.741747697461093907e-45
2.686648719946517184e-45
2.686648719946517184e-45
2.686648719946517184e-45
1.661146649243829323e-45
1.661123421802379823e-45
1.535566556118587790e-45
1.535566556118587790e-45
1.535566556118574721e-45
1.535566556118574721e-45
1.535566556118235567e-45
1.535566556118235567e-45
1.535566556045614845e-45
1.535566556045613912e-45
1.535566547324418935e-45
1.535566547324418935e-45
1.535566546877570656e-45
1.123934846776022190e-45
1.123934423484616414e-45
1.123934423484616414e-45
1.121494811363405153e-45
9.144790217742995486e-46
9.144790217742995486e-46
9.144657874551651064e-46
9.144657874551651064e-46
9.144657874551651064e-46
9.144653091078470525e-46
9.144653091078470525e-46
5.355403718170577468e-46
5.355403718170577468e-46
5.355403718170577468e-46
5.354140423815454329e-46
5.354140423815454329e-46
5.354140423815454329e-46
5.354140423815454329e-46
5.041915876479014282e-46
5.041915876479014282e-46
5.020172241516914829e-46
5.020172241516914829e-46
5.019394798967536024e-46
5.019394798965501098e-46
5.019394798965501098e-46
2.890989347789935311e-46
2.815309462675805005e-46
2.815309449902464071e-46
2.815309449902464071e-46
2.783956888556220988e-46
2.783956888556220988e-46
2.783956888556220988e-46
2.783956888556220988e-46
2.377866453924089551e-46
2.377866453924089551e-46
1.683306461136990673e-46
1.683298580486867023e-46
1.683298580486867023e-46
1.683298580486867023e-46
1.683298580485132747e-46
1.683298580485126912e-46
1.683298580194869144e-46
1.683298580194869144e-46
1.683298580194869144e-46
1.683298543668837993e-46
1.683298543668837993e-46
1.683298543668837993e-46
1.683298543668837993e-46
1.683296156305912378e-46
1.156996010143026964e-46
1.156996010130901808e-46
1.156996010130901808e-46
1.155859115806310361e-46
1.001303239690622376e-46
1.001270802119766168e-46
1.001270802119766168e-46
1.001270802119766168e-46
1.001270698078904902e-46
1.000402191523050599e-46
1.000402191523050599e-46
5.905953364670460584e-47
5.905953364670460584e-47
5.905953364670460584e-47
5.905953364670460584e-47
5.905953364670460584e-47
5.905953364670460584e-47
5.861435151078940715e-47
5.861435151078940715e-47
5.656298758372487851e-47
5.655972647401257492e-47
5.655972647401249714e-47
3.477065479508304248e-47
3.342401595876977940e-47
3.342401595876977940e-47
3.342401595876977940e-47
3.342401595876977940e-47
3.342401595016106912e-47
3.322884582450531491e-47
2.699350137269022723e-47
2.699350137269022723e-47
2.699350137254186180e-47
2.699350137254122977e-47
2.060692387011358702e-47
2.060692385494812795e-47
2.060692385494812795e-47
2.060692385494812795e-47
2.060692385494812795e-47
2.060690242389424293e-47
2.060690242389424293e-47
2.060690104737059739e-47
2.060690104737059739e-47
2.060690104737059739e-47
2.060682789372166678e-47
2.060682789372166678e-47
2.060682789372166678e-47
2.060682789372166678e-47
1.374486694113492977e-47
1.374486694113492977e-47
1.374366423423546679e-47
1.374366423423493443e-47
1.251480778000649446e-47
1.251480778000649446e-47
1.251040993561711828e-47
1.251040993561711828e-47
1.249012673564069858e-47
7.549523117924548877e-48
7.549523089643862693e-48
7.549523089643862693e-48
7.549523089643862693e-48
7.459276984117842928e-48
7.459276984117842928e-48
7.459276984117842928e-48
7.459276984117842928e-48
7.311037468456032110e-48
7.311037468456032110e-48
7.311037468456032110e-48
7.311037468456032110e-48
7.310938602706842791e-48
4.759838738814794444e-48
4.759838738814794444e-48
4.479822864886243416e-48
4.479822864886243416e-48
4.479822864881446103e-48
4.479822864881446103e-48
4.479822864880865127e-48
4.479822864738396363e-48
4.479822864738394540e-48
3.502058320191298448e-48
3.502058309176606985e-48
3.494951566737507637e-48
3.494951566737507637e-48
2.877248718978131840e-48
2.877248718978131840e-48
2.877248170254927166e-48
2.877248170254927166e-48
2.877248170254927166e-48
2.877247970479492004e-48
2.877219906593190663e-48
2.877219906593190663e-48
2.877219906593190663e-48
2.877219906593190663e-48
1.884768608176794575e-48
1.884768608176794575e-48
1.884768608176794575e-48
1.884430059008436510e-48
1.779194277792809873e-48
1.779194277792809873e-48
1.779032943793696446e-48
1.779032943793696446e-48
1.779032943793696446e-48
1.773928029008175575e-48
1.773928029008175575e-48
1.098408091390911556e-48
1.098408091390911556e-48
1.098408091372338682e-48
1.076924437768375541e-48
1.076924437768375541e-48
1.076924437768375541e-48
1.066607528825131942e-48
1.066607528825131942e-48
1.066607528825131942e-48
7.520099855588498373e-49
7.520094853993506805e-49
6.908446797499959854e-49
6.908446797499959854e-49
6.908446797499959854e-49
6.908446797499959854e-49
6.908446797495146740e-49
6.908446796643122361e-49
6.908446796643110206e-49
6.908446796643110206e-49
6.908446708998134166e-49
6.908446708998134166e-49
6.908446708998134166e-49
5.212953088021959650e-49
5.212949543530718165e-49
5.212949543530718165e-49
5.210087944665651432e-49
4.567839946152506134e-49
4.567839946152506134e-49
4.567734051041814419e-49
4.567734051041814419e-49
4.567734049479783649e-49
4.567734049479783649e-49
2.940995217355142634e-49
2.939968164803482575e-49
2.939968164803482575e-49
2.939968164803482575e-49
2.939968164803482575e-49
2.939968164803482575e-49
2.852977475919210275e-49
2.852977475919210275e-49
2.838133637970459113e-49
2.838133637970459113e-49
2.838114006623582467e-49
2.838114006623582467e-49
2.838114006623582467e-49
1.859325765905450455e-49
1.804689052548558118e-49
1.804689052548556979e-49
1.804689052548556979e-49
1.799396526515737090e-49
1.799396526515737090e-49
1.799396526515737090e-49
1.551161092560289699e-49
1.224006352086184097e-49
1.224006352086184097e-49
1.224006347975353983e-49
1.224006347975353983e-49
1.224006347971554047e-49
1.224006347971538664e-49
1.224006347424650366e-49
1.224006347424650366e-49
1.224006293284303501e-49
1.224006293284303501e-49
1.224006293284303501e-49
1.224006293284303501e-49
1.224006293284303501e-49
1.224003367652490173e-49
8.861285762117741037e-50
8.861285762117741037e-50
8.861285762117741037e-50
8.212376275827747598e-50
8.212036518578332591e-50
8.211610022393029178e-50
8.211610022393029178e-50
8.211610022393029178e-50
8.202542698448887887e-50
8.202542698448780587e-50
8.202542698448780587e-50
5.356175715879772589e-50
5.356175715879772589e-50
5.356175715879772589e-50
5.309436051845825576e-50
5.309436051845825576e-50
5.256908802426560451e-50
5.256908593473488104e-50
5.256908593473488104e-50
3.680354059688239940e-50
3.520964478915750143e-50
3.520964478915750143e-50
3.520964478915750143e-50
3.520964478915750143e-50
3.520964478915750143e-50
3.520964478915750143e-50
3.519998635566682478e-50
2.915978647430604933e-50
2.915978647430604933e-50
2.915978647386505617e-50
2.915978647386287694e-50
2.500789657549863786e-50
2.500789653057520181e-50
2.500789653057519706e-50
2.500789653057519706e-50
2.500789314700828047e-50
2.500789314700461043e-50
2.500789314700461043e-50
2.500774096030945294e-50
2.500774096030945294e-50
2.500774096030945294e-50
2.500774096030945294e-50
1.765100483666907753e-50
1.765100483666907753e-50
1.764877195137087252e-50
1.764877195137087252e-50
1.764877195137087252e-50
1.715877506176318126e-50
1.715877506176318126e-50
1.715877046002467028e-50
1.712331006742501922e-50
1.151245734485805086e-50
1.151245734485805086e-50
1.151245734485805086e-50
1.135022522093662465e-50
1.135022522093662465e-50
1.135022522093662465e-50
1.133864437596993607e-50
1.133864437596993607e-50
1.133864437596993607e-50
1.133864437594916215e-50
8.686642978147832324e-51
8.113067929355014741e-51
8.113067929355014741e-51
8.113067929355014741e-51
8.113067929355014741e-51
8.113067929355014741e-51
8.113067929351560728e-51
8.113067928679792040e-51
8.113067928679778983e-51
8.113067857892436576e-51
6.462374060828199089e-51
6.462363963963754039e-51
6.462363963963754039e-51
6.462363963963754039e-51
6.057906975785802438e-51
6.057904501571931040e-51
6.057904501571931040e-51
6.057904501571931040e-51
6.057904501571931040e-51
6.057803294880149095e-51
6.057803294880149095e-51
4.196464179354566284e-51
4.196464179354566284e-51
4.196464179354566284e-51
4.195332822096451365e-51
4.181759478883733380e-51
4.181759478883733380e-51
4.181759478883733380e-51
4.181759478825321395e-51
4.181759478825321395e-51
4.165877042831042524e-51
4.165877042831042524e-51
2.993183423441366983e-51
2.993183423441366983e-51
2.993183423441366983e-51
2.921350132469677723e-51
2.921350132469677723e-51
2.921350132469677723e-51
2.921326307147637356e-51
2.556445327576424378e-51
2.300378236716700679e-51
2.300378236716700679e-51
2.300378236716700679e-51
2.300378236711237463e-51
2.300378236711237463e-51
2.300378235902671769e-51
2.300378235902651888e-51
2.300378235902651888e-51
2.300378164984798243e-51
2.300378164984798243e-51
1.745115702674791057e-51
1.745115702674791057e-51
1.745113375727166771e-51
1.745113375727166771e-51
1.745113375727166771e-51
1.745113375569809486e-51
1.730197577817013543e-51
1.730197577817013543e-51
1.730123564171131991e-51
1.730123564171131991e-51
1.730123564171131991e-51
1.730123564171131991e-51
1.219618868373632486e-51
1.218897224362138148e-51
1.218897224362138148e-51
1.218897224362138148e-51
1.218897224362138148e-51
1.210000121772361881e-51
1.209964980293021405e-51
1.209964980293021405e-51
1.209964980293021405e-51
1.209964980293021405e-51
1.002883178453416556e-51
9.605441077408985897e-52
9.605441077408985897e-52
9.605441077408985897e-52
9.605441077408985897e-52
9.605441077408985897e-52
9.605441071904124859e-52
8.114435791561918191e-52
7.963474917912638754e-52
7.963474917912638754e-52
7.963474917814613338e-52
7.963474917814613338e-52
7.963474917814143010e-52
7.963474905738963336e-52
7.963474905738961853e-52
7.963473942555986731e-52
7.963473942555986731e-52
7.963473942555986731e-52
7.963473942555986731e-52
7.963430500654157339e-52
5.838488273713386249e-52
5.838488273713386249e-52
5.837851662320063566e-52
5.837329392585370944e-52
5.837329392585370944e-52
5.837329392585370944e-52
5.837329392585370944e-52
5.826405154643201191e-52
5.826405154643201191e-52
4.639655953538463399e-52
4.639655953538463399e-52
4.639655953538463399e-52
4.639655953538463399e-52
4.571205324397389490e-52
4.571205313678248849e-52
4.571205313678248849e-52
4.406827070839623352e-52
4.406827070839623352e-52
4.061249992973566372e-52
4.061249992973566372e-52
4.061249992973566372e-52
4.061249992973566372e-52
3.231664420315358732e-52
3.231664420315358732e-52
3.231664420315358732e-52
3.231664420114193646e-52
3.231664420113035261e-52
3.231664397576487711e-52
3.231664397576483631e-52
3.230907643589824641e-52
3.230907643589824641e-52
3.230906222178232729e-52
3.230906222178232729e-52
3.230906222178232729e-52
3.230852205300350904e-52
3.230852205300350904e-52
3.230852205300350904e-52
2.548111192788653118e-52
2.548111192788653118e-52
2.547309024612344716e-52
2.547309024612344716e-52
2.547309024612344716e-52
2.547309003358986277e-52
2.547309003358986277e-52
2.536206845149599729e-52
2.536206845149599729e-52
2.408008061081845691e-52
2.408008061081845691e-52
2.408008061081845691e-52
2.328505401465889125e-52
2.328505401465889125e-52
2.328505401465889125e-52
2.328505401465889125e-52
2.328505401465889125e-52
2.328505401465889125e-52
2.327133614631599786e-52
2.026282166539354203e-52
2.026282166539354203e-52
2.026282166539354203e-52
2.026282166533680601e-52
2.026282165637392478e-52
2.026282165637369852e-52
2.026282086204171543e-52
1.644166384412824295e-52
1.644166384412824295e-52
1.644166384412824295e-52
1.644166384412824295e-52
1.644163603779563758e-52
1.644163561906892460e-52
1.644163561906892460e-52
1.644163561906892460e-52
1.644071007286472889e-52
1.644071007286472889e-52
1.644071007286472889e-52
1.644071007286472889e-52
1.543446996271866195e-52
1.541873481878994865e-52
1.541873481878994865e-52
1.541873481878994865e-52
1.541873481878994865e-52
1.524131674002804514e-52
1.524131674002804514e-52
1.524131674002804514e-52
1.522620355903409094e-52
1.522620355903409094e-52
1.522620355903409094e-52
1.421234905058511571e-52
1.421234905058511571e-52
1.421234905058511571e-52
1.220426310884177805e-52
1.220426230300357227e-52
1.220426230300357227e-52
1.220426230300357227e-52
1.220426230277032070e-52
1.220426230276927841e-52
1.220426227361931348e-52
1.220426227361931348e-52
1.220426009687623885e-52
1.220426009687623700e-52
1.143865562086459424e-52
1.143865562086459424e-52
1.143856656880110017e-52
1.143856656880110017e-52
1.143856656880110017e-52
1.143856656880110017e-52
1.143856656880110017e-52
1.143617022254488267e-52
1.143617022254488267e-52
1.143617022254488267e-52
1.139830533324694732e-52
1.138234427060671737e-52
1.138234427060671737e-52
1.138234427060671737e-52
1.138234427060671737e-52
1.106807485505568443e-52
1.106807485505568443e-52
1.106807485505568443e-52
1.106807485505568443e-52
1.106807315006280675e-52
1.011619500134986667e-52
1.011619500134986667e-52
1.011619500134986667e-52
1.011619500134986667e-52
1.011619500134986667e-52
1.011619500134986667e-52
1.011619500134986667e-52
9.579726788492026060e-53
9.579726788492026060e-53
9.579726788492024205e-53
9.579726787203553555e-53
9.579726787196272384e-53
9.579726651520228764e-53
9.579726651520204654e-53
9.579717777212246860e-53
9.579717777212246860e-53
9.579717777212246860e-53
9.579717777212246860e-53
9.579383618706494811e-53
9.563795764084547392e-53
9.563795764084547392e-53
9.556440312621126217e-53
9.556440312621126217e-53
9.556440312621126217e-53
9.556440312621126217e-53
9.556440312621126217e-53
9.469581398457137541e-53
9.469581398457137541e-53
9.469579040760353688e-53
9.469579040760353688e-53
9.080349705017845167e-53
9.080349705017845167e-53
9.080349705017845167e-53
9.080349705017845167e-53
9.080349705017843312e-53
9.080349705017843312e-53
9.080349705017843312e-53
9.080349705017843312e-53
8.757110264382930677e-53
8.757110264382930677e-53
8.757110264382930677e-53
8.757110264328381236e-53
8.757110256194984212e-53
8.743959730654340753e-53
8.743959730654125619e-53
8.743958982729775139e-53
8.743958982729775139e-53
8.743958982729775139e-53
8.743958982729775139e-53
8.743919427149099626e-53
8.743919427149099626e-53
8.742696503558385618e-53
8.742696503558385618e-53
8.742693724191668944e-53
8.742693724191668944e-53
8.722415189139721423e-53
8.722415189139721423e-53
8.722415189139721423e-53
8.722415189139721423e-53
8.722415189139721423e-53
8.591892190959224390e-53
8.591892190959224390e-53
8.591892190959224390e-53
8.591892190959220681e-53
8.591892190959220681e-53
8.591892190959220681e-53
8.435030602564307318e-53
8.435030602564307318e-53
8.435030602564307318e-53
8.435030602564307318e-53
8.435030602564307318e-53
8.426067197998283376e-53
8.426067197998283376e-53
8.426067197616782250e-53
8.426067147792076861e-53
8.426067147790279751e-53
8.426063431959785469e-53
8.426060826045333286e-53
8.426060826045327723e-53
8.426060826045327723e-53
8.425899457122003743e-53
8.425899457122003743e-53
8.425899457122003743e-53
8.425899457122003743e-53
8.425899457122003743e-53
8.422148357468258092e-53
8.422148357468258092e-53
8.422148357468258092e-53
8.422148357468258092e-53
8.422148357468254383e-53
8.388059460410271755e-53
8.388059460410271755e-53
8.388059460410271755e-53
8.329871906592951934e-53
8.329871906592951934e-53
8.329871906592951934e-53
8.329871906592951934e-53
8.329871906592951934e-53
8.329871906592951934e-53
8.325215237427267210e-53
8.325215237427267210e-53
8.325213369375276167e-53
8.325213369375276167e-53
8.325213369375276167e-53
8.325213369375276167e-53
8.325213366911049297e-53
8.325213366911049297e-53
8.325213366897782393e-53
8.325213106671914308e-53
8.325213106671914308e-53
8.325213106671869797e-53
8.325197170585488421e-53
8.325197170585488421e-53
8.325197170585488421e-53
8.325197170585484712e-53
8.324676680320919472e-53
8.324676680320919472e-53
8.318034945041185898e-53
8.318034945041185898e-53
8.318034945041185898e-53
8.302101629464416815e-53
8.302101629464416815e-53
8.302101629464416815e-53
8.302101629464416815e-53
8.302101629464416815e-53
8.302101629464416815e-53
8.300321245445892978e-53
8.300321245445892978e-53
8.300321245445892978e-53
8.300321245445892978e-53
8.300320256737915210e-53
8.300320256737915210e-53
8.300320256737915210e-53
8.300320256737915210e-53
8.300320256737915210e-53
8.300320256737915210e-53
8.300320256737911501e-53
8.300320243632685279e-53
8.300320243545417859e-53
8.300319107135787556e-53
8.300319107135457437e-53
8.300266765137464191e-53
8.300266765137464191e-53
8.300266765137462337e-53
8.300266765137462337e-53
8.299327994081865701e-53
8.299327994081865701e-53
8.299327994081865701e-53
8.299327994081865701e-53
8.296170207041541868e-53
8.296170207041541868e-53
8.296170207041541868e-53
8.296170207041541868e-53
8.295677569671053008e-53
8.295677569671053008e-53
8.295677569671053008e-53
8.295677569671053008e-53
8.295677189681947263e-53
8.295677189681947263e-53
8.295677189681947263e-53
8.295677189681947263e-53
8.295677189681947263e-53
8.295677189681947263e-53
8.295677189681945408e-53
8.295677189681945408e-53
8.295677189215570227e-53
8.295677131705478715e-53
8.295677131705478715e-53
8.295677131703305120e-53
8.295677131703305120e-53
8.295673380933410304e-53
8.295673380933404740e-53
8.295578509429892403e-53
8.295578509429892403e-53
8.295578509429892403e-53
8.295130111703505037e-53
8.295130111703505037e-53
8.295130111703505037e-53
8.295130111703505037e-53
8.295130111703505037e-53
8.295032206900231033e-53
8.295032206900231033e-53
8.295032206900231033e-53
8.295032206900231033e-53
8.295032101638456593e-53
8.295032101638456593e-53
8.295032101638456593e-53
8.295032101638456593e-53
8.295032101638456593e-53
8.295032101638456593e-53
8.295032101638456593e-53
8.295032101638456593e-53
8.295032101638456593e-53
8.295032101638456593e-53
8.295032099589875946e-53
8.295031909592250459e-53
8.295031909580619316e-53
8.295025104602927222e-53
8.295025104602927222e-53
8.295025104602891057e-53
8.295025104602891057e-53
8.295025104602891057e-53
8.295025104602891057e-53
8.294979748126793501e-53
8.294979748126793501e-53
8.294979748126793501e-53
8.294965838229688366e-53
8.294965838229688366e-53
8.294965838229688366e-53
8.294965838229688366e-53
8.294965817306464483e-53
8.294965817306464483e-53
8.294965817306464483e-53
8.294965817306464483e-53
8.294965817306464483e-53
8.294965817306464483e-53
8.294965817306464483e-53
8.294965817306464483e-53
8.294965817306464483e-53
8.294965817306464483e-53
8.294965817306464483e-53
8.294965817306464483e-53
8.294965817306464483e-53
8.294965817306464483e-53
8.294965817306464483e-53
8.294965810537567561e-53
8.294965810486472319e-53
8.294965465727777514e-53
8.294965465727575362e-53
8.294962211943391995e-53
8.294962211943391995e-53
8.294962211943391995e-53
8.294960804809300879e-53
8.294960804809300879e-53
8.294960804809300879e-53
8.294960804809300879e-53
8.294960801836545555e-53
8.294960801836545555e-53
8.294960801836545555e-53
8.294960801836545555e-53
8.294960801836545555e-53
8.294960801836545555e-53
8.294960801836545555e-53
8.294960801836545555e-53
8.294960801836545555e-53
8.294960801836545555e-53
8.294960801836545555e-53
8.294960801836545555e-53
8.294960801836545555e-53
8.294960801836545555e-53
8.294960801836545555e-53
8.294960789553915545e-53
8.294960789385083608e-53
8.294960624537146227e-53
8.294960624536258799e-53
8.294960624536258799e-53
8.294960624536258799e-53
8.294960523590316339e-53
8.294960523590314484e-53
8.294960523289587814e-53
8.294960523289587814e-53
8.294960523289587814e-53
8.294960523289587814e-53
8.294960523289587814e-53
8.294960523289587814e-53
8.294960523289587814e-53
8.294960523289587814e-53
8.294960523289587814e-53
8.294960523289587814e-53
8.294960523289587814e-53
8.294960523289587814e-53
8.294960523289587814e-53
8.294960523289587814e-53
8.294960523289587814e-53
8.294960523289587814e-53
8.294960523289587814e-53
8.294960523289587814e-53
8.294960522983232423e-53
8.294960517110230263e-53
8.294960517110230263e-53
8.294960517107296281e-53
8.294960511993022440e-53
8.294960511993011312e-53
8.294960511971437642e-53
8.294960511971437642e-53
8.294960511971437642e-53
8.294960511971437642e-53
8.294960511971437642e-53
8.294960511971437642e-53
8.294960511971437642e-53
8.294960511971437642e-53
8.294960511971437642e-53
8.294960511971437642e-53
8.294960511971437642e-53
8.294960511971437642e-53
8.294960511971437642e-53
8.294960511971437642e-53
8.294960511971437642e-53
8.294960511971437642e-53
8.294960511971437642e-53
8.294960511971437642e-53
8.294960511971437642e-53
8.294960511824951818e-53
8.294960511642746339e-53
8.294960511637421773e-53
8.294960511637421773e-53
8.294960511636329412e-53
8.294960511636294175e-53
8.294960511636294175e-53
8.294960511636294175e-53
8.294960511636294175e-53
8.294960511636294175e-53
8.294960511636294175e-53
8.294960511636294175e-53
8.294960511636294175e-53
8.294960511636294175e-53
8.294960511636294175e-53
8.294960511636294175e-53
8.294960511636294175e-53
8.294960511636294175e-53
8.294960511636294175e-53
8.294960511636294175e-53
8.294960511636294175e-53
8.294960511636294175e-53
8.294960511636294175e-53
8.294960511636294175e-53
8.294960511636294175e-53
8.294960511631748543e-53
8.294960511629203100e-53
8.294960511629165080e-53
8.294960511629165080e-53
8.294960511629100169e-53
8.294960511629100169e-53
8.294960511629100169e-53
8.294960511629100169e-53
8.294960511629100169e-53
8.294960511629100169e-53
8.294960511629100169e-53
8.294960511629100169e-53
8.294960511629100169e-53
8.294960511629100169e-53
8.294960511629100169e-53
8.294960511629100169e-53
8.294960511629100169e-53
8.294960511629100169e-53
8.294960511629100169e-53
8.294960511629100169e-53
8.294960511629100169e-53
8.294960511629100169e-53
8.294960511629100169e-53
8.294960511629021349e-53
8.294960511629019494e-53
8.294960511628989820e-53
8.294960511628989820e-53
8.294960511628989820e-53
8.294960511628989820e-53
8.294960511628989820e-53
8.294960511628987966e-53
8.294960511628987966e-53
8.294960511628987966e-53
8.294960511628987966e-53
8.294960511628987966e-53
8.294960511628987966e-53
8.294960511628987966e-53
8.294960511628987966e-53
8.294960511628987966e-53
8.294960511628987966e-53
8.294960511628987966e-53
8.294960511628987966e-53
8.294960511628987966e-53
8.294960511628987966e-53
8.294960511628987966e-53
8.294960511628987966e-53
8.294960511628987966e-53
8.294960511628987966e-53
8.294960511628987966e-53
8.294960511628987966e-53
8.294960511628987966e-53
8.294960511628987966e-53
8.294960511628987966e-53
8.294960511628987966e-53
8.294960511628987966e-53
8.294960511628987966e-53
8.294960511628987966e-53
8.294960511628987966e-53
8.294960511628987966e-53
8.294960511628987966e-53
8.294960511628987966e-53
8.294960511628987966e-53
8.294960511628987966e-53
8.294960511628987966e-53
8.294960511628987966e-53
8.294960511628987966e-53
8.294960511628987966e-53
8.294960511628987966e-53
8.294960511628987966e-53
8.294960511628987966e-53
8.294960511628987966e-53
8.294960511628987966e-53
8.294960511628987966e-53
8.294960511628987966e-53
8.294960511628987966e-53
8.294960511628987966e-53
8.294960511628987966e-53
8.294960511628987966e-53
8.294960511628987966e-53
8.294960511628987966e-53
8.294960511628987966e-53
8.294960511628987966e-53
8.294960511628987966e-53
8.294960511628987966e-53
8.294960511628987966e-53
8.294960511628987966e-53
8.294960511628987966e-53
8.294960511628987966e-53
8.294960511628987966e-53
8.294960511628987966e-53
8.294960511628987966e-53
8.294960511628987966e-53
8.294960511628987966e-53
8.294960511628987966e-53
8.294960511628987966e-53
8.294960511628987966e-53
8.294960511628987966e-53
8.294960511628987966e-53
8.294960511628987966e-53
8.294960511628987966e-53
8.294960511628987966e-53
8.294960511628987966e-53
8.294960511628987966e-53
8.294960511628987966e-53
8.294960511628987966e-53
8.294960511628987966e-53
8.294960511628987966e-53
8.294960511628987966e-53
8.294960511628987966e-53
8.294960511628987966e-53
8.294960511628987966e-53
8.294960511628987966e-53
8.294960511628987966e-53
8.294960511628987966e-53
8.294960511628987966e-53
8.294960511628987966e-53
8.294960511628987966e-53
8.294960511628987966e-53
8.294960511628987966e-53
8.294960511628987966e-53
8.294960511628987966e-53
8.294960511628987966e-53
8.294960511628987966e-53
8.294960511628987966e-53
8.294960511628987966e-53
8.294960511628987966e-53
8.294960511628987966e-53
8.294960511628987966e-53
8.294960511628987966e-53
8.294960511628987966e-53
8.294960511628987966e-53
8.294960511628987966e-53
8.294960511628987966e-53
8.294960511628987966e-53
8.294960511628987966e-53
8.294960511628987966e-53
8.294960511628987966e-53
8.294960511628987966e-53
8.294960511628987966e-53
8.294960511628987966e-53
8.294960511628987966e-53
8.294960511628987966e-53
8.294960511628987966e-53
8.294960511628987966e-53
8.294960511628987966e-53
8.294960511628987966e-53
8.294960511628987966e-53
8.294960511628987966e-53
8.294960511628987966e-53
8.294960511628987966e-53
8.294960511628987966e-53
8.294960511628987966e-53
8.294960511628987966e-53
8.294960511628987966e-53
8.294960511628987966e-53
8.294960511628987966e-53
8.294960511628987966e-53
8.294960511628987966e-53
8.294960511628987966e-53
8.294960511628987966e-53
8.294960511628987966e-53
8.294960511628987966e-53
8.294960511628987966e-53
8.294960511628987966e-53
8.294960511628987966e-53
8.294960511628987966e-53
8.294960511628987966e-53
8.294960511628987966e-53
8.294960511628987966e-53
8.294960511628987966e-53
8.294960511628987966e-53
8.294960511628987966e-53
8.294960511628987966e-53
8.294960511628987966e-53
8.294960511628987966e-53
8.294960511628987966e-53
8.294960511628987966e-53
8.294960511628987966e-53
8.294960511628987966e-53
8.294960511628987966e-53
8.294960511628987966e-53
8.294960511628987966e-53
8.294960511628987966e-53
8.294960511628987966e-53
8.294960511628987966e-53
8.294960511628987966e-53
8.294960511628987966e-53
8.294960511628987966e-53
8.294960511628987966e-53
8.294960511628987966e-53
8.294960511628987966e-53
8.294960511628987966e-53
8.294960511628987966e-53
8.294960511628987966e-53
8.294960511628987966e-53
8.294960511628987966e-53
8.294960511628987966e-53
8.294960511628987966e-53
8.294960511628987966e-53
8.294960511628987966e-53
8.294960511628987966e-53
8.294960511628987966e-53
8.294960511628987966e-53
8.294960511628987966e-53
8.294960511628987966e-53
8.294960511628987966e-53
8.294960511628987966e-53
8.294960511628987966e-53
8.294960511628987966e-53
8.294960511628987966e-53
8.294960511628987966e-53
8.294960511628987966e-53
8.294960511628987966e-53
8.294960511628987966e-53
8.294960511628987966e-53
8.294960511628987966e-53
8.294960511628987966e-53
8.294960511628987966e-53
8.294960511628987966e-53
8.294960511628987966e-53
8.294960511628987966e-53
8.294960511628987966e-53
8.294960511628987966e-53
8.294960511628987966e-53
8.294960511628987966e-53
8.294960511628987966e-53
8.294960511628987966e-53
8.294960511628987966e-53
8.294960511628987966e-53
8.294960511628987966e-53
8.294960511628987966e-53
8.294960511628987966e-53
8.294960511628987966e-53
8.294960511628987966e-53
8.294960511628987966e-53
8.294960511628987966e-53
8.294960511628987966e-53
8.294960511628987966e-53
8.294960511628987966e-53
8.294960511628987966e-53
8.294960511628987966e-53
8.294960511628987966e-53
8.294960511628987966e-53
8.294960511628987966e-53
8.294960511628987966e-53
8.294960511628987966e-53
8.294960511628987966e-53
8.294960511628987966e-53
8.294960511628987966e-53
8.294960511628987966e-53
8.294960511628987966e-53
8.294960511628987966e-53
8.294960511628987966e-53
8.294960511628987966e-53
8.294960511628987966e-53
8.294960511628987966e-53
8.294960511628987966e-53
8.294960511628987966e-53
8.294960511628987966e-53
8.294960511628987966e-53
8.294960511628987966e-53
8.294960511628987966e-53
8.294960511628987966e-53
8.294960511628987966e-53
8.294960511628987966e-53
8.294960511628987966e-53
8.294960511628987966e-53
8.294960511628987966e-53
8.294960511628987966e-53
8.294960511628987966e-53
8.294960511628987966e-53
8.294960511628987966e-53
8.294960511628987966e-53
8.294960511628987966e-53
8.294960511628987966e-53
8.294960511628987966e-53
8.294960511628987966e-53
8.294960511628987966e-53
8.294960511628987966e-53
8.294960511628987966e-53
8.294960511628987966e-53
8.294960511628987966e-53
8.294960511628987966e-53
8.294960511628987966e-53
8.294960511628987966e-53
8.294960511628987966e-53
8.294960511628987966e-53
8.294960511628987966e-53
8.294960511628987966e-53
8.294960511628987966e-53
8.294960511628987966e-53
8.294960511628987966e-53
8.294960511628987966e-53
8.294960511628987966e-53
8.294960511628987966e-53
8.294960511628987966e-53
8.294960511628987966e-53
8.294960511628987966e-53
8.294960511628987966e-53
8.294960511628987966e-53
8.294960511628987966e-53
8.294960511628987966e-53
8.294960511628987966e-53
8.294960511628987966e-53
8.294960511628987966e-53
8.294960511628987966e-53
8.294960511628987966e-53
8.294960511628987966e-53
8.294960511628987966e-53
8.294960511628987966e-53
8.294960511628987966e-53
8.294960511628987966e-53
8.294960511628987966e-53
8.294960511628987966e-53
8.294960511628987966e-53
8.294960511628987966e-53
8.294960511628987966e-53
8.294960511628987966e-53
8.294960511628987966e-53
8.294960511628987966e-53
8.294960511628987966e-53
8.294960511628987966e-53
8.294960511628987966e-53
8.294960511628987966e-53
8.294960511628987966e-53
8.294960511628987966e-53
8.294960511628987966e-53
8.294960511628987966e-53
8.294960511628987966e-53
8.294960511628987966e-53
8.294960511628987966e-53
8.294960511628987966e-53
8.294960511628987966e-53
8.294960511628987966e-53
8.294960511628987966e-53
8.294960511628987966e-53
8.294960511628987966e-53
8.294960511628987966e-53
8.294960511628987966e-53
8.294960511628987966e-53
8.294960511628987966e-53
8.294960511628987966e-53
8.294960511628987966e-53
8.294960511628987966e-53
8.294960511628987966e-53
8.294960511628987966e-53
8.294960511628987966e-53
8.294960511628987966e-53
8.294960511628987966e-53
8.294960511628987966e-53
8.294960511628987966e-53
8.294960511628987966e-53
