1.000000000000084821e+00
1.000000000000084821e+00
1.000000000000084821e+00
1.000000000000029976e+00
1.000000000000029976e+00
1.000000000000029976e+00
1.000000000000029976e+00
1.000000000000029976e+00
1.000000000000029976e+00
1.000000000000029976e+00
1.000000000000029754e+00
1.000000000000025757e+00
1.000000000000025757e+00
1.000000000000025535e+00
1.000000000000025535e+00
1.000000000000025535e+00
1.000000000000025535e+00
1.000000000000025535e+00
1.000000000000025535e+00
1.000000000000025535e+00
1.000000000000025535e+00
1.000000000000025535e+00
1.000000000000025757e+00
1.000000000000025535e+00
1.000000000000025535e+00
1.000000000000025535e+00
1.000000000000025757e+00
1.000000000000025757e+00
1.000000000000025757e+00
1.000000000000025757e+00
1.000000000000025757e+00
1.000000000000025757e+00
1.000000000000025757e+00
1.000000000000025535e+00
1.000000000000025757e+00
1.000000000000025757e+00
1.000000000000025757e+00
1.000000000000025535e+00
1.000000000000025757e+00
1.000000000000025757e+00
1.000000000000025757e+00
1.000000000000025757e+00
1.000000000000025757e+00
1.000000000000025757e+00
1.000000000000025757e+00
1.000000000000025757e+00
1.000000000000025757e+00
1.000000000000025757e+00
1.000000000000025757e+00
1.000000000000025535e+00
1.000000000000025757e+00
1.000000000000025535e+00
1.000000000000025535e+00
1.000000000000025535e+00
1.000000000000025535e+00
1.000000000000025535e+00
1.000000000000025535e+00
1.000000000000025535e+00
1.000000000000025535e+00
1.000000000000025535e+00
1.000000000000025757e+00
1.000000000000025757e+00
1.000000000000025757e+00
1.000000000000025757e+00
1.000000000000025757e+00
1.000000000000025757e+00
1.000000000000025757e+00
1.000000000000025757e+00
1.000000000000025757e+00
1.000000000000025757e+00
1.000000000000025757e+00
1.000000000000025757e+00
1.000000000000025757e+00
1.000000000000025757e+00
1.000000000000025757e+00
1.000000000000025757e+00
1.000000000000025757e+00
1.000000000000025757e+00
1.000000000000025757e+00
1.000000000000025757e+00
1.000000000000025757e+00
1.000000000000025757e+00
1.000000000000025757e+00
1.000000000000025757e+00
1.000000000000025757e+00
1.000000000000025757e+00
1.000000000000025757e+00
1.000000000000025757e+00
1.000000000000025535e+00
1.000000000000025535e+00
1.000000000000025535e+00
1.000000000000025535e+00
1.000000000000025535e+00
1.000000000000025757e+00
1.000000000000025757e+00
1.000000000000025757e+00
1.000000000000025535e+00
1.000000000000025535e+00
1.000000000000025535e+00
1.000000000000025535e+00
1.000000000000025535e+00
1.000000000000025535e+00
1.000000000000025535e+00
1.000000000000025535e+00
1.000000000000025535e+00
1.000000000000025535e+00
1.000000000000025535e+00
1.000000000000025535e+00
1.000000000000025535e+00
1.000000000000025535e+00
1.000000000000025535e+00
1.000000000000025535e+00
1.000000000000025535e+00
1.000000000000025535e+00
1.000000000000025535e+00
1.000000000000025535e+00
1.000000000000025535e+00
1.000000000000025535e+00
1.000000000000025535e+00
1.000000000000025535e+00
1.000000000000025535e+00
1.000000000000025535e+00
1.000000000000025535e+00
1.000000000000025535e+00
1.000000000000025535e+00
1.000000000000025535e+00
1.000000000000025535e+00
1.000000000000025535e+00
1.000000000000025535e+00
1.000000000000025535e+00
1.000000000000025535e+00
1.000000000000025535e+00
1.000000000000025535e+00
1.000000000000025535e+00
1.000000000000025535e+00
1.000000000000025535e+00
1.000000000000025535e+00
1.000000000000025535e+00
1.000000000000025535e+00
1.000000000000025535e+00
1.000000000000025535e+00
1.000000000000025535e+00
1.000000000000025535e+00
1.000000000000025535e+00
1.000000000000025535e+00
1.000000000000025757e+00
1.000000000000025757e+00
1.000000000000025757e+00
1.000000000000025757e+00
1.000000000000025535e+00
1.000000000000025535e+00
1.000000000000025535e+00
1.000000000000025757e+00
1.000000000000025757e+00
1.000000000000025535e+00
1.000000000000025535e+00
1.000000000000025535e+00
1.000000000000025535e+00
1.000000000000025757e+00
1.000000000000025535e+00
1.000000000000025535e+00
1.000000000000025535e+00
1.000000000000025535e+00
1.000000000000025535e+00
1.000000000000025535e+00
1.000000000000025535e+00
1.000000000000025535e+00
1.000000000000025535e+00
1.000000000000025535e+00
1.000000000000025757e+00
1.000000000000025535e+00
1.000000000000025535e+00
1.000000000000025535e+00
1.000000000000025757e+00
1.000000000000025757e+00
1.000000000000025535e+00
1.000000000000025535e+00
1.000000000000025535e+00
1.000000000000025535e+00
1.000000000000025535e+00
1.000000000000025535e+00
1.000000000000025535e+00
1.000000000000025535e+00
1.000000000000025535e+00
1.000000000000025535e+00
1.000000000000025535e+00
1.000000000000025535e+00
1.000000000000025535e+00
1.000000000000025535e+00
1.000000000000025535e+00
1.000000000000025535e+00
1.000000000000025535e+00
1.000000000000021760e+00
1.000000000000021760e+00
1.000000000000021760e+00
1.000000000000021760e+00
1.000000000000021760e+00
1.000000000000021760e+00
1.000000000000021760e+00
1.000000000000021760e+00
1.000000000000021760e+00
1.000000000000021760e+00
1.000000000000021760e+00
1.000000000000021760e+00
1.000000000000021760e+00
1.000000000000021760e+00
1.000000000000021760e+00
1.000000000000021760e+00
1.000000000000021760e+00
1.000000000000021760e+00
1.000000000000021760e+00
1.000000000000021760e+00
1.000000000000021760e+00
1.000000000000021760e+00
1.000000000000021760e+00
1.000000000000021760e+00
1.000000000000021760e+00
1.000000000000021760e+00
1.000000000000021760e+00
1.000000000000021760e+00
1.000000000000021760e+00
1.000000000000021760e+00
1.000000000000021760e+00
1.000000000000021760e+00
1.000000000000021760e+00
1.000000000000020650e+00
1.000000000000020650e+00
1.000000000000020650e+00
1.000000000000020650e+00
1.000000000000020650e+00
1.000000000000020650e+00
1.000000000000020650e+00
1.000000000000020650e+00
1.000000000000020650e+00
1.000000000000020650e+00
1.000000000000020650e+00
1.000000000000020650e+00
1.000000000000020650e+00
1.000000000000020650e+00
1.000000000000020650e+00
1.000000000000020650e+00
1.000000000000020650e+00
1.000000000000020650e+00
1.000000000000020650e+00
1.000000000000020650e+00
1.000000000000020650e+00
1.000000000000020650e+00
1.000000000000020650e+00
1.000000000000020650e+00
1.000000000000020650e+00
1.000000000000020650e+00
1.000000000000020650e+00
1.000000000000020650e+00
1.000000000000020650e+00
1.000000000000020650e+00
1.000000000000020650e+00
1.000000000000020650e+00
1.000000000000020650e+00
1.000000000000020650e+00
1.000000000000020650e+00
9.999999999999589217e-01
9.999999999994814148e-01
9.999999999994813038e-01
9.999999999994813038e-01
9.999999999994813038e-01
9.999999999976162401e-01
9.999999999976162401e-01
9.999999999976162401e-01
9.999999999976162401e-01
9.999999999976162401e-01
9.999999999976162401e-01
9.999999999892900115e-01
9.999999999892900115e-01
9.999999999892900115e-01
9.999999999892899005e-01
9.999999999892899005e-01
9.999999993499131268e-01
9.999999968315995691e-01
9.999999968313375565e-01
9.999999968306937381e-01
9.999999968306910736e-01
9.999999896022437884e-01
9.999999896022437884e-01
9.999999896022437884e-01
9.999999896022437884e-01
9.999999896022437884e-01
9.999999896022437884e-01
9.999999792417939570e-01
9.999999792417939570e-01
9.999999792417939570e-01
9.999989644258653332e-01
9.999989578137710167e-01
9.999965101634584741e-01
9.999965101634575859e-01
9.999965101634575859e-01
9.999965101579022519e-01
9.999965101579022519e-01
9.999930065428077608e-01
9.999930064377190453e-01
9.999930064377163808e-01
9.999930064377163808e-01
9.999745690905261775e-01
9.997143563704620206e-01
9.997142374969000267e-01
9.997142374969000267e-01
9.997142225119108883e-01
9.993036927181411233e-01
9.993036927181411233e-01
9.993036927181411233e-01
9.993036927181411233e-01
9.993036927151496274e-01
9.993036927150930060e-01
9.993036927150930060e-01
9.990967460994166771e-01
9.990967460994166771e-01
9.990967460994166771e-01
9.990967440279466816e-01
9.990967440279465706e-01
9.966244167067784820e-01
9.843924647268132988e-01
9.843914945599793187e-01
9.843899243537915789e-01
9.843899227986306899e-01
9.738377236775868084e-01
9.738377236775868084e-01
9.738377236775868084e-01
9.738377236775398460e-01
9.738377236775398460e-01
9.738377236775398460e-01
9.723796712886659810e-01
9.723796712885820481e-01
9.723796712885820481e-01
9.149805707210478811e-01
9.144656511322311054e-01
8.102110542654300529e-01
8.102110541736275984e-01
8.102110541736275984e-01
8.102109998657023304e-01
8.102109998657023304e-01
8.102109998657023304e-01
7.719991896833092726e-01
7.719982748512006498e-01
7.719982748470117784e-01
7.719982748470117784e-01
7.719982748470117784e-01
7.547243112776239604e-01
5.304336818596971925e-01
5.302354445477884815e-01
5.302354445477884815e-01
5.302298002544343358e-01
3.669600624488901230e-01
3.669600624488901230e-01
3.669600624488897900e-01
3.669600624488897900e-01
3.669600623251400573e-01
3.669600623096515579e-01
3.669600623096515579e-01
3.466604403884772645e-01
3.466604403884772645e-01
3.466604403884772645e-01
3.466603208104414580e-01
3.466603208104397371e-01
2.994522564669379050e-01
1.290555803375163235e-01
1.290425562624006595e-01
1.290301443321918984e-01
1.290301410167886409e-01
7.888283647884876404e-02
7.888283647884876404e-02
7.888283647884876404e-02
7.888283647882336769e-02
7.888283647882336769e-02
7.888283647882336769e-02
7.679013935359019216e-02
7.679013935340672781e-02
7.679013935340672781e-02
4.666769977452782381e-02
4.652535330055092289e-02
1.523021862159913871e-02
1.523021854735679206e-02
1.523021854735679206e-02
1.523021270320790155e-02
1.523021270320790155e-02
1.523021270320790155e-02
1.103099278583532898e-02
1.103090682070806579e-02
1.103090682055143761e-02
1.103090682055143761e-02
1.103090682055143761e-02
1.067159395974736323e-02
3.907240289882710042e-03
3.897955202941017546e-03
3.897955202941017546e-03
3.897909326645635636e-03
1.556582739350128794e-03
1.556582739350128794e-03
1.556582739350114916e-03
1.556582739350114916e-03
1.556582738547176471e-03
1.556582738219690169e-03
1.556582738219690169e-03
1.367151456150089966e-03
1.367151456150089966e-03
1.367151456150089966e-03
1.367150466121990534e-03
1.367150466121987065e-03
1.186875904806868965e-03
1.186875904806868965e-03
2.986863908384611971e-04
2.986634857563534454e-04
2.985880482627309104e-04
2.985880425273415334e-04
1.718359717535232001e-04
1.718359717535232001e-04
1.718359717535232001e-04
1.718359717534976943e-04
1.718359717534976400e-04
1.718359717534976400e-04
1.653274378644742772e-04
1.653274378634495977e-04
1.653274378634495977e-04
1.097721927082253999e-04
1.095732869797064538e-04
2.627581509652492811e-05
2.627581490180465061e-05
2.627581490180465061e-05
2.627580834729764564e-05
2.627580834729764564e-05
2.627580834729764564e-05
2.627580834729764564e-05
2.010414893899398702e-05
2.010380382315625101e-05
2.010380382304015668e-05
2.010380382304015668e-05
2.010380382304015668e-05
2.010380382304015668e-05
1.978393245458440509e-05
8.785527003606815048e-06
8.752248791390157239e-06
8.752248791390157239e-06
8.752167225767860611e-06
2.754787889140724233e-06
2.754787889140724233e-06
2.754787889140667481e-06
2.754787889140667481e-06
2.754787888587075970e-06
2.754787887763573598e-06
2.754787887763573598e-06
2.476398295320061963e-06
2.476398295320061963e-06
2.476398295320061963e-06
2.476394450034759801e-06
2.476394450034757683e-06
2.307932582536363063e-06
2.307932582536363063e-06
7.081610440960767088e-07
7.081156183205311937e-07
7.078156153759277504e-07
7.078156082939375826e-07
3.332151114961338939e-07
3.332151114961338939e-07
3.332151114961338939e-07
3.332151114961189649e-07
3.332151114961188061e-07
3.332151114961188061e-07
3.219531157950848051e-07
3.219531157919685179e-07
3.219531157919685179e-07
2.552138732089336341e-07
2.548345047641131260e-07
6.567443439819779429e-08
6.567443295820242340e-08
6.567443295820242340e-08
6.567442396088471910e-08
6.567442396088471910e-08
6.567442396088471910e-08
6.567442396088471910e-08
4.397989241368195729e-08
4.397872384660975568e-08
4.397872384652339141e-08
4.397872384652339141e-08
4.397872384652339141e-08
4.343680590791615464e-08
4.343680590791615464e-08
2.511820158059945322e-08
2.499370276687537690e-08
2.499370276687537690e-08
2.499355660870799793e-08
7.289326027803981875e-09
7.289326027803981875e-09
7.289326027803664237e-09
7.289326027803664237e-09
7.289326027201131817e-09
7.289326020375665055e-09
7.289326020375665055e-09
6.119124523957197860e-09
6.119124523957197860e-09
6.119124523957197860e-09
6.119107911971912111e-09
6.119107911971908803e-09
5.753094656361593663e-09
5.753094656361593663e-09
2.306613731989701930e-09
2.306507833812069485e-09
2.305049657695383153e-09
9.484880157776976832e-10
9.484880138008605099e-10
9.484880138008605099e-10
9.484880138008605099e-10
9.484880138008605099e-10
9.484880138008605099e-10
9.484880138008367285e-10
9.484880138008359013e-10
9.484880138008359013e-10
8.914250448707475949e-10
8.914250448424667034e-10
8.914250448424667034e-10
7.100735825689649366e-10
7.094279240830723175e-10
2.268318163547894696e-10
2.268318042004258765e-10
2.268318042004258765e-10
2.268317875156451985e-10
2.268317875156451985e-10
2.268317875156451985e-10
2.268317875156451985e-10
1.361869437449498090e-10
1.361818094006396232e-10
1.361818094004777543e-10
1.361818094004777543e-10
1.361818094004777543e-10
1.350355241838631289e-10
1.350355241838631289e-10
7.503105806684679340e-11
7.432011769044065662e-11
7.432011769044065662e-11
7.431991679586206656e-11
2.548431778722929438e-11
2.548431778722929438e-11
2.548431778722469965e-11
2.548431778722469965e-11
2.548431778578515335e-11
2.548431772675696000e-11
2.548431772675696000e-11
2.020652335853150058e-11
2.020652335853150058e-11
2.020652335853150058e-11
2.020644035451630505e-11
2.020644035451630505e-11
1.931481956589822480e-11
1.931481956589822480e-11
6.974240146277147297e-12
6.974089646696859426e-12
6.965524087240036204e-12
3.244647002041861211e-12
3.244646997520015788e-12
3.244646997520015788e-12
3.244646997520015788e-12
3.244646997520015788e-12
3.244646997520015788e-12
3.244646997519980649e-12
3.244646997519970552e-12
3.244646997519970552e-12
2.988948896094678252e-12
2.988948895869711782e-12
2.988948895869711782e-12
2.515596223785456670e-12
2.514336000027044606e-12
6.870210181451962901e-13
6.870209670549640349e-13
6.870209670549640349e-13
6.870209371374032487e-13
6.870209371374032487e-13
6.870209371374032487e-13
6.870209371374032487e-13
4.476006065772305882e-13
4.475649518760427952e-13
4.475649518758232773e-13
4.475649518758232773e-13
4.475649518758232773e-13
4.456323139922136429e-13
2.820611003069441784e-13
2.820611003069441784e-13
2.781534362568731981e-13
2.781534362568731981e-13
2.781528862119093741e-13
7.880077182576876231e-14
7.880077182576876231e-14
7.880077182573768751e-14
7.880077182573768751e-14
7.880077182400971609e-14
7.880077182400971609e-14
7.880077156539813973e-14
7.880077156539813973e-14
6.489417874315909480e-14
6.489417874315909480e-14
6.489417874315909480e-14
6.489362835999844597e-14
6.489362835999844597e-14
6.489362835999844597e-14
6.343178482216231643e-14
6.343178482216231643e-14
2.785917545974444777e-14
2.785870604833183228e-14
2.780534706512764817e-14
1.063410293812406435e-14
1.063410293202619322e-14
1.063410293202619322e-14
1.063410293202619322e-14
1.063410293202619322e-14
1.063410293202619322e-14
1.063410293202611276e-14
1.063410293202607805e-14
1.063410293202607805e-14
9.897766491298533427e-15
9.897766490168143081e-15
9.897766490168143081e-15
9.023709216578364927e-15
9.020539104770486251e-15
2.912912196626353739e-15
2.912911606164000891e-15
2.912911606164000891e-15
2.912911538643374951e-15
2.912911538643374951e-15
2.912911538643374951e-15
2.912911538643374951e-15
2.912911538643374951e-15
1.618307028866324644e-15
1.618124955293444077e-15
1.618124955293180006e-15
1.618124955293180006e-15
1.618124955293180006e-15
1.613180864477147880e-15
1.579507157718257520e-15
1.197029785544612102e-15
1.197029785544612102e-15
1.197029785544612102e-15
1.197028506648454945e-15
3.528731124052866821e-16
3.528731124052866821e-16
3.528731124050010652e-16
3.528731124050010652e-16
3.528731124050010652e-16
3.528731124018133275e-16
3.528731090678271631e-16
3.528731090678271631e-16
2.636343380909708719e-16
2.636343380909708719e-16
2.636343380909708719e-16
2.636307894724077677e-16
2.636307894724077677e-16
2.636307894724077677e-16
2.636307894724077677e-16
2.588929339843898690e-16
1.430247627219095410e-16
1.430232094845064847e-16
1.426503079347221195e-16
5.058022100578435231e-17
5.058022099309316423e-17
5.058022099309316423e-17
5.058022099309316423e-17
5.058022099309316423e-17
5.058022099309316423e-17
5.058022099309233223e-17
5.058022099309233223e-17
5.058022099309224595e-17
4.496758324973081385e-17
4.496758323473076548e-17
4.496758323473076548e-17
4.140591768000863468e-17
4.139753680141590348e-17
4.139749021171741149e-17
1.658674111304693060e-17
1.658674111304693060e-17
1.658674111304693060e-17
1.658674091164282516e-17
1.658674091164282516e-17
1.658674091164282516e-17
1.658674091164282516e-17
8.289527396959903890e-18
8.288259850929839428e-18
8.288259850929082922e-18
8.288259850929082922e-18
8.288259850929082922e-18
8.271957186157560939e-18
7.964829111088128262e-18
6.057175931204063479e-18
6.057175931204063479e-18
6.057175931204063479e-18
6.057172918681401127e-18
6.057172918681400356e-18
2.101909191304143052e-18
2.101909191297628401e-18
2.101909191297628401e-18
2.101909191297628401e-18
2.101909145085239061e-18
2.101909145072871124e-18
2.101909145072871124e-18
1.456587642858979171e-18
1.456587642858979171e-18
1.456587642858979171e-18
1.456558900490168018e-18
1.456558900490168018e-18
1.456558900490168018e-18
1.456558900490168018e-18
1.438301493156812611e-18
7.651582466148278399e-19
7.651541569791564712e-19
7.613981686225024623e-19
3.033071489596327712e-19
3.033071489596327712e-19
3.033071489097292782e-19
3.033071489097292782e-19
3.033071489097292782e-19
3.033071489097292782e-19
3.033071489097292782e-19
3.033071489097099708e-19
3.033071489097099708e-19
3.033071489097097782e-19
2.604700782739509644e-19
2.604700780773374949e-19
2.604700780773374949e-19
2.451361967250901815e-19
2.451091705884265802e-19
2.451087372208543754e-19
8.974529175887218955e-20
8.974529175887218955e-20
8.974529175887218955e-20
8.974529111411716279e-20
8.974529111411716279e-20
8.974529111411716279e-20
8.974529111411716279e-20
4.872508202462441645e-20
4.870963707150633756e-20
4.870963707150443570e-20
4.870963707150443570e-20
4.870963707150443570e-20
4.639484526442769476e-20
4.634780711648876047e-20
3.767871391543953404e-20
3.767871391543953404e-20
3.767871391543953404e-20
3.767870116845805176e-20
3.767870116845802167e-20
1.145936704156060068e-20
1.145936704148495376e-20
1.145936704148495376e-20
1.145936704148495376e-20
1.145936704148495376e-20
1.145936667702614344e-20
1.145936667699942266e-20
1.145936667699942266e-20
8.331220671031994518e-21
8.331220671031994518e-21
8.331220671031994518e-21
8.330889000885041537e-21
8.330889000885041537e-21
8.330889000885041537e-21
8.275615483257382078e-21
8.275615483257382078e-21
5.060051394904847262e-21
5.060031837204384710e-21
5.024018737626739457e-21
5.024018737626739457e-21
1.704230280815776530e-21
1.704230280701255168e-21
1.704230280701255168e-21
1.704230280701255168e-21
1.704230280701255168e-21
1.704230280701255168e-21
1.704230280701255168e-21
1.704230280701255168e-21
1.704230280701255168e-21
1.704230280701255168e-21
1.704230280701255168e-21
1.704230280701255168e-21
1.704230280701255168e-21
1.704230280701255168e-21
1.704230280701255168e-21
1.704230280701255168e-21
1.704230280701255168e-21
1.704230280701255168e-21
1.704230280701255168e-21
1.704230280701255168e-21
1.704230280701255168e-21
1.704230280701255168e-21
1.704230280701255168e-21
1.704230280701255168e-21
1.704230280701255168e-21
1.704230280701255168e-21
1.704230280701255168e-21
1.704230280701255168e-21
1.704230280701255168e-21
1.704230280701255168e-21
1.704230280701255168e-21
1.704230280701255168e-21
1.704230280701255168e-21
1.704230280701255168e-21
1.704230280701255168e-21
1.704230280701255168e-21
1.704230280701255168e-21
1.704230280701255168e-21
1.704230280701255168e-21
1.704230280701255168e-21
1.704230280701255168e-21
1.704230280701255168e-21
1.704230280701255168e-21
1.704230280701255168e-21
1.704230280701255168e-21
1.704230280701255168e-21
1.704230280701255168e-21
1.704230280701255168e-21
1.704230280701255168e-21
1.704230280701255168e-21
1.704230280701255168e-21
1.704230280701255168e-21
1.704230280701255168e-21
1.704230280701255168e-21
1.704230280701255168e-21
1.704230280701255168e-21
1.704230280701255168e-21
1.704230280701255168e-21
1.704230280701255168e-21
1.704230280701255168e-21
1.704230280701255168e-21
1.704230280701255168e-21
1.704230280701255168e-21
1.704230280701255168e-21
1.704230280701255168e-21
1.704230280701255168e-21
1.704230280701255168e-21
1.704230280701255168e-21
1.704230280701255168e-21
1.704230280701255168e-21
1.704230280701255168e-21
1.704230280701255168e-21
1.704230280701255168e-21
1.704230280701255168e-21
1.704230280701255168e-21
1.704230280701255168e-21
1.704230280701255168e-21
1.704230280701255168e-21
1.704230280701255168e-21
1.704230280701255168e-21
1.704230280701255168e-21
1.704230280701255168e-21
1.704230280701255168e-21
1.704230280701255168e-21
1.704230280701255168e-21
1.704230280701255168e-21
1.704230280701255168e-21
1.704230280701255168e-21
1.704230280701255168e-21
1.704230280701255168e-21
1.704230280701255168e-21
1.704230280701255168e-21
1.704230280701255168e-21
1.704230280701255168e-21
1.704230280701255168e-21
1.704230280701255168e-21
1.704230280701255168e-21
1.704230280701255168e-21
1.704230280701255168e-21
1.704230280701255168e-21
1.704230280701255168e-21
1.704230280701255168e-21
1.704230280701255168e-21
1.704230280701255168e-21
1.704230280701255168e-21
1.704230280701255168e-21
1.704230280701255168e-21
1.704230280701255168e-21
1.704230280701255168e-21
1.704230280701255168e-21
1.704230280701255168e-21
1.704230280701255168e-21
1.704230280701255168e-21
1.704230280701255168e-21
1.704230280701255168e-21
1.704230280701255168e-21
1.704230280701255168e-21
1.704230280701255168e-21
1.704230280701255168e-21
1.704230280701255168e-21
1.704230280701255168e-21
1.704230280701255168e-21
1.704230280701255168e-21
1.704230280701255168e-21
1.704230280701255168e-21
1.704230280701255168e-21
1.704230280701255168e-21
1.704230280701255168e-21
1.704230280701255168e-21
1.704230280701255168e-21
1.704230280701255168e-21
1.704230280701255168e-21
1.704230280701255168e-21
1.704230280701255168e-21
1.704230280701255168e-21
1.704230280701255168e-21
1.704230280701255168e-21
1.704230280701255168e-21
1.704230280701255168e-21
1.704230280701255168e-21
1.704230280701255168e-21
1.704230280701255168e-21
1.704230280701255168e-21
1.704230280701255168e-21
1.704230280701255168e-21
1.704230280701255168e-21
1.704230280701255168e-21
1.704230280701255168e-21
1.704230280701255168e-21
1.704230280701255168e-21
1.704230280701255168e-21
1.704230280701255168e-21
1.704230280701255168e-21
1.704230280701255168e-21
1.704230280701255168e-21
1.704230280701255168e-21
1.704230280701255168e-21
1.704230280701255168e-21
1.704230280701255168e-21
1.704230280701255168e-21
1.704230280701255168e-21
1.704230280701255168e-21
1.704230280701255168e-21
1.704230280701255168e-21
1.704230280701255168e-21
1.704230280701255168e-21
1.704230280701255168e-21
1.704230280701255168e-21
1.704230280701255168e-21
1.704230280701255168e-21
1.704230280701255168e-21
1.704230280701255168e-21
1.704230280701255168e-21
1.704230280701255168e-21
1.704230280701255168e-21
1.704230280701255168e-21
1.704230280701255168e-21
1.704230280701255168e-21
1.704230280701255168e-21
1.704230280701255168e-21
1.704230280701255168e-21
1.704230280701255168e-21
1.704230280701255168e-21
1.704230280701255168e-21
1.704230280701255168e-21
1.704230280701255168e-21
1.704230280701255168e-21
1.704230280701255168e-21
1.704230280701255168e-21
1.704230280701255168e-21
1.704230280701255168e-21
1.704230280701255168e-21
1.704230280701255168e-21
1.704230280701255168e-21
1.704230280701255168e-21
1.704230280701255168e-21
1.704230280701255168e-21
1.704230280701255168e-21
1.704230280701255168e-21
1.704230280701255168e-21
1.704230280701255168e-21
1.704230280701255168e-21
1.704230280701255168e-21
1.704230280701255168e-21
1.704230280701255168e-21
1.704230280701255168e-21
1.704230280701255168e-21
1.704230280701255168e-21
1.704230280701255168e-21
1.704230280701255168e-21
1.704230280701255168e-21
1.704230280701255168e-21
1.704230280701255168e-21
1.704230280701255168e-21
1.704230280701255168e-21
1.704230280701255168e-21
1.704230280701255168e-21
1.704230280701255168e-21
1.704230280701255168e-21
1.704230280701255168e-21
1.704230280701255168e-21
1.704230280701255168e-21
1.704230280701254416e-21
1.704230280701252912e-21
1.704230280701252535e-21
1.704230280701252535e-21
1.704230280701252535e-21
1.704230280701252535e-21
1.704230280701252535e-21
1.704230280701252535e-21
1.704230280701252535e-21
1.704230280701252535e-21
1.704230280701252535e-21
1.704230280701252535e-21
1.704230280701252535e-21
1.704230280701252535e-21
1.704230280701252535e-21
1.704230280701252535e-21
1.704230280701252535e-21
1.704230280701252535e-21
1.704230280701252535e-21
1.704230280701252535e-21
1.704230280701252535e-21
1.704230280701252535e-21
1.704230280701252535e-21
1.704230280701252535e-21
1.704230280701252535e-21
1.704230280701252535e-21
1.704230280701252535e-21
1.704230280701252535e-21
1.704230280701252535e-21
1.704230280701252535e-21
1.704230280701251407e-21
1.704230280701243131e-21
1.704230280701188212e-21
1.704230280700895937e-21
1.704230280699610605e-21
1.704230280695363779e-21
1.704230280687657426e-21
1.704230280683972580e-21
1.704230280683858228e-21
1.704230280683858228e-21
1.704230280683858228e-21
1.704230280683858228e-21
1.704230280683858228e-21
1.704230280683858228e-21
1.704230280683858228e-21
1.704230280683858228e-21
1.704230280683858228e-21
1.704230280683858228e-21
1.704230280683858228e-21
1.704230280683858228e-21
1.704230280683858228e-21
1.704230280683858228e-21
1.704230280683858228e-21
1.704230280683858228e-21
1.704230280683858228e-21
1.704230280683858228e-21
1.704230280683858228e-21
1.704230280683858228e-21
1.704230280683858228e-21
1.704230280683858228e-21
1.704230280683858228e-21
1.704230280683858228e-21
1.704230280683858228e-21
1.704230280683858228e-21
1.704230280683857852e-21
1.704230280683854091e-21
1.704230280683807071e-21
1.704230280683275559e-21
1.704230280678510011e-21
1.704230280642513177e-21
1.704230280404328305e-21
1.704230279130007793e-21
1.704230273531604416e-21
1.704230255033132312e-21
1.704230221466339300e-21
1.704230205416205638e-21
1.704230204918263598e-21
1.704230204918156769e-21
1.704230204918156769e-21
1.704230204918156769e-21
1.704230204918156769e-21
1.704230204918156769e-21
1.704230204918156769e-21
1.704230204918156769e-21
1.704230204918156769e-21
1.704230204918156769e-21
1.704230204918156769e-21
1.704230204918156769e-21
1.704230204918156769e-21
1.704230204918156769e-21
1.704230204918156769e-21
1.704230204918156769e-21
1.704230204918156769e-21
1.704230204918156769e-21
1.704230204918156769e-21
1.704230204918156769e-21
1.704230204918156769e-21
1.704230204918156769e-21
1.704230204918156769e-21
1.704230204918156769e-21
1.704230204918156769e-21
1.704230204918155264e-21
1.704230204918118777e-21
1.704230204917402196e-21
1.704230204906674916e-21
1.704230204772996946e-21
1.704230203258021708e-21
1.704230189675732923e-21
1.704230087073956228e-21
1.704229408184346724e-21
1.704225776041629064e-21
1.704209819328169628e-21
1.704157096631814127e-21
1.704061435877312478e-21
1.704015698993053129e-21
1.704014280082490396e-21
1.704014279779247084e-21
1.704014279779247084e-21
1.704014279779247084e-21
1.704014279779247084e-21
1.704014279779247084e-21
1.704014279779247084e-21
1.704014279779247084e-21
1.704014279779247084e-21
1.704014279779247084e-21
1.704014279779247084e-21
1.704014279779247084e-21
1.704014279779247084e-21
1.704014279779247084e-21
1.704014279779247084e-21
1.704014279779247084e-21
1.704014279779247084e-21
1.704014279779247084e-21
1.704014279779247084e-21
1.704014279779247084e-21
1.704014279779247084e-21
1.704014279779247084e-21
1.704014279779247084e-21
1.704014279779247084e-21
1.704014279779242946e-21
1.704014279779110162e-21
1.704014279775767245e-21
1.704014279707405759e-21
1.704014278362173410e-21
1.704014258221957371e-21
1.704014007243892616e-21
1.704011162903968247e-21
1.703985662819971758e-21
1.703793057631616301e-21
1.702519734349539664e-21
1.695739482753361032e-21
1.666580954293490415e-21
1.576981622348665695e-21
1.436812469165871605e-21
1.378236643435654868e-21
1.376495663993325655e-21
1.376495292388556898e-21
1.376495292388556333e-21
1.376495292388556333e-21
1.376495292388556333e-21
1.376495292388556333e-21
1.376495292388556333e-21
1.376495292388556333e-21
1.376495292388556333e-21
1.376495292388556333e-21
1.376495292388556333e-21
1.376495292388556333e-21
1.376495292388556333e-21
1.376495292388556333e-21
1.376495292388556333e-21
1.376495292388556333e-21
1.376495292388556333e-21
1.376495292388556333e-21
1.376495292388556333e-21
1.376495292388556333e-21
1.376495292388556333e-21
1.376495292388556333e-21
1.376495292388556333e-21
1.376495292388554076e-21
1.376495292388460977e-21
1.376495292385361810e-21
1.376495292277309993e-21
1.376495289560085588e-21
1.376495233999628139e-21
1.376494140665326117e-21
1.376477771963275569e-21
1.376273825377562168e-21
1.373966706537839450e-21
1.353622995585348641e-21
1.217451107660045033e-21
7.309244073014830731e-22
2.329223434252634500e-22
5.832889319678643214e-23
1.677667104104925716e-23
7.317555334842565229e-24
5.763687760182280501e-24
5.725965545406256341e-24
5.725957536346047284e-24
5.725957536346034060e-24
5.725957536346034060e-24
5.725957536346034060e-24
5.725957536346034060e-24
5.725957536346034060e-24
5.725957536346034060e-24
5.725957536346034060e-24
5.725957536346034060e-24
5.725957536346034060e-24
5.725957536346034060e-24
5.725957536346034060e-24
5.725957536346034060e-24
5.725957536346034060e-24
5.725957536346034060e-24
5.725957536346034060e-24
5.725957536346034060e-24
5.725957536346034060e-24
5.725957536346034060e-24
5.725957536346034060e-24
5.725957536346033325e-24
5.725957536346002468e-24
5.725957536344661670e-24
5.725957536300078108e-24
5.725957534745707234e-24
5.725957495657261012e-24
5.725956696396215807e-24
5.725940968344920708e-24
5.725705505360753309e-24
5.722772897451929881e-24
5.689746255881741975e-24
5.409841804733298612e-24
3.944126300433748116e-24
1.412294471889746923e-24
3.184871660849519396e-25
7.234196215771273245e-26
2.035675899952864528e-26
8.835561520602768809e-27
6.953747458652302058e-27
6.908101563075589267e-27
6.908091871874157745e-27
6.908091871874141961e-27
6.908091871874141961e-27
6.908091871874141961e-27
6.908091871874141961e-27
6.908091871874141961e-27
6.908091871874141961e-27
6.908091871874141961e-27
6.908091871874141961e-27
6.908091871874141961e-27
6.908091871874141961e-27
6.908091871874141961e-27
6.908091871874141961e-27
6.908091871874141961e-27
6.908091871874141961e-27
6.908091871874141961e-27
6.908091871874141961e-27
6.908091871874141961e-27
6.908091871874141961e-27
6.908091871874141961e-27
6.908091871874141961e-27
6.908091871874116132e-27
6.908091871873028455e-27
6.908091871836797917e-27
6.908091870573726941e-27
6.908091838810713029e-27
6.908091189336423669e-27
6.908078408812917810e-27
6.907887070213728347e-27
6.905503585344931844e-27
6.878605948798234079e-27
6.646503696823663575e-27
5.296463080237920851e-27
2.259586819822524701e-27
5.555016061869638870e-28
1.287910259232201825e-28
3.640051978140052609e-29
1.581452414532537105e-29
1.244829929103472540e-29
1.236663372888892696e-29
1.236661639018936523e-29
1.236661639018933720e-29
1.236661639018933720e-29
1.236661639018933720e-29
1.236661639018933720e-29
1.236661639018933720e-29
1.236661639018933720e-29
1.236661639018933720e-29
1.236661639018933720e-29
1.236661639018933720e-29
1.236661639018933720e-29
1.236661639018933720e-29
1.236661639018933720e-29
1.236661639018933720e-29
1.236661639018933720e-29
1.236661639018933720e-29
1.236661639018933720e-29
1.236661639018933720e-29
1.236661639018933720e-29
1.236661639018933720e-29
1.236661639018930497e-29
1.236661639018798915e-29
1.236661639014420418e-29
1.236661638861768989e-29
1.236661635022979809e-29
1.236661556529324102e-29
1.236660011909839715e-29
1.236636887022549952e-29
1.236348787839686734e-29
1.233093104038722621e-29
1.204653042558854796e-29
1.025911142349567514e-29
5.176746959785651790e-30
1.418108956108861741e-30
3.384695659050738654e-31
9.627659851111062190e-32
4.188812723484892851e-32
3.297969051275436113e-32
3.276351746743827729e-32
3.276347157072617336e-32
3.276347157072609673e-32
3.276347157072609673e-32
3.276347157072609673e-32
3.276347157072609673e-32
3.276347157072609673e-32
3.276347157072609673e-32
3.276347157072609673e-32
3.276347157072609673e-32
3.276347157072609673e-32
3.276347157072609673e-32
3.276347157072609673e-32
3.276347157072609673e-32
3.276347157072609673e-32
3.276347157072609673e-32
3.276347157072609673e-32
3.276347157072609673e-32
3.276347157072609673e-32
3.276347157072609673e-32
3.276347157072609673e-32
3.276347157072604199e-32
3.276347157072367730e-32
3.276347157064493637e-32
3.276347156789980910e-32
3.276347149886685462e-32
3.276347008731522080e-32
3.276344231040691016e-32
3.276302645265259250e-32
3.275784510997024457e-32
3.269923905741442449e-32
3.218303492206295752e-32
2.875405533822154944e-32
1.686465671611824262e-32
5.250178574576929871e-33
1.304206315490481948e-33
3.744030917312722872e-34
1.632342069263737118e-34
1.285626008703420145e-34
1.277209626810392632e-34
1.277207839874151308e-34
1.277207839874148529e-34
1.277207839874148529e-34
1.277207839874148529e-34
1.277207839874148529e-34
1.277207839874148529e-34
1.277207839874148529e-34
1.277207839874148529e-34
1.277207839874148529e-34
1.277207839874148529e-34
1.277207839874148529e-34
1.277207839874148529e-34
1.277207839874148529e-34
1.277207839874148529e-34
1.277207839874148529e-34
1.277207839874148529e-34
1.277207839874148529e-34
1.277207839874148529e-34
1.277207839874148529e-34
1.277207839874147032e-34
1.277207839874083955e-34
1.277207839871990004e-34
1.277207839798983329e-34
1.277207837963053552e-34
1.277207800422871951e-34
1.277207061696458491e-34
1.277196001918824478e-34
1.277058196122476720e-34
1.275498512861459000e-34
1.261683745739289012e-34
1.166263149241127994e-34
7.772902648942667002e-35
2.791608747672985578e-35
7.316632710153533241e-36
2.128029403297161894e-36
9.305682315399889675e-37
7.332723804864289260e-37
7.284806956861905765e-37
7.284796783205786680e-37
7.284796783205770811e-37
7.284796783205770811e-37
7.284796783205770811e-37
7.284796783205770811e-37
7.284796783205770811e-37
7.284796783205770811e-37
7.284796783205770811e-37
7.284796783205770811e-37
7.284796783205770811e-37
7.284796783205770811e-37
7.284796783205770811e-37
7.284796783205770811e-37
7.284796783205770811e-37
7.284796783205770811e-37
7.284796783205770811e-37
7.284796783205770811e-37
7.284796783205770811e-37
7.284796783205764129e-37
7.284796783205518569e-37
7.284796783197332392e-37
7.284796782911906178e-37
7.284796775734181514e-37
7.284796628967618088e-37
7.284793740852744396e-37
7.284750501568874011e-37
7.284211716557838095e-37
7.278111208146802616e-37
7.223871069122844356e-37
6.838864560255994698e-37
5.055905068471126599e-37
2.111172002620115009e-37
5.932295261369082502e-38
1.757319116471789377e-38
7.717551864080292088e-39
6.085602857846132648e-39
6.045939335744531100e-39
6.045930914281482204e-39
6.045930914281469154e-39
6.045930914281469154e-39
6.045930914281469154e-39
6.045930914281469154e-39
6.045930914281469154e-39
6.045930914281469154e-39
6.045930914281469154e-39
6.045930914281469154e-39
6.045930914281469154e-39
6.045930914281469154e-39
6.045930914281469154e-39
6.045930914281469154e-39
6.045930914281469154e-39
6.045930914281469154e-39
6.045930914281469154e-39
6.045930914281469154e-39
6.045930914281469154e-39
6.045930914281465239e-39
6.045930914281324292e-39
6.045930914276646954e-39
6.045930914113575680e-39
6.045930910012759833e-39
6.045930826161298883e-39
6.045929176107782531e-39
6.045904472355938262e-39
6.045596642498644548e-39
6.042110183030162758e-39
6.011031557868527791e-39
5.786204339908512314e-39
4.638305306772064154e-39
2.250086859814620640e-39
6.897790856007777354e-40
2.095762491138564412e-40
9.259976219651140722e-41
7.309243562251534309e-41
7.261783137298116796e-41
7.261773060128727840e-41
7.261773060128711526e-41
7.261773060128711526e-41
7.261773060128711526e-41
7.261773060128711526e-41
7.261773060128711526e-41
7.261773060128711526e-41
7.261773060128711526e-41
7.261773060128711526e-41
7.261773060128711526e-41
7.261773060128711526e-41
7.261773060128711526e-41
7.261773060128711526e-41
7.261773060128711526e-41
7.261773060128711526e-41
7.261773060128711526e-41
7.261773060128711526e-41
7.261773060128709487e-41
7.261773060128592236e-41
7.261773060124710699e-41
7.261773059989367728e-41
7.261773056585850484e-41
7.261772986992416951e-41
7.261771617512404426e-41
7.261751114334995262e-41
7.261495622882376770e-41
7.258601383275038233e-41
7.232756202941728538e-41
7.043310220839921599e-41
6.002935626193212028e-41
3.353081821406948881e-41
1.140777776459268806e-41
3.587261817105021456e-42
1.598626055323317467e-42
1.263665840970727349e-42
1.255504433644278602e-42
1.255502700689793306e-42
1.255502700689790279e-42
1.255502700689790279e-42
1.255502700689790279e-42
1.255502700689790279e-42
1.255502700689790279e-42
1.255502700689790279e-42
1.255502700689790279e-42
1.255502700689790279e-42
1.255502700689790279e-42
1.255502700689790279e-42
1.255502700689790279e-42
1.255502700689790279e-42
1.255502700689790279e-42
1.255502700689790279e-42
1.255502700689790279e-42
1.255502700689790279e-42
1.255502700689790120e-42
1.255502700689776100e-42
1.255502700689310918e-42
1.255502700673091012e-42
1.255502700265200219e-42
1.255502691924856983e-42
1.255502527801123224e-42
1.255500070619486666e-42
1.255469451159184234e-42
1.255122543858118823e-42
1.252020940765535575e-42
1.229077356197802556e-42
1.096163708508780538e-42
6.944033936143195336e-43
2.660355642612421614e-43
8.755950346391721128e-44
3.948841378286901821e-44
3.127764934093858380e-44
3.107717632682817331e-44
3.107713375723808090e-44
3.107713375723801120e-44
3.107713375723801120e-44
3.107713375723801120e-44
3.107713375723801120e-44
3.107713375723801120e-44
3.107713375723801120e-44
3.107713375723801120e-44
3.107713375723801120e-44
3.107713375723801120e-44
3.107713375723801120e-44
3.107713375723801120e-44
3.107713375723801120e-44
3.107713375723801120e-44
3.107713375723801120e-44
3.107713375723801120e-44
3.107713375723800622e-44
3.107713375723776228e-44
3.107713375722976695e-44
3.107713375695082154e-44
3.107713374993604954e-44
3.107713360650146174e-44
3.107713078395314993e-44
3.107708852608993821e-44
3.107656193768052495e-44
3.107059533573458539e-44
3.101720482255990547e-44
3.061974064731683516e-44
2.822644680155174966e-44
1.990334199516946652e-44
8.670847290572756439e-45
3.026732100548948619e-45
1.387671511909910369e-45
1.102258749201024239e-45
1.095269857404426949e-45
1.095268373240038334e-45
1.095268373240035844e-45
1.095268373240035844e-45
1.095268373240035844e-45
1.095268373240035844e-45
1.095268373240035844e-45
1.095268373240035844e-45
1.095268373240035844e-45
1.095268373240035844e-45
1.095268373240035844e-45
1.095268373240035844e-45
1.095268373240035844e-45
1.095268373240035844e-45
1.095268373240035844e-45
1.095268373240035844e-45
1.095268373240035844e-45
1.095268373240035689e-45
1.095268373240029777e-45
1.095268373239833596e-45
1.095268373232994814e-45
1.095268373061014786e-45
1.095268369544455283e-45
1.095268300344554174e-45
1.095267264315788194e-45
1.095254353966377482e-45
1.095108061694403391e-45
1.093798243689862751e-45
1.084004091162037036e-45
1.023371327210419681e-45
7.876601569095441298e-46
3.915029815071464167e-46
1.470774836188617469e-46
6.895709490075475523e-47
5.499090657456541613e-47
5.464753057000306502e-47
5.464745764344386098e-47
5.464745764344374430e-47
5.464745764344374430e-47
5.464745764344374430e-47
5.464745764344374430e-47
5.464745764344374430e-47
5.464745764344374430e-47
5.464745764344374430e-47
5.464745764344374430e-47
5.464745764344374430e-47
5.464745764344374430e-47
5.464745764344374430e-47
5.464745764344374430e-47
5.464745764344374430e-47
5.464745764344374430e-47
5.464745764344374430e-47
5.464745764344354983e-47
5.464745764343674341e-47
5.464745764319942288e-47
5.464745763723151234e-47
5.464745751520243189e-47
5.464745511387804393e-47
5.464741916235384499e-47
5.464697115496832178e-47
5.464189438150617614e-47
5.459642142371588434e-47
5.425534480709638255e-47
5.210165207184443340e-47
4.297481890028332538e-47
2.428531211555548370e-47
9.965266903077877079e-48
4.814190592542254438e-48
3.860123250730670014e-48
3.836535019255435444e-48
3.836530008888802111e-48
3.836530008888794211e-48
3.836530008888794211e-48
3.836530008888794211e-48
3.836530008888794211e-48
3.836530008888794211e-48
3.836530008888794211e-48
3.836530008888794211e-48
3.836530008888794211e-48
3.836530008888794211e-48
3.836530008888794211e-48
3.836530008888794211e-48
3.836530008888794211e-48
3.836530008888794211e-48
3.836530008888794211e-48
3.836530008888794211e-48
3.836530008888784487e-48
3.836530008888452674e-48
3.836530008876890263e-48
3.836530008586121698e-48
3.836530002640629200e-48
3.836529885643456422e-48
3.836528134015238696e-48
3.836506306164467215e-48
3.836258947559507395e-48
3.834042714692122432e-48
3.817383473040494511e-48
3.710699651507809742e-48
3.228044321967377973e-48
2.054201621476505596e-48
9.330703428288660875e-49
4.687978158897701606e-49
3.786985836906023085e-49
3.764539378964155130e-49
3.764534610240786156e-49
3.764534610240777800e-49
3.764534610240777800e-49
3.764534610240777800e-49
3.764534610240777800e-49
3.764534610240777800e-49
3.764534610240777800e-49
3.764534610240777800e-49
3.764534610240777800e-49
3.764534610240777800e-49
3.764534610240777800e-49
3.764534610240777800e-49
3.764534610240777800e-49
3.764534610240777800e-49
3.764534610240777800e-49
3.764534610240771723e-49
3.764534610240546868e-49
3.764534610232710366e-49
3.764534610035667460e-49
3.764534606006623620e-49
3.764534526721903216e-49
3.764533339707122516e-49
3.764518547737859681e-49
3.764350917844013294e-49
3.762848723489872264e-49
3.751539637021784803e-49
3.678389860708897722e-49
3.330908866546109979e-49
2.353982133224830969e-49
1.195457796812236841e-49
6.314981117018207213e-50
5.152686251781547280e-50
5.123430880871307453e-50
5.123424664041733935e-50
5.123424664041724440e-50
5.123424664041724440e-50
5.123424664041724440e-50
5.123424664041724440e-50
5.123424664041724440e-50
5.123424664041724440e-50
5.123424664041724440e-50
5.123424664041724440e-50
5.123424664041724440e-50
5.123424664041724440e-50
5.123424664041724440e-50
5.123424664041724440e-50
5.123424664041724440e-50
5.123424664041724440e-50
5.123424664041724440e-50
5.123424664041717793e-50
5.123424664041507941e-50
5.123424664034206799e-50
5.123424663850597652e-50
5.123424660096242926e-50
5.123424586216949476e-50
5.123423480129632845e-50
5.123409696618452892e-50
5.123253492682358018e-50
5.121853494806094731e-50
5.111302459529582424e-50
5.042569616874674611e-50
4.704133135468711673e-50
3.632937626163907508e-50
2.073096583174010103e-50
1.165246411315628747e-50
9.634964067169504501e-51
9.583486291936921123e-51
9.583475349113340263e-51
9.583475349113322459e-51
9.583475349113322459e-51
9.583475349113322459e-51
9.583475349113322459e-51
9.583475349113322459e-51
9.583475349113322459e-51
9.583475349113322459e-51
9.583475349113322459e-51
9.583475349113322459e-51
9.583475349113322459e-51
9.583475349113322459e-51
9.583475349113322459e-51
9.583475349113322459e-51
9.583475349113322459e-51
9.583475349113314151e-51
9.583475349113049462e-51
9.583475349103829265e-51
9.583475348871954623e-51
9.583475344130697766e-51
9.583475250830837234e-51
9.583473853987492366e-51
9.583456447202572431e-51
9.583259179787150423e-51
9.581490970719113187e-51
9.568154818756234564e-51
9.480839844357433655e-51
9.039503245403989845e-51
7.504731410615623263e-51
4.807611361741260317e-51
2.909934291189642141e-51
2.447916797956029069e-51
2.435917982807703223e-51
2.435915431043067137e-51
2.435915431043062983e-51
2.435915431043062983e-51
2.435915431043062983e-51
2.435915431043062983e-51
2.435915431043062983e-51
2.435915431043062983e-51
2.435915431043062983e-51
2.435915431043062983e-51
2.435915431043062983e-51
2.435915431043062983e-51
2.435915431043062983e-51
2.435915431043062983e-51
2.435915431043062983e-51
2.435915431043062983e-51
2.435915431043061796e-51
2.435915431043016989e-51
2.435915431041469211e-51
2.435915431002533526e-51
2.435915430206406432e-51
2.435915414539970692e-51
2.435915179989163969e-51
2.435912257128718105e-51
2.435879132717062495e-51
2.435582200950641383e-51
2.433341489414960568e-51
2.418618533397595159e-51
2.342780274458603181e-51
2.059125942091824751e-51
1.470736954251018900e-51
9.685406724142795661e-52
8.326015362798262421e-52
8.289917845474398411e-52
8.289910164317301305e-52
8.289910164317289435e-52
8.289910164317289435e-52
8.289910164317289435e-52
8.289910164317289435e-52
8.289910164317289435e-52
8.289910164317289435e-52
8.289910164317289435e-52
8.289910164317289435e-52
8.289910164317289435e-52
8.289910164317289435e-52
8.289910164317289435e-52
8.289910164317289435e-52
8.289910164317289435e-52
8.289910164317284984e-52
8.289910164317188545e-52
8.289910164313822069e-52
8.289910164229131991e-52
8.289910162497411948e-52
8.289910128420105663e-52
8.289909618230025177e-52
8.289903260481250813e-52
8.289831208525279889e-52
8.289185293335289625e-52
8.284309244187270534e-52
8.252189660523466489e-52
8.084490419343601219e-52
7.421875661491101798e-52
5.840227481367757905e-52
4.211611969208373050e-52
3.716109205335446373e-52
3.702594569306691645e-52
3.702591691521287324e-52
3.702591691521282131e-52
3.702591691521282131e-52
3.702591691521282131e-52
3.702591691521282131e-52
3.702591691521282131e-52
3.702591691521282131e-52
3.702591691521282131e-52
3.702591691521282131e-52
3.702591691521282131e-52
3.702591691521282131e-52
3.702591691521282131e-52
3.702591691521282131e-52
3.702591691521282131e-52
3.702591691521281389e-52
3.702591691521254683e-52
3.702591691520339993e-52
3.702591691497333271e-52
3.702591691026894654e-52
3.702591681769474264e-52
3.702591543171544300e-52
3.702589816028784900e-52
3.702570242358982986e-52
3.702394766766841543e-52
3.701069746132040878e-52
3.692326263181974889e-52
3.646240440620694759e-52
3.456694782150204771e-52
2.949984277279973856e-52
2.330171230211725310e-52
2.117444591895553344e-52
2.111464356765343799e-52
2.111463082304798153e-52
2.111463082304796298e-52
2.111463082304796298e-52
2.111463082304796298e-52
2.111463082304796298e-52
2.111463082304796298e-52
2.111463082304796298e-52
2.111463082304796298e-52
2.111463082304796298e-52
2.111463082304796298e-52
2.111463082304796298e-52
2.111463082304796298e-52
2.111463082304796298e-52
2.111463082304795927e-52
2.111463082304787396e-52
2.111463082304492885e-52
2.111463082297080037e-52
2.111463082145514084e-52
2.111463079162951062e-52
2.111463034509354938e-52
2.111462478056947401e-52
2.111456171778627973e-52
2.111399635457421255e-52
2.110972652988680466e-52
2.108151764271883990e-52
2.093186783191602030e-52
2.029882834000145942e-52
1.845466009446860950e-52
1.584287433115276654e-52
1.483872804847337560e-52
1.480960700011581124e-52
1.480960078870320284e-52
1.480960078870319357e-52
1.480960078870319357e-52
1.480960078870319357e-52
1.480960078870319357e-52
1.480960078870319357e-52
1.480960078870319357e-52
1.480960078870319357e-52
1.480960078870319357e-52
1.480960078870319357e-52
1.480960078870319357e-52
1.480960078870319357e-52
1.480960078870319357e-52
1.480960078870319357e-52
1.480960078870316575e-52
1.480960078870211605e-52
1.480960078867574916e-52
1.480960078813661975e-52
1.480960077752746672e-52
1.480960061869200414e-52
1.480959863935784006e-52
1.480957620751650274e-52
1.480937510120211763e-52
1.480785610312696015e-52
1.479781312519176062e-52
1.474431239754004703e-52
1.451378195818682392e-52
1.380079821312183238e-52
1.267127931214524131e-52
1.219407224136795758e-52
1.217984146789619579e-52
1.217983843010466708e-52
1.217983843010466151e-52
1.217983843010466151e-52
1.217983843010466151e-52
1.217983843010466151e-52
1.217983843010466151e-52
1.217983843010466151e-52
1.217983843010466151e-52
1.217983843010466151e-52
1.217983843010466151e-52
1.217983843010466151e-52
1.217983843010466151e-52
1.217983843010466151e-52
1.217983843010466151e-52
1.217983843010465039e-52
1.217983843010427390e-52
1.217983843009483397e-52
1.217983842990179576e-52
1.217983842610314766e-52
1.217983836923150326e-52
1.217983766052327635e-52
1.217982962870852451e-52
1.217975762113659317e-52
1.217921369720637755e-52
1.217561591441787765e-52
1.215640333693583200e-52
1.207271112719880067e-52
1.180418435828025038e-52
1.134624401980596856e-52
1.113960538066314351e-52
1.113331489219797201e-52
1.113331354858031589e-52
1.113331354858031218e-52
1.113331354858031218e-52
1.113331354858031218e-52
1.113331354858031218e-52
1.113331354858031218e-52
1.113331354858031218e-52
1.113331354858031218e-52
1.113331354858031218e-52
1.113331354858031218e-52
1.113331354858031218e-52
1.113331354858031218e-52
1.113331354858031218e-52
1.113331354858030847e-52
1.113331354858018792e-52
1.113331354857712041e-52
1.113331354851442370e-52
1.113331354728063602e-52
1.113331352880888954e-52
1.113331329862251244e-52
1.113331068991116674e-52
1.113328730195071249e-52
1.113311063044565520e-52
1.113194178120643560e-52
1.112569244534475762e-52
1.109832049553718063e-52
1.100882701453660604e-52
1.085006720427691780e-52
1.077576249420309513e-52
1.077347352405603467e-52
1.077347303497080899e-52
1.077347303497080713e-52
1.077347303497080713e-52
1.077347303497080713e-52
1.077347303497080713e-52
1.077347303497080713e-52
1.077347303497080713e-52
1.077347303497080713e-52
1.077347303497080713e-52
1.077347303497080713e-52
1.077347303497080713e-52
1.077347303497080713e-52
1.077347303497080713e-52
1.077347303497080713e-52
1.077347303497077375e-52
1.077347303496995216e-52
1.077347303495314389e-52
1.077347303462238100e-52
1.077347302967031445e-52
1.077347296795995684e-52
1.077347226859389975e-52
1.077346599853518313e-52
1.077341863420415476e-52
1.077310524693867309e-52
1.077142889203413735e-52
1.076407042869122686e-52
1.073982762795387375e-52
1.069611505890590045e-52
1.067533917488779983e-52
1.067469591062795503e-52
1.067469577316048168e-52
1.067469577316048168e-52
1.067469577316048168e-52
1.067469577316048168e-52
1.067469577316048168e-52
1.067469577316048168e-52
1.067469577316048168e-52
1.067469577316048168e-52
1.067469577316048168e-52
1.067469577316048168e-52
1.067469577316048168e-52
1.067469577316048168e-52
1.067469577316048168e-52
1.067469577316047426e-52
1.067469577316030549e-52
1.067469577315681327e-52
1.067469577308814845e-52
1.067469577206011043e-52
1.067469575924915965e-52
1.067469561406213282e-52
1.067469431240951892e-52
1.067468447962314612e-52
1.067461941902726456e-52
1.067427134944660831e-52
1.067274246299157044e-52
1.066769376719866309e-52
1.065854473639350798e-52
1.065417562406008402e-52
1.065404013317148183e-52
1.065404010421530066e-52
1.065404010421530066e-52
1.065404010421530066e-52
1.065404010421530066e-52
1.065404010421530066e-52
1.065404010421530066e-52
1.065404010421530066e-52
1.065404010421530066e-52
1.065404010421530066e-52
1.065404010421530066e-52
1.065404010421530066e-52
1.065404010421530066e-52
1.065404010421530066e-52
1.065404010421530066e-52
1.065404010421527284e-52
1.065404010421472944e-52
1.065404010420401540e-52
1.065404010404363118e-52
1.065404010204499963e-52
1.065404007939439844e-52
1.065403987632381682e-52
1.065403834231129408e-52
1.065402819215082535e-52
1.065397388773793740e-52
1.065373532164533875e-52
1.065294711783613234e-52
1.065151716372083829e-52
1.065083355949537237e-52
1.065081235263073133e-52
1.065081234809850055e-52
1.065081234809850055e-52
1.065081234809850055e-52
1.065081234809850055e-52
1.065081234809850055e-52
1.065081234809850055e-52
1.065081234809850055e-52
1.065081234809850055e-52
1.065081234809850055e-52
1.065081234809850055e-52
1.065081234809850055e-52
1.065081234809850055e-52
1.065081234809850055e-52
1.065081234809850055e-52
1.065081234809849499e-52
1.065081234809843193e-52
1.065081234809718750e-52
1.065081234807854503e-52
1.065081234784622632e-52
1.065081234521335390e-52
1.065081232160872820e-52
1.065081214329734801e-52
1.065081096345634192e-52
1.065080465115065745e-52
1.065077691972688906e-52
1.065068528945628618e-52
1.065051902383587746e-52
1.065043952491282649e-52
1.065043705854204056e-52
1.065043705801493826e-52
1.065043705801493826e-52
1.065043705801493826e-52
1.065043705801493826e-52
1.065043705801493826e-52
1.065043705801493826e-52
1.065043705801493826e-52
1.065043705801493826e-52
1.065043705801493826e-52
1.065043705801493826e-52
1.065043705801493826e-52
1.065043705801493826e-52
1.065043705801493826e-52
1.065043705801493455e-52
1.065043705801482513e-52
1.065043705801321348e-52
1.065043705799309474e-52
1.065043705776509726e-52
1.065043705572103535e-52
1.065043704027999961e-52
1.065043693811059683e-52
1.065043639149040014e-52
1.065043399005400454e-52
1.065042605513796627e-52
1.065041165669835723e-52
1.065040477202451156e-52
1.065040455843321737e-52
1.065040455838756816e-52
1.065040455838756816e-52
1.065040455838756816e-52
1.065040455838756816e-52
1.065040455838756816e-52
1.065040455838756816e-52
1.065040455838756816e-52
1.065040455838756816e-52
1.065040455838756816e-52
1.065040455838756816e-52
1.065040455838756816e-52
1.065040455838756816e-52
1.065040455838756816e-52
1.065040455838756816e-52
1.065040455838756075e-52
1.065040455838745689e-52
1.065040455838615681e-52
1.065040455837141828e-52
1.065040455823927596e-52
1.065040455724106924e-52
1.065040455063619341e-52
1.065040451529920585e-52
1.065040436005512463e-52
1.065040384709135209e-52
1.065040291628221104e-52
1.065040247121111360e-52
1.065040245740314304e-52
1.065040245740019236e-52
1.065040245740019236e-52
1.065040245740019236e-52
1.065040245740019236e-52
1.065040245740019236e-52
1.065040245740019236e-52
1.065040245740019236e-52
1.065040245740019236e-52
1.065040245740019236e-52
1.065040245740019236e-52
1.065040245740019236e-52
1.065040245740019236e-52
1.065040245740019236e-52
1.065040245740019236e-52
1.065040245740019236e-52
1.065040245740018680e-52
1.065040245740012374e-52
1.065040245739941157e-52
1.065040245739301876e-52
1.065040245734472860e-52
1.065040245702520460e-52
1.065040245531571124e-52
1.065040244780547939e-52
1.065040242298986836e-52
1.065040237796017802e-52
1.065040235642900226e-52
1.065040235576101504e-52
1.065040235576087038e-52
1.065040235576087038e-52
1.065040235576087038e-52
1.065040235576087038e-52
1.065040235576087038e-52
1.065040235576087038e-52
1.065040235576087038e-52
1.065040235576087038e-52
1.065040235576087038e-52
1.065040235576087038e-52
1.065040235576087038e-52
1.065040235576087038e-52
1.065040235576087038e-52
1.065040235576087038e-52
1.065040235576087038e-52
1.065040235576086852e-52
1.065040235576084256e-52
1.065040235576061073e-52
1.065040235575885813e-52
1.065040235574726315e-52
1.065040235568522854e-52
1.065040235541268905e-52
1.065040235451215500e-52
1.065040235287807721e-52
1.065040235209673294e-52
1.065040235207249142e-52
1.065040235207248586e-52
1.065040235207248586e-52
1.065040235207248586e-52
1.065040235207248586e-52
1.065040235207248586e-52
1.065040235207248586e-52
1.065040235207248586e-52
1.065040235207248586e-52
1.065040235207248586e-52
1.065040235207248586e-52
1.065040235207248586e-52
1.065040235207248586e-52
1.065040235207248586e-52
1.065040235207248586e-52
1.065040235207248586e-52
1.065040235207248586e-52
1.065040235207248586e-52
1.065040235207247844e-52
1.065040235207243207e-52
1.065040235207211493e-52
1.065040235207042168e-52
1.065040235206298658e-52
1.065040235203841494e-52
1.065040235199382843e-52
1.065040235197250977e-52
1.065040235197184953e-52
1.065040235197184953e-52
1.065040235197184953e-52
1.065040235197184953e-52
1.065040235197184953e-52
1.065040235197184953e-52
1.065040235197184953e-52
1.065040235197184953e-52
1.065040235197184953e-52
1.065040235197184953e-52
1.065040235197184953e-52
1.065040235197184953e-52
1.065040235197184953e-52
1.065040235197184953e-52
1.065040235197184953e-52
1.065040235197184953e-52
1.065040235197184953e-52
1.065040235197184953e-52
1.065040235197184953e-52
1.065040235197184767e-52
1.065040235197184026e-52
1.065040235197180687e-52
1.065040235197165294e-52
1.065040235197114849e-52
1.065040235197023231e-52
1.065040235196979463e-52
1.065040235196977979e-52
1.065040235196977979e-52
1.065040235196977979e-52
1.065040235196977979e-52
1.065040235196977979e-52
1.065040235196977979e-52
1.065040235196977979e-52
1.065040235196977979e-52
1.065040235196977979e-52
1.065040235196977979e-52
1.065040235196977979e-52
1.065040235196977979e-52
1.065040235196977979e-52
1.065040235196977979e-52
1.065040235196977979e-52
1.065040235196977979e-52
1.065040235196977979e-52
1.065040235196977979e-52
1.065040235196977979e-52
1.065040235196977979e-52
1.065040235196977979e-52
1.065040235196977794e-52
1.065040235196976866e-52
1.065040235196975383e-52
1.065040235196974641e-52
1.065040235196974641e-52
1.065040235196974641e-52
1.065040235196974641e-52
1.065040235196974641e-52
1.065040235196974641e-52
1.065040235196974641e-52
1.065040235196974641e-52
1.065040235196974641e-52
1.065040235196974641e-52
1.065040235196974641e-52
1.065040235196974641e-52
1.065040235196974641e-52
1.065040235196974641e-52
1.065040235196974641e-52
1.065040235196974641e-52
1.065040235196974641e-52
1.065040235196974641e-52
1.065040235196974641e-52
1.065040235196974641e-52
1.065040235196974641e-52
1.065040235196974641e-52
1.065040235196974641e-52
1.065040235196974641e-52
1.065040235196974641e-52
1.065040235196974641e-52
1.065040235196974641e-52
1.065040235196974641e-52
1.065040235196974641e-52
1.065040235196974641e-52
1.065040235196974641e-52
1.065040235196974641e-52
1.065040235196974641e-52
1.065040235196974641e-52
1.065040235196974641e-52
1.065040235196974641e-52
1.065040235196974641e-52
1.065040235196974641e-52
1.065040235196974641e-52
1.065040235196974641e-52
1.065040235196974641e-52
1.065040235196974641e-52
1.065040235196974641e-52
1.065040235196974641e-52
1.065040235196974641e-52
1.065040235196974641e-52
1.065040235196974641e-52
1.065040235196974641e-52
1.065040235196974641e-52
1.065040235196974641e-52
1.065040235196974641e-52
1.065040235196974641e-52
1.065040235196974641e-52
1.065040235196974641e-52
1.065040235196974641e-52
1.065040235196974641e-52
1.065040235196974641e-52
1.065040235196974641e-52
1.065040235196974641e-52
1.065040235196974641e-52
1.065040235196974641e-52
1.065040235196974641e-52
1.065040235196974641e-52
1.065040235196974641e-52
1.065040235196974641e-52
1.065040235196974641e-52
1.065040235196974641e-52
1.065040235196974641e-52
1.065040235196974641e-52
1.065040235196974641e-52
1.065040235196974641e-52
1.065040235196974641e-52
1.065040235196974641e-52
1.065040235196974641e-52
1.065040235196974641e-52
1.065040235196974641e-52
1.065040235196974641e-52
1.065040235196974641e-52
1.065040235196974641e-52
1.065040235196974641e-52
1.065040235196974641e-52
1.065040235196974641e-52
1.065040235196974641e-52
1.065040235196974641e-52
1.065040235196974641e-52
1.065040235196974641e-52
1.065040235196974641e-52
1.065040235196974641e-52
1.065040235196974641e-52
1.065040235196974641e-52
1.065040235196974641e-52
1.065040235196974641e-52
1.065040235196974641e-52
1.065040235196974641e-52
1.065040235196974641e-52
1.065040235196974641e-52
1.065040235196974641e-52
1.065040235196974641e-52
1.065040235196974641e-52
1.065040235196974641e-52
1.065040235196974641e-52
1.065040235196974641e-52
1.065040235196974641e-52
1.065040235196974641e-52
1.065040235196974641e-52
1.065040235196974641e-52
1.065040235196974641e-52
1.065040235196974641e-52
1.065040235196974641e-52
1.065040235196974641e-52
1.065040235196974641e-52
1.065040235196974641e-52
1.065040235196974641e-52
1.065040235196974641e-52
1.065040235196974641e-52
1.065040235196974641e-52
1.065040235196974641e-52
1.065040235196974641e-52
1.065040235196974641e-52
1.065040235196974641e-52
1.065040235196974641e-52
1.065040235196974641e-52
1.065040235196974641e-52
1.065040235196974641e-52
1.065040235196974641e-52
1.065040235196974641e-52
1.065040235196974641e-52
1.065040235196974641e-52
1.065040235196974641e-52
1.065040235196974641e-52
1.065040235196974641e-52
1.065040235196974641e-52
1.065040235196974641e-52
1.065040235196974641e-52
1.065040235196974641e-52
1.065040235196974641e-52
1.065040235196974641e-52
1.065040235196974641e-52
1.065040235196974641e-52
1.065040235196974641e-52
1.065040235196974641e-52
1.065040235196974641e-52
1.065040235196974641e-52
1.065040235196974641e-52
1.065040235196974641e-52
1.065040235196974641e-52
1.065040235196974641e-52
1.065040235196974641e-52
1.065040235196974641e-52
1.065040235196974641e-52
1.065040235196974641e-52
1.065040235196974641e-52
1.065040235196974641e-52
1.065040235196974641e-52
1.065040235196974641e-52
1.065040235196974641e-52
1.065040235196974641e-52
1.065040235196974641e-52
1.065040235196974641e-52
1.065040235196974641e-52
1.065040235196974641e-52
1.065040235196974641e-52
1.065040235196974641e-52
1.065040235196974641e-52
1.065040235196974641e-52
1.065040235196974641e-52
1.065040235196974641e-52
1.065040235196974641e-52
1.065040235196974641e-52
1.065040235196974641e-52
1.065040235196974641e-52
1.065040235196974641e-52
1.065040235196974641e-52
1.065040235196974641e-52
1.065040235196974641e-52
1.065040235196974641e-52
1.065040235196974641e-52
1.065040235196974641e-52
1.065040235196974641e-52
1.065040235196974641e-52
1.065040235196974641e-52
1.065040235196974641e-52
1.065040235196974641e-52
1.065040235196974641e-52
1.065040235196974641e-52
1.065040235196974641e-52
1.065040235196974641e-52
1.065040235196974641e-52
1.065040235196974641e-52
1.065040235196974641e-52
1.065040235196974641e-52
1.065040235196974641e-52
1.065040235196974641e-52
1.065040235196974641e-52
1.065040235196974641e-52
1.065040235196974641e-52
1.065040235196974641e-52
1.065040235196974641e-52
1.065040235196974641e-52
1.065040235196974641e-52
1.065040235196974641e-52
1.065040235196974641e-52
1.065040235196974641e-52
1.065040235196974641e-52
1.065040235196974641e-52
1.065040235196974641e-52
1.065040235196974641e-52
1.065040235196974641e-52
1.065040235196974641e-52
1.065040235196974641e-52
1.065040235196974641e-52
1.065040235196974641e-52
1.065040235196974641e-52
1.065040235196974641e-52
1.065040235196974641e-52
1.065040235196974641e-52
1.065040235196974641e-52
1.065040235196974641e-52
1.065040235196974641e-52
1.065040235196974641e-52
1.065040235196974641e-52
1.065040235196974641e-52
1.065040235196974641e-52
1.065040235196974641e-52
1.065040235196974641e-52
1.065040235196974641e-52
1.065040235196974641e-52
1.065040235196974641e-52
1.065040235196974641e-52
1.065040235196974641e-52
1.065040235196974641e-52
1.065040235196974641e-52
1.065040235196974641e-52
1.065040235196974641e-52
1.065040235196974641e-52
1.065040235196974641e-52
1.065040235196974641e-52
1.065040235196974641e-52
1.065040235196974641e-52
1.065040235196974641e-52
1.065040235196974641e-52
1.065040235196974641e-52
1.065040235196974641e-52
1.065040235196974641e-52
1.065040235196974641e-52
1.065040235196974641e-52
1.065040235196974641e-52
1.065040235196974641e-52
1.065040235196974641e-52
1.065040235196974641e-52
1.065040235196974641e-52
1.065040235196974641e-52
1.065040235196974641e-52
1.065040235196974641e-52
1.065040235196974641e-52
1.065040235196974641e-52
1.065040235196974641e-52
1.065040235196974641e-52
1.065040235196974641e-52
1.065040235196974641e-52
1.065040235196974641e-52
1.065040235196974641e-52
1.065040235196974641e-52
1.065040235196974641e-52
1.065040235196974641e-52
1.065040235196974641e-52
1.065040235196974641e-52
1.065040235196974641e-52
1.065040235196974641e-52
1.065040235196974641e-52
1.065040235196974641e-52
1.065040235196974641e-52
1.065040235196974641e-52
1.065040235196974641e-52
1.065040235196974641e-52
1.065040235196974641e-52
1.065040235196974641e-52
1.065040235196974641e-52
1.065040235196974641e-52
1.065040235196974641e-52
1.065040235196974641e-52
1.065040235196974641e-52
1.065040235196974641e-52
1.065040235196974641e-52
1.065040235196974641e-52
1.065040235196974641e-52
1.065040235196974641e-52
1.065040235196974641e-52
1.065040235196974641e-52
1.065040235196974641e-52
1.065040235196974641e-52
1.065040235196974641e-52
1.065040235196974641e-52
1.065040235196974641e-52
1.065040235196974641e-52
1.065040235196974641e-52
1.065040235196974641e-52
1.065040235196974641e-52
1.065040235196974641e-52
1.065040235196974641e-52
1.065040235196974641e-52
1.065040235196974641e-52
1.065040235196974641e-52
1.065040235196974641e-52
1.065040235196974641e-52
1.065040235196974641e-52
1.065040235196974641e-52
1.065040235196974641e-52
1.065040235196974641e-52
1.065040235196974641e-52
1.065040235196974641e-52
1.065040235196974641e-52
1.065040235196974641e-52
1.065040235196974641e-52
1.065040235196974641e-52
1.065040235196974641e-52
1.065040235196974641e-52
1.065040235196974641e-52
1.065040235196974641e-52
1.065040235196974641e-52
1.065040235196974641e-52
1.065040235196974641e-52
1.065040235196974641e-52
1.065040235196974641e-52
1.065040235196974641e-52
1.065040235196974641e-52
1.065040235196974641e-52
1.065040235196974641e-52
1.065040235196974641e-52
1.065040235196974641e-52
1.065040235196974641e-52
1.065040235196974641e-52
1.065040235196974641e-52
1.065040235196974641e-52
1.065040235196974641e-52
1.065040235196974641e-52
1.065040235196974641e-52
1.065040235196974641e-52
1.065040235196974641e-52
1.065040235196974641e-52
1.065040235196974641e-52
1.065040235196974641e-52
1.065040235196974641e-52
1.065040235196974641e-52
1.065040235196974641e-52
1.065040235196974641e-52
1.065040235196974641e-52
1.065040235196974641e-52
1.065040235196974641e-52
1.065040235196974641e-52
1.065040235196974641e-52
1.065040235196974641e-52
1.065040235196974641e-52
1.065040235196974641e-52
1.065040235196974641e-52
1.065040235196974641e-52
1.065040235196974641e-52
1.065040235196974641e-52
1.065040235196974641e-52
1.065040235196974641e-52
1.065040235196974641e-52
1.065040235196974641e-52
1.065040235196974641e-52
1.065040235196974641e-52
1.065040235196974641e-52
1.065040235196974641e-52
1.065040235196974641e-52
1.065040235196974641e-52
1.065040235196974641e-52
1.065040235196974641e-52
1.065040235196974641e-52
1.065040235196974641e-52
1.065040235196974641e-52
1.065040235196974641e-52
1.065040235196974641e-52
1.065040235196974641e-52
1.065040235196974641e-52
1.065040235196974641e-52
1.065040235196974641e-52
1.065040235196974641e-52
1.065040235196974641e-52
1.065040235196974641e-52
1.065040235196974641e-52
1.065040235196974641e-52
1.065040235196974641e-52
1.065040235196974641e-52
1.065040235196974641e-52
1.065040235196974641e-52
1.065040235196974641e-52
1.065040235196974641e-52
1.065040235196974641e-52
1.065040235196974641e-52
1.065040235196974641e-52
1.065040235196974641e-52
1.065040235196974641e-52
1.065040235196974641e-52
1.065040235196974641e-52
1.065040235196974641e-52
1.065040235196974641e-52
1.065040235196974641e-52
1.065040235196974641e-52
1.065040235196974641e-52
1.065040235196974641e-52
1.065040235196974641e-52
1.065040235196974641e-52
1.065040235196974641e-52
1.065040235196974641e-52
1.065040235196974641e-52
1.065040235196974641e-52
1.065040235196974641e-52
1.065040235196974641e-52
1.065040235196974641e-52
1.065040235196974641e-52
1.065040235196974641e-52
1.065040235196974641e-52
1.065040235196974641e-52
1.065040235196974641e-52
1.065040235196974641e-52
1.065040235196974641e-52
1.065040235196974641e-52
1.065040235196974641e-52
1.065040235196974641e-52
1.065040235196974641e-52
1.065040235196974641e-52
1.065040235196974641e-52
1.065040235196974641e-52
1.065040235196974641e-52
1.065040235196974641e-52
1.065040235196974641e-52
1.065040235196974641e-52
1.065040235196974641e-52
1.065040235196974641e-52
1.065040235196974641e-52
1.065040235196974641e-52
1.065040235196974641e-52
1.065040235196974641e-52
1.065040235196974641e-52
1.065040235196974641e-52
1.065040235196974641e-52
1.065040235196974641e-52
1.065040235196974641e-52
1.065040235196974641e-52
1.065040235196974641e-52
1.065040235196974641e-52
1.065040235196974641e-52
1.065040235196974641e-52
1.065040235196974641e-52
1.065040235196974641e-52
1.065040235196974641e-52
1.065040235196974641e-52
1.065040235196974641e-52
1.065040235196974641e-52
1.065040235196974641e-52
1.065040235196974641e-52
1.065040235196974641e-52
1.065040235196974641e-52
1.065040235196974641e-52
1.065040235196974641e-52
1.065040235196974641e-52
1.065040235196974641e-52
1.065040235196974641e-52
1.065040235196974641e-52
1.065040235196974641e-52
1.065040235196974641e-52
1.065040235196974641e-52
1.065040235196974641e-52
1.065040235196974641e-52
1.065040235196974641e-52
1.065040235196974641e-52
1.065040235196974641e-52
1.065040235196974641e-52
1.065040235196974641e-52
1.065040235196974641e-52
1.065040235196974641e-52
1.065040235196974641e-52
1.065040235196974641e-52
1.065040235196974641e-52
