1.000000000000030864e+00
1.000000000000030642e+00
1.000000000000029754e+00
1.000000000000029754e+00
1.000000000000029754e+00
1.000000000000027311e+00
1.000000000000027089e+00
1.000000000000027089e+00
1.000000000000027311e+00
1.000000000000027311e+00
1.000000000000027311e+00
1.000000000000027089e+00
1.000000000000027089e+00
1.000000000000027089e+00
1.000000000000026867e+00
1.000000000000026867e+00
1.000000000000026867e+00
1.000000000000026867e+00
1.000000000000026867e+00
1.000000000000027089e+00
1.000000000000026867e+00
1.000000000000026867e+00
1.000000000000026867e+00
1.000000000000026867e+00
1.000000000000026867e+00
1.000000000000026867e+00
1.000000000000026867e+00
1.000000000000026867e+00
1.000000000000026867e+00
1.000000000000026867e+00
1.000000000000027089e+00
1.000000000000026867e+00
1.000000000000026867e+00
1.000000000000026867e+00
1.000000000000026867e+00
1.000000000000026867e+00
1.000000000000026867e+00
1.000000000000026867e+00
1.000000000000026867e+00
1.000000000000026867e+00
1.000000000000026867e+00
1.000000000000026867e+00
1.000000000000026867e+00
1.000000000000026867e+00
1.000000000000026867e+00
1.000000000000026867e+00
1.000000000000027089e+00
1.000000000000026867e+00
1.000000000000026867e+00
1.000000000000026867e+00
1.000000000000026867e+00
1.000000000000026867e+00
1.000000000000026867e+00
1.000000000000026867e+00
1.000000000000026867e+00
1.000000000000026867e+00
1.000000000000026867e+00
1.000000000000026867e+00
1.000000000000026867e+00
1.000000000000026867e+00
1.000000000000026867e+00
1.000000000000026867e+00
1.000000000000026867e+00
1.000000000000026867e+00
1.000000000000026867e+00
1.000000000000026867e+00
1.000000000000026423e+00
1.000000000000026423e+00
1.000000000000026423e+00
1.000000000000026423e+00
1.000000000000026423e+00
1.000000000000026423e+00
1.000000000000026423e+00
1.000000000000026423e+00
1.000000000000026423e+00
1.000000000000026423e+00
1.000000000000026423e+00
1.000000000000026423e+00
1.000000000000026423e+00
1.000000000000026423e+00
1.000000000000026423e+00
1.000000000000026423e+00
1.000000000000026423e+00
1.000000000000026423e+00
1.000000000000026423e+00
1.000000000000026423e+00
1.000000000000025757e+00
1.000000000000025757e+00
1.000000000000025757e+00
1.000000000000025757e+00
1.000000000000025979e+00
1.000000000000025979e+00
1.000000000000025979e+00
1.000000000000025757e+00
1.000000000000025757e+00
1.000000000000025757e+00
1.000000000000025757e+00
1.000000000000025757e+00
1.000000000000025757e+00
1.000000000000025757e+00
1.000000000000025757e+00
1.000000000000025757e+00
1.000000000000025979e+00
1.000000000000025979e+00
1.000000000000025757e+00
1.000000000000025757e+00
1.000000000000025757e+00
1.000000000000025757e+00
1.000000000000025757e+00
1.000000000000025979e+00
1.000000000000025979e+00
1.000000000000025979e+00
1.000000000000025979e+00
1.000000000000025757e+00
1.000000000000025757e+00
1.000000000000025757e+00
1.000000000000025757e+00
1.000000000000025757e+00
1.000000000000025757e+00
1.000000000000025757e+00
1.000000000000025757e+00
1.000000000000025757e+00
1.000000000000025757e+00
1.000000000000025757e+00
1.000000000000025757e+00
1.000000000000025757e+00
1.000000000000025757e+00
1.000000000000025757e+00
1.000000000000025757e+00
1.000000000000025757e+00
1.000000000000025757e+00
1.000000000000025757e+00
1.000000000000025757e+00
1.000000000000025757e+00
1.000000000000025757e+00
1.000000000000025757e+00
1.000000000000025757e+00
1.000000000000025757e+00
1.000000000000025757e+00
1.000000000000025757e+00
1.000000000000025757e+00
1.000000000000025757e+00
1.000000000000025757e+00
1.000000000000025757e+00
1.000000000000025757e+00
1.000000000000025757e+00
1.000000000000025757e+00
1.000000000000025757e+00
1.000000000000025757e+00
1.000000000000025757e+00
1.000000000000025757e+00
1.000000000000015099e+00
1.000000000000015099e+00
1.000000000000015099e+00
1.000000000000015099e+00
1.000000000000015099e+00
1.000000000000015099e+00
1.000000000000015099e+00
1.000000000000015099e+00
1.000000000000015099e+00
1.000000000000015099e+00
1.000000000000015099e+00
1.000000000000015099e+00
1.000000000000015099e+00
1.000000000000015099e+00
1.000000000000015099e+00
1.000000000000015099e+00
1.000000000000015099e+00
1.000000000000015099e+00
1.000000000000015099e+00
1.000000000000015099e+00
1.000000000000015099e+00
1.000000000000015099e+00
1.000000000000015099e+00
1.000000000000015099e+00
1.000000000000015099e+00
1.000000000000015099e+00
1.000000000000015099e+00
1.000000000000015099e+00
1.000000000000015099e+00
1.000000000000015099e+00
1.000000000000015099e+00
1.000000000000015099e+00
1.000000000000015099e+00
1.000000000000015099e+00
1.000000000000015099e+00
1.000000000000015099e+00
1.000000000000015099e+00
1.000000000000015099e+00
1.000000000000015099e+00
1.000000000000015099e+00
1.000000000000015099e+00
1.000000000000015099e+00
1.000000000000015099e+00
1.000000000000015099e+00
1.000000000000015099e+00
1.000000000000015099e+00
1.000000000000015099e+00
1.000000000000015099e+00
1.000000000000015099e+00
1.000000000000015099e+00
1.000000000000015099e+00
1.000000000000015099e+00
1.000000000000015099e+00
1.000000000000015099e+00
1.000000000000015099e+00
1.000000000000015099e+00
1.000000000000015099e+00
1.000000000000015099e+00
1.000000000000015099e+00
1.000000000000015099e+00
1.000000000000015099e+00
9.999999999999903411e-01
9.999999999999903411e-01
9.999999999999903411e-01
9.999999999999902300e-01
9.999999999999902300e-01
9.999999999999623634e-01
9.999999999999623634e-01
9.999999999999623634e-01
9.999999999999623634e-01
9.999999999993564037e-01
9.999999999993565147e-01
9.999999999957345231e-01
9.999999999957338570e-01
9.999999999957325247e-01
9.999999999850341936e-01
9.999999999850343047e-01
9.999999999850343047e-01
9.999999999850343047e-01
9.999999999850343047e-01
9.999999999850343047e-01
9.999999999850341936e-01
9.999999999734636713e-01
9.999999999734635603e-01
9.999999999734635603e-01
9.999999995177941692e-01
9.999999995147295095e-01
9.999999982815477306e-01
9.999999982815469535e-01
9.999999982815469535e-01
9.999999982813806421e-01
9.999999952604072817e-01
9.999999952604072817e-01
9.999999952604071707e-01
9.999999939499403245e-01
9.999999939499403245e-01
9.999998840599985117e-01
9.999998840599985117e-01
9.999998833719080382e-01
9.999998833719080382e-01
9.999998833719080382e-01
9.999997076990929656e-01
9.999997076990929656e-01
9.999997076987793276e-01
9.999997076987793276e-01
9.999997076987792166e-01
9.999997076987786615e-01
9.999994344503592147e-01
9.999994344469056440e-01
9.999994344469056440e-01
9.999982829921157945e-01
9.999982829921156835e-01
9.999895196424978261e-01
9.999895193114398673e-01
9.999895154151594578e-01
9.999792097496305043e-01
9.999792097494997201e-01
9.999792097494997201e-01
9.999792097494998311e-01
9.999792097494998311e-01
9.999792097494998311e-01
9.999792097494981657e-01
9.999717452325792566e-01
9.999717452325792566e-01
9.999717452017919950e-01
9.998737617897113239e-01
9.998733878942930309e-01
9.995944301224143347e-01
9.995944300697759966e-01
9.995944300697759966e-01
9.995943987786155560e-01
9.995943987786155560e-01
9.993722365946886566e-01
9.993722365946851038e-01
9.993122006279101521e-01
9.993122006279101521e-01
9.965837575963720774e-01
9.965837575963720774e-01
9.965713540794366443e-01
9.965713540794359782e-01
9.965713540794359782e-01
9.928654479124102705e-01
9.928654479124102705e-01
9.928654454188927669e-01
9.928654454188927669e-01
9.928654454162134657e-01
9.928654454153701403e-01
9.912251650107815060e-01
9.912251174005086707e-01
9.912251174005086707e-01
9.893272240511821192e-01
9.893272240511821192e-01
9.625088808701944831e-01
9.625081899377487815e-01
9.624920086304949995e-01
9.415883298951609470e-01
9.415883298411537039e-01
9.415883298411537039e-01
9.415883298411538149e-01
9.415883298411538149e-01
9.415883298411538149e-01
9.415883298411538149e-01
9.415883298394560619e-01
9.375212301691597805e-01
9.375212301691585592e-01
9.375212301691585592e-01
9.375211992313836618e-01
9.141588628026253716e-01
9.140345200952313398e-01
8.096124861041937848e-01
8.096124809164885194e-01
8.096124809164885194e-01
8.096037018991373291e-01
8.096037018991373291e-01
7.634614534385106843e-01
7.634614534384194240e-01
7.601311563812516159e-01
7.601311563812516159e-01
6.587539718191468552e-01
6.587539718191468552e-01
6.579280531587456959e-01
6.579280531586717551e-01
6.579280531586717551e-01
4.963314443815158850e-01
4.963314443815158850e-01
4.963313976988346643e-01
4.963313976988346643e-01
4.963313975047681237e-01
4.963313975000174794e-01
4.594281669953849678e-01
4.594281669953849678e-01
4.594272594021561740e-01
4.594272594021561740e-01
4.594272594021561740e-01
4.479851847741406767e-01
4.479851847741405657e-01
2.970427961118221050e-01
2.970395365207798011e-01
2.968886128572819083e-01
1.953070673967270410e-01
1.953070673414040170e-01
1.953070673414040170e-01
1.953070673414037950e-01
1.953070673414037950e-01
1.953070673414037950e-01
1.953070673414037950e-01
1.953070673321610495e-01
1.845626365267418745e-01
1.845626365267410696e-01
1.845626365267410696e-01
1.845625729737231657e-01
1.614757334710768544e-01
1.614072332658980369e-01
7.648819234248378784e-02
7.648819074305682197e-02
7.648819074305682197e-02
7.648136421183794609e-02
7.648136421183794609e-02
4.996165159303227882e-02
4.996165159301888675e-02
4.874267696012468676e-02
4.874267696012468676e-02
3.121447197811215435e-02
3.121447197811215435e-02
3.113181243270956092e-02
3.113181243267076209e-02
3.113181243267076209e-02
1.207232233428837814e-02
1.207232233428837814e-02
1.207231882548063726e-02
1.207231882548063726e-02
1.207231877500229006e-02
1.207231877478798406e-02
9.068486770323366461e-03
9.068486770323366461e-03
9.068422627386650905e-03
9.068422627386650905e-03
9.068422627386650905e-03
8.785354680057047561e-03
8.785354680057047561e-03
3.424930563563103377e-03
3.424893255976064164e-03
3.417331509485066997e-03
1.461737813445027762e-03
1.461737812746972216e-03
1.461737812746972216e-03
1.461737812746960073e-03
1.461737812746960073e-03
1.461737812746960073e-03
1.461737812746960073e-03
1.461737812448640761e-03
1.288472794646216592e-03
1.288472794646213339e-03
1.288472794646213339e-03
1.288471872835400545e-03
1.120445686781032946e-03
1.120107549931736828e-03
2.891123721248099222e-04
2.891123666561252808e-04
2.891123666561252808e-04
2.891123666561252808e-04
2.890401479108147377e-04
1.676158472753963547e-04
1.676158472753963547e-04
1.676158472753716349e-04
1.612806473366602963e-04
1.612806473366602692e-04
1.071636154844294447e-04
1.071636154844294447e-04
1.069698334376038417e-04
1.069698334371651870e-04
1.069698334371651870e-04
1.069698334371651870e-04
2.573511350517798413e-05
2.573511350517798413e-05
2.573510710982931021e-05
2.573510710982931021e-05
2.573510691957688756e-05
2.573510691938280521e-05
1.969509715317038307e-05
1.969509715317038307e-05
1.969475925489309935e-05
1.969475925489309935e-05
1.969475925489309935e-05
1.938142941163412583e-05
1.938142941163412583e-05
8.607709685370636271e-06
8.607709685370636271e-06
8.607629171887164112e-06
8.575029078527305837e-06
2.699370404813594780e-06
2.699370404271187068e-06
2.699370404271187068e-06
2.699370404271132011e-06
2.699370404271132011e-06
2.699370404271132011e-06
2.699370404271132011e-06
2.699370403464213697e-06
2.426585628755356608e-06
2.426585628755355337e-06
2.426585628755355337e-06
2.426581860834539249e-06
2.261509209123882084e-06
2.261036498128135840e-06
6.938754458161776652e-07
6.938754388707366202e-07
6.938754388707366202e-07
6.938754388707366202e-07
6.935814693557882776e-07
3.265145955711532798e-07
3.265145955711532798e-07
3.265145955711386156e-07
3.154790648001790644e-07
3.154790648001789056e-07
3.154790648001789056e-07
2.500818634465464077e-07
2.497101236160164636e-07
2.497101236141033338e-07
2.497101236141033338e-07
6.435381334297697286e-08
6.435381334297697286e-08
6.435381334297697286e-08
6.435381334297697286e-08
6.435380452658296500e-08
6.435380311554432862e-08
6.435380311535561232e-08
4.309551841021281148e-08
4.309551841021281148e-08
4.309437334139206839e-08
4.309437334139206839e-08
4.309437334139206839e-08
4.256335261329321457e-08
4.256335261329321457e-08
2.461310975240070430e-08
2.461310975240070430e-08
2.461296510291150095e-08
2.449097121622331285e-08
7.142747899589620522e-09
7.142747898999203816e-09
7.142747898999203816e-09
7.142747898998892796e-09
7.142747898998892796e-09
7.142747898998892796e-09
7.142747898998892796e-09
7.142747892310675977e-09
5.996077507603871293e-09
5.996077507603867984e-09
5.996077507603867984e-09
5.996061229662319616e-09
5.637407987543316404e-09
5.636762496923848326e-09
2.260127194551960254e-09
2.260127183096961299e-09
2.260127183096961299e-09
2.260127183096961299e-09
2.258698328872380639e-09
9.294152494402194973e-10
9.294152494402194973e-10
9.294152494402194973e-10
9.294152494401963362e-10
8.734997368240373628e-10
8.734997368240373628e-10
8.734997368240365356e-10
8.734997368240365356e-10
6.957949982270237372e-10
6.951623230281619166e-10
6.951623230106102814e-10
6.951623230106102814e-10
2.222705465022648600e-10
2.222705465022648600e-10
2.222705465022648600e-10
2.222705465022648600e-10
2.222705301529900084e-10
2.222705182430353579e-10
1.334484152140152101e-10
1.334484152138565983e-10
1.334484152138565983e-10
1.334433841140131169e-10
1.334433841140131169e-10
1.334433841140131169e-10
1.323201490862342934e-10
1.323201490862342934e-10
7.352228866816580043e-11
7.352228866816580043e-11
7.282564430612817234e-11
7.282544745125795046e-11
2.497186388061668197e-11
2.497186387920608376e-11
2.497186387920608376e-11
2.497186387920157951e-11
2.497186387920157951e-11
2.497186387920157951e-11
2.497186387920157951e-11
2.497186382136036448e-11
1.980019849943216992e-11
1.980019849943216992e-11
1.980019849943216992e-11
1.980011716451136542e-11
1.892642562007236237e-11
1.892529456391348712e-11
6.833850480227694511e-12
6.833850480227694511e-12
6.833850459756942943e-12
6.833850459756942943e-12
6.825457141743790197e-12
3.179401694767935340e-12
3.179401694767935340e-12
3.179401694767935340e-12
3.179401694767901008e-12
2.928845323722947147e-12
2.928845323722947147e-12
2.928845323722937857e-12
2.928845323722937857e-12
2.465011110261034987e-12
2.463776227835658818e-12
2.463776227679665398e-12
2.463776227679665398e-12
6.732059885409936966e-13
6.732059885409936966e-13
6.732059885409936966e-13
6.732059592250288895e-13
6.732059592250288895e-13
6.732059091621537435e-13
6.732059091621537435e-13
4.385999858285118973e-13
4.385999858282967213e-13
4.385650480931688918e-13
4.385650480931688918e-13
4.385650480931688918e-13
4.366712728482138601e-13
4.366712728482138601e-13
2.763892469749244844e-13
2.763892469749244844e-13
2.725601605711105802e-13
2.725596215867799476e-13
7.721619876780601939e-14
7.721619876611280835e-14
7.721619876611280835e-14
7.721619876608235201e-14
7.721619876608235201e-14
7.721619876608235201e-14
7.721619876608235201e-14
7.721619851267108557e-14
6.358924777773164312e-14
6.358924777773164312e-14
6.358924777773164312e-14
6.358924777773164312e-14
6.358924777773164312e-14
6.358870846200483566e-14
6.215626054849245199e-14
6.215387603604637593e-14
2.729850652222192629e-14
2.729850652222192629e-14
2.729850648121320355e-14
2.724622047251920948e-14
2.724622047251920948e-14
1.042026602902036486e-14
1.042026602902036486e-14
1.042026602902036486e-14
1.042026602902033172e-14
9.698736281914418076e-15
9.698736281914418076e-15
9.698736281914348657e-15
9.698736281914348657e-15
8.842255074650086874e-15
8.839148709346134006e-15
8.839148708426113931e-15
8.839148708426113931e-15
8.839148708426113931e-15
2.854337615692163309e-15
2.854337615692163309e-15
2.854337549529255340e-15
2.854337549529255340e-15
2.854336970940299623e-15
2.854336970940299623e-15
1.585765143069531557e-15
1.585765143069273008e-15
1.585586730740710997e-15
1.585586730740710997e-15
1.585586730740710997e-15
1.585586730740710997e-15
1.580742058660329342e-15
1.580742058660329342e-15
1.191813014106025137e-15
1.191813014106025137e-15
1.172959194561737655e-15
1.172957941382389210e-15
3.457773287747254722e-16
3.457773287747254722e-16
3.457773287716018789e-16
3.457773287713220305e-16
3.457773287713220305e-16
3.457773255043776045e-16
3.457773255043776045e-16
3.457773255043776045e-16
2.583330211163548313e-16
2.583330211163548313e-16
2.583330211163548313e-16
2.583330211163548313e-16
2.583330211163548313e-16
2.583295438555365554e-16
2.536869599998249139e-16
2.536819731086748214e-16
1.401472132326728608e-16
1.401472132326728608e-16
1.401472131332395815e-16
1.397818101114033018e-16
1.397818101114033018e-16
4.956312365261702225e-17
4.956312365261702225e-17
4.956312365261702225e-17
4.956312365261693597e-17
4.956312365261693597e-17
4.406334818644088396e-17
4.406334818644023685e-17
4.406334818644023685e-17
4.057330273102061776e-17
4.057330271855835958e-17
4.056509036768575240e-17
4.056509036768575240e-17
4.056509036768575240e-17
1.625321232961749526e-17
1.625321213226316751e-17
1.625321213226316751e-17
1.625321213226316751e-17
1.625320480331497892e-17
1.625320480331497892e-17
8.122836621322458785e-18
8.122836621321716146e-18
8.121594563865464342e-18
8.121594563865464342e-18
8.121594563865464342e-18
8.121594563865464342e-18
8.105619722829311819e-18
8.105619722829311819e-18
6.107836188595164575e-18
6.107836188595164575e-18
5.935374614217626782e-18
5.935371662272571714e-18
2.059642743937498528e-18
2.059642743937498528e-18
2.059642743925379036e-18
2.059642743918995734e-18
2.059642743918995734e-18
2.059642698635872984e-18
2.059642698635872984e-18
2.059642698635872984e-18
1.427297707215467870e-18
1.427297707215467870e-18
1.427297707215467870e-18
1.427297707215467870e-18
1.427297707215467870e-18
1.427269542815402103e-18
1.409379266350163878e-18
1.409365106525974483e-18
7.497679794805640848e-19
7.497679794805640848e-19
7.497679791693624058e-19
7.460875184764386370e-19
2.972080673231618346e-19
2.972080673231618346e-19
2.972080673231618346e-19
2.972080673231618346e-19
2.972080673231618346e-19
2.972080673231615938e-19
2.972080673231615938e-19
2.552323901285883809e-19
2.552323901285744179e-19
2.552323901285744179e-19
2.552323899359145937e-19
2.402068514425226242e-19
2.401803687635819498e-19
2.401803687635819498e-19
2.401803687635819498e-19
8.794069667695340355e-20
8.794069604516268994e-20
8.794069604516268994e-20
8.794069604516268994e-20
8.794063911536668808e-20
8.794063911536668808e-20
4.774528892825785908e-20
4.774528892825599333e-20
4.773015455149427550e-20
4.773015455149427550e-20
4.773015455149427550e-20
4.773015455149427550e-20
4.773015455149427550e-20
4.767935071396048412e-20
3.840319287572941942e-20
3.840319287572941942e-20
3.692104779687536113e-20
3.692103530621780302e-20
3.692103530621780302e-20
1.122893523417283316e-20
1.122893523417283015e-20
1.122893523409870441e-20
1.122893523407252230e-20
1.122893523407252230e-20
1.122893487694246673e-20
1.122893487694246673e-20
1.122893487694246673e-20
8.163691502098872781e-21
8.163691502098872781e-21
8.163691502098872781e-21
8.163691502098872781e-21
8.163691502098872781e-21
8.163366501373638355e-21
8.109204456702680796e-21
8.109153195897742840e-21
4.958281690144964182e-21
4.958281690144964182e-21
4.958281689155698229e-21
4.922992762541183793e-21
1.669960598757855810e-21
1.669960598757855810e-21
1.669960598757855810e-21
1.669960598757855810e-21
1.669960598757855810e-21
1.669960598757855434e-21
1.669960598757855434e-21
1.669960598757622592e-21
1.460204995559925497e-21
1.460204995559925497e-21
1.460204993886740568e-21
1.413664251866537945e-21
1.413563946088454315e-21
1.413563946088454315e-21
1.413563946088454315e-21
6.202233784140402118e-22
6.202223795550369330e-22
6.202223772707469093e-22
6.202223772707469093e-22
6.202223772707469093e-22
6.202223772707469093e-22
2.870623391718763894e-22
2.870623391718727219e-22
2.869421392291571265e-22
2.869421392291571265e-22
2.869421392291571265e-22
2.869421392291571265e-22
2.869421392291571265e-22
2.867412840194549561e-22
2.529393590622544552e-22
2.529393590622544552e-22
2.429535951211847910e-22
2.429535558072101263e-22
2.429535558072101263e-22
8.406137237874078049e-23
8.406137237874072171e-23
8.406137237763848417e-23
8.406137237755791579e-23
8.406137237755791579e-23
8.406136531778569856e-23
8.406136531778569856e-23
8.406136531778569856e-23
5.425320239028230794e-23
5.425320239028230794e-23
5.425320239028230794e-23
5.425320239028230794e-23
5.425320239028230794e-23
5.425004850063155988e-23
5.425004850063155988e-23
5.398800696862144134e-23
5.398784181508500477e-23
3.886225367408489752e-23
3.886225367408489752e-23
3.852578109556464161e-23
3.852578109228517107e-23
1.322176486359887271e-23
1.322176486359887271e-23
1.322176486359887271e-23
1.322176486359887271e-23
1.322176486359887271e-23
1.322176486359887125e-23
1.322176486359887125e-23
1.322176486359499505e-23
1.081704196180484415e-23
1.081704196180484415e-23
1.081704192941701107e-23
1.053605574378499535e-23
1.053565073299844754e-23
1.053565073299844754e-23
5.612892601688764301e-24
5.612892601688764301e-24
5.612874626509429865e-24
5.612874616236921385e-24
5.612874616236921385e-24
5.612874616236921385e-24
5.612874616236921385e-24
2.420812334199776190e-24
2.420812334199776190e-24
2.420812334199776190e-24
2.419483686874749516e-24
2.419483686874733353e-24
2.419483686874733353e-24
2.419483686874733353e-24
2.419483686874733353e-24
2.418445392557929717e-24
2.153073384905016369e-24
2.015255946199552434e-24
2.015255946199552434e-24
2.015255797670909642e-24
2.015255797670909642e-24
8.251223534455436273e-25
8.251223534455421579e-25
8.251223534080822754e-25
8.251223534080822754e-25
8.251223534076030777e-25
8.251222039469297325e-25
8.251222039469297325e-25
8.251222039469297325e-25
4.920051091494339535e-25
4.920051091494339535e-25
4.920051091494339535e-25
4.920051091494339535e-25
4.919647894946684776e-25
4.919647894946684776e-25
4.919647894946684776e-25
4.903958130342655148e-25
3.536681878882345702e-25
3.536677987216075050e-25
3.536677987216075050e-25
3.482572721566046190e-25
3.482572721400627961e-25
1.343832114585259444e-25
1.343832114585259444e-25
1.343832114585259444e-25
1.343832114585259444e-25
1.343832114585259444e-25
1.343832114585259444e-25
1.343832114585259444e-25
1.343832114583847703e-25
1.343832114583847703e-25
1.046870288414035998e-25
1.046870281748376226e-25
1.027591712054889536e-25
1.027591712054889536e-25
1.027570557257598789e-25
5.309345294281500239e-26
5.309345294281500239e-26
5.309320292368448547e-26
5.309320286694743688e-26
5.309320286694743688e-26
5.309320286694743688e-26
5.309320286694743688e-26
2.472400761656320133e-26
2.472400761656320133e-26
2.469693305901382407e-26
2.469693305901382407e-26
2.469693305901375233e-26
2.469693305901375233e-26
2.469693305901375233e-26
2.469693305901375233e-26
2.469693305901375233e-26
2.469099160818163958e-26
2.262185271602144788e-26
2.075005784524711393e-26
2.075005784524711393e-26
2.075005687323538109e-26
7.907733045520503590e-27
7.907733045520503590e-27
7.907733045520453368e-27
7.907733044764444909e-27
7.907733044764444909e-27
7.907733044762572326e-27
7.907730910802073682e-27
7.907730910802073682e-27
7.907730910802073682e-27
7.907730910802073682e-27
4.951825305402036947e-27
4.951825305402036947e-27
4.951825305402036947e-27
4.951027039895765123e-27
4.951027039895765123e-27
4.951027039895765123e-27
4.942289109990058146e-27
4.942289109990058146e-27
3.851512282222223633e-27
3.851509433242165505e-27
3.771401921111364956e-27
3.771401921028806997e-27
1.307383556937173882e-27
1.307383556937173882e-27
1.307383556937173882e-27
1.307383556937173882e-27
1.307383556937173882e-27
1.307383556937173882e-27
1.307383556937173882e-27
1.307383556934237657e-27
1.307383556934237657e-27
1.042669621439684563e-27
1.042669611160870023e-27
1.042669611160870023e-27
1.032080220394738683e-27
1.032067047504511528e-27
6.132673816133150967e-28
6.132608613964904329e-28
6.132608613964904329e-28
6.132608610743454132e-28
6.132608610743454132e-28
6.132608610743454132e-28
6.132608610743454132e-28
6.132608610743454132e-28
2.503816235741270639e-28
2.500331297203183100e-28
2.500331297203180858e-28
2.500331297203180858e-28
2.500331297203180858e-28
2.500331297203180858e-28
2.500331297203180858e-28
2.499955352609884379e-28
2.499955352609884379e-28
2.378980385275800054e-28
2.188030527536245803e-28
2.188030527536245803e-28
2.188030481541139323e-28
9.747242674981188423e-29
9.747242674981022510e-29
9.747242674981022510e-29
9.747242673195447649e-29
9.747242673195447649e-29
9.747242673195447649e-29
9.747242673195447649e-29
9.747242673195447649e-29
9.747242673195447649e-29
9.747242673195447649e-29
9.747242673195447649e-29
9.747242673195447649e-29
9.747242673195447649e-29
9.747242673195447649e-29
9.747242673195447649e-29
9.747242673195447649e-29
9.747242673195447649e-29
9.747242673195447649e-29
9.747242673195447649e-29
9.747242673195447649e-29
9.747242673195447649e-29
9.747242673195447649e-29
9.747242673195447649e-29
9.747242673195447649e-29
9.747242673195447649e-29
9.747242673195447649e-29
9.747242673195447649e-29
9.747242673195447649e-29
9.747242673195447649e-29
9.747242673195447649e-29
9.747242673195447649e-29
9.747242673195447649e-29
9.747242673195447649e-29
9.747242673195447649e-29
9.747242673195447649e-29
9.747242673195447649e-29
9.747242673195447649e-29
9.747242673195447649e-29
9.747242673195447649e-29
9.747242673195447649e-29
9.747242673195447649e-29
9.747242673195447649e-29
9.747242673195447649e-29
9.747242673195447649e-29
9.747242673195447649e-29
9.747242673195447649e-29
9.747242673195447649e-29
9.747242673195447649e-29
9.747242673195447649e-29
9.747242673195447649e-29
9.747242673195447649e-29
9.747242673195447649e-29
9.747242673195447649e-29
9.747242673195447649e-29
9.747242673195447649e-29
9.747242673195447649e-29
9.747242673195447649e-29
9.747242673195447649e-29
9.747242673195447649e-29
9.747242673195447649e-29
9.747242673195447649e-29
9.747242673195447649e-29
9.747242673195447649e-29
9.747242673195447649e-29
9.747242673195447649e-29
9.747242673195447649e-29
9.747242673195447649e-29
9.747242673195447649e-29
9.747242673195447649e-29
9.747242673195447649e-29
9.747242673195447649e-29
9.747242673195447649e-29
9.747242673195447649e-29
9.747242673195447649e-29
9.747242673195447649e-29
9.747242673195447649e-29
9.747242673195447649e-29
9.747242673195447649e-29
9.747242673195447649e-29
9.747242673195447649e-29
9.747242673195447649e-29
9.747242673195447649e-29
9.747242673195447649e-29
9.747242673195447649e-29
9.747242673195447649e-29
9.747242673195447649e-29
9.747242673195447649e-29
9.747242673195447649e-29
9.747242673195447649e-29
9.747242673195447649e-29
9.747242673195447649e-29
9.747242673195447649e-29
9.747242673195447649e-29
9.747242673195447649e-29
9.747242673195447649e-29
9.747242673195447649e-29
9.747242673195447649e-29
9.747242673195447649e-29
9.747242673195447649e-29
9.747242673195447649e-29
9.747242673195447649e-29
9.747242673195447649e-29
9.747242673195447649e-29
9.747242673195447649e-29
9.747242673195447649e-29
9.747242673195447649e-29
9.747242673195447649e-29
9.747242673195447649e-29
9.747242673195447649e-29
9.747242673195447649e-29
9.747242673195447649e-29
9.747242673195447649e-29
9.747242673195447649e-29
9.747242673195447649e-29
9.747242673195447649e-29
9.747242673195447649e-29
9.747242673195447649e-29
9.747242673195447649e-29
9.747242673195447649e-29
9.747242673195447649e-29
9.747242673195447649e-29
9.747242673195447649e-29
9.747242673195447649e-29
9.747242673195447649e-29
9.747242673195447649e-29
9.747242673195447649e-29
9.747242673195447649e-29
9.747242673195447649e-29
9.747242673195447649e-29
9.747242673195447649e-29
9.747242673195447649e-29
9.747242673195447649e-29
9.747242673195447649e-29
9.747242673195447649e-29
9.747242673195447649e-29
9.747242673195447649e-29
9.747242673195447649e-29
9.747242673195447649e-29
9.747242673195447649e-29
9.747242673195447649e-29
9.747242673195447649e-29
9.747242673195447649e-29
9.747242673195447649e-29
9.747242673195447649e-29
9.747242673195447649e-29
9.747242673195447649e-29
9.747242673195447649e-29
9.747242673195447649e-29
9.747242673195447649e-29
9.747242673195447649e-29
9.747242673195447649e-29
9.747242673195447649e-29
9.747242673195447649e-29
9.747242673195447649e-29
9.747242673195447649e-29
9.747242673195447649e-29
9.747242673195447649e-29
9.747242673195447649e-29
9.747242673195447649e-29
9.747242673195447649e-29
9.747242673195447649e-29
9.747242673195447649e-29
9.747242673195447649e-29
9.747242673195447649e-29
9.747242673195447649e-29
9.747242673195447649e-29
9.747242673195447649e-29
9.747242673195447649e-29
9.747242673195447649e-29
9.747242673195447649e-29
9.747242673195447649e-29
9.747242673195447649e-29
9.747242673195447649e-29
9.747242673195447649e-29
9.747242673195447649e-29
9.747242673195447649e-29
9.747242673195447649e-29
9.747242673195447649e-29
9.747242673195447649e-29
9.747242673195447649e-29
9.747242673195447649e-29
9.747242673195447649e-29
9.747242673195447649e-29
9.747242673195447649e-29
9.747242673195447649e-29
9.747242673195447649e-29
9.747242673195447649e-29
9.747242673195447649e-29
9.747242673195447649e-29
9.747242673195447649e-29
9.747242673195447649e-29
9.747242673195447649e-29
9.747242673195447649e-29
9.747242673195447649e-29
9.747242673195447649e-29
9.747242673195447649e-29
9.747242673195447649e-29
9.747242673195447649e-29
9.747242673195447649e-29
9.747242673195447649e-29
9.747242673195447649e-29
9.747242673195447649e-29
9.747242673195447649e-29
9.747242673195447649e-29
9.747242673195447649e-29
9.747242673195447649e-29
9.747242673195447649e-29
9.747242673195447649e-29
9.747242673195447649e-29
9.747242673195447649e-29
9.747242673195447649e-29
9.747242673195447649e-29
9.747242673195447649e-29
9.747242673195447649e-29
9.747242673195447649e-29
9.747242673195447649e-29
9.747242673195447649e-29
9.747242673195447649e-29
9.747242673195447649e-29
9.747242673195447649e-29
9.747242673195447649e-29
9.747242673195447649e-29
9.747242673195447649e-29
9.747242673195447649e-29
9.747242673195447649e-29
9.747242673195447649e-29
9.747242673195447649e-29
9.747242673195447649e-29
9.747242673195447649e-29
9.747242673195447649e-29
9.747242673195447649e-29
9.747242673195447649e-29
9.747242673195447649e-29
9.747242673195447649e-29
9.747242673195447649e-29
9.747242673195447649e-29
9.747242673195447649e-29
9.747242673195447649e-29
9.747242673195447649e-29
9.747242673195447649e-29
9.747242673195447649e-29
9.747242673195447649e-29
9.747242673195447649e-29
9.747242673195447649e-29
9.747242673195447649e-29
9.747242673195447649e-29
9.747242673195447649e-29
9.747242673195447649e-29
9.747242673195447649e-29
9.747242673195447649e-29
9.747242673195447649e-29
9.747242673195447649e-29
9.747242673195447649e-29
9.747242673195447649e-29
9.747242673195447649e-29
9.747242673195447649e-29
9.747242673195447649e-29
9.747242673195447649e-29
9.747242673195447649e-29
9.747242673195447649e-29
9.747242673195447649e-29
9.747242673195447649e-29
9.747242673195447649e-29
9.747242673195447649e-29
9.747242673195447649e-29
9.747242673195447649e-29
9.747242673195447649e-29
9.747242673195447649e-29
9.747242673195447649e-29
9.747242673195447649e-29
9.747242673195447649e-29
9.747242673195447649e-29
9.747242673195447649e-29
9.747242673195447649e-29
9.747242673195447649e-29
9.747242673195447649e-29
9.747242673195447649e-29
9.747242673195447649e-29
9.747242673195447649e-29
9.747242673195447649e-29
9.747242673195447649e-29
9.747242673195447649e-29
9.747242673195447649e-29
9.747242673195447649e-29
9.747242673195447649e-29
9.747242673195447649e-29
9.747242673195447649e-29
9.747242673195447649e-29
9.747242673195447649e-29
9.747242673195447649e-29
9.747242673195447649e-29
9.747242673195447649e-29
9.747242673195447649e-29
9.747242673195447649e-29
9.747242673195447649e-29
9.747242673195447649e-29
9.747242673195447649e-29
9.747242673195445407e-29
9.747242673195438681e-29
9.747242673195427470e-29
9.747242673195421865e-29
9.747242673195421865e-29
9.747242673195421865e-29
9.747242673195421865e-29
9.747242673195421865e-29
9.747242673195421865e-29
9.747242673195421865e-29
9.747242673195421865e-29
9.747242673195421865e-29
9.747242673195421865e-29
9.747242673195421865e-29
9.747242673195421865e-29
9.747242673195421865e-29
9.747242673195421865e-29
9.747242673195421865e-29
9.747242673195421865e-29
9.747242673195421865e-29
9.747242673195421865e-29
9.747242673195421865e-29
9.747242673195421865e-29
9.747242673195421865e-29
9.747242673195421865e-29
9.747242673195421865e-29
9.747242673195421865e-29
9.747242673195421865e-29
9.747242673195421865e-29
9.747242673195421865e-29
9.747242673195421865e-29
9.747242673195421865e-29
9.747242673195421865e-29
9.747242673195421865e-29
9.747242673195421865e-29
9.747242673195416260e-29
9.747242673195382629e-29
9.747242673195156179e-29
9.747242673193944336e-29
9.747242673188616039e-29
9.747242673171014609e-29
9.747242673139076214e-29
9.747242673123804303e-29
9.747242673123331225e-29
9.747242673123331225e-29
9.747242673123331225e-29
9.747242673123331225e-29
9.747242673123331225e-29
9.747242673123331225e-29
9.747242673123331225e-29
9.747242673123331225e-29
9.747242673123331225e-29
9.747242673123331225e-29
9.747242673123331225e-29
9.747242673123331225e-29
9.747242673123331225e-29
9.747242673123331225e-29
9.747242673123331225e-29
9.747242673123331225e-29
9.747242673123331225e-29
9.747242673123331225e-29
9.747242673123331225e-29
9.747242673123331225e-29
9.747242673123331225e-29
9.747242673123331225e-29
9.747242673123331225e-29
9.747242673123331225e-29
9.747242673123331225e-29
9.747242673123331225e-29
9.747242673123331225e-29
9.747242673123325620e-29
9.747242673123241542e-29
9.747242673122290901e-29
9.747242673113776611e-29
9.747242673049453649e-29
9.747242672623841190e-29
9.747242670346750243e-29
9.747242660342934316e-29
9.747242627287922322e-29
9.747242567307250686e-29
9.747242538627183302e-29
9.747242537737409224e-29
9.747242537737218648e-29
9.747242537737218648e-29
9.747242537737218648e-29
9.747242537737218648e-29
9.747242537737218648e-29
9.747242537737218648e-29
9.747242537737218648e-29
9.747242537737218648e-29
9.747242537737218648e-29
9.747242537737218648e-29
9.747242537737218648e-29
9.747242537737218648e-29
9.747242537737218648e-29
9.747242537737218648e-29
9.747242537737218648e-29
9.747242537737218648e-29
9.747242537737218648e-29
9.747242537737218648e-29
9.747242537737218648e-29
9.747242537737218648e-29
9.747242537737218648e-29
9.747242537737218648e-29
9.747242537737218648e-29
9.747242537737215285e-29
9.747242537737187259e-29
9.747242537736627860e-29
9.747242537728251459e-29
9.747242537623869296e-29
9.747242536440896496e-29
9.747242525835135438e-29
9.747242445718297005e-29
9.747241915605545401e-29
9.747239079431069529e-29
9.747226619438142104e-29
9.747185448849630313e-29
9.747110742775197887e-29
9.747075022087967109e-29
9.747073913886734146e-29
9.747073913649893406e-29
9.747073913649893406e-29
9.747073913649893406e-29
9.747073913649893406e-29
9.747073913649893406e-29
9.747073913649893406e-29
9.747073913649893406e-29
9.747073913649893406e-29
9.747073913649893406e-29
9.747073913649893406e-29
9.747073913649893406e-29
9.747073913649893406e-29
9.747073913649893406e-29
9.747073913649893406e-29
9.747073913649893406e-29
9.747073913649893406e-29
9.747073913649893406e-29
9.747073913649893406e-29
9.747073913649893406e-29
9.747073913649893406e-29
9.747073913649892285e-29
9.747073913649847443e-29
9.747073913648691652e-29
9.747073913625055671e-29
9.747073913159951258e-29
9.747073906196615566e-29
9.747073819422727170e-29
9.747072836010686238e-29
9.747064019384581386e-29
9.746997418342378417e-29
9.746556759080365393e-29
9.744199848662532666e-29
9.733858851059831711e-29
9.699845240967956673e-29
9.638728325394440153e-29
9.609776315962643613e-29
9.608880884714782635e-29
9.608880693364782354e-29
9.608880693364782354e-29
9.608880693364782354e-29
9.608880693364782354e-29
9.608880693364782354e-29
9.608880693364782354e-29
9.608880693364782354e-29
9.608880693364782354e-29
9.608880693364782354e-29
9.608880693364782354e-29
9.608880693364782354e-29
9.608880693364782354e-29
9.608880693364782354e-29
9.608880693364782354e-29
9.608880693364782354e-29
9.608880693364782354e-29
9.608880693364782354e-29
9.608880693364782354e-29
9.608880693364761054e-29
9.608880693364045831e-29
9.608880693339108324e-29
9.608880692711954394e-29
9.608880679888252878e-29
9.608880427539614978e-29
9.608876649490815490e-29
9.608829569434155806e-29
9.608296041388044416e-29
9.603515420117974727e-29
9.567555318710528757e-29
9.336238564337380434e-29
8.266903478115028266e-29
5.499592692034065939e-29
2.611292721226056186e-29
1.337078152302822618e-29
1.084127322887967230e-29
1.077801477775584308e-29
1.077800133732486530e-29
1.077800133732484428e-29
1.077800133732484428e-29
1.077800133732484428e-29
1.077800133732484428e-29
1.077800133732484428e-29
1.077800133732484428e-29
1.077800133732484428e-29
1.077800133732484428e-29
1.077800133732484428e-29
1.077800133732484428e-29
1.077800133732484428e-29
1.077800133732484428e-29
1.077800133732484428e-29
1.077800133732484428e-29
1.077800133732484428e-29
1.077800133732484428e-29
1.077800133732481906e-29
1.077800133732379891e-29
1.077800133728985947e-29
1.077800133610655260e-29
1.077800130634942199e-29
1.077800069789045132e-29
1.077798872446771094e-29
1.077780946694518173e-29
1.077557614220316676e-29
1.075033030927664523e-29
1.052916825900864839e-29
9.112951244240850399e-30
4.821718481085324603e-30
1.370060823507439957e-30
3.305387137652053243e-31
9.424938995021643334e-32
4.102853852422410176e-32
3.230580433397736870e-32
3.209411815571620783e-32
3.209407321153420611e-32
3.209407321153412948e-32
3.209407321153412948e-32
3.209407321153412948e-32
3.209407321153412948e-32
3.209407321153412948e-32
3.209407321153412948e-32
3.209407321153412948e-32
3.209407321153412948e-32
3.209407321153412948e-32
3.209407321153412948e-32
3.209407321153412948e-32
3.209407321153412948e-32
3.209407321153412948e-32
3.209407321153412948e-32
3.209407321153412948e-32
3.209407321153407474e-32
3.209407321153175932e-32
3.209407321145465506e-32
3.209407320876649385e-32
3.209407314116623568e-32
3.209407175890963302e-32
3.209404455847704192e-32
3.209363733133950759e-32
3.208856352077338432e-32
3.203117372481800589e-32
3.152567949954300643e-32
2.816770929904731047e-32
1.652273083728175403e-32
5.144333324744663348e-33
1.277963799092231909e-33
3.668729895320623371e-34
1.599515333681946910e-34
1.259772243686059117e-34
1.251525124682826773e-34
1.251523373683865151e-34
1.251523373683862157e-34
1.251523373683862157e-34
1.251523373683862157e-34
1.251523373683862157e-34
1.251523373683862157e-34
1.251523373683862157e-34
1.251523373683862157e-34
1.251523373683862157e-34
1.251523373683862157e-34
1.251523373683862157e-34
1.251523373683862157e-34
1.251523373683862157e-34
1.251523373683862157e-34
1.251523373683862157e-34
1.251523373683860874e-34
1.251523373683799294e-34
1.251523373681747038e-34
1.251523373610208673e-34
1.251523371811201751e-34
1.251523335025995143e-34
1.251522611156192860e-34
1.251511773803013094e-34
1.251376739434793803e-34
1.249848423139576859e-34
1.236311486146367371e-34
1.142809892303023424e-34
7.616594521091096473e-35
2.735472641368228841e-35
7.169504955510323019e-36
2.085237670473124210e-36
9.118558003501212030e-37
7.185272955243235255e-37
7.138319648573997043e-37
7.138309679495987924e-37
7.138309679495972054e-37
7.138309679495972054e-37
7.138309679495972054e-37
7.138309679495972054e-37
7.138309679495972054e-37
7.138309679495972054e-37
7.138309679495972054e-37
7.138309679495972054e-37
7.138309679495972054e-37
7.138309679495972054e-37
7.138309679495972054e-37
7.138309679495972054e-37
7.138309679495972054e-37
7.138309679495972054e-37
7.138309679495967043e-37
7.138309679495725659e-37
7.138309679487703188e-37
7.138309679208016737e-37
7.138309672174625544e-37
7.138309528359336427e-37
7.138306698320445097e-37
7.138264328518580439e-37
7.137736377726576037e-37
7.131758542075464584e-37
7.078609096987944076e-37
6.701344534643182760e-37
4.954237879765061253e-37
2.068719288712003519e-37
5.813005116127733746e-38
1.721981892157120839e-38
7.562362714023174503e-39
5.963229914849158815e-39
5.924363970581168050e-39
5.924355718461937182e-39
5.924355718461922826e-39
5.924355718461922826e-39
5.924355718461922826e-39
5.924355718461922826e-39
5.924355718461922826e-39
5.924355718461922826e-39
5.924355718461922826e-39
5.924355718461922826e-39
5.924355718461922826e-39
5.924355718461922826e-39
5.924355718461922826e-39
5.924355718461922826e-39
5.924355718461922826e-39
5.924355718461920216e-39
5.924355718461781879e-39
5.924355718457198505e-39
5.924355718297406850e-39
5.924355714279052580e-39
5.924355632113727695e-39
5.924354015240473630e-39
5.924329808246451945e-39
5.924028168416107764e-39
5.920611816760610079e-39
5.890158139188438808e-39
5.669851881443417073e-39
4.545035488848612512e-39
2.204840767200811524e-39
6.759085951216339450e-40
2.053619645291437034e-40
9.073771078562632738e-41
7.162264920356320771e-41
7.115758858018439322e-41
7.115748983486800465e-41
7.115748983486785171e-41
7.115748983486785171e-41
7.115748983486785171e-41
7.115748983486785171e-41
7.115748983486785171e-41
7.115748983486785171e-41
7.115748983486785171e-41
7.115748983486785171e-41
7.115748983486785171e-41
7.115748983486785171e-41
7.115748983486785171e-41
7.115748983486785171e-41
7.115748983486785171e-41
7.115748983486783132e-41
7.115748983486667920e-41
7.115748983482863871e-41
7.115748983350243175e-41
7.115748980015166179e-41
7.115748911821159638e-41
7.115747569879469493e-41
7.115727478992216949e-41
7.115477125114561596e-41
7.112641084608566108e-41
7.087315614621848181e-41
6.901679125653718952e-41
5.882225005702568614e-41
3.285656046350062607e-41
1.117838334524526647e-41
3.515127010610724155e-42
1.566479926315527583e-42
1.238255292324089678e-42
1.230257999458260476e-42
1.230256301351060475e-42
1.230256301351057608e-42
1.230256301351057608e-42
1.230256301351057608e-42
1.230256301351057608e-42
1.230256301351057608e-42
1.230256301351057608e-42
1.230256301351057608e-42
1.230256301351057608e-42
1.230256301351057608e-42
1.230256301351057608e-42
1.230256301351057608e-42
1.230256301351057608e-42
1.230256301351057289e-42
1.230256301351043748e-42
1.230256301350587646e-42
1.230256301334693846e-42
1.230256300935005565e-42
1.230256292762374921e-42
1.230256131938939272e-42
1.230253724167780841e-42
1.230223720421902665e-42
1.229883788940364465e-42
1.226844554738125462e-42
1.204362333493578188e-42
1.074121392940337603e-42
6.804399147880918444e-43
2.606859619943962885e-43
8.579880459076029938e-44
3.869435713682030281e-44
3.064869965791211104e-44
3.045225787509104075e-44
3.045221616151573056e-44
3.045221616151567082e-44
3.045221616151567082e-44
3.045221616151567082e-44
3.045221616151567082e-44
3.045221616151567082e-44
3.045221616151567082e-44
3.045221616151567082e-44
3.045221616151567082e-44
3.045221616151567082e-44
3.045221616151567082e-44
3.045221616151567082e-44
3.045221616151565589e-44
3.045221616151542688e-44
3.045221616150758090e-44
3.045221616123424616e-44
3.045221615436053249e-44
3.045221601381021270e-44
3.045221324801939464e-44
3.045217183990257164e-44
3.045165584044789549e-44
3.044580921850306724e-44
3.039349231370514559e-44
3.000402058585825755e-44
2.765885252439604956e-44
1.950311368828566188e-44
8.496488706411552261e-45
2.965868760900383433e-45
1.359767383052687388e-45
1.080093870908341125e-45
1.073245515928697714e-45
1.073244061608774429e-45
1.073244061608772096e-45
1.073244061608772096e-45
1.073244061608772096e-45
1.073244061608772096e-45
1.073244061608772096e-45
1.073244061608772096e-45
1.073244061608772096e-45
1.073244061608772096e-45
1.073244061608772096e-45
1.073244061608772096e-45
1.073244061608772096e-45
1.073244061608771940e-45
1.073244061608766028e-45
1.073244061608573893e-45
1.073244061601872639e-45
1.073244061433350740e-45
1.073244057987504449e-45
1.073243990179116385e-45
1.073242974983436422e-45
1.073230324243054658e-45
1.073086973703596415e-45
1.071803494303015467e-45
1.062206288453015274e-45
1.002792764389047395e-45
7.718214153014139225e-46
3.836304053605579336e-46
1.441199615974950239e-46
6.757046438682133079e-47
5.388511652997466782e-47
5.354864533551725896e-47
5.354857387540893120e-47
5.354857387540882424e-47
5.354857387540882424e-47
5.354857387540882424e-47
5.354857387540882424e-47
5.354857387540882424e-47
5.354857387540882424e-47
5.354857387540882424e-47
5.354857387540882424e-47
5.354857387540882424e-47
5.354857387540882424e-47
5.354857387540882424e-47
5.354857387540862977e-47
5.354857387540195947e-47
5.354857387516941317e-47
5.354857386932150959e-47
5.354857374974626130e-47
5.354857139670913675e-47
5.354853616811969159e-47
5.354809716953467400e-47
5.354312248287020304e-47
5.349856392251676883e-47
5.316434587853398140e-47
5.105396088512695094e-47
4.211065553458963469e-47
2.379696853222599609e-47
9.764879355035341753e-48
4.717383968291074606e-48
3.782501583305286244e-48
3.759387678098876856e-48
3.759382768483692835e-48
3.759382768483684935e-48
3.759382768483684935e-48
3.759382768483684935e-48
3.759382768483684935e-48
3.759382768483684935e-48
3.759382768483684935e-48
3.759382768483684935e-48
3.759382768483684935e-48
3.759382768483684935e-48
3.759382768483684935e-48
3.759382768483684935e-48
3.759382768483675211e-48
3.759382768483350083e-48
3.759382768472019820e-48
3.759382768187098700e-48
3.759382762361161630e-48
3.759382647716638064e-48
3.759380931311208839e-48
3.759359542387917556e-48
3.759117157817754288e-48
3.756945490286602353e-48
3.740621242631551008e-48
3.636082683199788472e-48
3.163132875746918158e-48
2.012894506462302141e-48
9.143076062188777472e-49
4.593709489761672994e-49
3.710834860348132826e-49
3.688839769209879422e-49
3.688835096378852738e-49
3.688835096378845141e-49
3.688835096378845141e-49
3.688835096378845141e-49
3.688835096378845141e-49
3.688835096378845141e-49
3.688835096378845141e-49
3.688835096378845141e-49
3.688835096378845141e-49
3.688835096378845141e-49
3.688835096378845141e-49
3.688835096378839064e-49
3.688835096378618007e-49
3.688835096370939511e-49
3.688835096177858156e-49
3.688835092229832779e-49
3.688835014539417441e-49
3.688833851393839852e-49
3.688819356870343923e-49
3.688655097778678133e-49
3.687183110447212974e-49
3.676101433854844231e-49
3.604422597001759736e-49
3.263928958530384245e-49
2.306646852353711588e-49
1.171418816319145803e-49
6.187995699138095895e-50
5.049072954328563512e-50
5.020405867916951658e-50
5.020399776099106510e-50
5.020399776099097964e-50
5.020399776099097964e-50
5.020399776099097964e-50
5.020399776099097964e-50
5.020399776099097964e-50
5.020399776099097964e-50
5.020399776099097964e-50
5.020399776099097964e-50
5.020399776099097964e-50
5.020399776099097964e-50
5.020399776099097964e-50
5.020399776099091317e-50
5.020399776098886213e-50
5.020399776091730353e-50
5.020399775911814032e-50
5.020399772232954767e-50
5.020399699839270428e-50
5.020398615993818093e-50
5.020385109649726972e-50
5.020232046755818713e-50
5.018860200874320963e-50
5.008521332126706546e-50
4.941170610587426852e-50
4.609539612399994838e-50
3.559884343178220181e-50
2.031409516967154321e-50
1.141814939434350700e-50
9.441218446136344680e-51
9.390775816801796326e-51
9.390765094023056699e-51
9.390765094023038895e-51
9.390765094023038895e-51
9.390765094023038895e-51
9.390765094023038895e-51
9.390765094023038895e-51
9.390765094023038895e-51
9.390765094023038895e-51
9.390765094023038895e-51
9.390765094023038895e-51
9.390765094023038895e-51
9.390765094023038895e-51
9.390765094023031773e-51
9.390765094022771832e-51
9.390765094013736799e-51
9.390765093786525667e-51
9.390765089140607871e-51
9.390764997716876867e-51
9.390763628962094389e-51
9.390746572203217625e-51
9.390553271558989950e-51
9.388820618696623699e-51
9.375752638055009345e-51
9.290193445392649195e-51
8.857731506775536944e-51
7.353821782131254013e-51
4.710937036598678573e-51
2.851419591759335832e-51
2.398692622655412222e-51
2.386935086859699261e-51
2.386932586407472694e-51
2.386932586407468540e-51
2.386932586407468540e-51
2.386932586407468540e-51
2.386932586407468540e-51
2.386932586407468540e-51
2.386932586407468540e-51
2.386932586407468540e-51
2.386932586407468540e-51
2.386932586407468540e-51
2.386932586407468540e-51
2.386932586407467650e-51
2.386932586407423733e-51
2.386932586405907112e-51
2.386932586367754515e-51
2.386932585587636058e-51
2.386932570236230615e-51
2.386932340401911857e-51
2.386929476316092055e-51
2.386897017989920875e-51
2.386606057105081815e-51
2.384410403137338703e-51
2.369983505126743364e-51
2.295670247264431975e-51
2.017719805892992685e-51
1.441162495790013485e-51
9.490646771988758954e-52
8.158590865316884699e-52
8.123219218464659433e-52
8.123211691764864909e-52
8.123211691764853040e-52
8.123211691764853040e-52
8.123211691764853040e-52
8.123211691764853040e-52
8.123211691764853040e-52
8.123211691764853040e-52
8.123211691764853040e-52
8.123211691764853040e-52
8.123211691764853040e-52
8.123211691764853040e-52
8.123211691764850072e-52
8.123211691764755117e-52
8.123211691761456891e-52
8.123211691678468596e-52
8.123211689981570580e-52
8.123211656589511942e-52
8.123211156658638695e-52
8.123204926755278958e-52
8.123134323663140083e-52
8.122501396922171740e-52
8.117723398287241419e-52
8.086249694425468909e-52
7.921922649903801577e-52
7.272632145973878836e-52
5.722788693587729058e-52
4.126922356373659263e-52
3.641383458483099927e-52
3.628140582839976345e-52
3.628137762922801485e-52
3.628137762922797034e-52
3.628137762922797034e-52
3.628137762922797034e-52
3.628137762922797034e-52
3.628137762922797034e-52
3.628137762922797034e-52
3.628137762922797034e-52
3.628137762922797034e-52
3.628137762922797034e-52
3.628137762922796292e-52
3.628137762922770328e-52
3.628137762921874183e-52
3.628137762899328887e-52
3.628137762438350972e-52
3.628137753367083769e-52
3.628137617556164511e-52
3.628135925143824705e-52
3.628116745073084059e-52
3.627944798049117266e-52
3.626646421721859511e-52
3.618078757957246717e-52
3.572919656684256901e-52
3.387185495699225415e-52
2.890664228771731603e-52
2.283314753221915635e-52
2.074865749400645231e-52
2.069005768415770116e-52
2.069004519582839336e-52
2.069004519582837481e-52
2.069004519582837481e-52
2.069004519582837481e-52
2.069004519582837481e-52
2.069004519582837481e-52
2.069004519582837481e-52
2.069004519582837481e-52
2.069004519582837481e-52
2.069004519582837481e-52
2.069004519582837110e-52
2.069004519582828950e-52
2.069004519582540374e-52
2.069004519575276635e-52
2.069004519426758538e-52
2.069004516504170412e-52
2.069004472748495945e-52
2.069003927485566033e-52
2.068997748017663265e-52
2.068942348562623177e-52
2.068523952112782122e-52
2.065759787513739312e-52
2.051095731224970578e-52
1.989064735711851536e-52
1.808356274983584321e-52
1.552429633700138407e-52
1.454034202844764462e-52
1.451180656355046730e-52
1.451180047704065977e-52
1.451180047704065050e-52
1.451180047704065050e-52
1.451180047704065050e-52
1.451180047704065050e-52
1.451180047704065050e-52
1.451180047704065050e-52
1.451180047704065050e-52
1.451180047704065050e-52
1.451180047704065050e-52
1.451180047704062268e-52
1.451180047703959523e-52
1.451180047701375875e-52
1.451180047648546950e-52
1.451180046608965146e-52
1.451180031044814735e-52
1.451179837091561802e-52
1.451177639014716672e-52
1.451157932779885082e-52
1.451009087464564245e-52
1.450024984691840582e-52
1.444782494390208886e-52
1.422193014852513252e-52
1.352328350710797440e-52
1.241647764786280890e-52
1.194886654232676658e-52
1.193492192976072907e-52
1.193491895305492765e-52
1.193491895305492209e-52
1.193491895305492209e-52
1.193491895305492209e-52
1.193491895305492209e-52
1.193491895305492209e-52
1.193491895305492209e-52
1.193491895305492209e-52
1.193491895305492209e-52
1.193491895305492209e-52
1.193491895305491096e-52
1.193491895305454190e-52
1.193491895304529299e-52
1.193491895285613646e-52
1.193491894913387390e-52
1.193491889340583896e-52
1.193491819894874002e-52
1.193491032864252356e-52
1.193483976904192287e-52
1.193430678265946803e-52
1.193078134623945061e-52
1.191195510675824534e-52
1.182994583003872377e-52
1.156681875802048955e-52
1.111808695780906879e-52
1.091560353203196771e-52
1.090943953647178238e-52
1.090943821987239373e-52
1.090943821987239002e-52
1.090943821987239002e-52
1.090943821987239002e-52
1.090943821987239002e-52
1.090943821987239002e-52
1.090943821987239002e-52
1.090943821987239002e-52
1.090943821987239002e-52
1.090943821987239002e-52
1.090943821987238631e-52
1.090943821987226762e-52
1.090943821986926316e-52
1.090943821980782572e-52
1.090943821859884892e-52
1.090943820049854420e-52
1.090943797494089102e-52
1.090943541868707492e-52
1.090941250102571868e-52
1.090923938213696780e-52
1.090809403681744891e-52
1.090197036633958744e-52
1.087514882807245799e-52
1.078745493552224059e-52
1.063188756249629953e-52
1.055907701598121944e-52
1.055683407381512164e-52
1.055683359456471512e-52
1.055683359456471327e-52
1.055683359456471327e-52
1.055683359456471327e-52
1.055683359456471327e-52
1.055683359456471327e-52
1.055683359456471327e-52
1.055683359456471327e-52
1.055683359456471327e-52
1.055683359456471327e-52
1.055683359456468174e-52
1.055683359456387499e-52
1.055683359454740611e-52
1.055683359422329197e-52
1.055683358937080462e-52
1.055683352890135637e-52
1.055683284359857079e-52
1.055682669962194521e-52
1.055678028772121898e-52
1.055647320223433679e-52
1.055483055647700635e-52
1.054762006151677854e-52
1.052386474951853202e-52
1.048103117895753920e-52
1.046067306884326918e-52
1.046004273972595657e-52
1.046004260502276168e-52
1.046004260502276168e-52
1.046004260502276168e-52
1.046004260502276168e-52
1.046004260502276168e-52
1.046004260502276168e-52
1.046004260502276168e-52
1.046004260502276168e-52
1.046004260502276168e-52
1.046004260502276168e-52
1.046004260502275427e-52
1.046004260502258735e-52
1.046004260501916746e-52
1.046004260495188246e-52
1.046004260394451771e-52
1.046004259139117685e-52
1.046004244912365692e-52
1.046004117364545125e-52
1.046003153858262983e-52
1.045996778626412861e-52
1.045962671587481275e-52
1.045812857318318373e-52
1.045318139958537719e-52
1.044421634296453838e-52
1.043993508735548940e-52
1.043980232099872352e-52
1.043980229262481168e-52
1.043980229262481168e-52
1.043980229262481168e-52
1.043980229262481168e-52
1.043980229262481168e-52
1.043980229262481168e-52
1.043980229262481168e-52
1.043980229262481168e-52
1.043980229262481168e-52
1.043980229262481168e-52
1.043980229262478386e-52
1.043980229262425159e-52
1.043980229261375454e-52
1.043980229245659362e-52
1.043980229049815132e-52
1.043980226830302395e-52
1.043980206931590553e-52
1.043980056615022608e-52
1.043979062009525570e-52
1.043973740766798491e-52
1.043950363880508582e-52
1.043873128466957222e-52
1.043733008492701751e-52
1.043666022702424561e-52
1.043663944659992516e-52
1.043663944215882958e-52
1.043663944215882958e-52
1.043663944215882958e-52
1.043663944215882958e-52
1.043663944215882958e-52
1.043663944215882958e-52
1.043663944215882958e-52
1.043663944215882958e-52
1.043663944215882958e-52
1.043663944215882958e-52
1.043663944215882587e-52
1.043663944215876281e-52
1.043663944215754434e-52
1.043663944213927650e-52
1.043663944191162953e-52
1.043663943933170047e-52
1.043663941620172890e-52
1.043663924147594186e-52
1.043663808535988626e-52
1.043663189998581973e-52
1.043660472620210848e-52
1.043651493848779896e-52
1.043635201623594406e-52
1.043627411592479438e-52
1.043627169914926791e-52
1.043627169863276466e-52
1.043627169863276466e-52
1.043627169863276466e-52
1.043627169863276466e-52
1.043627169863276466e-52
1.043627169863276466e-52
1.043627169863276466e-52
1.043627169863276466e-52
1.043627169863276466e-52
1.043627169863276466e-52
1.043627169863276096e-52
1.043627169863265339e-52
1.043627169863107327e-52
1.043627169861136069e-52
1.043627169838794779e-52
1.043627169638498759e-52
1.043627168125445135e-52
1.043627158113953150e-52
1.043627104551109987e-52
1.043626869236422302e-52
1.043626091700822406e-52
1.043624680810105350e-52
1.043624006186834594e-52
1.043623985257207323e-52
1.043623985252734206e-52
1.043623985252734206e-52
1.043623985252734206e-52
1.043623985252734206e-52
1.043623985252734206e-52
1.043623985252734206e-52
1.043623985252734206e-52
1.043623985252734206e-52
1.043623985252734206e-52
1.043623985252734206e-52
1.043623985252733464e-52
1.043623985252723263e-52
1.043623985252595852e-52
1.043623985251151673e-52
1.043623985238203205e-52
1.043623985140389770e-52
1.043623984493183556e-52
1.043623981030542804e-52
1.043623965818308705e-52
1.043623915553429596e-52
1.043623824344242302e-52
1.043623780732107994e-52
1.043623779379076942e-52
1.043623779378787809e-52
1.043623779378787809e-52
1.043623779378787809e-52
1.043623779378787809e-52
1.043623779378787809e-52
1.043623779378787809e-52
1.043623779378787809e-52
1.043623779378787809e-52
1.043623779378787809e-52
1.043623779378787809e-52
1.043623779378787809e-52
1.043623779378787253e-52
1.043623779378780947e-52
1.043623779378711214e-52
1.043623779378084915e-52
1.043623779373352895e-52
1.043623779342043115e-52
1.043623779174531285e-52
1.043623778438609948e-52
1.043623776006949722e-52
1.043623771594529087e-52
1.043623769484707591e-52
1.043623769419252158e-52
1.043623769419238063e-52
1.043623769419238063e-52
1.043623769419238063e-52
1.043623769419238063e-52
1.043623769419238063e-52
1.043623769419238063e-52
1.043623769419238063e-52
1.043623769419238063e-52
1.043623769419238063e-52
1.043623769419238063e-52
1.043623769419238063e-52
1.043623769419238063e-52
1.043623769419237692e-52
1.043623769419235281e-52
1.043623769419212469e-52
1.043623769419040733e-52
1.043623769417904603e-52
1.043623769411825770e-52
1.043623769385120043e-52
1.043623769296877472e-52
1.043623769136755493e-52
1.043623769060192285e-52
1.043623769057816910e-52
1.043623769057816353e-52
1.043623769057816353e-52
1.043623769057816353e-52
1.043623769057816353e-52
1.043623769057816353e-52
1.043623769057816353e-52
1.043623769057816353e-52
1.043623769057816353e-52
1.043623769057816353e-52
1.043623769057816353e-52
1.043623769057816353e-52
1.043623769057816353e-52
1.043623769057816353e-52
1.043623769057815612e-52
1.043623769057810975e-52
1.043623769057780003e-52
1.043623769057614016e-52
1.043623769056885528e-52
1.043623769054477882e-52
1.043623769050108809e-52
1.043623769048019784e-52
1.043623769047955058e-52
1.043623769047955058e-52
1.043623769047955058e-52
1.043623769047955058e-52
1.043623769047955058e-52
1.043623769047955058e-52
1.043623769047955058e-52
1.043623769047955058e-52
1.043623769047955058e-52
1.043623769047955058e-52
1.043623769047955058e-52
1.043623769047955058e-52
1.043623769047955058e-52
1.043623769047955058e-52
1.043623769047955058e-52
1.043623769047954873e-52
1.043623769047954131e-52
1.043623769047950978e-52
1.043623769047935770e-52
1.043623769047886438e-52
1.043623769047796489e-52
1.043623769047753648e-52
1.043623769047752350e-52
1.043623769047752350e-52
1.043623769047752350e-52
1.043623769047752350e-52
1.043623769047752350e-52
1.043623769047752350e-52
1.043623769047752350e-52
1.043623769047752350e-52
1.043623769047752350e-52
1.043623769047752350e-52
1.043623769047752350e-52
1.043623769047752350e-52
1.043623769047752350e-52
1.043623769047752350e-52
1.043623769047752350e-52
1.043623769047752350e-52
1.043623769047752350e-52
1.043623769047752350e-52
1.043623769047751979e-52
1.043623769047751052e-52
1.043623769047749753e-52
1.043623769047749012e-52
1.043623769047749012e-52
1.043623769047749012e-52
1.043623769047749012e-52
1.043623769047749012e-52
1.043623769047749012e-52
1.043623769047749012e-52
1.043623769047749012e-52
1.043623769047749012e-52
1.043623769047749012e-52
1.043623769047749012e-52
1.043623769047749012e-52
1.043623769047749012e-52
1.043623769047749012e-52
1.043623769047749012e-52
1.043623769047749012e-52
1.043623769047749012e-52
1.043623769047749012e-52
1.043623769047749012e-52
1.043623769047749012e-52
1.043623769047749012e-52
1.043623769047749012e-52
1.043623769047749012e-52
1.043623769047749012e-52
1.043623769047749012e-52
1.043623769047749012e-52
1.043623769047749012e-52
1.043623769047749012e-52
1.043623769047749012e-52
1.043623769047749012e-52
1.043623769047749012e-52
1.043623769047749012e-52
1.043623769047749012e-52
1.043623769047749012e-52
1.043623769047749012e-52
1.043623769047749012e-52
1.043623769047749012e-52
1.043623769047749012e-52
1.043623769047749012e-52
1.043623769047749012e-52
1.043623769047749012e-52
1.043623769047749012e-52
1.043623769047749012e-52
1.043623769047749012e-52
1.043623769047749012e-52
1.043623769047749012e-52
1.043623769047749012e-52
1.043623769047749012e-52
1.043623769047749012e-52
1.043623769047749012e-52
1.043623769047749012e-52
1.043623769047749012e-52
1.043623769047749012e-52
1.043623769047749012e-52
1.043623769047749012e-52
1.043623769047749012e-52
1.043623769047749012e-52
1.043623769047749012e-52
1.043623769047749012e-52
1.043623769047749012e-52
1.043623769047749012e-52
1.043623769047749012e-52
1.043623769047749012e-52
1.043623769047749012e-52
1.043623769047749012e-52
1.043623769047749012e-52
1.043623769047749012e-52
1.043623769047749012e-52
1.043623769047749012e-52
1.043623769047749012e-52
1.043623769047749012e-52
1.043623769047749012e-52
1.043623769047749012e-52
1.043623769047749012e-52
1.043623769047749012e-52
1.043623769047749012e-52
1.043623769047749012e-52
1.043623769047749012e-52
1.043623769047749012e-52
1.043623769047749012e-52
1.043623769047749012e-52
1.043623769047749012e-52
1.043623769047749012e-52
1.043623769047749012e-52
1.043623769047749012e-52
1.043623769047749012e-52
1.043623769047749012e-52
1.043623769047749012e-52
1.043623769047749012e-52
1.043623769047749012e-52
1.043623769047749012e-52
1.043623769047749012e-52
1.043623769047749012e-52
1.043623769047749012e-52
1.043623769047749012e-52
1.043623769047749012e-52
1.043623769047749012e-52
1.043623769047749012e-52
1.043623769047749012e-52
1.043623769047749012e-52
1.043623769047749012e-52
1.043623769047749012e-52
1.043623769047749012e-52
1.043623769047749012e-52
1.043623769047749012e-52
1.043623769047749012e-52
1.043623769047749012e-52
1.043623769047749012e-52
1.043623769047749012e-52
1.043623769047749012e-52
1.043623769047749012e-52
1.043623769047749012e-52
1.043623769047749012e-52
1.043623769047749012e-52
1.043623769047749012e-52
1.043623769047749012e-52
1.043623769047749012e-52
1.043623769047749012e-52
1.043623769047749012e-52
1.043623769047749012e-52
1.043623769047749012e-52
1.043623769047749012e-52
1.043623769047749012e-52
1.043623769047749012e-52
1.043623769047749012e-52
1.043623769047749012e-52
1.043623769047749012e-52
1.043623769047749012e-52
1.043623769047749012e-52
1.043623769047749012e-52
1.043623769047749012e-52
1.043623769047749012e-52
1.043623769047749012e-52
1.043623769047749012e-52
1.043623769047749012e-52
1.043623769047749012e-52
1.043623769047749012e-52
1.043623769047749012e-52
1.043623769047749012e-52
1.043623769047749012e-52
1.043623769047749012e-52
1.043623769047749012e-52
1.043623769047749012e-52
1.043623769047749012e-52
1.043623769047749012e-52
1.043623769047749012e-52
1.043623769047749012e-52
1.043623769047749012e-52
1.043623769047749012e-52
1.043623769047749012e-52
1.043623769047749012e-52
1.043623769047749012e-52
1.043623769047749012e-52
1.043623769047749012e-52
1.043623769047749012e-52
1.043623769047749012e-52
1.043623769047749012e-52
1.043623769047749012e-52
1.043623769047749012e-52
1.043623769047749012e-52
1.043623769047749012e-52
1.043623769047749012e-52
1.043623769047749012e-52
1.043623769047749012e-52
1.043623769047749012e-52
1.043623769047749012e-52
1.043623769047749012e-52
1.043623769047749012e-52
1.043623769047749012e-52
1.043623769047749012e-52
1.043623769047749012e-52
1.043623769047749012e-52
1.043623769047749012e-52
1.043623769047749012e-52
1.043623769047749012e-52
1.043623769047749012e-52
1.043623769047749012e-52
1.043623769047749012e-52
1.043623769047749012e-52
1.043623769047749012e-52
1.043623769047749012e-52
1.043623769047749012e-52
1.043623769047749012e-52
1.043623769047749012e-52
1.043623769047749012e-52
1.043623769047749012e-52
1.043623769047749012e-52
1.043623769047749012e-52
1.043623769047749012e-52
1.043623769047749012e-52
1.043623769047749012e-52
1.043623769047749012e-52
1.043623769047749012e-52
1.043623769047749012e-52
1.043623769047749012e-52
1.043623769047749012e-52
1.043623769047749012e-52
1.043623769047749012e-52
1.043623769047749012e-52
1.043623769047749012e-52
1.043623769047749012e-52
1.043623769047749012e-52
1.043623769047749012e-52
1.043623769047749012e-52
1.043623769047749012e-52
1.043623769047749012e-52
1.043623769047749012e-52
1.043623769047749012e-52
1.043623769047749012e-52
1.043623769047749012e-52
1.043623769047749012e-52
1.043623769047749012e-52
1.043623769047749012e-52
1.043623769047749012e-52
1.043623769047749012e-52
1.043623769047749012e-52
1.043623769047749012e-52
1.043623769047749012e-52
1.043623769047749012e-52
1.043623769047749012e-52
1.043623769047749012e-52
1.043623769047749012e-52
1.043623769047749012e-52
1.043623769047749012e-52
1.043623769047749012e-52
1.043623769047749012e-52
1.043623769047749012e-52
1.043623769047749012e-52
1.043623769047749012e-52
1.043623769047749012e-52
1.043623769047749012e-52
1.043623769047749012e-52
1.043623769047749012e-52
1.043623769047749012e-52
1.043623769047749012e-52
1.043623769047749012e-52
1.043623769047749012e-52
1.043623769047749012e-52
1.043623769047749012e-52
1.043623769047749012e-52
1.043623769047749012e-52
1.043623769047749012e-52
1.043623769047749012e-52
1.043623769047749012e-52
1.043623769047749012e-52
1.043623769047749012e-52
1.043623769047749012e-52
1.043623769047749012e-52
1.043623769047749012e-52
1.043623769047749012e-52
1.043623769047749012e-52
1.043623769047749012e-52
1.043623769047749012e-52
1.043623769047749012e-52
1.043623769047749012e-52
1.043623769047749012e-52
1.043623769047749012e-52
1.043623769047749012e-52
1.043623769047749012e-52
1.043623769047749012e-52
1.043623769047749012e-52
1.043623769047749012e-52
1.043623769047749012e-52
1.043623769047749012e-52
1.043623769047749012e-52
1.043623769047749012e-52
1.043623769047749012e-52
1.043623769047749012e-52
1.043623769047749012e-52
1.043623769047749012e-52
1.043623769047749012e-52
1.043623769047749012e-52
1.043623769047749012e-52
1.043623769047749012e-52
1.043623769047749012e-52
1.043623769047749012e-52
1.043623769047749012e-52
1.043623769047749012e-52
1.043623769047749012e-52
1.043623769047749012e-52
1.043623769047749012e-52
1.043623769047749012e-52
1.043623769047749012e-52
1.043623769047749012e-52
1.043623769047749012e-52
1.043623769047749012e-52
1.043623769047749012e-52
1.043623769047749012e-52
1.043623769047749012e-52
1.043623769047749012e-52
1.043623769047749012e-52
1.043623769047749012e-52
1.043623769047749012e-52
1.043623769047749012e-52
1.043623769047749012e-52
1.043623769047749012e-52
1.043623769047749012e-52
1.043623769047749012e-52
1.043623769047749012e-52
1.043623769047749012e-52
1.043623769047749012e-52
1.043623769047749012e-52
1.043623769047749012e-52
1.043623769047749012e-52
1.043623769047749012e-52
1.043623769047749012e-52
1.043623769047749012e-52
1.043623769047749012e-52
1.043623769047749012e-52
1.043623769047749012e-52
1.043623769047749012e-52
1.043623769047749012e-52
1.043623769047749012e-52
1.043623769047749012e-52
1.043623769047749012e-52
1.043623769047749012e-52
1.043623769047749012e-52
1.043623769047749012e-52
1.043623769047749012e-52
1.043623769047749012e-52
1.043623769047749012e-52
1.043623769047749012e-52
1.043623769047749012e-52
1.043623769047749012e-52
1.043623769047749012e-52
1.043623769047749012e-52
1.043623769047749012e-52
1.043623769047749012e-52
1.043623769047749012e-52
1.043623769047749012e-52
1.043623769047749012e-52
1.043623769047749012e-52
1.043623769047749012e-52
1.043623769047749012e-52
1.043623769047749012e-52
1.043623769047749012e-52
1.043623769047749012e-52
1.043623769047749012e-52
1.043623769047749012e-52
1.043623769047749012e-52
1.043623769047749012e-52
1.043623769047749012e-52
1.043623769047749012e-52
1.043623769047749012e-52
1.043623769047749012e-52
1.043623769047749012e-52
1.043623769047749012e-52
1.043623769047749012e-52
1.043623769047749012e-52
1.043623769047749012e-52
1.043623769047749012e-52
1.043623769047749012e-52
1.043623769047749012e-52
1.043623769047749012e-52
1.043623769047749012e-52
1.043623769047749012e-52
1.043623769047749012e-52
1.043623769047749012e-52
1.043623769047749012e-52
1.043623769047749012e-52
1.043623769047749012e-52
1.043623769047749012e-52
1.043623769047749012e-52
1.043623769047749012e-52
1.043623769047749012e-52
1.043623769047749012e-52
1.043623769047749012e-52
1.043623769047749012e-52
1.043623769047749012e-52
1.043623769047749012e-52
1.043623769047749012e-52
1.043623769047749012e-52
1.043623769047749012e-52
1.043623769047749012e-52
1.043623769047749012e-52
1.043623769047749012e-52
1.043623769047749012e-52
1.043623769047749012e-52
1.043623769047749012e-52
1.043623769047749012e-52
1.043623769047749012e-52
1.043623769047749012e-52
1.043623769047749012e-52
1.043623769047749012e-52
1.043623769047749012e-52
1.043623769047749012e-52
1.043623769047749012e-52
1.043623769047749012e-52
1.043623769047749012e-52
1.043623769047749012e-52
1.043623769047749012e-52
1.043623769047749012e-52
1.043623769047749012e-52
1.043623769047749012e-52
1.043623769047749012e-52
1.043623769047749012e-52
1.043623769047749012e-52
1.043623769047749012e-52
1.043623769047749012e-52
1.043623769047749012e-52
