1.000000000000194511e+00
1.000000000000191402e+00
1.000000000000034639e+00
1.000000000000034639e+00
1.000000000000032641e+00
1.000000000000032641e+00
1.000000000000032641e+00
1.000000000000032641e+00
1.000000000000032641e+00
1.000000000000032641e+00
1.000000000000032641e+00
1.000000000000032641e+00
1.000000000000032641e+00
1.000000000000032641e+00
1.000000000000032641e+00
1.000000000000032641e+00
1.000000000000032641e+00
1.000000000000032641e+00
1.000000000000032641e+00
1.000000000000032641e+00
1.000000000000032641e+00
1.000000000000032641e+00
1.000000000000032641e+00
1.000000000000032419e+00
1.000000000000032419e+00
1.000000000000032419e+00
1.000000000000032641e+00
1.000000000000032419e+00
1.000000000000032419e+00
1.000000000000032419e+00
1.000000000000032419e+00
1.000000000000032641e+00
1.000000000000032641e+00
1.000000000000032419e+00
1.000000000000032419e+00
1.000000000000032419e+00
1.000000000000032419e+00
1.000000000000032419e+00
1.000000000000032419e+00
1.000000000000032419e+00
1.000000000000032419e+00
1.000000000000032641e+00
1.000000000000032641e+00
1.000000000000032641e+00
1.000000000000032641e+00
1.000000000000032641e+00
1.000000000000032419e+00
1.000000000000032641e+00
1.000000000000032641e+00
1.000000000000032641e+00
1.000000000000030642e+00
1.000000000000030642e+00
1.000000000000030642e+00
1.000000000000030642e+00
1.000000000000030642e+00
1.000000000000030420e+00
1.000000000000030420e+00
1.000000000000030420e+00
1.000000000000030198e+00
1.000000000000030198e+00
1.000000000000030420e+00
1.000000000000030420e+00
1.000000000000030420e+00
1.000000000000030420e+00
1.000000000000030420e+00
1.000000000000030420e+00
1.000000000000030420e+00
1.000000000000030198e+00
1.000000000000030198e+00
1.000000000000030198e+00
1.000000000000030198e+00
1.000000000000030198e+00
1.000000000000030420e+00
1.000000000000030420e+00
1.000000000000030198e+00
1.000000000000030420e+00
1.000000000000030420e+00
1.000000000000030420e+00
1.000000000000030420e+00
1.000000000000030420e+00
1.000000000000030420e+00
1.000000000000030198e+00
1.000000000000030420e+00
1.000000000000030420e+00
1.000000000000030420e+00
1.000000000000030420e+00
1.000000000000030420e+00
1.000000000000030420e+00
1.000000000000030420e+00
1.000000000000030420e+00
1.000000000000030420e+00
1.000000000000030420e+00
1.000000000000030420e+00
1.000000000000030198e+00
1.000000000000030198e+00
1.000000000000030198e+00
1.000000000000030198e+00
1.000000000000030198e+00
1.000000000000030198e+00
1.000000000000029976e+00
1.000000000000029976e+00
1.000000000000029088e+00
1.000000000000029088e+00
1.000000000000029088e+00
1.000000000000029088e+00
1.000000000000029088e+00
1.000000000000029088e+00
1.000000000000029088e+00
1.000000000000029088e+00
1.000000000000029088e+00
1.000000000000029088e+00
1.000000000000029088e+00
1.000000000000029088e+00
1.000000000000028422e+00
1.000000000000028200e+00
1.000000000000028200e+00
1.000000000000028200e+00
1.000000000000028200e+00
1.000000000000028200e+00
1.000000000000028200e+00
1.000000000000028422e+00
1.000000000000028422e+00
1.000000000000028422e+00
1.000000000000028422e+00
1.000000000000028422e+00
1.000000000000028422e+00
1.000000000000026645e+00
1.000000000000026645e+00
1.000000000000026645e+00
1.000000000000026645e+00
1.000000000000026645e+00
1.000000000000026645e+00
1.000000000000026645e+00
1.000000000000026645e+00
1.000000000000026645e+00
1.000000000000026645e+00
1.000000000000026645e+00
1.000000000000026645e+00
1.000000000000026645e+00
1.000000000000026645e+00
1.000000000000026645e+00
1.000000000000026645e+00
1.000000000000026645e+00
1.000000000000026645e+00
1.000000000000026423e+00
1.000000000000026423e+00
1.000000000000026423e+00
1.000000000000026645e+00
1.000000000000026645e+00
1.000000000000026645e+00
1.000000000000026645e+00
1.000000000000026645e+00
1.000000000000026645e+00
1.000000000000026645e+00
1.000000000000026645e+00
1.000000000000026645e+00
1.000000000000026645e+00
1.000000000000026645e+00
1.000000000000026645e+00
1.000000000000026645e+00
1.000000000000026645e+00
1.000000000000026645e+00
1.000000000000026645e+00
1.000000000000026645e+00
1.000000000000026645e+00
1.000000000000026645e+00
1.000000000000026645e+00
1.000000000000026645e+00
1.000000000000026645e+00
1.000000000000026645e+00
1.000000000000026645e+00
1.000000000000026645e+00
1.000000000000026645e+00
1.000000000000026645e+00
1.000000000000026645e+00
1.000000000000026645e+00
1.000000000000026645e+00
1.000000000000026645e+00
1.000000000000026645e+00
1.000000000000026645e+00
1.000000000000026645e+00
1.000000000000026645e+00
1.000000000000026645e+00
1.000000000000026645e+00
1.000000000000026423e+00
1.000000000000026423e+00
1.000000000000026423e+00
1.000000000000026423e+00
1.000000000000026423e+00
1.000000000000026423e+00
1.000000000000026645e+00
1.000000000000026645e+00
1.000000000000026645e+00
1.000000000000026645e+00
1.000000000000026645e+00
1.000000000000026423e+00
1.000000000000026423e+00
1.000000000000026423e+00
1.000000000000026423e+00
1.000000000000026423e+00
1.000000000000026423e+00
1.000000000000026423e+00
1.000000000000026645e+00
1.000000000000026645e+00
1.000000000000026423e+00
1.000000000000026423e+00
1.000000000000026423e+00
1.000000000000026423e+00
1.000000000000026423e+00
1.000000000000025979e+00
1.000000000000025979e+00
1.000000000000006661e+00
1.000000000000006661e+00
1.000000000000006661e+00
1.000000000000006661e+00
1.000000000000006439e+00
1.000000000000006439e+00
1.000000000000006439e+00
1.000000000000006661e+00
1.000000000000006661e+00
1.000000000000006661e+00
1.000000000000006661e+00
1.000000000000006439e+00
1.000000000000006439e+00
1.000000000000006439e+00
1.000000000000006661e+00
1.000000000000006661e+00
1.000000000000006661e+00
1.000000000000006661e+00
1.000000000000006439e+00
1.000000000000006439e+00
1.000000000000005551e+00
1.000000000000005551e+00
1.000000000000005329e+00
1.000000000000005329e+00
1.000000000000005329e+00
1.000000000000005551e+00
1.000000000000005329e+00
1.000000000000005329e+00
1.000000000000005329e+00
1.000000000000005329e+00
1.000000000000005329e+00
1.000000000000005329e+00
1.000000000000005329e+00
1.000000000000004885e+00
1.000000000000004885e+00
1.000000000000004885e+00
1.000000000000004885e+00
1.000000000000004885e+00
1.000000000000004885e+00
1.000000000000004885e+00
1.000000000000004885e+00
1.000000000000004885e+00
1.000000000000005107e+00
1.000000000000005107e+00
1.000000000000005107e+00
1.000000000000005107e+00
9.999999999999767963e-01
9.999999999999767963e-01
9.999999999999769074e-01
9.999999999999769074e-01
9.999999999986788346e-01
9.999999999886981517e-01
9.999999999886951541e-01
9.999999999886951541e-01
9.999999999886939328e-01
9.999999999561308694e-01
9.999999999561308694e-01
9.999999999561308694e-01
9.999999999561308694e-01
9.999999999561307584e-01
9.999999999561308694e-01
9.999999998523266820e-01
9.999999998523266820e-01
9.999999998523260158e-01
9.999999998523260158e-01
9.999999941514339241e-01
9.999999729913255919e-01
9.999999729894689660e-01
9.999999729847545149e-01
9.999999729847377505e-01
9.999999240355409436e-01
9.999999240355409436e-01
9.999999240355409436e-01
9.999999240355409436e-01
9.999999240355409436e-01
9.999999240355409436e-01
9.999998727685779354e-01
9.999998727685779354e-01
9.999955332307907119e-01
9.999955332307907119e-01
9.999955067076583548e-01
9.999860609419458646e-01
9.999860609419458646e-01
9.999860609419414237e-01
9.999860609237078979e-01
9.999860609237078979e-01
9.999749811234940333e-01
9.999749807942726054e-01
9.999749807942650559e-01
9.999749807942650559e-01
9.999311748781042342e-01
9.993133424264103448e-01
9.993130443233454452e-01
9.993130443233454452e-01
9.993130131456902099e-01
9.984516538789316442e-01
9.984516538789316442e-01
9.984516538789316442e-01
9.984516538789316442e-01
9.984516538735662694e-01
9.984516538734579116e-01
9.980834362164114903e-01
9.980834362164114903e-01
9.980834362164114903e-01
9.980834362164114903e-01
9.980834327211213219e-01
9.980834327211210999e-01
9.942432389019172367e-01
9.756404987442046650e-01
9.756391278643761211e-01
9.756369189625936356e-01
9.756369169294304422e-01
9.613589183387942771e-01
9.613589183387942771e-01
9.613589183387942771e-01
9.613589183387383219e-01
9.613589183387383219e-01
9.613589183387383219e-01
9.595989635240692595e-01
9.595989635239681181e-01
8.933327533617086980e-01
8.933327533617086980e-01
8.927478224462154222e-01
7.755733651761905767e-01
7.755733651761905767e-01
7.755733650675771251e-01
7.755733088428545807e-01
7.755733088428545807e-01
7.755733088428545807e-01
7.360207502806083157e-01
7.360198015392523940e-01
7.360198015350999379e-01
7.360198015350999379e-01
7.360198015350999379e-01
7.191975934212969657e-01
5.004551491757202042e-01
5.002587788914597544e-01
5.002587788914597544e-01
5.002533982749827191e-01
3.435673952722342883e-01
3.435673952722342883e-01
3.435673952722340108e-01
3.435673952722340108e-01
3.435673951583236851e-01
3.435673951436328255e-01
3.246088296205374979e-01
3.246088296205374979e-01
3.246088296205374979e-01
3.246088296205374979e-01
3.246087179611220619e-01
3.246087179611204521e-01
2.808990860689836722e-01
1.228082028578088569e-01
1.227962145414809580e-01
1.227845650227332164e-01
1.227845619429107638e-01
7.585876259725030102e-02
7.585876259725030102e-02
7.585876259725030102e-02
7.585876259722633408e-02
7.585876259722633408e-02
7.585876259722633408e-02
7.386806198075722418e-02
7.386806198058208650e-02
4.515076605158483553e-02
4.515076605158483553e-02
4.501496080736556299e-02
1.502567224827717346e-02
1.502567224827717346e-02
1.502567217658697628e-02
1.502566655198805425e-02
1.502566655198805425e-02
1.502566655198805425e-02
1.092230122680095533e-02
1.092221693199513580e-02
1.092221693184173073e-02
1.092221693184173073e-02
1.092221693184173073e-02
1.056719169182369217e-02
3.881944094852599319e-03
3.872759985624228424e-03
3.872759985624228424e-03
3.872714552727348890e-03
1.551356328937149700e-03
1.551356328937149700e-03
1.551356328937135822e-03
1.551356328937135822e-03
1.551356328138496889e-03
1.551356327812487921e-03
1.362691458408700615e-03
1.362691458408700615e-03
1.362691458408700615e-03
1.362691458408700615e-03
1.362690471865505171e-03
1.362690471865501485e-03
1.183027233552352928e-03
2.977983998088027068e-04
2.977983998088027068e-04
2.977755708527789614e-04
2.977003648532814024e-04
2.977003591353842723e-04
1.713336851642069403e-04
1.713336851642069403e-04
1.713336851642069403e-04
1.713336851641815157e-04
1.713336851641814886e-04
1.713336851641814886e-04
1.648442063955936321e-04
1.648442063945719342e-04
1.094514296198317545e-04
1.094514296198317545e-04
1.092531054762209164e-04
2.619910261253722235e-05
2.619910261253722235e-05
2.619910241838592399e-05
2.619909588302624448e-05
2.619909588302624448e-05
2.619909588302624448e-05
2.619909588302624448e-05
2.004545615420601679e-05
2.004511204597254895e-05
2.004511204585679004e-05
2.004511204585679004e-05
2.004511204585679004e-05
2.004511204585679004e-05
1.972617452287525760e-05
8.759878255083091580e-06
8.726697196553828486e-06
8.726697196553828486e-06
8.726615869057033570e-06
2.746745480598759243e-06
2.746745480598759243e-06
2.746745480598702492e-06
2.746745480598702492e-06
2.746745480046726695e-06
2.746745479225629050e-06
2.746745479225629050e-06
2.469168625543185304e-06
2.469168625543185304e-06
2.469168625543185304e-06
2.469164791483921653e-06
2.469164791483919536e-06
2.301194736500299218e-06
2.301194736500299218e-06
7.060936179870354595e-07
7.060483248288306934e-07
7.057491977216172542e-07
7.057491906603024196e-07
3.322423135328509987e-07
3.322423135328509987e-07
3.322423135328509987e-07
3.322423135328361227e-07
3.322423135328359639e-07
3.322423135328359639e-07
3.210131964321489969e-07
3.210131964290417624e-07
3.210131964290417624e-07
2.544687943469803179e-07
2.540905334415172426e-07
6.548270252944953324e-08
6.548270109365813244e-08
6.548270109365813244e-08
6.548269212260744924e-08
6.548269212260744924e-08
6.548269212260744924e-08
6.548269212260744924e-08
4.385149622668633158e-08
4.385033107116309111e-08
4.385033107107697830e-08
4.385033107107697830e-08
4.385033107107697830e-08
4.385033107107697830e-08
4.330999522358372708e-08
2.504487076667201509e-08
2.492073541843387907e-08
2.492073541843387907e-08
2.492058968696493571e-08
7.268045355742882253e-09
7.268045355742882253e-09
7.268045355742565443e-09
7.268045355742565443e-09
7.268045355141792436e-09
7.268045348336251627e-09
7.268045348336251627e-09
6.101260172465899246e-09
6.101260172465899246e-09
6.101260172465899246e-09
6.101243608978130093e-09
6.101243608978126784e-09
5.736298903194359140e-09
5.736298903194359140e-09
2.299879736251979507e-09
2.299774147236590464e-09
2.298320228161999686e-09
2.298320216520791622e-09
9.457189700924861130e-10
9.457189700924861130e-10
9.457189700924861130e-10
9.457189700924861130e-10
9.457189700924861130e-10
9.457189700924625384e-10
9.457189700924617112e-10
9.457189700924617112e-10
8.888225924664256249e-10
8.888225924382272446e-10
8.888225924382272446e-10
7.080005729392320284e-10
7.073567994076478353e-10
2.261695969015152811e-10
2.261695847826354615e-10
2.261695847826354615e-10
2.261695681465648390e-10
2.261695681465648390e-10
2.261695681465648390e-10
2.261695681465648390e-10
1.357893555896409134e-10
1.357842362346859882e-10
1.357842362345245845e-10
1.357842362345245845e-10
1.357842362345245845e-10
1.357842362345245845e-10
1.346412975165698518e-10
7.481201019671073097e-11
7.410314536047765396e-11
7.410314536047765396e-11
7.410294505239658798e-11
2.540991812291708466e-11
2.540991812291708466e-11
2.540991812291250286e-11
2.540991812291250286e-11
2.540991812147716032e-11
2.540991806262129518e-11
2.540991806262129518e-11
2.014753184197048160e-11
2.014753184197048160e-11
2.014753184197048160e-11
2.014744908027964305e-11
2.014744908027964305e-11
1.925843131552591747e-11
1.925843131552591747e-11
6.953879345173977365e-12
6.953729284966575691e-12
6.945188732055092800e-12
6.945188711276379628e-12
3.235174479972456903e-12
3.235174479972456903e-12
3.235174479972456903e-12
3.235174479972456903e-12
3.235174479972456903e-12
3.235174479972422168e-12
3.235174479972411667e-12
3.235174479972411667e-12
2.980222871079120721e-12
2.980222870854810988e-12
2.980222870854810988e-12
2.508252118435754319e-12
2.506995573811520781e-12
6.850153088477298761e-13
6.850152579066518563e-13
6.850152579066518563e-13
6.850152280764333457e-13
6.850152280764333457e-13
6.850152280764333457e-13
6.850152280764333457e-13
4.462938682468846807e-13
4.462583176370766481e-13
4.462583176368577361e-13
4.462583176368577361e-13
4.462583176368577361e-13
4.443313219529325828e-13
4.443313219529325828e-13
2.812376428632889639e-13
2.773413869621822521e-13
2.773413869621822521e-13
2.773408385230358037e-13
7.857071854279179762e-14
7.857071854279179762e-14
7.857071854276081117e-14
7.857071854276081117e-14
7.857071854103790108e-14
7.857071828318132141e-14
7.857071828318132141e-14
7.857071828318132141e-14
6.470472477564001263e-14
6.470472477564001263e-14
6.470472477564001263e-14
6.470417599928410292e-14
6.470417599928410292e-14
6.470417599928410292e-14
6.324660021032003794e-14
6.324660021032003794e-14
2.777784256633426247e-14
2.777737452533508400e-14
2.772417131991045874e-14
1.060305742631309491e-14
1.060305742023302679e-14
1.060305742023302679e-14
1.060305742023302679e-14
1.060305742023302679e-14
1.060305742023302679e-14
1.060305742023299208e-14
1.060305742023291162e-14
1.060305742023291162e-14
9.868870661692991393e-15
9.868870660565900064e-15
9.868870660565900064e-15
8.997365135399906520e-15
8.994204278509357500e-15
2.904408155379915542e-15
2.904407566641375233e-15
2.904407566641375233e-15
2.904407499317871435e-15
2.904407499317871435e-15
2.904407499317871435e-15
2.904407499317871435e-15
2.904407499317871435e-15
1.613582495892478206e-15
1.613400953870523128e-15
1.613400953870259846e-15
1.613400953870259846e-15
1.613400953870259846e-15
1.608471296977870960e-15
1.212719693293204934e-15
1.212719693293204934e-15
1.193535141702866459e-15
1.193535141702866459e-15
1.193533866540356018e-15
3.518429242979591833e-16
3.518429242979591833e-16
3.518429242976744045e-16
3.518429242976744045e-16
3.518429242944959853e-16
3.518429242944959853e-16
3.518429209702431318e-16
3.518429209702431318e-16
2.628646762770310011e-16
2.628646762770310011e-16
2.628646762770310011e-16
2.628611380184089053e-16
2.628611380184089053e-16
2.628611380184089053e-16
2.581371143645728037e-16
2.581371143645728037e-16
1.426072120374577911e-16
1.426056633346215490e-16
1.422338504445516353e-16
5.043255562603643643e-17
5.043255561338230016e-17
5.043255561338230016e-17
5.043255561338230016e-17
5.043255561338230016e-17
5.043255561338230016e-17
5.043255561338147432e-17
5.043255561338138804e-17
5.043255561338138804e-17
4.483630356915848013e-17
4.483630355420221971e-17
4.483630355420221971e-17
4.128503603029559565e-17
4.127667961908547320e-17
1.653832475238400612e-17
1.653831729487187094e-17
1.653831729487187094e-17
1.653831709405575344e-17
1.653831709405575344e-17
1.653831709405575344e-17
1.653831709405575344e-17
1.653831709405575344e-17
8.265326707705049116e-18
8.264062862186018498e-18
8.264062862185265074e-18
8.264062862185265074e-18
8.264062862185265074e-18
8.247807791891118510e-18
7.941576355526193520e-18
6.039492434250206844e-18
6.039492434250206844e-18
6.039492434250206844e-18
6.039489430522391405e-18
2.095772816002538889e-18
2.095772816002538889e-18
2.095772815996043498e-18
2.095772815996043498e-18
2.095772815996043498e-18
2.095772815983711769e-18
2.095772769906236131e-18
2.095772769906236131e-18
1.452335238200757355e-18
1.452335238200757355e-18
1.452335238200757355e-18
1.452306579743259994e-18
1.452306579743259994e-18
1.452306579743259994e-18
1.452306579743259994e-18
1.434102473620011842e-18
7.629244212023073318e-19
7.629203435060381561e-19
7.591753204918833752e-19
3.024216651788035225e-19
3.024216651290456779e-19
3.024216651290456779e-19
3.024216651290456779e-19
3.024216651290456779e-19
3.024216651290456779e-19
3.024216651290456779e-19
3.024216651290264668e-19
3.024216651290264668e-19
3.024216651290262742e-19
2.597096542928676386e-19
2.597096540968281925e-19
2.597096540968281925e-19
2.444205389272479830e-19
2.443935916914799125e-19
2.443931595890937475e-19
8.948328672361056306e-20
8.948328672361056306e-20
8.948328672361056306e-20
8.948328608073785596e-20
8.948328608073785596e-20
8.948328608073785596e-20
8.948328608073785596e-20
4.858283259199359516e-20
4.856743272932434676e-20
4.856743272932245092e-20
4.856743272932245092e-20
4.856743272932245092e-20
4.851573769533399227e-20
4.621249796990443074e-20
3.756871357364387168e-20
3.756871357364387168e-20
3.756871357364387168e-20
3.756870086387630315e-20
3.756870086387627306e-20
1.142591222953695925e-20
1.142591222946153201e-20
1.142591222946153201e-20
1.142591222946153201e-20
1.142591222946153201e-20
1.142591186606673328e-20
1.142591186604009075e-20
1.142591186604009075e-20
8.306898261210753164e-21
8.306898261210753164e-21
8.306898261210753164e-21
8.306567559351350611e-21
8.306567559351350611e-21
8.306567559351350611e-21
8.306567559351350611e-21
8.251455408851159259e-21
5.045278932548718614e-21
5.045259431945580404e-21
5.009351470066412887e-21
1.699254900981714846e-21
1.699254900981714846e-21
1.699254900867527889e-21
1.699254900867527889e-21
1.699254900867527889e-21
1.699254900867527889e-21
1.699254900867527889e-21
1.699254900867290909e-21
1.699254900867290909e-21
1.699254900867290909e-21
1.485819783306296500e-21
1.485819781603760700e-21
1.485819781603760700e-21
1.438462625975858530e-21
1.438360560642628103e-21
1.438355281173492820e-21
6.311022660477958027e-22
6.311022660477958027e-22
6.311022660477958027e-22
6.311022637234349633e-22
6.311022637234349633e-22
6.311022637234349633e-22
6.311022637234349633e-22
2.920979615058794323e-22
2.919756530263288658e-22
2.919756530263288658e-22
2.919756530263288658e-22
2.919756530263288658e-22
2.919756530263288658e-22
2.919756530263288658e-22
2.919756530263288658e-22
2.919756530263288658e-22
2.919756530263288658e-22
2.919756530263288658e-22
2.919756530263288658e-22
2.919756530263288658e-22
2.919756530263288658e-22
2.919756530263288658e-22
2.919756530263288658e-22
2.919756530263288658e-22
2.919756530263288658e-22
2.919756530263288658e-22
2.919756530263288658e-22
2.919756530263288658e-22
2.919756530263288658e-22
2.919756530263288658e-22
2.919756530263288658e-22
2.919756530263288658e-22
2.919756530263288658e-22
2.919756530263288658e-22
2.919756530263288658e-22
2.919756530263288658e-22
2.919756530263288658e-22
2.919756530263288658e-22
2.919756530263288658e-22
2.919756530263288658e-22
2.919756530263288658e-22
2.919756530263288658e-22
2.919756530263288658e-22
2.919756530263288658e-22
2.919756530263288658e-22
2.919756530263288658e-22
2.919756530263288658e-22
2.919756530263288658e-22
2.919756530263288658e-22
2.919756530263288658e-22
2.919756530263288658e-22
2.919756530263288658e-22
2.919756530263288658e-22
2.919756530263288658e-22
2.919756530263288658e-22
2.919756530263288658e-22
2.919756530263288658e-22
2.919756530263288658e-22
2.919756530263288658e-22
2.919756530263288658e-22
2.919756530263288658e-22
2.919756530263288658e-22
2.919756530263288658e-22
2.919756530263288658e-22
2.919756530263288658e-22
2.919756530263288658e-22
2.919756530263288658e-22
2.919756530263288658e-22
2.919756530263288658e-22
2.919756530263288658e-22
2.919756530263288658e-22
2.919756530263288658e-22
2.919756530263288658e-22
2.919756530263288658e-22
2.919756530263288658e-22
2.919756530263288658e-22
2.919756530263288658e-22
2.919756530263288658e-22
2.919756530263288658e-22
2.919756530263288658e-22
2.919756530263288658e-22
2.919756530263288658e-22
2.919756530263288658e-22
2.919756530263288658e-22
2.919756530263288658e-22
2.919756530263288658e-22
2.919756530263288658e-22
2.919756530263288658e-22
2.919756530263288658e-22
2.919756530263288658e-22
2.919756530263288658e-22
2.919756530263288658e-22
2.919756530263288658e-22
2.919756530263288658e-22
2.919756530263288658e-22
2.919756530263288658e-22
2.919756530263288658e-22
2.919756530263288658e-22
2.919756530263288658e-22
2.919756530263288658e-22
2.919756530263288658e-22
2.919756530263288658e-22
2.919756530263288658e-22
2.919756530263288658e-22
2.919756530263288658e-22
2.919756530263288658e-22
2.919756530263288658e-22
2.919756530263288658e-22
2.919756530263288658e-22
2.919756530263288658e-22
2.919756530263288658e-22
2.919756530263288658e-22
2.919756530263288658e-22
2.919756530263288658e-22
2.919756530263288658e-22
2.919756530263288658e-22
2.919756530263288658e-22
2.919756530263288658e-22
2.919756530263288658e-22
2.919756530263288658e-22
2.919756530263288658e-22
2.919756530263288658e-22
2.919756530263288658e-22
2.919756530263288658e-22
2.919756530263288658e-22
2.919756530263288658e-22
2.919756530263288658e-22
2.919756530263288658e-22
2.919756530263288658e-22
2.919756530263288658e-22
2.919756530263288658e-22
2.919756530263288658e-22
2.919756530263288658e-22
2.919756530263288658e-22
2.919756530263288658e-22
2.919756530263288658e-22
2.919756530263288658e-22
2.919756530263288658e-22
2.919756530263288658e-22
2.919756530263288658e-22
2.919756530263288658e-22
2.919756530263288658e-22
2.919756530263288658e-22
2.919756530263288658e-22
2.919756530263288658e-22
2.919756530263288658e-22
2.919756530263288658e-22
2.919756530263288658e-22
2.919756530263288658e-22
2.919756530263288658e-22
2.919756530263288658e-22
2.919756530263288658e-22
2.919756530263288658e-22
2.919756530263288658e-22
2.919756530263288658e-22
2.919756530263288658e-22
2.919756530263288658e-22
2.919756530263288658e-22
2.919756530263288658e-22
2.919756530263288658e-22
2.919756530263288658e-22
2.919756530263288658e-22
2.919756530263288658e-22
2.919756530263288658e-22
2.919756530263288658e-22
2.919756530263288658e-22
2.919756530263288658e-22
2.919756530263288658e-22
2.919756530263288658e-22
2.919756530263288658e-22
2.919756530263288658e-22
2.919756530263288658e-22
2.919756530263288658e-22
2.919756530263288658e-22
2.919756530263288658e-22
2.919756530263288658e-22
2.919756530263288658e-22
2.919756530263288658e-22
2.919756530263288658e-22
2.919756530263288658e-22
2.919756530263288658e-22
2.919756530263288658e-22
2.919756530263288658e-22
2.919756530263288658e-22
2.919756530263288658e-22
2.919756530263288658e-22
2.919756530263288658e-22
2.919756530263288658e-22
2.919756530263288658e-22
2.919756530263288658e-22
2.919756530263288658e-22
2.919756530263288658e-22
2.919756530263288658e-22
2.919756530263288658e-22
2.919756530263288658e-22
2.919756530263288658e-22
2.919756530263288658e-22
2.919756530263288658e-22
2.919756530263288658e-22
2.919756530263288658e-22
2.919756530263288658e-22
2.919756530263288658e-22
2.919756530263288658e-22
2.919756530263288658e-22
2.919756530263288658e-22
2.919756530263288658e-22
2.919756530263288658e-22
2.919756530263288658e-22
2.919756530263288658e-22
2.919756530263288658e-22
2.919756530263288658e-22
2.919756530263288658e-22
2.919756530263288658e-22
2.919756530263288658e-22
2.919756530263288658e-22
2.919756530263288658e-22
2.919756530263288658e-22
2.919756530263288658e-22
2.919756530263288658e-22
2.919756530263288658e-22
2.919756530263288658e-22
2.919756530263288658e-22
2.919756530263288658e-22
2.919756530263288658e-22
2.919756530263288658e-22
2.919756530263288658e-22
2.919756530263288658e-22
2.919756530263288658e-22
2.919756530263288658e-22
2.919756530263288187e-22
2.919756530263287247e-22
2.919756530263287247e-22
2.919756530263287247e-22
2.919756530263287247e-22
2.919756530263287247e-22
2.919756530263287247e-22
2.919756530263287247e-22
2.919756530263287247e-22
2.919756530263287247e-22
2.919756530263287247e-22
2.919756530263287247e-22
2.919756530263287247e-22
2.919756530263287247e-22
2.919756530263287247e-22
2.919756530263287247e-22
2.919756530263287247e-22
2.919756530263287247e-22
2.919756530263287247e-22
2.919756530263287247e-22
2.919756530263287247e-22
2.919756530263287247e-22
2.919756530263287247e-22
2.919756530263287247e-22
2.919756530263287247e-22
2.919756530263287247e-22
2.919756530263287247e-22
2.919756530263287247e-22
2.919756530263287247e-22
2.919756530263287247e-22
2.919756530263287247e-22
2.919756530263284896e-22
2.919756530263268909e-22
2.919756530263182863e-22
2.919756530262804354e-22
2.919756530261554098e-22
2.919756530259285394e-22
2.919756530258200648e-22
2.919756530258167264e-22
2.919756530258167264e-22
2.919756530258167264e-22
2.919756530258167264e-22
2.919756530258167264e-22
2.919756530258167264e-22
2.919756530258167264e-22
2.919756530258167264e-22
2.919756530258167264e-22
2.919756530258167264e-22
2.919756530258167264e-22
2.919756530258167264e-22
2.919756530258167264e-22
2.919756530258167264e-22
2.919756530258167264e-22
2.919756530258167264e-22
2.919756530258167264e-22
2.919756530258167264e-22
2.919756530258167264e-22
2.919756530258167264e-22
2.919756530258167264e-22
2.919756530258167264e-22
2.919756530258167264e-22
2.919756530258167264e-22
2.919756530258167264e-22
2.919756530258167264e-22
2.919756530258167264e-22
2.919756530258165853e-22
2.919756530258152217e-22
2.919756530257996112e-22
2.919756530256593042e-22
2.919756530245996195e-22
2.919756530175879838e-22
2.919756529800746677e-22
2.919756528152695604e-22
2.919756522707138090e-22
2.919756512825787756e-22
2.919756508100969087e-22
2.919756507954384941e-22
2.919756507954353908e-22
2.919756507954353908e-22
2.919756507954353908e-22
2.919756507954353908e-22
2.919756507954353908e-22
2.919756507954353908e-22
2.919756507954353908e-22
2.919756507954353908e-22
2.919756507954353908e-22
2.919756507954353908e-22
2.919756507954353908e-22
2.919756507954353908e-22
2.919756507954353908e-22
2.919756507954353908e-22
2.919756507954353908e-22
2.919756507954353908e-22
2.919756507954353908e-22
2.919756507954353908e-22
2.919756507954353908e-22
2.919756507954353908e-22
2.919756507954353908e-22
2.919756507954353908e-22
2.919756507954353908e-22
2.919756507954353908e-22
2.919756507954353438e-22
2.919756507954342623e-22
2.919756507954131975e-22
2.919756507950974127e-22
2.919756507911622338e-22
2.919756507465645893e-22
2.919756503467308124e-22
2.919756473263520566e-22
2.919756273412737185e-22
2.919755204184282205e-22
2.919750506809807754e-22
2.919734985661634869e-22
2.919706821855178724e-22
2.919693355378959154e-22
2.919692937594416727e-22
2.919692937505129938e-22
2.919692937505129938e-22
2.919692937505129938e-22
2.919692937505129938e-22
2.919692937505129938e-22
2.919692937505129938e-22
2.919692937505129938e-22
2.919692937505129938e-22
2.919692937505129938e-22
2.919692937505129938e-22
2.919692937505129938e-22
2.919692937505129938e-22
2.919692937505129938e-22
2.919692937505129938e-22
2.919692937505129938e-22
2.919692937505129938e-22
2.919692937505129938e-22
2.919692937505129938e-22
2.919692937505129938e-22
2.919692937505129938e-22
2.919692937505129938e-22
2.919692937505129938e-22
2.919692937505129938e-22
2.919692937505128527e-22
2.919692937505089971e-22
2.919692937504105377e-22
2.919692937483976682e-22
2.919692937087886337e-22
2.919692931157789112e-22
2.919692857259655431e-22
2.919692019769216127e-22
2.919684511394226265e-22
2.919627793726641438e-22
2.919252562833630322e-22
2.917246663698123164e-22
2.908466814284598224e-22
2.879828189288425755e-22
2.829276297210354985e-22
2.805726617833552150e-22
2.805002276414439394e-22
2.805002121651182995e-22
2.805002121651182995e-22
2.805002121651182995e-22
2.805002121651182995e-22
2.805002121651182995e-22
2.805002121651182995e-22
2.805002121651182995e-22
2.805002121651182995e-22
2.805002121651182995e-22
2.805002121651182995e-22
2.805002121651182995e-22
2.805002121651182995e-22
2.805002121651182995e-22
2.805002121651182995e-22
2.805002121651182995e-22
2.805002121651182995e-22
2.805002121651182995e-22
2.805002121651182995e-22
2.805002121651182995e-22
2.805002121651182995e-22
2.805002121651182995e-22
2.805002121651182995e-22
2.805002121651182054e-22
2.805002121651143028e-22
2.805002121649852335e-22
2.805002121604852060e-22
2.805002120473201298e-22
2.805002097333780260e-22
2.805001641989430912e-22
2.804994824796194041e-22
2.804909874849952729e-22
2.803947492962765941e-22
2.795348811219169438e-22
2.732058966672051096e-22
2.376094812165234371e-22
1.400109817202851282e-22
4.992309423242834836e-23
1.596996177477250156e-23
7.148257042402578225e-24
5.654685837522000224e-24
5.618266789137241881e-24
5.618259055949206571e-24
5.618259055949194081e-24
5.618259055949194081e-24
5.618259055949194081e-24
5.618259055949194081e-24
5.618259055949194081e-24
5.618259055949194081e-24
5.618259055949194081e-24
5.618259055949194081e-24
5.618259055949194081e-24
5.618259055949194081e-24
5.618259055949194081e-24
5.618259055949194081e-24
5.618259055949194081e-24
5.618259055949194081e-24
5.618259055949194081e-24
5.618259055949194081e-24
5.618259055949194081e-24
5.618259055949194081e-24
5.618259055949194081e-24
5.618259055949193346e-24
5.618259055949163224e-24
5.618259055947869446e-24
5.618259055904821373e-24
5.618259054403989859e-24
5.618259016661946049e-24
5.618258244931437718e-24
5.618243058631982917e-24
5.618015705998087183e-24
5.615184084657207147e-24
5.583291548681057896e-24
5.312763158012672512e-24
3.889228694360350581e-24
1.402569225444356012e-24
3.172715875191470796e-25
7.211601031626910533e-26
2.029616038286172663e-26
8.809546586304706620e-27
6.933310131435794238e-27
6.887799280033636404e-27
6.887789617502545102e-27
6.887789617502529318e-27
6.887789617502529318e-27
6.887789617502529318e-27
6.887789617502529318e-27
6.887789617502529318e-27
6.887789617502529318e-27
6.887789617502529318e-27
6.887789617502529318e-27
6.887789617502529318e-27
6.887789617502529318e-27
6.887789617502529318e-27
6.887789617502529318e-27
6.887789617502529318e-27
6.887789617502529318e-27
6.887789617502529318e-27
6.887789617502529318e-27
6.887789617502529318e-27
6.887789617502529318e-27
6.887789617502529318e-27
6.887789617502504924e-27
6.887789617501417247e-27
6.887789617465295764e-27
6.887789616205961345e-27
6.887789584536913799e-27
6.887788936984022474e-27
6.887776194270270885e-27
6.887585421724893150e-27
6.885208988111782684e-27
6.858390922793684980e-27
6.626975128975428314e-27
5.280921326210196043e-27
2.252975718203799144e-27
5.538789883427533609e-28
1.284149828529475331e-28
3.629424730064710134e-29
1.576835405474239061e-29
1.241195692424158313e-29
1.233052978464621308e-29
1.233051249656696790e-29
1.233051249656694128e-29
1.233051249656694128e-29
1.233051249656694128e-29
1.233051249656694128e-29
1.233051249656694128e-29
1.233051249656694128e-29
1.233051249656694128e-29
1.233051249656694128e-29
1.233051249656694128e-29
1.233051249656694128e-29
1.233051249656694128e-29
1.233051249656694128e-29
1.233051249656694128e-29
1.233051249656694128e-29
1.233051249656694128e-29
1.233051249656694128e-29
1.233051249656694128e-29
1.233051249656694128e-29
1.233051249656694128e-29
1.233051249656691045e-29
1.233051249656559743e-29
1.233051249652193998e-29
1.233051249499988182e-29
1.233051245672406307e-29
1.233051167407913065e-29
1.233049627297943342e-29
1.233026569923740265e-29
1.232739311846166995e-29
1.229493133010630907e-29
1.201136102234881806e-29
1.022916037610979942e-29
5.161633737406965560e-30
1.413968881585639794e-30
3.374814276105238757e-31
9.599552576134079855e-32
4.176583780347971132e-32
3.288340863454523802e-32
3.266786669119392822e-32
3.266782092847402724e-32
3.266782092847396155e-32
3.266782092847396155e-32
3.266782092847396155e-32
3.266782092847396155e-32
3.266782092847396155e-32
3.266782092847396155e-32
3.266782092847396155e-32
3.266782092847396155e-32
3.266782092847396155e-32
3.266782092847396155e-32
3.266782092847396155e-32
3.266782092847396155e-32
3.266782092847396155e-32
3.266782092847396155e-32
3.266782092847396155e-32
3.266782092847396155e-32
3.266782092847396155e-32
3.266782092847396155e-32
3.266782092847389587e-32
3.266782092847153665e-32
3.266782092839303657e-32
3.266782092565592297e-32
3.266782085682449820e-32
3.266781944939379306e-32
3.266779175357820306e-32
3.266737710989128751e-32
3.266221089377359288e-32
3.260377593745620375e-32
3.208907882368225235e-32
2.867010990393306618e-32
1.681542154218363557e-32
5.234851049281970467e-33
1.300398777340992297e-33
3.733100483708456175e-34
1.627576561980825618e-34
1.281872714450497834e-34
1.273480903589465080e-34
1.273479121870057845e-34
1.273479121870054852e-34
1.273479121870054852e-34
1.273479121870054852e-34
1.273479121870054852e-34
1.273479121870054852e-34
1.273479121870054852e-34
1.273479121870054852e-34
1.273479121870054852e-34
1.273479121870054852e-34
1.273479121870054852e-34
1.273479121870054852e-34
1.273479121870054852e-34
1.273479121870054852e-34
1.273479121870054852e-34
1.273479121870054852e-34
1.273479121870054852e-34
1.273479121870054852e-34
1.273479121870054852e-34
1.273479121870053569e-34
1.273479121869990706e-34
1.273479121867902742e-34
1.273479121795109246e-34
1.273479119964539325e-34
1.273479082533953693e-34
1.273478345964199636e-34
1.273467318474804553e-34
1.273329914992738161e-34
1.271774785116749034e-34
1.258000349230646689e-34
1.162858326418815772e-34
7.750210209118122562e-35
2.783458843270694817e-35
7.295272318163452298e-36
2.121816771883050018e-36
9.278515033691866699e-37
7.311316436060804143e-37
7.263539477908956586e-37
7.263529333954107401e-37
7.263529333954091532e-37
7.263529333954091532e-37
7.263529333954091532e-37
7.263529333954091532e-37
7.263529333954091532e-37
7.263529333954091532e-37
7.263529333954091532e-37
7.263529333954091532e-37
7.263529333954091532e-37
7.263529333954091532e-37
7.263529333954091532e-37
7.263529333954091532e-37
7.263529333954091532e-37
7.263529333954091532e-37
7.263529333954091532e-37
7.263529333954091532e-37
7.263529333954091532e-37
7.263529333954085685e-37
7.263529333953840960e-37
7.263529333945678170e-37
7.263529333661084689e-37
7.263529326504315336e-37
7.263529180166227832e-37
7.263526300483000521e-37
7.263483187433161753e-37
7.262945975366880403e-37
7.256863276958909767e-37
7.202781488186637333e-37
6.818898978606600622e-37
5.041144711021914388e-37
2.105008585195654429e-37
5.914976344703085195e-38
1.752188747534840647e-38
7.695021016961151506e-39
6.067836370489422822e-39
6.028288643236812310e-39
6.028280246359629405e-39
6.028280246359615050e-39
6.028280246359615050e-39
6.028280246359615050e-39
6.028280246359615050e-39
6.028280246359615050e-39
6.028280246359615050e-39
6.028280246359615050e-39
6.028280246359615050e-39
6.028280246359615050e-39
6.028280246359615050e-39
6.028280246359615050e-39
6.028280246359615050e-39
6.028280246359615050e-39
6.028280246359615050e-39
6.028280246359615050e-39
6.028280246359615050e-39
6.028280246359612439e-39
6.028280246359472798e-39
6.028280246354808510e-39
6.028280246192213584e-39
6.028280242103369060e-39
6.028280158496707518e-39
6.028278513260404530e-39
6.028253881629417420e-39
6.027946950459632592e-39
6.024470669463113720e-39
5.993482776150713001e-39
5.769311925360661789e-39
4.624764102307320445e-39
2.243517890284370325e-39
6.877653243203404647e-40
2.089644060693588048e-40
9.232942373658750138e-41
7.287904742356571831e-41
7.240582874758862242e-41
7.240572827009057257e-41
7.240572827009040944e-41
7.240572827009040944e-41
7.240572827009040944e-41
7.240572827009040944e-41
7.240572827009040944e-41
7.240572827009040944e-41
7.240572827009040944e-41
7.240572827009040944e-41
7.240572827009040944e-41
7.240572827009040944e-41
7.240572827009040944e-41
7.240572827009040944e-41
7.240572827009040944e-41
7.240572827009040944e-41
7.240572827009040944e-41
7.240572827009040944e-41
7.240572827009038905e-41
7.240572827008921653e-41
7.240572827005051332e-41
7.240572826870103957e-41
7.240572823476522509e-41
7.240572754086262487e-41
7.240571388604349890e-41
7.240550945284518036e-41
7.240296199721134508e-41
7.237410409641738109e-41
7.211640682485435688e-41
7.022747774536577736e-41
5.985410479975626921e-41
3.343292736056229653e-41
1.137447356381634651e-41
3.576789059810872171e-42
1.593958979560496597e-42
1.259976657875618494e-42
1.251839077200935458e-42
1.251837349305688380e-42
1.251837349305685194e-42
1.251837349305685194e-42
1.251837349305685194e-42
1.251837349305685194e-42
1.251837349305685194e-42
1.251837349305685194e-42
1.251837349305685194e-42
1.251837349305685194e-42
1.251837349305685194e-42
1.251837349305685194e-42
1.251837349305685194e-42
1.251837349305685194e-42
1.251837349305685194e-42
1.251837349305685194e-42
1.251837349305685194e-42
1.251837349305685035e-42
1.251837349305671016e-42
1.251837349305207267e-42
1.251837349289034675e-42
1.251837348882334719e-42
1.251837340566340619e-42
1.251837176921754422e-42
1.251834726913685842e-42
1.251804196844733376e-42
1.251458302315010854e-42
1.248365754133406439e-42
1.225489151738953761e-42
1.092963536048792274e-42
6.923761319935256663e-43
2.652588922372390447e-43
8.730387968307094741e-44
3.937313015023674564e-44
3.118633645468164554e-44
3.098644870736464256e-44
3.098640626205346228e-44
3.098640626205339259e-44
3.098640626205339259e-44
3.098640626205339259e-44
3.098640626205339259e-44
3.098640626205339259e-44
3.098640626205339259e-44
3.098640626205339259e-44
3.098640626205339259e-44
3.098640626205339259e-44
3.098640626205339259e-44
3.098640626205339259e-44
3.098640626205339259e-44
3.098640626205339259e-44
3.098640626205339259e-44
3.098640626205339259e-44
3.098640626205338761e-44
3.098640626205314366e-44
3.098640626204516825e-44
3.098640626176703929e-44
3.098640625477274848e-44
3.098640611175690987e-44
3.098640329744882614e-44
3.098636116295445787e-44
3.098583611188268175e-44
3.097988692900935174e-44
3.092665228566374386e-44
3.053034847898384851e-44
2.814404168542129985e-44
1.984523559516711832e-44
8.645533364843720715e-45
3.017895770138853183e-45
1.383620303024363861e-45
1.099040782700588906e-45
1.092072294479552066e-45
1.092070814648076456e-45
1.092070814648074123e-45
1.092070814648074123e-45
1.092070814648074123e-45
1.092070814648074123e-45
1.092070814648074123e-45
1.092070814648074123e-45
1.092070814648074123e-45
1.092070814648074123e-45
1.092070814648074123e-45
1.092070814648074123e-45
1.092070814648074123e-45
1.092070814648074123e-45
1.092070814648074123e-45
1.092070814648074123e-45
1.092070814648073967e-45
1.092070814648068055e-45
1.092070814647872341e-45
1.092070814641053628e-45
1.092070814469575641e-45
1.092070810963282558e-45
1.092070741965405573e-45
1.092069708961252314e-45
1.092056836302694069e-45
1.091910971120666726e-45
1.090604977037200363e-45
1.080839417845338287e-45
1.020383666961992284e-45
7.853606387605614693e-46
3.903600162276929557e-46
1.466481013022351854e-46
6.875577953671811325e-47
5.483036451008755221e-47
5.448799096749752488e-47
5.448791825384225869e-47
5.448791825384214201e-47
5.448791825384214201e-47
5.448791825384214201e-47
5.448791825384214201e-47
5.448791825384214201e-47
5.448791825384214201e-47
5.448791825384214201e-47
5.448791825384214201e-47
5.448791825384214201e-47
5.448791825384214201e-47
5.448791825384214201e-47
5.448791825384214201e-47
5.448791825384214201e-47
5.448791825384214201e-47
5.448791825384214201e-47
5.448791825384193782e-47
5.448791825383515084e-47
5.448791825359853041e-47
5.448791824764804430e-47
5.448791812597522176e-47
5.448791573166132304e-47
5.448787988509506374e-47
5.448743318563542285e-47
5.448237123345453559e-47
5.443703103075006113e-47
5.409695016320232333e-47
5.194954498164799690e-47
4.284935695436216020e-47
2.421441286354490010e-47
9.936174010791699601e-48
4.800135903418905175e-48
3.848853893769423863e-48
3.825334526468546533e-48
3.825329530729324526e-48
3.825329530729316626e-48
3.825329530729316626e-48
3.825329530729316626e-48
3.825329530729316626e-48
3.825329530729316626e-48
3.825329530729316626e-48
3.825329530729316626e-48
3.825329530729316626e-48
3.825329530729316626e-48
3.825329530729316626e-48
3.825329530729316626e-48
3.825329530729316626e-48
3.825329530729316626e-48
3.825329530729316626e-48
3.825329530729306902e-48
3.825329530728976305e-48
3.825329530717447318e-48
3.825329530427527732e-48
3.825329524499392829e-48
3.825329407843785194e-48
3.825327661329322373e-48
3.825305897203417853e-48
3.825059260744419108e-48
3.822849498012226801e-48
3.806238891838971717e-48
3.699866526181850930e-48
3.218620274757463780e-48
2.048204525052600830e-48
9.303463099210307407e-49
4.674291938052514422e-49
3.775929999454408056e-49
3.753549072359777949e-49
3.753544317558359935e-49
3.753544317558351578e-49
3.753544317558351578e-49
3.753544317558351578e-49
3.753544317558351578e-49
3.753544317558351578e-49
3.753544317558351578e-49
3.753544317558351578e-49
3.753544317558351578e-49
3.753544317558351578e-49
3.753544317558351578e-49
3.753544317558351578e-49
3.753544317558351578e-49
3.753544317558351578e-49
3.753544317558351578e-49
3.753544317558345501e-49
3.753544317558120646e-49
3.753544317550307693e-49
3.753544317353839839e-49
3.753544313336558348e-49
3.753544234283304943e-49
3.753543050733929412e-49
3.753528301948775174e-49
3.753361161438554416e-49
3.751863352634641213e-49
3.740587282245065678e-49
3.667651061533221460e-49
3.321184513569716427e-49
2.347109848788139673e-49
1.191967742280472273e-49
6.296544976048424442e-50
5.137643348509056903e-50
5.108473386586148851e-50
5.108467187906169931e-50
5.108467187906160436e-50
5.108467187906160436e-50
5.108467187906160436e-50
5.108467187906160436e-50
5.108467187906160436e-50
5.108467187906160436e-50
5.108467187906160436e-50
5.108467187906160436e-50
5.108467187906160436e-50
5.108467187906160436e-50
5.108467187906160436e-50
5.108467187906160436e-50
5.108467187906160436e-50
5.108467187906160436e-50
5.108467187906153789e-50
5.108467187905944886e-50
5.108467187898664635e-50
5.108467187715591988e-50
5.108467183972197995e-50
5.108467110308590670e-50
5.108466007450416568e-50
5.108452264179223163e-50
5.108296516269478482e-50
5.106900605588049531e-50
5.096380373313182174e-50
5.027848191333731958e-50
4.690399751311408065e-50
3.622331521574000120e-50
2.067044324245100098e-50
1.161844556788201215e-50
9.606835470663898857e-51
9.555507981157181280e-51
9.555497070280399523e-51
9.555497070280381719e-51
9.555497070280381719e-51
9.555497070280381719e-51
9.555497070280381719e-51
9.555497070280381719e-51
9.555497070280381719e-51
9.555497070280381719e-51
9.555497070280381719e-51
9.555497070280381719e-51
9.555497070280381719e-51
9.555497070280381719e-51
9.555497070280381719e-51
9.555497070280381719e-51
9.555497070280381719e-51
9.555497070280373410e-51
9.555497070280109908e-51
9.555497070270915825e-51
9.555497070039718928e-51
9.555497065312303048e-51
9.555496972284825251e-51
9.555495579519465898e-51
9.555478223552423347e-51
9.555281532045276518e-51
9.553518485138620320e-51
9.540221267128673843e-51
9.453161202625399309e-51
9.013113054674841969e-51
7.482821877766252676e-51
4.793575880217153573e-51
2.901438943727620240e-51
2.440770277905827389e-51
2.428806492450139575e-51
2.428803948135199828e-51
2.428803948135195674e-51
2.428803948135195674e-51
2.428803948135195674e-51
2.428803948135195674e-51
2.428803948135195674e-51
2.428803948135195674e-51
2.428803948135195674e-51
2.428803948135195674e-51
2.428803948135195674e-51
2.428803948135195674e-51
2.428803948135195674e-51
2.428803948135195674e-51
2.428803948135195674e-51
2.428803948135194487e-51
2.428803948135149976e-51
2.428803948133606650e-51
2.428803948094784911e-51
2.428803947300981857e-51
2.428803931680283004e-51
2.428803697814231047e-51
2.428800783486869423e-51
2.428767755779592059e-51
2.428471690884473348e-51
2.426237520947726439e-51
2.411557547559699090e-51
2.335940693056729123e-51
2.053114469461979788e-51
1.466443241678392275e-51
9.657130863865910028e-52
8.301708149506451410e-52
8.265716016332705983e-52
8.265708357600205166e-52
8.265708357600193297e-52
8.265708357600193297e-52
8.265708357600193297e-52
8.265708357600193297e-52
8.265708357600193297e-52
8.265708357600193297e-52
8.265708357600193297e-52
8.265708357600193297e-52
8.265708357600193297e-52
8.265708357600193297e-52
8.265708357600193297e-52
8.265708357600193297e-52
8.265708357600193297e-52
8.265708357600188846e-52
8.265708357600092406e-52
8.265708357596736317e-52
8.265708357512292529e-52
8.265708355785628876e-52
8.265708321807809435e-52
8.265707813107191837e-52
8.265701473919415615e-52
8.265629632314037368e-52
8.264985602827783378e-52
8.260123788960568742e-52
8.228097976150762725e-52
8.060888321050985759e-52
7.400208020144288299e-52
5.823177350077272605e-52
4.199316465780009098e-52
3.705260287199485073e-52
3.691785106195276668e-52
3.691782236811363002e-52
3.691782236811358551e-52
3.691782236811358551e-52
3.691782236811358551e-52
3.691782236811358551e-52
3.691782236811358551e-52
3.691782236811358551e-52
3.691782236811358551e-52
3.691782236811358551e-52
3.691782236811358551e-52
3.691782236811358551e-52
3.691782236811358551e-52
3.691782236811358551e-52
3.691782236811357809e-52
3.691782236811331103e-52
3.691782236810419380e-52
3.691782236787479424e-52
3.691782236318413956e-52
3.691782227088020325e-52
3.691782088894717275e-52
3.691780366794228976e-52
3.691760850268372451e-52
3.691585886964817869e-52
3.690264734634095383e-52
3.681546777664431963e-52
3.635595499404346601e-52
3.446603206084918195e-52
2.941372006714665298e-52
2.323368460023205737e-52
2.111262862090108815e-52
2.105300085833623360e-52
2.105298815093775357e-52
2.105298815093773502e-52
2.105298815093773502e-52
2.105298815093773502e-52
2.105298815093773502e-52
2.105298815093773502e-52
2.105298815093773502e-52
2.105298815093773502e-52
2.105298815093773502e-52
2.105298815093773502e-52
2.105298815093773502e-52
2.105298815093773502e-52
2.105298815093773502e-52
2.105298815093773131e-52
2.105298815093764600e-52
2.105298815093470831e-52
2.105298815086079867e-52
2.105298814934956422e-52
2.105298811961100391e-52
2.105298767437867655e-52
2.105298212609983733e-52
2.105291924742397683e-52
2.105235553474984467e-52
2.104809817551378388e-52
2.101997164219783936e-52
2.087075872343902190e-52
2.023956734557200880e-52
1.840078301886910442e-52
1.579662217946405406e-52
1.479540743087458582e-52
1.476637139935915574e-52
1.476636520608032766e-52
1.476636520608031838e-52
1.476636520608031838e-52
1.476636520608031838e-52
1.476636520608031838e-52
1.476636520608031838e-52
1.476636520608031838e-52
1.476636520608031838e-52
1.476636520608031838e-52
1.476636520608031838e-52
1.476636520608031838e-52
1.476636520608031838e-52
1.476636520608031838e-52
1.476636520608031838e-52
1.476636520608029057e-52
1.476636520607924457e-52
1.476636520605295557e-52
1.476636520551539887e-52
1.476636519493721771e-52
1.476636503656546339e-52
1.476636306300982706e-52
1.476634069665666455e-52
1.476614017745794755e-52
1.476462561399029417e-52
1.475461195581924547e-52
1.470126741975998524e-52
1.447140999772842502e-52
1.376050775830685808e-52
1.263428640791681072e-52
1.215847250944924691e-52
1.214428328171467364e-52
1.214428025279176040e-52
1.214428025279175483e-52
1.214428025279175483e-52
1.214428025279175483e-52
1.214428025279175483e-52
1.214428025279175483e-52
1.214428025279175483e-52
1.214428025279175483e-52
1.214428025279175483e-52
1.214428025279175483e-52
1.214428025279175483e-52
1.214428025279175483e-52
1.214428025279175483e-52
1.214428025279174370e-52
1.214428025279136907e-52
1.214428025278195696e-52
1.214428025258948255e-52
1.214428024880192498e-52
1.214428019209631206e-52
1.214427948545711002e-52
1.214427147709067237e-52
1.214419967973975778e-52
1.214365734375700655e-52
1.214007006444103372e-52
1.212091357672082327e-52
1.203746570047397930e-52
1.176972287647532761e-52
1.131311946244775722e-52
1.110708409020477611e-52
1.110081196637600811e-52
1.110081062668094877e-52
1.110081062668094692e-52
1.110081062668094692e-52
1.110081062668094692e-52
1.110081062668094692e-52
1.110081062668094692e-52
1.110081062668094692e-52
1.110081062668094692e-52
1.110081062668094692e-52
1.110081062668094692e-52
1.110081062668094692e-52
1.110081062668094692e-52
1.110081062668094692e-52
1.110081062668094136e-52
1.110081062668082081e-52
1.110081062667776257e-52
1.110081062661524946e-52
1.110081062538506342e-52
1.110081060696724509e-52
1.110081037745287971e-52
1.110080777635748194e-52
1.110078445667652663e-52
1.110060830095143810e-52
1.109944286408494631e-52
1.109321177271755546e-52
1.106591973338254164e-52
1.097668752227351816e-52
1.081839120005726975e-52
1.074430341733196168e-52
1.074202112967144039e-52
1.074202064201406620e-52
1.074202064201406435e-52
1.074202064201406435e-52
1.074202064201406435e-52
1.074202064201406435e-52
1.074202064201406435e-52
1.074202064201406435e-52
1.074202064201406435e-52
1.074202064201406435e-52
1.074202064201406435e-52
1.074202064201406435e-52
1.074202064201406435e-52
1.074202064201406435e-52
1.074202064201403096e-52
1.074202064201320937e-52
1.074202064199645118e-52
1.074202064166665268e-52
1.074202063672904462e-52
1.074202057519884500e-52
1.074201987787453898e-52
1.074201362612081592e-52
1.074196640006660227e-52
1.074165392771308999e-52
1.073998246680819857e-52
1.073264548597885349e-52
1.070847346038454712e-52
1.066488850709190067e-52
1.064417327679855844e-52
1.064353189050324840e-52
1.064353175343710188e-52
1.064353175343710188e-52
1.064353175343710188e-52
1.064353175343710188e-52
1.064353175343710188e-52
1.064353175343710188e-52
1.064353175343710188e-52
1.064353175343710188e-52
1.064353175343710188e-52
1.064353175343710188e-52
1.064353175343710188e-52
1.064353175343710188e-52
1.064353175343710188e-52
1.064353175343709446e-52
1.064353175343692569e-52
1.064353175343344460e-52
1.064353175336497822e-52
1.064353175233994281e-52
1.064353173956639380e-52
1.064353159480322909e-52
1.064353029695069689e-52
1.064352049287044913e-52
1.064345562221437766e-52
1.064310856879825757e-52
1.064158414581914885e-52
1.063655018933672145e-52
1.062742786848026321e-52
1.062307151146144709e-52
1.062293641612891671e-52
1.062293638725727206e-52
1.062293638725727206e-52
1.062293638725727206e-52
1.062293638725727206e-52
1.062293638725727206e-52
1.062293638725727206e-52
1.062293638725727206e-52
1.062293638725727206e-52
1.062293638725727206e-52
1.062293638725727206e-52
1.062293638725727206e-52
1.062293638725727206e-52
1.062293638725727206e-52
1.062293638725727206e-52
1.062293638725724424e-52
1.062293638725670084e-52
1.062293638724602018e-52
1.062293638708610332e-52
1.062293638509330635e-52
1.062293636250883289e-52
1.062293616003109926e-52
1.062293463049702009e-52
1.062292450996922682e-52
1.062287036409423224e-52
1.062263249447847689e-52
1.062184659177457553e-52
1.062042081230923683e-52
1.061973920381798598e-52
1.061971805886528677e-52
1.061971805434628673e-52
1.061971805434628673e-52
1.061971805434628673e-52
1.061971805434628673e-52
1.061971805434628673e-52
1.061971805434628673e-52
1.061971805434628673e-52
1.061971805434628673e-52
1.061971805434628673e-52
1.061971805434628673e-52
1.061971805434628673e-52
1.061971805434628673e-52
1.061971805434628673e-52
1.061971805434628117e-52
1.061971805434621811e-52
1.061971805434497738e-52
1.061971805432639055e-52
1.061971805409474877e-52
1.061971805146956368e-52
1.061971802793384947e-52
1.061971785014303596e-52
1.061971667374649329e-52
1.061971037986913904e-52
1.061968272940530269e-52
1.061959136664279763e-52
1.061942558642311360e-52
1.061934631959154921e-52
1.061934386042115957e-52
1.061934385989559473e-52
1.061934385989559473e-52
1.061934385989559473e-52
1.061934385989559473e-52
1.061934385989559473e-52
1.061934385989559473e-52
1.061934385989559473e-52
1.061934385989559473e-52
1.061934385989559473e-52
1.061934385989559473e-52
1.061934385989559473e-52
1.061934385989559473e-52
1.061934385989559473e-52
1.061934385989559102e-52
1.061934385989548160e-52
1.061934385989387366e-52
1.061934385987381428e-52
1.061934385964648445e-52
1.061934385760838880e-52
1.061934384221243290e-52
1.061934374034130593e-52
1.061934319531692656e-52
1.061934080089135529e-52
1.061933288914074304e-52
1.061931853273636181e-52
1.061931166816183446e-52
1.061931145519410419e-52
1.061931145514858852e-52
1.061931145514858852e-52
1.061931145514858852e-52
1.061931145514858852e-52
1.061931145514858852e-52
1.061931145514858852e-52
1.061931145514858852e-52
1.061931145514858852e-52
1.061931145514858852e-52
1.061931145514858852e-52
1.061931145514858852e-52
1.061931145514858852e-52
1.061931145514858852e-52
1.061931145514858852e-52
1.061931145514858110e-52
1.061931145514847725e-52
1.061931145514718088e-52
1.061931145513248686e-52
1.061931145500073029e-52
1.061931145400543715e-52
1.061931144741984363e-52
1.061931141218602208e-52
1.061931125739516505e-52
1.061931074592895111e-52
1.061930981783724310e-52
1.061930937406549913e-52
1.061930936029784021e-52
1.061930936029489696e-52
1.061930936029489696e-52
1.061930936029489696e-52
1.061930936029489696e-52
1.061930936029489696e-52
1.061930936029489696e-52
1.061930936029489696e-52
1.061930936029489696e-52
1.061930936029489696e-52
1.061930936029489696e-52
1.061930936029489696e-52
1.061930936029489696e-52
1.061930936029489696e-52
1.061930936029489696e-52
1.061930936029489325e-52
1.061930936029482834e-52
1.061930936029411988e-52
1.061930936028774561e-52
1.061930936023959640e-52
1.061930935992100527e-52
1.061930935821650079e-52
1.061930935072819591e-52
1.061930932598503309e-52
1.061930928108680258e-52
1.061930925961848489e-52
1.061930925895244871e-52
1.061930925895230405e-52
1.061930925895230405e-52
1.061930925895230405e-52
1.061930925895230405e-52
1.061930925895230405e-52
1.061930925895230405e-52
1.061930925895230405e-52
1.061930925895230405e-52
1.061930925895230405e-52
1.061930925895230405e-52
1.061930925895230405e-52
1.061930925895230405e-52
1.061930925895230405e-52
1.061930925895230405e-52
1.061930925895230405e-52
1.061930925895230219e-52
1.061930925895227623e-52
1.061930925895204440e-52
1.061930925895029737e-52
1.061930925893873763e-52
1.061930925887688290e-52
1.061930925860513904e-52
1.061930925770723482e-52
1.061930925607792707e-52
1.061930925529886396e-52
1.061930925527469292e-52
1.061930925527468735e-52
1.061930925527468735e-52
1.061930925527468735e-52
1.061930925527468735e-52
1.061930925527468735e-52
1.061930925527468735e-52
1.061930925527468735e-52
1.061930925527468735e-52
1.061930925527468735e-52
1.061930925527468735e-52
1.061930925527468735e-52
1.061930925527468735e-52
1.061930925527468735e-52
1.061930925527468735e-52
1.061930925527468735e-52
1.061930925527468735e-52
1.061930925527468735e-52
1.061930925527468179e-52
1.061930925527463357e-52
1.061930925527431829e-52
1.061930925527262874e-52
1.061930925526521589e-52
1.061930925524071659e-52
1.061930925519625990e-52
1.061930925517500244e-52
1.061930925517434591e-52
1.061930925517434591e-52
1.061930925517434591e-52
1.061930925517434591e-52
1.061930925517434591e-52
1.061930925517434591e-52
1.061930925517434591e-52
1.061930925517434591e-52
1.061930925517434591e-52
1.061930925517434591e-52
1.061930925517434591e-52
1.061930925517434591e-52
1.061930925517434591e-52
1.061930925517434591e-52
1.061930925517434591e-52
1.061930925517434591e-52
1.061930925517434591e-52
1.061930925517434591e-52
1.061930925517434220e-52
1.061930925517433478e-52
1.061930925517430325e-52
1.061930925517414932e-52
1.061930925517364672e-52
1.061930925517273240e-52
1.061930925517229657e-52
1.061930925517228173e-52
1.061930925517228173e-52
1.061930925517228173e-52
1.061930925517228173e-52
1.061930925517228173e-52
1.061930925517228173e-52
1.061930925517228173e-52
1.061930925517228173e-52
1.061930925517228173e-52
1.061930925517228173e-52
1.061930925517228173e-52
1.061930925517228173e-52
1.061930925517228173e-52
1.061930925517228173e-52
1.061930925517228173e-52
1.061930925517228173e-52
1.061930925517228173e-52
1.061930925517228173e-52
1.061930925517228173e-52
1.061930925517228173e-52
1.061930925517228173e-52
1.061930925517227988e-52
1.061930925517227061e-52
1.061930925517225577e-52
1.061930925517224835e-52
1.061930925517224835e-52
1.061930925517224835e-52
1.061930925517224835e-52
1.061930925517224835e-52
1.061930925517224835e-52
1.061930925517224835e-52
1.061930925517224835e-52
1.061930925517224835e-52
1.061930925517224835e-52
1.061930925517224835e-52
1.061930925517224835e-52
1.061930925517224835e-52
1.061930925517224835e-52
1.061930925517224835e-52
1.061930925517224835e-52
1.061930925517224835e-52
1.061930925517224835e-52
1.061930925517224835e-52
1.061930925517224835e-52
1.061930925517224835e-52
1.061930925517224835e-52
1.061930925517224835e-52
1.061930925517224835e-52
1.061930925517224835e-52
1.061930925517224835e-52
1.061930925517224835e-52
1.061930925517224835e-52
1.061930925517224835e-52
1.061930925517224835e-52
1.061930925517224835e-52
1.061930925517224835e-52
1.061930925517224835e-52
1.061930925517224835e-52
1.061930925517224835e-52
1.061930925517224835e-52
1.061930925517224835e-52
1.061930925517224835e-52
1.061930925517224835e-52
1.061930925517224835e-52
1.061930925517224835e-52
1.061930925517224835e-52
1.061930925517224835e-52
1.061930925517224835e-52
1.061930925517224835e-52
1.061930925517224835e-52
1.061930925517224835e-52
1.061930925517224835e-52
1.061930925517224835e-52
1.061930925517224835e-52
1.061930925517224835e-52
1.061930925517224835e-52
1.061930925517224835e-52
1.061930925517224835e-52
1.061930925517224835e-52
1.061930925517224835e-52
1.061930925517224835e-52
1.061930925517224835e-52
1.061930925517224835e-52
1.061930925517224835e-52
1.061930925517224835e-52
1.061930925517224835e-52
1.061930925517224835e-52
1.061930925517224835e-52
1.061930925517224835e-52
1.061930925517224835e-52
1.061930925517224835e-52
1.061930925517224835e-52
1.061930925517224835e-52
1.061930925517224835e-52
1.061930925517224835e-52
1.061930925517224835e-52
1.061930925517224835e-52
1.061930925517224835e-52
1.061930925517224835e-52
1.061930925517224835e-52
1.061930925517224835e-52
1.061930925517224835e-52
1.061930925517224835e-52
1.061930925517224835e-52
1.061930925517224835e-52
1.061930925517224835e-52
1.061930925517224835e-52
1.061930925517224835e-52
1.061930925517224835e-52
1.061930925517224835e-52
1.061930925517224835e-52
1.061930925517224835e-52
1.061930925517224835e-52
1.061930925517224835e-52
1.061930925517224835e-52
1.061930925517224835e-52
1.061930925517224835e-52
1.061930925517224835e-52
1.061930925517224835e-52
1.061930925517224835e-52
1.061930925517224835e-52
1.061930925517224835e-52
1.061930925517224835e-52
1.061930925517224835e-52
1.061930925517224835e-52
1.061930925517224835e-52
1.061930925517224835e-52
1.061930925517224835e-52
1.061930925517224835e-52
1.061930925517224835e-52
1.061930925517224835e-52
1.061930925517224835e-52
1.061930925517224835e-52
1.061930925517224835e-52
1.061930925517224835e-52
1.061930925517224835e-52
1.061930925517224835e-52
1.061930925517224835e-52
1.061930925517224835e-52
1.061930925517224835e-52
1.061930925517224835e-52
1.061930925517224835e-52
1.061930925517224835e-52
1.061930925517224835e-52
1.061930925517224835e-52
1.061930925517224835e-52
1.061930925517224835e-52
1.061930925517224835e-52
1.061930925517224835e-52
1.061930925517224835e-52
1.061930925517224835e-52
1.061930925517224835e-52
1.061930925517224835e-52
1.061930925517224835e-52
1.061930925517224835e-52
1.061930925517224835e-52
1.061930925517224835e-52
1.061930925517224835e-52
1.061930925517224835e-52
1.061930925517224835e-52
1.061930925517224835e-52
1.061930925517224835e-52
1.061930925517224835e-52
1.061930925517224835e-52
1.061930925517224835e-52
1.061930925517224835e-52
1.061930925517224835e-52
1.061930925517224835e-52
1.061930925517224835e-52
1.061930925517224835e-52
1.061930925517224835e-52
1.061930925517224835e-52
1.061930925517224835e-52
1.061930925517224835e-52
1.061930925517224835e-52
1.061930925517224835e-52
1.061930925517224835e-52
1.061930925517224835e-52
1.061930925517224835e-52
1.061930925517224835e-52
1.061930925517224835e-52
1.061930925517224835e-52
1.061930925517224835e-52
1.061930925517224835e-52
1.061930925517224835e-52
1.061930925517224835e-52
1.061930925517224835e-52
1.061930925517224835e-52
1.061930925517224835e-52
1.061930925517224835e-52
1.061930925517224835e-52
1.061930925517224835e-52
1.061930925517224835e-52
1.061930925517224835e-52
1.061930925517224835e-52
1.061930925517224835e-52
1.061930925517224835e-52
1.061930925517224835e-52
1.061930925517224835e-52
1.061930925517224835e-52
1.061930925517224835e-52
1.061930925517224835e-52
1.061930925517224835e-52
1.061930925517224835e-52
1.061930925517224835e-52
1.061930925517224835e-52
1.061930925517224835e-52
1.061930925517224835e-52
1.061930925517224835e-52
1.061930925517224835e-52
1.061930925517224835e-52
1.061930925517224835e-52
1.061930925517224835e-52
1.061930925517224835e-52
1.061930925517224835e-52
1.061930925517224835e-52
1.061930925517224835e-52
1.061930925517224835e-52
1.061930925517224835e-52
1.061930925517224835e-52
1.061930925517224835e-52
1.061930925517224835e-52
1.061930925517224835e-52
1.061930925517224835e-52
1.061930925517224835e-52
1.061930925517224835e-52
1.061930925517224835e-52
1.061930925517224835e-52
1.061930925517224835e-52
1.061930925517224835e-52
1.061930925517224835e-52
1.061930925517224835e-52
1.061930925517224835e-52
1.061930925517224835e-52
1.061930925517224835e-52
1.061930925517224835e-52
1.061930925517224835e-52
1.061930925517224835e-52
1.061930925517224835e-52
1.061930925517224835e-52
1.061930925517224835e-52
1.061930925517224835e-52
1.061930925517224835e-52
1.061930925517224835e-52
1.061930925517224835e-52
1.061930925517224835e-52
1.061930925517224835e-52
1.061930925517224835e-52
1.061930925517224835e-52
1.061930925517224835e-52
1.061930925517224835e-52
1.061930925517224835e-52
1.061930925517224835e-52
1.061930925517224835e-52
1.061930925517224835e-52
1.061930925517224835e-52
1.061930925517224835e-52
1.061930925517224835e-52
1.061930925517224835e-52
1.061930925517224835e-52
1.061930925517224835e-52
1.061930925517224835e-52
1.061930925517224835e-52
1.061930925517224835e-52
1.061930925517224835e-52
1.061930925517224835e-52
1.061930925517224835e-52
1.061930925517224835e-52
1.061930925517224835e-52
1.061930925517224835e-52
1.061930925517224835e-52
1.061930925517224835e-52
1.061930925517224835e-52
1.061930925517224835e-52
1.061930925517224835e-52
1.061930925517224835e-52
1.061930925517224835e-52
1.061930925517224835e-52
1.061930925517224835e-52
1.061930925517224835e-52
1.061930925517224835e-52
1.061930925517224835e-52
1.061930925517224835e-52
1.061930925517224835e-52
1.061930925517224835e-52
1.061930925517224835e-52
1.061930925517224835e-52
1.061930925517224835e-52
1.061930925517224835e-52
1.061930925517224835e-52
1.061930925517224835e-52
1.061930925517224835e-52
1.061930925517224835e-52
1.061930925517224835e-52
1.061930925517224835e-52
1.061930925517224835e-52
1.061930925517224835e-52
1.061930925517224835e-52
1.061930925517224835e-52
1.061930925517224835e-52
1.061930925517224835e-52
1.061930925517224835e-52
1.061930925517224835e-52
1.061930925517224835e-52
1.061930925517224835e-52
1.061930925517224835e-52
1.061930925517224835e-52
1.061930925517224835e-52
1.061930925517224835e-52
1.061930925517224835e-52
1.061930925517224835e-52
1.061930925517224835e-52
1.061930925517224835e-52
1.061930925517224835e-52
1.061930925517224835e-52
1.061930925517224835e-52
1.061930925517224835e-52
1.061930925517224835e-52
1.061930925517224835e-52
1.061930925517224835e-52
1.061930925517224835e-52
1.061930925517224835e-52
1.061930925517224835e-52
1.061930925517224835e-52
1.061930925517224835e-52
1.061930925517224835e-52
1.061930925517224835e-52
1.061930925517224835e-52
1.061930925517224835e-52
1.061930925517224835e-52
1.061930925517224835e-52
1.061930925517224835e-52
1.061930925517224835e-52
1.061930925517224835e-52
1.061930925517224835e-52
1.061930925517224835e-52
1.061930925517224835e-52
1.061930925517224835e-52
1.061930925517224835e-52
1.061930925517224835e-52
1.061930925517224835e-52
1.061930925517224835e-52
1.061930925517224835e-52
1.061930925517224835e-52
1.061930925517224835e-52
1.061930925517224835e-52
1.061930925517224835e-52
1.061930925517224835e-52
1.061930925517224835e-52
1.061930925517224835e-52
1.061930925517224835e-52
1.061930925517224835e-52
1.061930925517224835e-52
1.061930925517224835e-52
1.061930925517224835e-52
1.061930925517224835e-52
1.061930925517224835e-52
1.061930925517224835e-52
1.061930925517224835e-52
1.061930925517224835e-52
1.061930925517224835e-52
1.061930925517224835e-52
1.061930925517224835e-52
1.061930925517224835e-52
1.061930925517224835e-52
1.061930925517224835e-52
1.061930925517224835e-52
1.061930925517224835e-52
1.061930925517224835e-52
1.061930925517224835e-52
1.061930925517224835e-52
1.061930925517224835e-52
1.061930925517224835e-52
1.061930925517224835e-52
1.061930925517224835e-52
1.061930925517224835e-52
1.061930925517224835e-52
1.061930925517224835e-52
1.061930925517224835e-52
1.061930925517224835e-52
1.061930925517224835e-52
1.061930925517224835e-52
1.061930925517224835e-52
1.061930925517224835e-52
1.061930925517224835e-52
1.061930925517224835e-52
1.061930925517224835e-52
1.061930925517224835e-52
1.061930925517224835e-52
1.061930925517224835e-52
1.061930925517224835e-52
1.061930925517224835e-52
1.061930925517224835e-52
1.061930925517224835e-52
1.061930925517224835e-52
1.061930925517224835e-52
1.061930925517224835e-52
1.061930925517224835e-52
1.061930925517224835e-52
1.061930925517224835e-52
1.061930925517224835e-52
1.061930925517224835e-52
1.061930925517224835e-52
1.061930925517224835e-52
1.061930925517224835e-52
1.061930925517224835e-52
1.061930925517224835e-52
1.061930925517224835e-52
1.061930925517224835e-52
1.061930925517224835e-52
1.061930925517224835e-52
1.061930925517224835e-52
1.061930925517224835e-52
1.061930925517224835e-52
1.061930925517224835e-52
1.061930925517224835e-52
1.061930925517224835e-52
1.061930925517224835e-52
1.061930925517224835e-52
1.061930925517224835e-52
1.061930925517224835e-52
1.061930925517224835e-52
1.061930925517224835e-52
1.061930925517224835e-52
1.061930925517224835e-52
1.061930925517224835e-52
1.061930925517224835e-52
1.061930925517224835e-52
1.061930925517224835e-52
1.061930925517224835e-52
1.061930925517224835e-52
1.061930925517224835e-52
1.061930925517224835e-52
1.061930925517224835e-52
1.061930925517224835e-52
1.061930925517224835e-52
1.061930925517224835e-52
1.061930925517224835e-52
1.061930925517224835e-52
1.061930925517224835e-52
1.061930925517224835e-52
1.061930925517224835e-52
1.061930925517224835e-52
1.061930925517224835e-52
1.061930925517224835e-52
1.061930925517224835e-52
1.061930925517224835e-52
1.061930925517224835e-52
1.061930925517224835e-52
1.061930925517224835e-52
1.061930925517224835e-52
1.061930925517224835e-52
1.061930925517224835e-52
1.061930925517224835e-52
1.061930925517224835e-52
1.061930925517224835e-52
1.061930925517224835e-52
1.061930925517224835e-52
1.061930925517224835e-52
1.061930925517224835e-52
1.061930925517224835e-52
1.061930925517224835e-52
1.061930925517224835e-52
1.061930925517224835e-52
1.061930925517224835e-52
1.061930925517224835e-52
1.061930925517224835e-52
1.061930925517224835e-52
1.061930925517224835e-52
1.061930925517224835e-52
1.061930925517224835e-52
1.061930925517224835e-52
1.061930925517224835e-52
1.061930925517224835e-52
1.061930925517224835e-52
1.061930925517224835e-52
1.061930925517224835e-52
1.061930925517224835e-52
1.061930925517224835e-52
1.061930925517224835e-52
1.061930925517224835e-52
1.061930925517224835e-52
1.061930925517224835e-52
1.061930925517224835e-52
1.061930925517224835e-52
1.061930925517224835e-52
1.061930925517224835e-52
1.061930925517224835e-52
1.061930925517224835e-52
1.061930925517224835e-52
1.061930925517224835e-52
1.061930925517224835e-52
1.061930925517224835e-52
