1.000000000000196732e+00
1.000000000000039524e+00
1.000000000000039302e+00
1.000000000000039524e+00
1.000000000000032863e+00
1.000000000000032863e+00
1.000000000000032863e+00
1.000000000000032863e+00
1.000000000000032863e+00
1.000000000000032863e+00
1.000000000000032863e+00
1.000000000000032863e+00
1.000000000000032863e+00
1.000000000000032863e+00
1.000000000000032863e+00
1.000000000000032863e+00
1.000000000000032863e+00
1.000000000000032863e+00
1.000000000000032863e+00
1.000000000000032863e+00
1.000000000000032863e+00
1.000000000000032863e+00
1.000000000000032863e+00
1.000000000000032863e+00
1.000000000000032863e+00
1.000000000000032863e+00
1.000000000000027534e+00
1.000000000000026645e+00
1.000000000000026645e+00
1.000000000000026645e+00
1.000000000000026645e+00
1.000000000000026645e+00
1.000000000000026645e+00
1.000000000000026645e+00
1.000000000000026201e+00
1.000000000000026201e+00
1.000000000000026201e+00
1.000000000000026201e+00
1.000000000000026201e+00
1.000000000000026201e+00
1.000000000000026201e+00
1.000000000000026201e+00
1.000000000000026201e+00
1.000000000000026201e+00
1.000000000000019540e+00
1.000000000000019540e+00
1.000000000000019540e+00
1.000000000000019540e+00
1.000000000000019540e+00
1.000000000000018652e+00
1.000000000000018652e+00
1.000000000000018652e+00
1.000000000000018652e+00
1.000000000000018652e+00
1.000000000000018652e+00
1.000000000000018652e+00
1.000000000000018652e+00
1.000000000000018652e+00
1.000000000000018652e+00
1.000000000000018652e+00
1.000000000000018652e+00
1.000000000000018652e+00
1.000000000000018652e+00
1.000000000000018652e+00
1.000000000000018652e+00
1.000000000000018652e+00
1.000000000000018652e+00
1.000000000000018652e+00
1.000000000000018652e+00
1.000000000000018652e+00
1.000000000000018652e+00
1.000000000000018652e+00
1.000000000000018652e+00
1.000000000000018652e+00
1.000000000000018652e+00
1.000000000000018652e+00
1.000000000000018652e+00
1.000000000000018652e+00
1.000000000000018652e+00
1.000000000000017986e+00
1.000000000000018208e+00
1.000000000000018208e+00
1.000000000000018208e+00
1.000000000000018208e+00
1.000000000000017986e+00
1.000000000000017986e+00
1.000000000000017986e+00
1.000000000000017986e+00
1.000000000000017986e+00
1.000000000000017986e+00
1.000000000000017986e+00
1.000000000000017986e+00
1.000000000000017986e+00
1.000000000000017986e+00
1.000000000000017986e+00
1.000000000000017986e+00
1.000000000000017986e+00
1.000000000000017986e+00
1.000000000000017986e+00
1.000000000000017986e+00
1.000000000000017986e+00
1.000000000000017986e+00
1.000000000000017986e+00
1.000000000000017986e+00
1.000000000000017986e+00
1.000000000000017986e+00
1.000000000000017986e+00
1.000000000000017986e+00
1.000000000000017986e+00
1.000000000000017986e+00
1.000000000000017986e+00
1.000000000000017986e+00
1.000000000000017986e+00
1.000000000000017986e+00
1.000000000000017542e+00
1.000000000000017542e+00
1.000000000000017542e+00
1.000000000000017542e+00
1.000000000000017542e+00
1.000000000000017542e+00
1.000000000000017542e+00
1.000000000000017542e+00
1.000000000000017542e+00
1.000000000000017764e+00
1.000000000000013767e+00
1.000000000000013767e+00
1.000000000000013767e+00
1.000000000000013767e+00
1.000000000000013767e+00
1.000000000000013767e+00
1.000000000000013767e+00
1.000000000000013767e+00
1.000000000000013767e+00
1.000000000000013767e+00
1.000000000000013767e+00
1.000000000000013767e+00
1.000000000000013767e+00
1.000000000000013767e+00
1.000000000000013767e+00
1.000000000000013767e+00
1.000000000000013767e+00
1.000000000000013767e+00
1.000000000000013767e+00
1.000000000000013767e+00
1.000000000000013767e+00
1.000000000000013767e+00
1.000000000000013767e+00
1.000000000000013767e+00
1.000000000000013767e+00
1.000000000000013767e+00
1.000000000000013767e+00
1.000000000000013767e+00
1.000000000000013767e+00
1.000000000000013767e+00
1.000000000000013767e+00
1.000000000000013767e+00
1.000000000000013767e+00
1.000000000000013767e+00
1.000000000000013767e+00
1.000000000000013767e+00
1.000000000000013767e+00
1.000000000000013767e+00
1.000000000000013767e+00
1.000000000000013767e+00
1.000000000000013545e+00
1.000000000000013545e+00
1.000000000000013545e+00
1.000000000000013545e+00
1.000000000000013767e+00
1.000000000000013545e+00
1.000000000000013545e+00
1.000000000000013545e+00
1.000000000000013545e+00
1.000000000000013545e+00
1.000000000000013545e+00
1.000000000000013545e+00
1.000000000000013545e+00
1.000000000000013545e+00
1.000000000000013545e+00
1.000000000000013545e+00
1.000000000000013545e+00
1.000000000000013545e+00
1.000000000000013545e+00
1.000000000000013545e+00
1.000000000000013545e+00
1.000000000000013545e+00
1.000000000000013545e+00
1.000000000000013545e+00
1.000000000000013545e+00
1.000000000000013545e+00
1.000000000000013545e+00
1.000000000000013545e+00
1.000000000000013545e+00
1.000000000000013545e+00
1.000000000000013323e+00
1.000000000000013323e+00
1.000000000000013545e+00
1.000000000000013545e+00
1.000000000000013545e+00
1.000000000000013545e+00
1.000000000000013545e+00
1.000000000000013545e+00
1.000000000000013545e+00
1.000000000000013545e+00
1.000000000000013545e+00
1.000000000000013545e+00
1.000000000000013545e+00
1.000000000000006661e+00
1.000000000000006661e+00
1.000000000000006661e+00
1.000000000000006661e+00
1.000000000000006661e+00
1.000000000000006661e+00
1.000000000000006661e+00
1.000000000000006661e+00
1.000000000000006661e+00
1.000000000000006661e+00
1.000000000000006661e+00
1.000000000000006661e+00
1.000000000000006661e+00
1.000000000000006439e+00
1.000000000000006439e+00
1.000000000000006439e+00
1.000000000000006439e+00
1.000000000000006439e+00
1.000000000000006439e+00
1.000000000000006439e+00
1.000000000000006439e+00
1.000000000000006439e+00
1.000000000000006439e+00
1.000000000000006439e+00
1.000000000000006439e+00
1.000000000000006439e+00
1.000000000000006439e+00
1.000000000000006439e+00
1.000000000000006439e+00
1.000000000000006439e+00
1.000000000000006439e+00
1.000000000000006439e+00
1.000000000000006439e+00
1.000000000000006439e+00
1.000000000000006439e+00
1.000000000000006439e+00
1.000000000000006439e+00
1.000000000000006439e+00
1.000000000000006439e+00
1.000000000000006439e+00
1.000000000000006439e+00
1.000000000000006439e+00
1.000000000000006439e+00
1.000000000000006439e+00
1.000000000000006439e+00
1.000000000000006661e+00
1.000000000000006439e+00
1.000000000000006661e+00
1.000000000000006217e+00
1.000000000000006217e+00
1.000000000000006217e+00
1.000000000000006217e+00
1.000000000000006217e+00
1.000000000000006217e+00
1.000000000000006439e+00
1.000000000000006439e+00
1.000000000000006439e+00
9.999999999999805711e-01
9.999999999999805711e-01
9.999999999999805711e-01
9.999999999999805711e-01
9.999999999999805711e-01
9.999999999999805711e-01
9.999999999999804601e-01
9.999999999999805711e-01
9.999999999997638556e-01
9.999999999997638556e-01
9.999999999997639666e-01
9.999999999997639666e-01
9.999999999726639777e-01
9.999999998564467196e-01
9.999999998564319537e-01
9.999999998563958714e-01
9.999999994043746732e-01
9.999999994043745621e-01
9.999999994043745621e-01
9.999999994043745621e-01
9.999999994043745621e-01
9.999999994043745621e-01
9.999999994043745621e-01
9.999999983781905355e-01
9.999999983781905355e-01
9.999999983781905355e-01
9.999998738653711472e-01
9.999998729771166772e-01
9.999995257821042705e-01
9.999995257821042705e-01
9.999995257821042705e-01
9.999995257811287175e-01
9.999995257811287175e-01
9.999988669862903690e-01
9.999988669662285279e-01
9.999988669662280838e-01
9.999988669662280838e-01
9.999935892121111225e-01
9.999190267714070934e-01
9.999189954772037536e-01
9.999189954772037536e-01
9.999189903256472389e-01
9.997790804442471257e-01
9.997790804442471257e-01
9.997790804442471257e-01
9.997790804442471257e-01
9.997790804429816935e-01
9.997790804429599332e-01
9.997790804429599332e-01
9.996898569991065076e-01
9.996898569991065076e-01
9.996898569991065076e-01
9.996898560329918748e-01
9.996898560329917638e-01
9.983885244924913804e-01
9.917442088465021621e-01
9.917436267061326971e-01
9.917426743450590276e-01
9.849915764126908613e-01
9.849915760460862257e-01
9.849915760460862257e-01
9.849915760460862257e-01
9.849915760460500325e-01
9.849915760460500325e-01
9.849915760460500325e-01
9.838928179087946813e-01
9.838928179087315096e-01
9.838928179087315096e-01
9.377646358275512073e-01
9.373411131264022256e-01
8.501405919188533833e-01
8.501405918475574142e-01
8.501405918475574142e-01
8.501405411607344531e-01
8.501405411607344531e-01
8.501405411607344531e-01
8.142637252247227897e-01
8.142628676732472925e-01
8.142628676690853995e-01
8.142628676690853995e-01
7.966011232170518985e-01
7.966011232170518985e-01
5.676526857843103846e-01
5.674543650766254999e-01
5.674543650766254999e-01
5.674484213181366643e-01
3.967800355868022488e-01
3.967800355868022488e-01
3.967800355868019158e-01
3.967800355868019158e-01
3.967800354502777904e-01
3.967800354337919222e-01
3.967800354337919222e-01
3.747443680409576205e-01
3.747443680409576205e-01
3.747443680409576205e-01
3.747442381720559323e-01
3.747442381720540450e-01
3.229677581563473732e-01
1.365427349202931184e-01
1.365283637343704115e-01
1.365149800143637682e-01
8.228708552006075427e-02
8.228708458417605121e-02
8.228708458417605121e-02
8.228708458417605121e-02
8.228708458414896176e-02
8.228708458414896176e-02
8.228708458414896176e-02
8.007489560854558208e-02
8.007489560835243103e-02
8.007489560835243103e-02
4.834381517946483020e-02
4.819404107688660122e-02
1.542834119112871348e-02
1.542834111395945812e-02
1.542834111395945812e-02
1.542833503578215290e-02
1.542833503578215290e-02
1.542833503578215290e-02
1.113179764894280284e-02
1.113171000454648077e-02
1.113171000438678039e-02
1.113171000438678039e-02
1.076848363463883684e-02
1.076848363463883684e-02
3.931768933395149782e-03
3.922389766664441217e-03
3.922389766664441217e-03
3.922343488636059576e-03
1.562565937615869628e-03
1.562565937615869628e-03
1.562565937615855750e-03
1.562565937615855750e-03
1.562565936808773268e-03
1.562565936479756940e-03
1.562565936479756940e-03
1.372322529607437804e-03
1.372322529607437804e-03
1.372322529607437804e-03
1.372321535682412622e-03
1.372321535682408935e-03
1.191353350455340342e-03
1.191353350455340342e-03
2.997736749320399760e-04
2.997506826865172836e-04
2.996749673073562754e-04
1.724578793329165321e-04
1.724578774265152800e-04
1.724578774265152800e-04
1.724578774265152800e-04
1.724578774264896386e-04
1.724578774264896386e-04
1.724578774264896386e-04
1.659257785646140186e-04
1.659257785635856258e-04
1.659257785635856258e-04
1.101694492739452850e-04
1.099698236307293639e-04
2.637088899736149080e-05
2.637088880193653271e-05
2.637088880193653271e-05
2.637088222371094165e-05
2.637088222371094165e-05
2.637088222371094165e-05
2.637088222371094165e-05
2.017689159866330908e-05
2.017654523408487889e-05
2.017654523396836442e-05
2.017654523396836442e-05
2.017654523396836442e-05
1.985551647768959434e-05
1.985551647768959434e-05
8.817315591784393767e-06
8.783916969306137103e-06
8.783916969306137103e-06
8.783835108555711590e-06
2.764755511053285848e-06
2.764755511053285848e-06
2.764755511053228673e-06
2.764755511053228673e-06
2.764755510497633928e-06
2.764755509671152118e-06
2.764755509671152118e-06
2.485358622903151837e-06
2.485358622903151837e-06
2.485358622903151837e-06
2.485354763704491566e-06
2.485354763704489449e-06
2.316283352288644181e-06
2.316283352288644181e-06
7.107233762332141289e-07
7.106777860940319042e-07
7.103766976517262823e-07
3.344207820302178249e-07
3.344207804550275518e-07
3.344207804550275518e-07
3.344207804550275518e-07
3.344207804550126228e-07
3.344207804550124640e-07
3.344207804550124640e-07
3.231180355857580807e-07
3.231180355826305174e-07
3.231180355826305174e-07
2.561373110549108191e-07
2.557565699449796584e-07
6.591206355790572025e-08
6.591206211270002470e-08
6.591206211270002470e-08
6.591205308282740317e-08
6.591205308282740317e-08
6.591205308282740317e-08
6.591205308282740317e-08
4.413902442561436588e-08
4.413785163032742597e-08
4.413785163024074406e-08
4.413785163024074406e-08
4.413785163024074406e-08
4.359397287528903742e-08
4.359397287528903742e-08
2.520908652220065122e-08
2.508413723564402212e-08
2.508413723564402212e-08
2.508399054863398164e-08
7.315700924439127045e-09
7.315700924439127045e-09
7.315700924438808580e-09
7.315700924438808580e-09
7.315700923834096539e-09
7.315700916983932645e-09
7.315700916983932645e-09
6.141265292006446247e-09
6.141265292006446247e-09
6.141265292006446247e-09
6.141248619914178067e-09
6.141248619914174758e-09
5.773911022142870483e-09
5.773911022142870483e-09
2.314959729757724044e-09
2.314853448409757254e-09
2.313389996188777333e-09
9.519199206315058813e-10
9.519199186475158705e-10
9.519199186475158705e-10
9.519199186475158705e-10
9.519199186475158705e-10
9.519199186475158705e-10
9.519199186474920890e-10
9.519199186474912618e-10
9.519199186474912618e-10
8.946504793384563857e-10
8.946504793100732339e-10
8.946504793100732339e-10
7.126428348252322937e-10
7.119948401595938402e-10
2.276525596837474629e-10
2.276525474854058302e-10
2.276525474854058302e-10
2.276525307402547969e-10
2.276525307402547969e-10
2.276525307402547969e-10
2.276525307402547969e-10
1.366797076233425062e-10
1.366745547014848156e-10
1.366745547013223522e-10
1.366745547013223522e-10
1.366745547013223522e-10
1.355241218921885900e-10
7.530254220590030678e-11
7.458902944092628567e-11
7.458902944092628567e-11
7.458902944092628567e-11
7.458882781945283201e-11
2.557652744349814472e-11
2.557652744349814472e-11
2.557652744349353383e-11
2.557652744349353383e-11
2.557652744204877565e-11
2.557652738280700491e-11
2.557652738280700491e-11
2.027963642315559339e-11
2.027963642315559339e-11
2.027963642315559339e-11
2.027955311880778707e-11
2.027955311880778707e-11
2.027955311880778707e-11
1.938470618746432453e-11
6.999474970767794924e-12
6.999323926636357073e-12
6.990727374500040951e-12
3.256387076360113481e-12
3.256387071821906604e-12
3.256387071821906604e-12
3.256387071821906604e-12
3.256387071821906604e-12
3.256387071821906604e-12
3.256387071821896103e-12
3.256387071821896103e-12
3.256387071821861367e-12
2.999763780472401449e-12
2.999763780246621531e-12
2.999763780246621531e-12
2.524698380847032190e-12
2.523433597233396638e-12
6.895068595344600272e-13
6.895068082593683542e-13
6.895068082593683542e-13
6.895067782335571716e-13
6.895067782335571716e-13
6.895067782335571716e-13
6.895067782335571716e-13
4.492201554473556300e-13
4.491843717371133841e-13
4.491843717368930584e-13
4.491843717368930584e-13
4.491843717368930584e-13
4.472447410086474999e-13
4.375334377060449854e-13
2.791598760980879404e-13
2.791598760980879404e-13
2.791598760980879404e-13
2.791593240629018142e-13
7.908589588301998146e-14
7.908589588301998146e-14
7.908589588298879306e-14
7.908589588298879306e-14
7.908589588298879306e-14
7.908589588125457387e-14
7.908589562170725701e-14
7.908589562170725701e-14
6.512898471150856458e-14
6.512898471150856458e-14
6.512898471150856458e-14
6.512843233690194512e-14
6.512843233690194512e-14
6.512843233690194512e-14
6.512843233690194512e-14
6.366129942497825484e-14
2.795997804015975928e-14
2.795950693028044989e-14
2.790595487879242168e-14
1.067258020813924863e-14
1.067258020201931306e-14
1.067258020201931306e-14
1.067258020201931306e-14
1.067258020201931306e-14
1.067258020201931306e-14
1.067258020201923259e-14
1.067258020201923259e-14
1.067258020201919788e-14
9.933579482394151117e-15
9.933579481259671317e-15
9.933579481259671317e-15
9.056359614838101655e-15
9.053178032645863613e-15
9.053172349735647893e-15
2.923451365563819750e-15
2.923451365563819750e-15
2.923451365563819750e-15
2.923451297798884772e-15
2.923451297798884772e-15
2.923451297798884772e-15
2.923451297798884772e-15
1.624162533263778171e-15
1.623979800895880586e-15
1.623979800895615528e-15
1.623979800895615528e-15
1.623979800895615528e-15
1.619017820924436735e-15
1.585222272923749588e-15
1.201360986638170724e-15
1.201360986638170724e-15
1.201360986638170724e-15
1.201359703114596123e-15
1.201359703114595926e-15
3.541499097154236669e-16
3.541499097151370145e-16
3.541499097151370145e-16
3.541499097151370145e-16
3.541499063690874905e-16
3.541499063658882651e-16
3.541499063658882651e-16
2.645882436221684398e-16
2.645882436221684398e-16
2.645882436221684398e-16
2.645846821636736861e-16
2.645846821636736861e-16
2.645846821636736861e-16
2.645846821636736861e-16
2.598296837397667794e-16
1.435422678134184040e-16
1.435407089559517444e-16
1.431664581401593566e-16
5.076323492171044344e-17
5.076323490897333503e-17
5.076323490897333503e-17
5.076323490897333503e-17
5.076323490897333503e-17
5.076323490897333503e-17
5.076323490897250302e-17
5.076323490897250302e-17
5.076323490897241674e-17
4.513028901369583491e-17
4.513028899864150921e-17
4.513028899864150921e-17
4.155573630449161582e-17
4.154732510144834378e-17
4.154727834317480614e-17
1.664675675519297486e-17
1.664675675519297486e-17
1.664675675519297486e-17
1.664675655306013142e-17
1.664675655306013142e-17
1.664675655306013142e-17
1.664675655306013142e-17
8.319521312366496081e-18
8.318249179987105144e-18
8.318249179986345557e-18
8.318249179986345557e-18
8.318249179986345557e-18
8.008816293890829725e-18
7.993648173882172148e-18
6.079092551269763580e-18
6.079092551269763580e-18
6.079092551269763580e-18
6.079089527846920143e-18
6.079089527846919373e-18
2.109514508647015297e-18
2.109514508640477150e-18
2.109514508640477150e-18
2.109514508640477150e-18
2.109514462260878186e-18
2.109514462248465568e-18
2.109514462248465568e-18
1.461857999593456402e-18
1.461857999593456402e-18
1.461857999593456402e-18
1.461829153226414849e-18
1.461829153226414849e-18
1.461829153226414849e-18
1.443505685295768826e-18
1.443505685295768826e-18
7.679268111689469440e-19
7.679227067357869891e-19
7.641531281234233111e-19
7.641531281234233111e-19
3.044046022319926086e-19
3.044046021819085115e-19
3.044046021819085115e-19
3.044046021819085115e-19
3.044046021819085115e-19
3.044046021819085115e-19
3.044046021818891559e-19
3.044046021818891559e-19
3.044046021818889633e-19
2.614125345949907655e-19
2.614125343976658574e-19
2.614125343976658574e-19
2.460231706134161313e-19
2.459960466883482200e-19
2.459956117527264175e-19
9.007001626489682725e-20
9.007001626489682725e-20
9.007001626489682725e-20
9.007001561780889746e-20
9.007001561780889746e-20
9.007001561780889746e-20
9.007001561780889746e-20
4.890138350943063901e-20
4.888588267199067435e-20
4.888588267198876648e-20
4.888588267198876648e-20
4.888588267198876648e-20
4.888588267198876648e-20
4.888588267198876648e-20
4.888588267198876648e-20
4.888588267198876648e-20
4.888588267198876648e-20
4.888588267198876648e-20
4.888588267198876648e-20
4.888588267198876648e-20
4.888588267198876648e-20
4.888588267198876648e-20
4.888588267198876648e-20
4.888588267198876648e-20
4.888588267198876648e-20
4.888588267198876648e-20
4.888588267198876648e-20
4.888588267198876648e-20
4.888588267198876648e-20
4.888588267198876648e-20
4.888588267198876648e-20
4.888588267198876648e-20
4.888588267198876648e-20
4.888588267198876648e-20
4.888588267198876648e-20
4.888588267198876648e-20
4.888588267198876648e-20
4.888588267198876648e-20
4.888588267198876648e-20
4.888588267198876648e-20
4.888588267198876648e-20
4.888588267198876648e-20
4.888588267198876648e-20
4.888588267198876648e-20
4.888588267198876648e-20
4.888588267198876648e-20
4.888588267198876648e-20
4.888588267198876648e-20
4.888588267198876648e-20
4.888588267198876648e-20
4.888588267198876648e-20
4.888588267198876648e-20
4.888588267198876648e-20
4.888588267198876648e-20
4.888588267198876648e-20
4.888588267198876648e-20
4.888588267198876648e-20
4.888588267198876648e-20
4.888588267198876648e-20
4.888588267198876648e-20
4.888588267198876648e-20
4.888588267198876648e-20
4.888588267198876648e-20
4.888588267198876648e-20
4.888588267198876648e-20
4.888588267198876648e-20
4.888588267198876648e-20
4.888588267198876648e-20
4.888588267198876648e-20
4.888588267198876648e-20
4.888588267198876648e-20
4.888588267198876648e-20
4.888588267198876648e-20
4.888588267198876648e-20
4.888588267198876648e-20
4.888588267198876648e-20
4.888588267198876648e-20
4.888588267198876648e-20
4.888588267198876648e-20
4.888588267198876648e-20
4.888588267198876648e-20
4.888588267198876648e-20
4.888588267198876648e-20
4.888588267198876648e-20
4.888588267198876648e-20
4.888588267198876648e-20
4.888588267198876648e-20
4.888588267198876648e-20
4.888588267198876648e-20
4.888588267198876648e-20
4.888588267198876648e-20
4.888588267198876648e-20
4.888588267198876648e-20
4.888588267198876648e-20
4.888588267198876648e-20
4.888588267198876648e-20
4.888588267198876648e-20
4.888588267198876648e-20
4.888588267198876648e-20
4.888588267198876648e-20
4.888588267198876648e-20
4.888588267198876648e-20
4.888588267198876648e-20
4.888588267198876648e-20
4.888588267198876648e-20
4.888588267198876648e-20
4.888588267198876648e-20
4.888588267198876648e-20
4.888588267198876648e-20
4.888588267198876648e-20
4.888588267198876648e-20
4.888588267198876648e-20
4.888588267198876648e-20
4.888588267198876648e-20
4.888588267198876648e-20
4.888588267198876648e-20
4.888588267198876648e-20
4.888588267198876648e-20
4.888588267198876648e-20
4.888588267198876648e-20
4.888588267198876648e-20
4.888588267198876648e-20
4.888588267198876648e-20
4.888588267198876648e-20
4.888588267198876648e-20
4.888588267198876648e-20
4.888588267198876648e-20
4.888588267198876648e-20
4.888588267198876648e-20
4.888588267198876648e-20
4.888588267198876648e-20
4.888588267198876648e-20
4.888588267198876648e-20
4.888588267198876648e-20
4.888588267198876648e-20
4.888588267198876648e-20
4.888588267198876648e-20
4.888588267198876648e-20
4.888588267198876648e-20
4.888588267198876648e-20
4.888588267198876648e-20
4.888588267198876648e-20
4.888588267198876648e-20
4.888588267198876648e-20
4.888588267198876648e-20
4.888588267198876648e-20
4.888588267198876648e-20
4.888588267198876648e-20
4.888588267198876648e-20
4.888588267198876648e-20
4.888588267198876648e-20
4.888588267198876648e-20
4.888588267198876648e-20
4.888588267198876648e-20
4.888588267198876648e-20
4.888588267198876648e-20
4.888588267198876648e-20
4.888588267198876648e-20
4.888588267198876648e-20
4.888588267198876648e-20
4.888588267198876648e-20
4.888588267198876648e-20
4.888588267198876648e-20
4.888588267198876648e-20
4.888588267198876648e-20
4.888588267198876648e-20
4.888588267198876648e-20
4.888588267198876648e-20
4.888588267198876648e-20
4.888588267198876648e-20
4.888588267198876648e-20
4.888588267198876648e-20
4.888588267198876648e-20
4.888588267198876648e-20
4.888588267198876648e-20
4.888588267198876648e-20
4.888588267198876648e-20
4.888588267198876648e-20
4.888588267198876648e-20
4.888588267198876648e-20
4.888588267198876648e-20
4.888588267198876648e-20
4.888588267198876648e-20
4.888588267198876648e-20
4.888588267198876648e-20
4.888588267198876648e-20
4.888588267198876648e-20
4.888588267198876648e-20
4.888588267198876648e-20
4.888588267198876648e-20
4.888588267198876648e-20
4.888588267198876648e-20
4.888588267198876648e-20
4.888588267198876648e-20
4.888588267198876648e-20
4.888588267198876648e-20
4.888588267198876648e-20
4.888588267198876648e-20
4.888588267198876648e-20
4.888588267198876648e-20
4.888588267198876648e-20
4.888588267198876648e-20
4.888588267198876648e-20
4.888588267198876648e-20
4.888588267198876648e-20
4.888588267198876648e-20
4.888588267198876648e-20
4.888588267198876648e-20
4.888588267198876648e-20
4.888588267198876648e-20
4.888588267198876648e-20
4.888588267198876648e-20
4.888588267198876648e-20
4.888588267198876648e-20
4.888588267198876648e-20
4.888588267198876648e-20
4.888588267198876648e-20
4.888588267198876648e-20
4.888588267198876648e-20
4.888588267198876648e-20
4.888588267198876648e-20
4.888588267198876648e-20
4.888588267198876648e-20
4.888588267198876648e-20
4.888588267198876648e-20
4.888588267198876648e-20
4.888588267198876648e-20
4.888588267198876648e-20
4.888588267198876046e-20
4.888588267198871833e-20
4.888588267198855583e-20
4.888588267198804426e-20
4.888588267198710536e-20
4.888588267198664796e-20
4.888588267198663592e-20
4.888588267198663592e-20
4.888588267198663592e-20
4.888588267198663592e-20
4.888588267198663592e-20
4.888588267198663592e-20
4.888588267198663592e-20
4.888588267198663592e-20
4.888588267198663592e-20
4.888588267198663592e-20
4.888588267198663592e-20
4.888588267198663592e-20
4.888588267198663592e-20
4.888588267198663592e-20
4.888588267198663592e-20
4.888588267198663592e-20
4.888588267198663592e-20
4.888588267198663592e-20
4.888588267198663592e-20
4.888588267198663592e-20
4.888588267198663592e-20
4.888588267198663592e-20
4.888588267198663592e-20
4.888588267198663592e-20
4.888588267198663592e-20
4.888588267198662388e-20
4.888588267198652759e-20
4.888588267198563082e-20
4.888588267197885396e-20
4.888588267193402794e-20
4.888588267169416540e-20
4.888588267064040487e-20
4.888588266715852214e-20
4.888588266084038859e-20
4.888588265781934479e-20
4.888588265772562422e-20
4.888588265772560015e-20
4.888588265772560015e-20
4.888588265772560015e-20
4.888588265772560015e-20
4.888588265772560015e-20
4.888588265772560015e-20
4.888588265772560015e-20
4.888588265772560015e-20
4.888588265772560015e-20
4.888588265772560015e-20
4.888588265772560015e-20
4.888588265772560015e-20
4.888588265772560015e-20
4.888588265772560015e-20
4.888588265772560015e-20
4.888588265772560015e-20
4.888588265772560015e-20
4.888588265772560015e-20
4.888588265772560015e-20
4.888588265772560015e-20
4.888588265772560015e-20
4.888588265772560015e-20
4.888588265772560015e-20
4.888588265772560015e-20
4.888588265772559413e-20
4.888588265772538348e-20
4.888588265772230199e-20
4.888588265768385561e-20
4.888588265724807183e-20
4.888588265334120257e-20
4.888588262382835442e-20
4.888588242854931965e-20
4.888588138377989529e-20
4.888587679385124848e-20
4.888586162762858696e-20
4.888583410746237620e-20
4.888582094856497149e-20
4.888582054032094283e-20
4.888582054023369219e-20
4.888582054023369219e-20
4.888582054023369219e-20
4.888582054023369219e-20
4.888582054023369219e-20
4.888582054023369219e-20
4.888582054023369219e-20
4.888582054023369219e-20
4.888582054023369219e-20
4.888582054023369219e-20
4.888582054023369219e-20
4.888582054023369219e-20
4.888582054023369219e-20
4.888582054023369219e-20
4.888582054023369219e-20
4.888582054023369219e-20
4.888582054023369219e-20
4.888582054023369219e-20
4.888582054023369219e-20
4.888582054023369219e-20
4.888582054023369219e-20
4.888582054023369219e-20
4.888582054023369219e-20
4.888582054023363200e-20
4.888582054023216950e-20
4.888582054020231759e-20
4.888582053961487886e-20
4.888582053082003551e-20
4.888582042122273507e-20
4.888581917915198330e-20
4.888580804355348031e-20
4.888572392444135615e-20
4.888516733691662596e-20
4.888218973310861797e-20
4.886911268287573627e-20
4.882595267311280390e-20
4.874783012973213099e-20
4.871056371496136098e-20
4.870940846584824760e-20
4.870940821895907506e-20
4.870940821895907506e-20
4.870940821895907506e-20
4.870940821895907506e-20
4.870940821895907506e-20
4.870940821895907506e-20
4.870940821895907506e-20
4.870940821895907506e-20
4.870940821895907506e-20
4.870940821895907506e-20
4.870940821895907506e-20
4.870940821895907506e-20
4.870940821895907506e-20
4.870940821895907506e-20
4.870940821895907506e-20
4.870940821895907506e-20
4.870940821895907506e-20
4.870940821895907506e-20
4.870940821895907506e-20
4.870940821895907506e-20
4.870940821895907506e-20
4.870940821895907506e-20
4.870940821895899080e-20
4.870940821895587922e-20
4.870940821884764196e-20
4.870940821612568304e-20
4.870940816046858867e-20
4.870940706523181919e-20
4.870939066784500736e-20
4.870918633208106220e-20
4.870687070597517175e-20
4.868612013428350004e-20
4.852993793426417370e-20
4.752124572550194892e-20
4.276561135656922786e-20
2.970558020209975685e-20
1.478573845644841026e-20
7.735629385642400428e-21
6.299408069103101922e-21
6.263330975783632288e-21
6.263323309704015914e-21
6.263323309704003125e-21
6.263323309704003125e-21
6.263323309704003125e-21
6.263323309704003125e-21
6.263323309704003125e-21
6.263323309704003125e-21
6.263323309704003125e-21
6.263323309704003125e-21
6.263323309704003125e-21
6.263323309704003125e-21
6.263323309704003125e-21
6.263323309704003125e-21
6.263323309704003125e-21
6.263323309704003125e-21
6.263323309704003125e-21
6.263323309704003125e-21
6.263323309704003125e-21
6.263323309704003125e-21
6.263323309704003125e-21
6.263323309704003125e-21
6.263323309704002373e-21
6.263323309703957234e-21
6.263323309702036570e-21
6.263323309638099457e-21
6.263323307409031149e-21
6.263323251353669513e-21
6.263322105161661948e-21
6.263299550139564858e-21
6.262961885908413180e-21
6.258757121318866137e-21
6.211495932430753723e-21
5.817645662371151442e-21
3.933554019511824992e-21
1.251573544951118456e-21
2.692809035427130257e-22
6.053946976736151451e-23
1.699885815939575807e-23
7.374589217050798153e-24
5.803483058296512578e-24
5.765376839193572001e-24
5.765368748776204328e-24
5.765368748776191104e-24
5.765368748776191104e-24
5.765368748776191104e-24
5.765368748776191104e-24
5.765368748776191104e-24
5.765368748776191104e-24
5.765368748776191104e-24
5.765368748776191104e-24
5.765368748776191104e-24
5.765368748776191104e-24
5.765368748776191104e-24
5.765368748776191104e-24
5.765368748776191104e-24
5.765368748776191104e-24
5.765368748776191104e-24
5.765368748776191104e-24
5.765368748776191104e-24
5.765368748776191104e-24
5.765368748776191104e-24
5.765368748776191104e-24
5.765368748776190369e-24
5.765368748776158043e-24
5.765368748774804755e-24
5.765368748729767893e-24
5.765368747159607191e-24
5.765368707674095874e-24
5.765367900294048574e-24
5.765352012475229399e-24
5.765114157662372449e-24
5.762151765707553757e-24
5.728790381665013574e-24
5.446099205459772534e-24
3.967257541286768988e-24
1.418538976031692038e-24
3.196971998563481398e-25
7.260669057709521774e-26
2.043065116277579774e-26
8.867575511233438883e-27
6.978935614401250703e-27
6.933124199147156583e-27
6.933114472804054546e-27
6.933114472804040197e-27
6.933114472804040197e-27
6.933114472804040197e-27
6.933114472804040197e-27
6.933114472804040197e-27
6.933114472804040197e-27
6.933114472804040197e-27
6.933114472804040197e-27
6.933114472804040197e-27
6.933114472804040197e-27
6.933114472804040197e-27
6.933114472804040197e-27
6.933114472804040197e-27
6.933114472804040197e-27
6.933114472804040197e-27
6.933114472804040197e-27
6.933114472804040197e-27
6.933114472804040197e-27
6.933114472804040197e-27
6.933114472804040197e-27
6.933114472804014368e-27
6.933114472802920952e-27
6.933114472766559835e-27
6.933114471498908564e-27
6.933114439620717155e-27
6.933113787791342370e-27
6.933100960923844021e-27
6.932908928503774660e-27
6.930516800784499928e-27
6.903521630082207788e-27
6.670577780809211372e-27
5.315643162613271374e-27
2.267765562138877863e-27
5.575117475475981341e-28
1.292570386513079528e-28
3.653222817691162225e-29
1.587174582454608741e-29
1.249334093792384463e-29
1.241137988492650772e-29
1.241136248349025462e-29
1.241136248349022800e-29
1.241136248349022800e-29
1.241136248349022800e-29
1.241136248349022800e-29
1.241136248349022800e-29
1.241136248349022800e-29
1.241136248349022800e-29
1.241136248349022800e-29
1.241136248349022800e-29
1.241136248349022800e-29
1.241136248349022800e-29
1.241136248349022800e-29
1.241136248349022800e-29
1.241136248349022800e-29
1.241136248349022800e-29
1.241136248349022800e-29
1.241136248349022800e-29
1.241136248349022800e-29
1.241136248349022800e-29
1.241136248349022800e-29
1.241136248349019577e-29
1.241136248348887435e-29
1.241136248344493103e-29
1.241136248191289282e-29
1.241136244338610151e-29
1.241136165560940673e-29
1.241134615352552943e-29
1.241111406792386068e-29
1.240822265179035694e-29
1.237554801323722974e-29
1.209011835055273187e-29
1.029623192521622052e-29
5.195477947597558985e-30
1.423240086932582055e-30
3.396942470697532242e-31
9.662495518535261713e-32
4.203969063441610342e-32
3.309902060301521338e-32
3.288206538088845713e-32
3.288201931810872399e-32
3.288201931810865283e-32
3.288201931810865283e-32
3.288201931810865283e-32
3.288201931810865283e-32
3.288201931810865283e-32
3.288201931810865283e-32
3.288201931810865283e-32
3.288201931810865283e-32
3.288201931810865283e-32
3.288201931810865283e-32
3.288201931810865283e-32
3.288201931810865283e-32
3.288201931810865283e-32
3.288201931810865283e-32
3.288201931810865283e-32
3.288201931810865283e-32
3.288201931810865283e-32
3.288201931810865283e-32
3.288201931810865283e-32
3.288201931810859262e-32
3.288201931810622245e-32
3.288201931802720235e-32
3.288201931527214010e-32
3.288201924598939869e-32
3.288201782933036588e-32
3.288198995191714148e-32
3.288157258946879146e-32
3.287637249918500940e-32
3.281755439292376481e-32
3.229948248121007270e-32
2.885809585416487896e-32
1.692567793771765976e-32
5.269175244064139584e-33
1.308925312368630309e-33
3.757577907538164550e-34
1.638248356509898978e-34
1.290277776639489281e-34
1.281830941834679092e-34
1.281829148432784090e-34
1.281829148432781096e-34
1.281829148432781096e-34
1.281829148432781096e-34
1.281829148432781096e-34
1.281829148432781096e-34
1.281829148432781096e-34
1.281829148432781096e-34
1.281829148432781096e-34
1.281829148432781096e-34
1.281829148432781096e-34
1.281829148432781096e-34
1.281829148432781096e-34
1.281829148432781096e-34
1.281829148432781096e-34
1.281829148432781096e-34
1.281829148432781096e-34
1.281829148432781096e-34
1.281829148432781096e-34
1.281829148432779600e-34
1.281829148432716522e-34
1.281829148430614660e-34
1.281829148357343916e-34
1.281829146514771357e-34
1.281829108838758357e-34
1.281828367439418109e-34
1.281817267644299635e-34
1.281678963226595502e-34
1.280113636578981881e-34
1.266248883620877223e-34
1.170483027717388729e-34
7.801027266107743462e-35
2.801709598133662058e-35
7.343106410288740326e-36
2.135729231146052916e-36
9.339352974148315861e-37
7.359255727249114983e-37
7.311165502187134202e-37
7.311155291719775140e-37
7.311155291719759270e-37
7.311155291719759270e-37
7.311155291719759270e-37
7.311155291719759270e-37
7.311155291719759270e-37
7.311155291719759270e-37
7.311155291719759270e-37
7.311155291719759270e-37
7.311155291719759270e-37
7.311155291719759270e-37
7.311155291719759270e-37
7.311155291719759270e-37
7.311155291719759270e-37
7.311155291719759270e-37
7.311155291719759270e-37
7.311155291719759270e-37
7.311155291719759270e-37
7.311155291719759270e-37
7.311155291719752588e-37
7.311155291719507028e-37
7.311155291711290782e-37
7.311155291424831378e-37
7.311155284221135794e-37
7.311155136923529934e-37
7.311152238358618137e-37
7.311108842622470895e-37
7.310568108130932353e-37
7.304445526310344918e-37
7.250009130725112134e-37
6.863609556595919879e-37
5.074198800027296206e-37
2.118810835502021092e-37
5.953760026936017267e-38
1.763677606937865027e-38
7.745476206044842682e-39
6.107622334780764105e-39
6.067815298547455700e-39
6.067806846613109006e-39
6.067806846613095955e-39
6.067806846613095955e-39
6.067806846613095955e-39
6.067806846613095955e-39
6.067806846613095955e-39
6.067806846613095955e-39
6.067806846613095955e-39
6.067806846613095955e-39
6.067806846613095955e-39
6.067806846613095955e-39
6.067806846613095955e-39
6.067806846613095955e-39
6.067806846613095955e-39
6.067806846613095955e-39
6.067806846613095955e-39
6.067806846613095955e-39
6.067806846613095955e-39
6.067806846613092040e-39
6.067806846612951093e-39
6.067806846608256789e-39
6.067806846444595628e-39
6.067806842328941238e-39
6.067806758174082342e-39
6.067805102150192990e-39
6.067780309013005438e-39
6.067471365337969040e-39
6.063972290847502209e-39
6.032781214202276870e-39
5.807140506131947853e-39
4.655088041219904060e-39
2.258228326957308960e-39
6.922749064783749691e-40
2.103345567936714604e-40
9.293481500483090175e-41
7.335690526305571943e-41
7.288058375763583513e-41
7.288048262132071742e-41
7.288048262132055429e-41
7.288048262132055429e-41
7.288048262132055429e-41
7.288048262132055429e-41
7.288048262132055429e-41
7.288048262132055429e-41
7.288048262132055429e-41
7.288048262132055429e-41
7.288048262132055429e-41
7.288048262132055429e-41
7.288048262132055429e-41
7.288048262132055429e-41
7.288048262132055429e-41
7.288048262132055429e-41
7.288048262132055429e-41
7.288048262132055429e-41
7.288048262132055429e-41
7.288048262132053390e-41
7.288048262131935118e-41
7.288048262128039308e-41
7.288048261992206939e-41
7.288048258576375221e-41
7.288048188731132228e-41
7.288046814295943172e-41
7.288026236932089559e-41
7.287769821037262446e-41
7.284865109231233002e-41
7.258926413536255867e-41
7.068794960901669338e-41
6.024655989097047799e-41
3.365214244365047556e-41
1.144905441461906765e-41
3.600241571237085556e-42
1.604410348247872930e-42
1.268238150647896215e-42
1.260047212981631400e-42
1.260045473756813925e-42
1.260045473756810898e-42
1.260045473756810898e-42
1.260045473756810898e-42
1.260045473756810898e-42
1.260045473756810898e-42
1.260045473756810898e-42
1.260045473756810898e-42
1.260045473756810898e-42
1.260045473756810898e-42
1.260045473756810898e-42
1.260045473756810898e-42
1.260045473756810898e-42
1.260045473756810898e-42
1.260045473756810898e-42
1.260045473756810898e-42
1.260045473756810898e-42
1.260045473756810579e-42
1.260045473756796560e-42
1.260045473756329625e-42
1.260045473740051093e-42
1.260045473330684460e-42
1.260045464960163444e-42
1.260045300242582371e-42
1.260042834170149653e-42
1.260012103919755342e-42
1.259663941407416298e-42
1.256551115814884726e-42
1.233524514700888594e-42
1.100129946868381911e-42
6.969159465800962535e-43
2.669981581254620925e-43
8.787631915366366414e-44
3.963129432187034596e-44
3.139082095175842799e-44
3.118962256811383019e-44
3.118957984449461085e-44
3.118957984449454115e-44
3.118957984449454115e-44
3.118957984449454115e-44
3.118957984449454115e-44
3.118957984449454115e-44
3.118957984449454115e-44
3.118957984449454115e-44
3.118957984449454115e-44
3.118957984449454115e-44
3.118957984449454115e-44
3.118957984449454115e-44
3.118957984449454115e-44
3.118957984449454115e-44
3.118957984449454115e-44
3.118957984449454115e-44
3.118957984449454115e-44
3.118957984449453617e-44
3.118957984449429223e-44
3.118957984448626703e-44
3.118957984420631597e-44
3.118957983716616403e-44
3.118957969321258671e-44
3.118957686045147544e-44
3.118953444968705083e-44
3.118900595592797774e-44
3.118301776508493543e-44
3.112943406954182441e-44
3.073053175358475682e-44
2.832857827624895643e-44
1.997535806164999135e-44
8.702220931997996435e-45
3.037683695523540336e-45
1.392692510085949794e-45
1.106247041186383645e-45
1.099232861551373463e-45
1.099231372016847505e-45
1.099231372016845015e-45
1.099231372016845015e-45
1.099231372016845015e-45
1.099231372016845015e-45
1.099231372016845015e-45
1.099231372016845015e-45
1.099231372016845015e-45
1.099231372016845015e-45
1.099231372016845015e-45
1.099231372016845015e-45
1.099231372016845015e-45
1.099231372016845015e-45
1.099231372016845015e-45
1.099231372016845015e-45
1.099231372016845015e-45
1.099231372016844860e-45
1.099231372016838948e-45
1.099231372016641990e-45
1.099231372009778470e-45
1.099231371837176141e-45
1.099231368307892750e-45
1.099231298857606288e-45
1.099230259080187539e-45
1.099217302017386713e-45
1.099070480417524382e-45
1.097755923111387480e-45
1.087926332497850589e-45
1.027074181613089169e-45
7.905101399042504473e-46
3.929195528925140263e-46
1.476096526305108930e-46
6.920660167865576405e-47
5.518987963068129090e-47
5.484526119210065167e-47
5.484518800167199673e-47
5.484518800167188004e-47
5.484518800167188004e-47
5.484518800167188004e-47
5.484518800167188004e-47
5.484518800167188004e-47
5.484518800167188004e-47
5.484518800167188004e-47
5.484518800167188004e-47
5.484518800167188004e-47
5.484518800167188004e-47
5.484518800167188004e-47
5.484518800167188004e-47
5.484518800167188004e-47
5.484518800167188004e-47
5.484518800167188004e-47
5.484518800167188004e-47
5.484518800167167585e-47
5.484518800166484998e-47
5.484518800142667379e-47
5.484518799543716744e-47
5.484518787296655434e-47
5.484518546295346604e-47
5.484514938134623387e-47
5.484469975293998475e-47
5.483960461023838760e-47
5.479396711809240325e-47
5.445165638730738256e-47
5.229017096682507768e-47
4.313031426461271748e-47
2.437318342140144083e-47
1.000132413024919278e-47
4.831609730988781310e-48
3.874090296702904718e-48
3.850416716161845236e-48
3.850411687666251477e-48
3.850411687666243577e-48
3.850411687666243577e-48
3.850411687666243577e-48
3.850411687666243577e-48
3.850411687666243577e-48
3.850411687666243577e-48
3.850411687666243577e-48
3.850411687666243577e-48
3.850411687666243577e-48
3.850411687666243577e-48
3.850411687666243577e-48
3.850411687666243577e-48
3.850411687666243577e-48
3.850411687666243577e-48
3.850411687666243577e-48
3.850411687666233854e-48
3.850411687665900825e-48
3.850411687654296482e-48
3.850411687362475959e-48
3.850411681395470911e-48
3.850411563974968403e-48
3.850409806008852096e-48
3.850387899178582550e-48
3.850139645558416331e-48
3.847915393717456795e-48
3.831195874095697042e-48
3.724126039541392297e-48
3.239724322971697472e-48
2.061634318988941335e-48
9.364464620683625601e-49
4.704940624137577757e-49
3.800688250493530672e-49
3.778160574753778695e-49
3.778155788775784917e-49
3.778155788775776561e-49
3.778155788775776561e-49
3.778155788775776561e-49
3.778155788775776561e-49
3.778155788775776561e-49
3.778155788775776561e-49
3.778155788775776561e-49
3.778155788775776561e-49
3.778155788775776561e-49
3.778155788775776561e-49
3.778155788775776561e-49
3.778155788775776561e-49
3.778155788775776561e-49
3.778155788775776561e-49
3.778155788775776561e-49
3.778155788775770484e-49
3.778155788775544110e-49
3.778155788767680260e-49
3.778155788569923287e-49
3.778155784526301092e-49
3.778155704954706673e-49
3.778154513644961417e-49
3.778139668154062402e-49
3.777971431726620098e-49
3.776463801997430147e-49
3.765113795973062565e-49
3.691699342544380061e-49
3.342961061319830537e-49
2.362499523612909009e-49
1.199783309994434416e-49
6.337830551050784158e-50
5.171330165740903433e-50
5.141968940409988907e-50
5.141962701086121870e-50
5.141962701086113324e-50
5.141962701086113324e-50
5.141962701086113324e-50
5.141962701086113324e-50
5.141962701086113324e-50
5.141962701086113324e-50
5.141962701086113324e-50
5.141962701086113324e-50
5.141962701086113324e-50
5.141962701086113324e-50
5.141962701086113324e-50
5.141962701086113324e-50
5.141962701086113324e-50
5.141962701086113324e-50
5.141962701086113324e-50
5.141962701086106677e-50
5.141962701085895876e-50
5.141962701078568146e-50
5.141962700894294310e-50
5.141962697126356173e-50
5.141962622979746350e-50
5.141961512890284353e-50
5.141947679506360993e-50
5.141790910379102230e-50
5.140385846904299135e-50
5.129796634920674107e-50
5.060815096897560575e-50
4.721154054101339678e-50
3.646082648626412391e-50
2.080597648140418289e-50
1.169462610938981869e-50
9.669826162840028565e-51
9.618162126079892591e-51
9.618151143662000765e-51
9.618151143661981773e-51
9.618151143661981773e-51
9.618151143661981773e-51
9.618151143661981773e-51
9.618151143661981773e-51
9.618151143661981773e-51
9.618151143661981773e-51
9.618151143661981773e-51
9.618151143661981773e-51
9.618151143661981773e-51
9.618151143661981773e-51
9.618151143661981773e-51
9.618151143661981773e-51
9.618151143661981773e-51
9.618151143661981773e-51
9.618151143661974652e-51
9.618151143661708776e-51
9.618151143652455345e-51
9.618151143419741532e-51
9.618151138661328558e-51
9.618151045023882788e-51
9.618149643126353441e-51
9.618132173358634729e-51
9.617934192172465412e-51
9.616159585210957483e-51
9.602775179180666734e-51
9.515144273869228742e-51
9.072210791042803365e-51
7.531885706427680237e-51
4.825006694621723674e-51
2.920463277799987868e-51
2.456774071217131613e-51
2.444731840874030098e-51
2.444729279876368922e-51
2.444729279876364767e-51
2.444729279876364767e-51
2.444729279876364767e-51
2.444729279876364767e-51
2.444729279876364767e-51
2.444729279876364767e-51
2.444729279876364767e-51
2.444729279876364767e-51
2.444729279876364767e-51
2.444729279876364767e-51
2.444729279876364767e-51
2.444729279876364767e-51
2.444729279876364767e-51
2.444729279876364767e-51
2.444729279876363580e-51
2.444729279876318773e-51
2.444729279874765358e-51
2.444729279835689019e-51
2.444729279036680910e-51
2.444729263313559599e-51
2.444729027914080277e-51
2.444726094477876994e-51
2.444692850212488440e-51
2.444394844060779049e-51
2.442146024980598587e-51
2.427369797036358118e-51
2.351257133271340351e-51
2.066576457225084441e-51
1.476058507299668274e-51
9.720451335982659316e-52
8.356141302252585520e-52
8.319913173637008144e-52
8.319905464687256651e-52
8.319905464687244782e-52
8.319905464687244782e-52
8.319905464687244782e-52
8.319905464687244782e-52
8.319905464687244782e-52
8.319905464687244782e-52
8.319905464687244782e-52
8.319905464687244782e-52
8.319905464687244782e-52
8.319905464687244782e-52
8.319905464687244782e-52
8.319905464687244782e-52
8.319905464687244782e-52
8.319905464687244782e-52
8.319905464687240331e-52
8.319905464687143891e-52
8.319905464683765546e-52
8.319905464598768346e-52
8.319905462860782712e-52
8.319905428660174996e-52
8.319904916624078989e-52
8.319898535871124103e-52
8.319826223210269494e-52
8.319177970911703389e-52
8.314284278803036325e-52
8.282048477165736892e-52
8.113742451471769727e-52
7.448730161161451411e-52
5.861359118992315997e-52
4.226850803351819853e-52
3.729555166704410476e-52
3.715991630801104944e-52
3.715988742603037591e-52
3.715988742603033140e-52
3.715988742603033140e-52
3.715988742603033140e-52
3.715988742603033140e-52
3.715988742603033140e-52
3.715988742603033140e-52
3.715988742603033140e-52
3.715988742603033140e-52
3.715988742603033140e-52
3.715988742603033140e-52
3.715988742603033140e-52
3.715988742603033140e-52
3.715988742603033140e-52
3.715988742603031657e-52
3.715988742603005692e-52
3.715988742602087293e-52
3.715988742578996743e-52
3.715988742106856343e-52
3.715988732815939595e-52
3.715988593716522735e-52
3.715986860324459428e-52
3.715967215831441001e-52
3.715791105317691168e-52
3.714461290373766091e-52
3.705686170965383245e-52
3.659433596525841513e-52
3.469202106864547682e-52
2.960658176360874886e-52
2.338602465843744594e-52
2.125106120825508399e-52
2.119104247469376070e-52
2.119102968397462252e-52
2.119102968397460397e-52
2.119102968397460397e-52
2.119102968397460397e-52
2.119102968397460397e-52
2.119102968397460397e-52
2.119102968397460397e-52
2.119102968397460397e-52
2.119102968397460397e-52
2.119102968397460397e-52
2.119102968397460397e-52
2.119102968397460397e-52
2.119102968397460397e-52
2.119102968397460397e-52
2.119102968397460026e-52
2.119102968397451866e-52
2.119102968397155871e-52
2.119102968389716316e-52
2.119102968237602143e-52
2.119102965244247186e-52
2.119102920429081751e-52
2.119102361963267783e-52
2.119096032867003364e-52
2.119039291980982106e-52
2.118610764565776688e-52
2.115779669055095293e-52
2.100760540331034471e-52
2.037227539083167077e-52
1.852143440948370905e-52
1.590019844744197125e-52
1.489241887214935154e-52
1.486319245538908327e-52
1.486318622150178279e-52
1.486318622150177352e-52
1.486318622150177352e-52
1.486318622150177352e-52
1.486318622150177352e-52
1.486318622150177352e-52
1.486318622150177352e-52
1.486318622150177352e-52
1.486318622150177352e-52
1.486318622150177352e-52
1.486318622150177352e-52
1.486318622150177352e-52
1.486318622150177352e-52
1.486318622150177352e-52
1.486318622150177352e-52
1.486318622150174384e-52
1.486318622150069043e-52
1.486318622147422895e-52
1.486318622093314851e-52
1.486318621028560890e-52
1.486318605087543264e-52
1.486318406437946285e-52
1.486316155137321535e-52
1.486295971739783215e-52
1.486143522314688548e-52
1.485135590680345409e-52
1.479766159799535568e-52
1.456629703262197614e-52
1.385073350548839490e-52
1.271712767738753014e-52
1.223819393296205370e-52
1.222391166842267821e-52
1.222390861963953650e-52
1.222390861963953279e-52
1.222390861963953279e-52
1.222390861963953279e-52
1.222390861963953279e-52
1.222390861963953279e-52
1.222390861963953279e-52
1.222390861963953279e-52
1.222390861963953279e-52
1.222390861963953279e-52
1.222390861963953279e-52
1.222390861963953279e-52
1.222390861963953279e-52
1.222390861963953279e-52
1.222390861963951981e-52
1.222390861963914333e-52
1.222390861962966816e-52
1.222390861943593261e-52
1.222390861562354006e-52
1.222390855854611817e-52
1.222390784727357796e-52
1.222389978639738880e-52
1.222382751828116979e-52
1.222328162627635058e-52
1.221967082566579104e-52
1.220038873150370375e-52
1.211639369906776303e-52
1.184689532238369677e-52
1.138729802288911441e-52
1.117991170519172602e-52
1.117359845591404157e-52
1.117359710743478644e-52
1.117359710743478459e-52
1.117359710743478459e-52
1.117359710743478459e-52
1.117359710743478459e-52
1.117359710743478459e-52
1.117359710743478459e-52
1.117359710743478459e-52
1.117359710743478459e-52
1.117359710743478459e-52
1.117359710743478459e-52
1.117359710743478459e-52
1.117359710743478459e-52
1.117359710743478459e-52
1.117359710743477902e-52
1.117359710743465847e-52
1.117359710743157983e-52
1.117359710736865686e-52
1.117359710613040515e-52
1.117359708759182248e-52
1.117359685657256355e-52
1.117359423842214502e-52
1.117357076583726335e-52
1.117339345508343592e-52
1.117222037660851686e-52
1.116594842883638794e-52
1.113847743937218012e-52
1.104866014498996828e-52
1.088932589567110638e-52
1.081475232959602605e-52
1.081245507729080865e-52
1.081245458643592999e-52
1.081245458643592813e-52
1.081245458643592813e-52
1.081245458643592813e-52
1.081245458643592813e-52
1.081245458643592813e-52
1.081245458643592813e-52
1.081245458643592813e-52
1.081245458643592813e-52
1.081245458643592813e-52
1.081245458643592813e-52
1.081245458643592813e-52
1.081245458643592813e-52
1.081245458643592813e-52
1.081245458643589475e-52
1.081245458643506945e-52
1.081245458641820184e-52
1.081245458608624087e-52
1.081245458111625515e-52
1.081245451918261260e-52
1.081245381728604605e-52
1.081244752454043737e-52
1.081239998883151620e-52
1.081208546763997646e-52
1.081040304719698588e-52
1.080301795879857315e-52
1.077868744057387681e-52
1.073481670676747335e-52
1.071396564957267764e-52
1.071332005779609199e-52
1.071331991983122152e-52
1.071331991983122152e-52
1.071331991983122152e-52
1.071331991983122152e-52
1.071331991983122152e-52
1.071331991983122152e-52
1.071331991983122152e-52
1.071331991983122152e-52
1.071331991983122152e-52
1.071331991983122152e-52
1.071331991983122152e-52
1.071331991983122152e-52
1.071331991983122152e-52
1.071331991983122152e-52
1.071331991983121410e-52
1.071331991983104347e-52
1.071331991982754013e-52
1.071331991975862493e-52
1.071331991872686844e-52
1.071331990586956370e-52
1.071331976015720757e-52
1.071331845379483658e-52
1.071330858543058925e-52
1.071324328942659363e-52
1.071289396042919894e-52
1.071135954201934709e-52
1.070629257858013537e-52
1.069711044392684887e-52
1.069272552287726304e-52
1.069258954174331047e-52
1.069258951268235907e-52
1.069258951268235907e-52
1.069258951268235907e-52
1.069258951268235907e-52
1.069258951268235907e-52
1.069258951268235907e-52
1.069258951268235907e-52
1.069258951268235907e-52
1.069258951268235907e-52
1.069258951268235907e-52
1.069258951268235907e-52
1.069258951268235907e-52
1.069258951268235907e-52
1.069258951268235907e-52
1.069258951268235907e-52
1.069258951268233125e-52
1.069258951268178599e-52
1.069258951267103300e-52
1.069258951251006829e-52
1.069258951050420379e-52
1.069258948777164769e-52
1.069258928396629645e-52
1.069258774440327311e-52
1.069257755751657817e-52
1.069252305661456636e-52
1.069228362732062361e-52
1.069149257156132993e-52
1.069005744345713219e-52
1.068937136575322533e-52
1.068935008215599555e-52
1.068935007760736452e-52
1.068935007760736452e-52
1.068935007760736452e-52
1.068935007760736452e-52
1.068935007760736452e-52
1.068935007760736452e-52
1.068935007760736452e-52
1.068935007760736452e-52
1.068935007760736452e-52
1.068935007760736452e-52
1.068935007760736452e-52
1.068935007760736452e-52
1.068935007760736452e-52
1.068935007760736452e-52
1.068935007760735896e-52
1.068935007760729590e-52
1.068935007760604775e-52
1.068935007758733666e-52
1.068935007735417782e-52
1.068935007471177831e-52
1.068935005102174442e-52
1.068934987206518121e-52
1.068934868795517001e-52
1.068934235280973153e-52
1.068931452104562555e-52
1.068922255923011607e-52
1.068905569201244900e-52
1.068897590543922588e-52
1.068897343014439596e-52
1.068897342961538713e-52
1.068897342961538713e-52
1.068897342961538713e-52
1.068897342961538713e-52
1.068897342961538713e-52
1.068897342961538713e-52
1.068897342961538713e-52
1.068897342961538713e-52
1.068897342961538713e-52
1.068897342961538713e-52
1.068897342961538713e-52
1.068897342961538713e-52
1.068897342961538713e-52
1.068897342961538713e-52
1.068897342961538156e-52
1.068897342961527214e-52
1.068897342961365493e-52
1.068897342959346386e-52
1.068897342936464108e-52
1.068897342731318302e-52
1.068897341181627736e-52
1.068897330927719469e-52
1.068897276067916768e-52
1.068897035055367848e-52
1.068896238692681190e-52
1.068894793638947183e-52
1.068894102680487770e-52
1.068894081244074815e-52
1.068894081239493389e-52
1.068894081239493389e-52
1.068894081239493389e-52
1.068894081239493389e-52
1.068894081239493389e-52
1.068894081239493389e-52
1.068894081239493389e-52
1.068894081239493389e-52
1.068894081239493389e-52
1.068894081239493389e-52
1.068894081239493389e-52
1.068894081239493389e-52
1.068894081239493389e-52
1.068894081239493389e-52
1.068894081239493389e-52
1.068894081239492647e-52
1.068894081239482261e-52
1.068894081239351697e-52
1.068894081237872651e-52
1.068894081224610570e-52
1.068894081124428807e-52
1.068894080461551197e-52
1.068894076915066622e-52
1.068894061334486653e-52
1.068894009852504061e-52
1.068893916434796263e-52
1.068893871766646883e-52
1.068893870380853897e-52
1.068893870380557532e-52
1.068893870380557532e-52
1.068893870380557532e-52
1.068893870380557532e-52
1.068893870380557532e-52
1.068893870380557532e-52
1.068893870380557532e-52
1.068893870380557532e-52
1.068893870380557532e-52
1.068893870380557532e-52
1.068893870380557532e-52
1.068893870380557532e-52
1.068893870380557532e-52
1.068893870380557532e-52
1.068893870380557532e-52
1.068893870380557161e-52
1.068893870380550670e-52
1.068893870380479267e-52
1.068893870379837760e-52
1.068893870374991311e-52
1.068893870342923184e-52
1.068893870171355337e-52
1.068893869417614603e-52
1.068893866927074624e-52
1.068893862407812531e-52
1.068893860246904139e-52
1.068893860179863947e-52
1.068893860179849296e-52
1.068893860179849296e-52
1.068893860179849296e-52
1.068893860179849296e-52
1.068893860179849296e-52
1.068893860179849296e-52
1.068893860179849296e-52
1.068893860179849296e-52
1.068893860179849296e-52
1.068893860179849296e-52
1.068893860179849296e-52
1.068893860179849296e-52
1.068893860179849296e-52
1.068893860179849296e-52
1.068893860179849296e-52
1.068893860179849296e-52
1.068893860179849111e-52
1.068893860179846514e-52
1.068893860179823332e-52
1.068893860179647330e-52
1.068893860178483752e-52
1.068893860172257664e-52
1.068893860144905236e-52
1.068893860054526162e-52
1.068893859890526951e-52
1.068893859812109882e-52
1.068893859809676828e-52
1.068893859809676457e-52
1.068893859809676457e-52
1.068893859809676457e-52
1.068893859809676457e-52
1.068893859809676457e-52
1.068893859809676457e-52
1.068893859809676457e-52
1.068893859809676457e-52
1.068893859809676457e-52
1.068893859809676457e-52
1.068893859809676457e-52
1.068893859809676457e-52
1.068893859809676457e-52
1.068893859809676457e-52
1.068893859809676457e-52
1.068893859809676457e-52
1.068893859809676457e-52
1.068893859809676457e-52
1.068893859809675715e-52
1.068893859809670893e-52
1.068893859809639179e-52
1.068893859809469112e-52
1.068893859808723005e-52
1.068893859806256940e-52
1.068893859801782153e-52
1.068893859799642498e-52
1.068893859799576289e-52
1.068893859799576289e-52
1.068893859799576289e-52
1.068893859799576289e-52
1.068893859799576289e-52
1.068893859799576289e-52
1.068893859799576289e-52
1.068893859799576289e-52
1.068893859799576289e-52
1.068893859799576289e-52
1.068893859799576289e-52
1.068893859799576289e-52
1.068893859799576289e-52
1.068893859799576289e-52
1.068893859799576289e-52
1.068893859799576289e-52
1.068893859799576289e-52
1.068893859799576289e-52
1.068893859799576289e-52
1.068893859799576103e-52
1.068893859799575361e-52
1.068893859799572023e-52
1.068893859799556630e-52
1.068893859799505999e-52
1.068893859799414011e-52
1.068893859799370057e-52
1.068893859799368573e-52
1.068893859799368573e-52
1.068893859799368573e-52
1.068893859799368573e-52
1.068893859799368573e-52
1.068893859799368573e-52
1.068893859799368573e-52
1.068893859799368573e-52
1.068893859799368573e-52
1.068893859799368573e-52
1.068893859799368573e-52
1.068893859799368573e-52
1.068893859799368573e-52
1.068893859799368573e-52
1.068893859799368573e-52
1.068893859799368573e-52
1.068893859799368573e-52
1.068893859799368573e-52
1.068893859799368573e-52
1.068893859799368573e-52
1.068893859799368573e-52
1.068893859799368573e-52
1.068893859799368388e-52
1.068893859799367460e-52
1.068893859799365977e-52
1.068893859799365235e-52
1.068893859799365235e-52
1.068893859799365235e-52
1.068893859799365235e-52
1.068893859799365235e-52
1.068893859799365235e-52
1.068893859799365235e-52
1.068893859799365235e-52
1.068893859799365235e-52
1.068893859799365235e-52
1.068893859799365235e-52
1.068893859799365235e-52
1.068893859799365235e-52
1.068893859799365235e-52
1.068893859799365235e-52
1.068893859799365235e-52
1.068893859799365235e-52
1.068893859799365235e-52
1.068893859799365235e-52
1.068893859799365235e-52
1.068893859799365235e-52
1.068893859799365235e-52
1.068893859799365235e-52
1.068893859799365235e-52
1.068893859799365235e-52
1.068893859799365235e-52
1.068893859799365235e-52
1.068893859799365235e-52
1.068893859799365235e-52
1.068893859799365235e-52
1.068893859799365235e-52
1.068893859799365235e-52
1.068893859799365235e-52
1.068893859799365235e-52
1.068893859799365235e-52
1.068893859799365235e-52
1.068893859799365235e-52
1.068893859799365235e-52
1.068893859799365235e-52
1.068893859799365235e-52
1.068893859799365235e-52
1.068893859799365235e-52
1.068893859799365235e-52
1.068893859799365235e-52
1.068893859799365235e-52
1.068893859799365235e-52
1.068893859799365235e-52
1.068893859799365235e-52
1.068893859799365235e-52
1.068893859799365235e-52
1.068893859799365235e-52
1.068893859799365235e-52
1.068893859799365235e-52
1.068893859799365235e-52
1.068893859799365235e-52
1.068893859799365235e-52
1.068893859799365235e-52
1.068893859799365235e-52
1.068893859799365235e-52
1.068893859799365235e-52
1.068893859799365235e-52
1.068893859799365235e-52
1.068893859799365235e-52
1.068893859799365235e-52
1.068893859799365235e-52
1.068893859799365235e-52
1.068893859799365235e-52
1.068893859799365235e-52
1.068893859799365235e-52
1.068893859799365235e-52
1.068893859799365235e-52
1.068893859799365235e-52
1.068893859799365235e-52
1.068893859799365235e-52
1.068893859799365235e-52
1.068893859799365235e-52
1.068893859799365235e-52
1.068893859799365235e-52
1.068893859799365235e-52
1.068893859799365235e-52
1.068893859799365235e-52
1.068893859799365235e-52
1.068893859799365235e-52
1.068893859799365235e-52
1.068893859799365235e-52
1.068893859799365235e-52
1.068893859799365235e-52
1.068893859799365235e-52
1.068893859799365235e-52
1.068893859799365235e-52
1.068893859799365235e-52
1.068893859799365235e-52
1.068893859799365235e-52
1.068893859799365235e-52
1.068893859799365235e-52
1.068893859799365235e-52
1.068893859799365235e-52
1.068893859799365235e-52
1.068893859799365235e-52
1.068893859799365235e-52
1.068893859799365235e-52
1.068893859799365235e-52
1.068893859799365235e-52
1.068893859799365235e-52
1.068893859799365235e-52
1.068893859799365235e-52
1.068893859799365235e-52
1.068893859799365235e-52
1.068893859799365235e-52
1.068893859799365235e-52
1.068893859799365235e-52
1.068893859799365235e-52
1.068893859799365235e-52
1.068893859799365235e-52
1.068893859799365235e-52
1.068893859799365235e-52
1.068893859799365235e-52
1.068893859799365235e-52
1.068893859799365235e-52
1.068893859799365235e-52
1.068893859799365235e-52
1.068893859799365235e-52
1.068893859799365235e-52
1.068893859799365235e-52
1.068893859799365235e-52
1.068893859799365235e-52
1.068893859799365235e-52
1.068893859799365235e-52
1.068893859799365235e-52
1.068893859799365235e-52
1.068893859799365235e-52
1.068893859799365235e-52
1.068893859799365235e-52
1.068893859799365235e-52
1.068893859799365235e-52
1.068893859799365235e-52
1.068893859799365235e-52
1.068893859799365235e-52
1.068893859799365235e-52
1.068893859799365235e-52
1.068893859799365235e-52
1.068893859799365235e-52
1.068893859799365235e-52
1.068893859799365235e-52
1.068893859799365235e-52
1.068893859799365235e-52
1.068893859799365235e-52
1.068893859799365235e-52
1.068893859799365235e-52
1.068893859799365235e-52
1.068893859799365235e-52
1.068893859799365235e-52
1.068893859799365235e-52
1.068893859799365235e-52
1.068893859799365235e-52
1.068893859799365235e-52
1.068893859799365235e-52
1.068893859799365235e-52
1.068893859799365235e-52
1.068893859799365235e-52
1.068893859799365235e-52
1.068893859799365235e-52
1.068893859799365235e-52
1.068893859799365235e-52
1.068893859799365235e-52
1.068893859799365235e-52
1.068893859799365235e-52
1.068893859799365235e-52
1.068893859799365235e-52
1.068893859799365235e-52
1.068893859799365235e-52
1.068893859799365235e-52
1.068893859799365235e-52
1.068893859799365235e-52
1.068893859799365235e-52
1.068893859799365235e-52
1.068893859799365235e-52
1.068893859799365235e-52
1.068893859799365235e-52
1.068893859799365235e-52
1.068893859799365235e-52
1.068893859799365235e-52
1.068893859799365235e-52
1.068893859799365235e-52
1.068893859799365235e-52
1.068893859799365235e-52
1.068893859799365235e-52
1.068893859799365235e-52
1.068893859799365235e-52
1.068893859799365235e-52
1.068893859799365235e-52
1.068893859799365235e-52
1.068893859799365235e-52
1.068893859799365235e-52
1.068893859799365235e-52
1.068893859799365235e-52
1.068893859799365235e-52
1.068893859799365235e-52
1.068893859799365235e-52
1.068893859799365235e-52
1.068893859799365235e-52
1.068893859799365235e-52
1.068893859799365235e-52
1.068893859799365235e-52
1.068893859799365235e-52
1.068893859799365235e-52
1.068893859799365235e-52
1.068893859799365235e-52
1.068893859799365235e-52
1.068893859799365235e-52
1.068893859799365235e-52
1.068893859799365235e-52
1.068893859799365235e-52
1.068893859799365235e-52
1.068893859799365235e-52
1.068893859799365235e-52
1.068893859799365235e-52
1.068893859799365235e-52
1.068893859799365235e-52
1.068893859799365235e-52
1.068893859799365235e-52
1.068893859799365235e-52
1.068893859799365235e-52
1.068893859799365235e-52
1.068893859799365235e-52
1.068893859799365235e-52
1.068893859799365235e-52
1.068893859799365235e-52
1.068893859799365235e-52
1.068893859799365235e-52
1.068893859799365235e-52
1.068893859799365235e-52
1.068893859799365235e-52
1.068893859799365235e-52
1.068893859799365235e-52
1.068893859799365235e-52
1.068893859799365235e-52
1.068893859799365235e-52
1.068893859799365235e-52
1.068893859799365235e-52
1.068893859799365235e-52
1.068893859799365235e-52
1.068893859799365235e-52
1.068893859799365235e-52
1.068893859799365235e-52
1.068893859799365235e-52
1.068893859799365235e-52
1.068893859799365235e-52
1.068893859799365235e-52
1.068893859799365235e-52
1.068893859799365235e-52
1.068893859799365235e-52
1.068893859799365235e-52
1.068893859799365235e-52
1.068893859799365235e-52
1.068893859799365235e-52
1.068893859799365235e-52
1.068893859799365235e-52
1.068893859799365235e-52
1.068893859799365235e-52
1.068893859799365235e-52
1.068893859799365235e-52
1.068893859799365235e-52
1.068893859799365235e-52
1.068893859799365235e-52
1.068893859799365235e-52
1.068893859799365235e-52
1.068893859799365235e-52
1.068893859799365235e-52
1.068893859799365235e-52
1.068893859799365235e-52
1.068893859799365235e-52
1.068893859799365235e-52
1.068893859799365235e-52
1.068893859799365235e-52
1.068893859799365235e-52
1.068893859799365235e-52
1.068893859799365235e-52
1.068893859799365235e-52
1.068893859799365235e-52
1.068893859799365235e-52
1.068893859799365235e-52
1.068893859799365235e-52
1.068893859799365235e-52
1.068893859799365235e-52
1.068893859799365235e-52
1.068893859799365235e-52
1.068893859799365235e-52
1.068893859799365235e-52
1.068893859799365235e-52
1.068893859799365235e-52
1.068893859799365235e-52
1.068893859799365235e-52
1.068893859799365235e-52
1.068893859799365235e-52
1.068893859799365235e-52
1.068893859799365235e-52
1.068893859799365235e-52
1.068893859799365235e-52
1.068893859799365235e-52
1.068893859799365235e-52
1.068893859799365235e-52
1.068893859799365235e-52
1.068893859799365235e-52
1.068893859799365235e-52
1.068893859799365235e-52
1.068893859799365235e-52
1.068893859799365235e-52
1.068893859799365235e-52
1.068893859799365235e-52
1.068893859799365235e-52
1.068893859799365235e-52
1.068893859799365235e-52
1.068893859799365235e-52
1.068893859799365235e-52
1.068893859799365235e-52
1.068893859799365235e-52
1.068893859799365235e-52
1.068893859799365235e-52
1.068893859799365235e-52
1.068893859799365235e-52
1.068893859799365235e-52
1.068893859799365235e-52
1.068893859799365235e-52
1.068893859799365235e-52
1.068893859799365235e-52
1.068893859799365235e-52
1.068893859799365235e-52
1.068893859799365235e-52
1.068893859799365235e-52
1.068893859799365235e-52
1.068893859799365235e-52
1.068893859799365235e-52
1.068893859799365235e-52
1.068893859799365235e-52
1.068893859799365235e-52
1.068893859799365235e-52
1.068893859799365235e-52
1.068893859799365235e-52
1.068893859799365235e-52
1.068893859799365235e-52
1.068893859799365235e-52
1.068893859799365235e-52
1.068893859799365235e-52
1.068893859799365235e-52
1.068893859799365235e-52
1.068893859799365235e-52
1.068893859799365235e-52
1.068893859799365235e-52
1.068893859799365235e-52
1.068893859799365235e-52
1.068893859799365235e-52
1.068893859799365235e-52
1.068893859799365235e-52
1.068893859799365235e-52
1.068893859799365235e-52
1.068893859799365235e-52
1.068893859799365235e-52
1.068893859799365235e-52
1.068893859799365235e-52
1.068893859799365235e-52
1.068893859799365235e-52
1.068893859799365235e-52
1.068893859799365235e-52
1.068893859799365235e-52
1.068893859799365235e-52
1.068893859799365235e-52
1.068893859799365235e-52
1.068893859799365235e-52
1.068893859799365235e-52
1.068893859799365235e-52
1.068893859799365235e-52
1.068893859799365235e-52
1.068893859799365235e-52
1.068893859799365235e-52
1.068893859799365235e-52
1.068893859799365235e-52
1.068893859799365235e-52
1.068893859799365235e-52
1.068893859799365235e-52
1.068893859799365235e-52
1.068893859799365235e-52
1.068893859799365235e-52
1.068893859799365235e-52
1.068893859799365235e-52
1.068893859799365235e-52
1.068893859799365235e-52
1.068893859799365235e-52
1.068893859799365235e-52
1.068893859799365235e-52
1.068893859799365235e-52
1.068893859799365235e-52
1.068893859799365235e-52
1.068893859799365235e-52
1.068893859799365235e-52
1.068893859799365235e-52
1.068893859799365235e-52
1.068893859799365235e-52
1.068893859799365235e-52
1.068893859799365235e-52
1.068893859799365235e-52
1.068893859799365235e-52
1.068893859799365235e-52
1.068893859799365235e-52
1.068893859799365235e-52
1.068893859799365235e-52
1.068893859799365235e-52
1.068893859799365235e-52
1.068893859799365235e-52
1.068893859799365235e-52
1.068893859799365235e-52
1.068893859799365235e-52
1.068893859799365235e-52
1.068893859799365235e-52
1.068893859799365235e-52
1.068893859799365235e-52
1.068893859799365235e-52
1.068893859799365235e-52
1.068893859799365235e-52
1.068893859799365235e-52
1.068893859799365235e-52
1.068893859799365235e-52
1.068893859799365235e-52
1.068893859799365235e-52
1.068893859799365235e-52
1.068893859799365235e-52
1.068893859799365235e-52
1.068893859799365235e-52
1.068893859799365235e-52
1.068893859799365235e-52
1.068893859799365235e-52
1.068893859799365235e-52
1.068893859799365235e-52
1.068893859799365235e-52
1.068893859799365235e-52
1.068893859799365235e-52
1.068893859799365235e-52
1.068893859799365235e-52
1.068893859799365235e-52
1.068893859799365235e-52
1.068893859799365235e-52
1.068893859799365235e-52
1.068893859799365235e-52
1.068893859799365235e-52
1.068893859799365235e-52
1.068893859799365235e-52
1.068893859799365235e-52
1.068893859799365235e-52
1.068893859799365235e-52
1.068893859799365235e-52
1.068893859799365235e-52
1.068893859799365235e-52
1.068893859799365235e-52
1.068893859799365235e-52
1.068893859799365235e-52
1.068893859799365235e-52
1.068893859799365235e-52
1.068893859799365235e-52
1.068893859799365235e-52
1.068893859799365235e-52
1.068893859799365235e-52
1.068893859799365235e-52
1.068893859799365235e-52
1.068893859799365235e-52
1.068893859799365235e-52
1.068893859799365235e-52
1.068893859799365235e-52
1.068893859799365235e-52
1.068893859799365235e-52
1.068893859799365235e-52
1.068893859799365235e-52
1.068893859799365235e-52
1.068893859799365235e-52
1.068893859799365235e-52
1.068893859799365235e-52
1.068893859799365235e-52
1.068893859799365235e-52
1.068893859799365235e-52
1.068893859799365235e-52
1.068893859799365235e-52
1.068893859799365235e-52
1.068893859799365235e-52
1.068893859799365235e-52
1.068893859799365235e-52
1.068893859799365235e-52
1.068893859799365235e-52
1.068893859799365235e-52
1.068893859799365235e-52
