1.094643032498205040e+90
2.742053711746424135e+88
1.966941937637882266e+88
1.038564986270256328e+88
1.026368984676910043e+88
9.335289157361482306e+87
5.616439303801858974e+86
2.418892743020121959e+86
2.290165333894853545e+86
1.649702533501722278e+86
1.648044836900407045e+86
1.595007195826053911e+86
1.593839044551661789e+86
6.521294030294505314e+84
5.287790042961752568e+84
3.265812593692827178e+84
3.248514008479342459e+84
2.815830791040453358e+84
2.815527908373373182e+84
2.790950811076530304e+84
2.790645735920003055e+84
2.210699729957683460e+83
7.013164757175959488e+82
6.853980973718390363e+82
5.274939540977497638e+82
5.271206237470397838e+82
5.011031990002517640e+82
5.011004732073203368e+82
5.001981434851215668e+82
2.590287398858227921e+81
2.288140881621350744e+81
2.288139590453037667e+81
1.085363080862975876e+81
1.081149698441477426e+81
9.552836386868634455e+80
9.552379746641520468e+80
9.415061607870930732e+80
9.415061600599720432e+80
9.415060322016012215e+80
9.412340896904092929e+80
1.428926127949130989e+80
3.202009799140497387e+79
3.128946693531442071e+79
1.998995546064278876e+79
1.998293025533741344e+79
1.998292979865899345e+79
1.901849230871157466e+79
1.901846082006537749e+79
1.895510674301913765e+79
1.895510666524482878e+79
1.895510666450972266e+79
1.740804927918605840e+78
1.740799072974772161e+78
1.456222752843251876e+78
5.284862699971153214e+77
5.271759375098333337e+77
4.164950927062031933e+77
4.164881311804817766e+77
4.097745767277029202e+77
4.097745760736311080e+77
4.097745474026719357e+77
4.095231537072217238e+77
4.095231536822618879e+77
6.446164290728486842e+76
1.998121256253287911e+76
1.960698803472105069e+76
1.042010269112317575e+76
1.042010269112277080e+76
1.041857149838032023e+76
1.041857052582376850e+76
9.391503836255294533e+75
9.391494746718791027e+75
9.351728802008905352e+75
9.351728788614501469e+75
9.351728787764821730e+75
7.963413828205316966e+74
7.963354015440203455e+74
7.128623622915791435e+74
3.204334683541924641e+74
3.204334683541872415e+74
3.200466518065920506e+74
2.283494636798532546e+74
2.283469865057320486e+74
2.201667034406798760e+74
2.201667019614179304e+74
2.201667019614177044e+74
2.201666961052786488e+74
2.199797669611741434e+74
2.199797669578740451e+74
4.615258622875384424e+73
1.023393742667099274e+73
1.015432970258090521e+73
6.151472670073409021e+72
6.151472670072739725e+72
6.150840938443126250e+72
6.150839283656430279e+72
6.150839283656429495e+72
5.299233604608243123e+72
5.299231556967677971e+72
5.247155505850712687e+72
5.247155503918472476e+72
5.247155501822785168e+72
5.247155501822785168e+72
5.246486537767895089e+72
5.898397354000192061e+71
5.514804646733773733e+71
1.786848747750831425e+71
1.786848747750820881e+71
1.785424280547548045e+71
1.353357398763254160e+71
1.353351242174196619e+71
1.283027244834620439e+71
1.283027220310799247e+71
1.283027220310795323e+71
1.283027220310795323e+71
1.283027211197962368e+71
1.280404549569400599e+71
1.280404549562212827e+71
4.642314074960473647e+70
8.254156113280269819e+69
8.192831161698945310e+69
3.799773728218061053e+69
3.799773728216059613e+69
3.799772101168893145e+69
3.799601543788647811e+69
3.328673394126542674e+69
3.328673394126542674e+69
3.328673394126542674e+69
3.328673023920383046e+69
3.277811189583920090e+69
3.277811189099167230e+69
3.277811185106888000e+69
3.277811185106888000e+69
3.276731613085217916e+69
6.613870265776358727e+68
6.054841714476414452e+68
1.513562479525742784e+68
1.513562479525739910e+68
1.512839090024268490e+68
9.480743326009077673e+67
9.480729481586760258e+67
8.988851469048437051e+67
8.988851158923633596e+67
8.988851158923486332e+67
8.988851158923486332e+67
8.988851130167404770e+67
8.956858141888406734e+67
8.956858141888406734e+67
8.956858141874666953e+67
3.647107271419483157e+67
9.319320537064208402e+66
9.263926151549589392e+66
9.263926151491519185e+66
3.415461660290948433e+66
3.415456222787728220e+66
3.415393077945150521e+66
2.668190503261457479e+66
2.668190503261457479e+66
2.668190503261457479e+66
2.668190350337823215e+66
2.621718062785980891e+66
2.621718056205815816e+66
2.621718056084664486e+66
2.621718056084664486e+66
2.621718056084663363e+66
2.619999555215185570e+66
5.524098647225429415e+65
5.238285627245254361e+65
1.699783373919052062e+65
1.699783373919051361e+65
1.699365223082193438e+65
9.056138774160194991e+64
9.056138774160194991e+64
9.056130653037114819e+64
8.121334436626338014e+64
8.121334436625746398e+64
8.121333389498706209e+64
8.121333389498706209e+64
8.121333380328483786e+64
8.084153233133644420e+64
8.084153233133644420e+64
8.084153233130675818e+64
9.351409819161195197e+63
8.443343921400843907e+63
8.443343921400843907e+63
8.443343921276560730e+63
8.422435936866957797e+63
3.745762824659997449e+63
3.745746546107331226e+63
3.745697719198419924e+63
3.745697719198419924e+63
2.671135273234137655e+63
2.671135273234137655e+63
2.671135213360368936e+63
2.570680425825830391e+63
2.570680399657409734e+63
2.570680399626503359e+63
2.570680399626503359e+63
2.570680399626497513e+63
2.568326352494691025e+63
7.142138582573372424e+62
1.638119540113030545e+62
1.626063958184484150e+62
1.626063958184483922e+62
1.625817920378196222e+62
9.720920770945958725e+61
9.720920770945958725e+61
9.720917115428505441e+61
8.366855040865682311e+61
8.366855040864065525e+61
8.366852274529372746e+61
8.366852274529372746e+61
8.366852271946838837e+61
8.366852271946838837e+61
8.280454818292551072e+61
8.280454818291452662e+61
1.266038832773404207e+61
1.186853713957905725e+61
1.186853713856329506e+61
1.186853713856329506e+61
3.850053058244545427e+60
3.847253322005487794e+60
3.847228848834962681e+60
3.847228848834962681e+60
3.847208726157751594e+60
2.889666082293132469e+60
2.889666082293132469e+60
2.889666063700673287e+60
2.738052411722467167e+60
2.738052337829929541e+60
2.738052337829929541e+60
2.738052337829913128e+60
2.738052337817545313e+60
2.738052337817545313e+60
2.732178754470094959e+60
1.206027656965882736e+60
2.405134873314624578e+59
2.388420318799667262e+59
1.100913361878766336e+59
1.100913361878766336e+59
1.100869297759633844e+59
1.100869297759633844e+59
1.100869297759633844e+59
1.100869173364795503e+59
1.100869173363637202e+59
9.597957266928146238e+58
9.597952079022453934e+58
9.597952079022453934e+58
9.597952077823707482e+58
9.597952077823707482e+58
9.449799894026223169e+58
9.449799894025909844e+58
2.424733303965274965e+58
2.424733302910010114e+58
2.240664646933729060e+58
2.240664646933729060e+58
5.924509583713244136e+57
5.921918876377801433e+57
5.921791190638189782e+57
5.921791190638189782e+57
3.692369253019422078e+57
3.692364334908318993e+57
3.692364334908318993e+57
3.692364334908318993e+57
3.692364324200547193e+57
3.494097467814809861e+57
3.494097467814809861e+57
3.494097296323785292e+57
3.494097296323785292e+57
3.494097296323673091e+57
3.494097296319247787e+57
3.494097296319247787e+57
3.481586450378300985e+57
1.709435508871089288e+57
4.738844601092263933e+56
4.713454741684220824e+56
4.713454741684220824e+56
1.790159606089789453e+56
1.790128691117044756e+56
1.790128691117044756e+56
1.790128691109421342e+56
1.790128691109421342e+56
1.395340220847787091e+56
1.395337806334616295e+56
1.395337735842897180e+56
1.395337735842897180e+56
1.395337735842897180e+56
1.395337735787227202e+56
1.370290459482664417e+56
1.370290459482664417e+56
1.370290454679658407e+56
1.370290454679648389e+56
3.702539598811772987e+55
3.529572046735477272e+55
1.173365838483398996e+55
1.173365838483398996e+55
1.173300179878852433e+55
1.173030518584658972e+55
1.173030518584658972e+55
1.173030518584658972e+55
6.353580576134577985e+54
6.353575439556343155e+54
6.353575439556343155e+54
5.695290429456354789e+54
5.695290423858594157e+54
5.695290423858594157e+54
5.695289420540878870e+54
5.695289420540878870e+54
5.695289420540137735e+54
5.695289420538309738e+54
5.695289420538309738e+54
5.668661790839927578e+54
3.416071594002188272e+54
7.853632618213623916e+53
7.835073437019195361e+53
7.835073437019195361e+53
3.491842850428185592e+53
3.491801360221960966e+53
3.491801360221960966e+53
3.491801360180625165e+53
3.491781554538900716e+53
2.511198978875765715e+53
2.511198978875765715e+53
2.511198928706911684e+53
2.511198928706911684e+53
2.511198928706911684e+53
2.511198928706911684e+53
2.417073107750755227e+53
2.417073107724787429e+53
2.417073107724787429e+53
2.417073074816684151e+53
2.417073074816684151e+53
8.447707870819229456e+52
8.204307974498425952e+52
8.204307974498417445e+52
2.050658511418901172e+52
2.050497682788385049e+52
2.050497682788384251e+52
2.050207142941577593e+52
2.050207142941577593e+52
2.050207142941577593e+52
1.222007419628483967e+52
1.222007002108519945e+52
1.222007002108519945e+52
1.055918397881677870e+52
1.055918397582564751e+52
1.055918397582564751e+52
1.055917945841520039e+52
1.055917945841156495e+52
1.055917945841156495e+52
1.045143090986735723e+52
1.045143090986615428e+52
1.045143090986615428e+52
7.902262372588007806e+51
1.962258620595745485e+51
1.962258620595745485e+51
1.958170718664068048e+51
6.530489211015237862e+50
6.530457323313434078e+50
6.530457323313434078e+50
6.530457322995048250e+50
6.530401766161677115e+50
4.893029950164061509e+50
4.893029920555325134e+50
4.893029920555325134e+50
4.893029920555325134e+50
4.893029920555325134e+50
4.643721038067075571e+50
4.643721038067075571e+50
4.643721038048340102e+50
4.643721038048340102e+50
4.643720878945575179e+50
4.643720878945575179e+50
2.382873769067597738e+50
2.314552468352376113e+50
2.314552468352375698e+50
2.314552468352363652e+50
2.312129435797452758e+50
5.372300230064526551e+49
5.372300230064526551e+49
5.371861975615856796e+49
5.371861975615856796e+49
2.508297285142832984e+49
2.508297011691613985e+49
2.508297011691613985e+49
2.185040169228082580e+49
2.185040169228082580e+49
2.185040168977721448e+49
2.185038617629716705e+49
2.185038617626289530e+49
2.185038617626289530e+49
2.152546866256515911e+49
2.152546866256451786e+49
2.152546866256451786e+49
2.152546866256451786e+49
1.743865021420274953e+49
6.289843315077083696e+48
6.280608509519254199e+48
6.280608509519254199e+48
1.792334282881773025e+48
1.792330548977209955e+48
1.792330548663069180e+48
1.792330548663069180e+48
1.792281009628625430e+48
1.126909377623897186e+48
1.126909377623897186e+48
1.126909374554057462e+48
1.126909374554057462e+48
1.126909374554057462e+48
1.066485145647210047e+48
1.066485145647210047e+48
1.066485145647210047e+48
1.066485145645969575e+48
1.066485078345707173e+48
1.066485078345650382e+48
6.030066973988516380e+47
6.018440659144702480e+47
5.921436214845846229e+47
5.921436214845846229e+47
5.921436214845846229e+47
1.824762422738846365e+47
1.824762422738846365e+47
1.824683821869501892e+47
1.824683821869501892e+47
7.255385125002079086e+46
7.255384677787051867e+46
5.689998244856336004e+46
5.689998244856336004e+46
5.689998244856336004e+46
5.689985791588072637e+46
5.689985791374931893e+46
5.689985791344490024e+46
5.689985791344490024e+46
5.689985791344490024e+46
5.589314719861244312e+46
5.589314719861204762e+46
5.589314719861204762e+46
5.589314719861204762e+46
4.930100276298344937e+46
4.930100276298344937e+46
1.781373566361020783e+46
1.780221155472635963e+46
6.174158060322561149e+45
6.174158057333015103e+45
6.174149396601998035e+45
6.173733481946904210e+45
6.173733481946904210e+45
6.173733481946904210e+45
3.440269340795241795e+45
3.440269340795241795e+45
3.440269340795241161e+45
3.440269337203390581e+45
3.440269337203390581e+45
3.095998561263670771e+45
3.095998561263670771e+45
3.095998561263670771e+45
3.095998561262708625e+45
3.095997889868007107e+45
3.095997889867380254e+45
3.095997889867380254e+45
3.081991005598244983e+45
2.071141920111705162e+45
2.053148940232565266e+45
5.481220682359955962e+44
5.481220682359955962e+44
5.481220682359955962e+44
5.481082054483833445e+44
2.482989996357568684e+44
2.482989996357568684e+44
2.482989930600712460e+44
2.482989930600712460e+44
1.815298423288044035e+44
1.815289454994200118e+44
1.815289454994200118e+44
1.815289454969350998e+44
1.815289454969350998e+44
1.815289454949393820e+44
1.815289454949393820e+44
1.750618109601326532e+44
1.750618109601326532e+44
1.750618109601326532e+44
1.750618109601322174e+44
1.750618109601322174e+44
1.750618109601322174e+44
1.643615069954924171e+44
7.162213748868537409e+43
7.158571868814391953e+43
1.949849162514577105e+43
1.949849158985012973e+43
1.949849158985012973e+43
1.949659089471635178e+43
1.949658005264079390e+43
1.170420241590946634e+43
1.170420241590946634e+43
1.170420241590946139e+43
1.170420241590946139e+43
1.170420241208490506e+43
1.170420241208490506e+43
1.170420241208490506e+43
1.019714058920886701e+43
1.019714058920772687e+43
1.019714058920772687e+43
1.019713543586551750e+43
1.019713543586006437e+43
1.019713543586006437e+43
1.009993993876423168e+43
8.088807859257293198e+42
8.035052766980848041e+42
2.390550307694238967e+42
2.390550307694238967e+42
2.390550307694238967e+42
2.390517202786723620e+42
8.365573491429861442e+41
8.365573491429861442e+41
8.365573491429861442e+41
8.365573422763051295e+41
6.295536843104763845e+41
6.295536843104763845e+41
6.295487417544547322e+41
6.295487417190752570e+41
6.295487417190752570e+41
6.295487417164504372e+41
6.295487417164504372e+41
5.995414340910937728e+41
5.995414340910937728e+41
5.995414340910937728e+41
5.995414340910937728e+41
5.995414340910937728e+41
5.995414340910934633e+41
5.745039667002647193e+41
3.372370309294153293e+41
3.372370309294153293e+41
3.371356427003750173e+41
3.371356352344388743e+41
8.955890822943223096e+40
8.955890822943223096e+40
8.953313404123662784e+40
8.953311300698255569e+40
4.307676800481609831e+40
4.307676800481604996e+40
4.307676800481604996e+40
4.307676800481604996e+40
4.307676800481604996e+40
4.307676799915093169e+40
3.764372423578595035e+40
3.764372423578595035e+40
3.764369205543767328e+40
3.764369205543654172e+40
3.764369205543654172e+40
3.764369205543654172e+40
3.764369205534858995e+40
3.712840229358963023e+40
3.150063169673282779e+40
1.291556885041105749e+40
1.289827120292190923e+40
1.289827120292190923e+40
1.289827120292190923e+40
1.289818254307611371e+40
4.027807627249744960e+39
4.027807627249744960e+39
4.027807627249744960e+39
4.027807627249744960e+39
4.027807627249744960e+39
4.027807609842979398e+39
2.584533266248431578e+39
2.584533265826528859e+39
2.584479712756400042e+39
2.584479712756400042e+39
2.584479712756400042e+39
2.584479712753184602e+39
2.450861097986328874e+39
2.450861097986328874e+39
2.450861097986328874e+39
2.450861097986328874e+39
2.450861097986328874e+39
2.450861097986328269e+39
1.544647471705138865e+39
1.523176416561850628e+39
1.523176416561850628e+39
1.523176346730748600e+39
1.523176346730748600e+39
5.178219388091451812e+38
5.177999422685228832e+38
5.174634787415273256e+38
5.174634787415190143e+38
5.174634019091569545e+38
2.183768129985439143e+38
2.183768129985439143e+38
2.183768129985439143e+38
2.183768129879611665e+38
2.183768129879611665e+38
1.735787610741201147e+38
1.735787610741201147e+38
1.735783211906303688e+38
1.735783211906303688e+38
1.735783211893072373e+38
1.735783211893059150e+38
1.735783211893059150e+38
1.706801225943156836e+38
1.547266719735707788e+38
1.547266719735707788e+38
6.496860098705703680e+37
6.492830665873229793e+37
6.492830665873229793e+37
2.384142401428904251e+37
2.384142401428904251e+37
2.384139088928605066e+37
2.384139088928605066e+37
2.384139088928605066e+37
2.384139088928605066e+37
2.384139088928605066e+37
2.384139084495512336e+37
1.381060614247810384e+37
1.381060613695799979e+37
1.381000877207577392e+37
1.381000877207577392e+37
1.381000877207577392e+37
1.381000877207073279e+37
1.381000877207073279e+37
1.381000877207073043e+37
1.252314919142201787e+37
1.252314919142201787e+37
1.252314919142201787e+37
1.252314919142201787e+37
1.252314919142201787e+37
9.098812714551360706e+36
9.098811112569752554e+36
9.029834388043323719e+36
2.778590407736100751e+36
2.778590407736100751e+36
2.778521148869859285e+36
2.775951235389712839e+36
2.775951235389543424e+36
1.295884829171455976e+36
1.295884794146258643e+36
1.295884794146258643e+36
1.295884794146258643e+36
9.695939731119459027e+35
9.695939731004903271e+35
9.695939731004903271e+35
9.695939731004903271e+35
9.695886110996129144e+35
9.695886110996129144e+35
9.695886110806955570e+35
9.695886110806930482e+35
9.695886110806930482e+35
9.381993664445918926e+35
9.381993664445918926e+35
9.381993664445918926e+35
8.917063395252570093e+35
4.459443817373564396e+35
4.457367514677602682e+35
4.457367514677602682e+35
4.457367514677602682e+35
1.345604797858891860e+35
1.345604030868537383e+35
1.345604030868537383e+35
1.345604030868537383e+35
1.345604030868537383e+35
1.345604030868537383e+35
1.345604027499576415e+35
8.218756105206151043e+34
8.218194783045737150e+34
8.218194783045737150e+34
8.218194780153418651e+34
8.218194780153418651e+34
8.218194780153414039e+34
8.218194780153414039e+34
7.244740714829625207e+34
7.244740714828770201e+34
7.244740714828770201e+34
7.244740714828770201e+34
7.244736747141075812e+34
7.244736747141075812e+34
6.035808457671955513e+34
6.002547527720504843e+34
6.002547527720504843e+34
2.085986579033913581e+34
2.080885041652944674e+34
2.080856806485191946e+34
2.080856806484755220e+34
2.080856806484755220e+34
2.080856806484755220e+34
7.783346693343222171e+33
7.783346623963908599e+33
7.783346623963908599e+33
5.922494770049522211e+33
5.922494770023138755e+33
5.922494770023138755e+33
5.922494770023138755e+33
5.922441687492588375e+33
5.922441687038826141e+33
5.922441687038826141e+33
5.922441687038826141e+33
5.922441687038826141e+33
5.667925344844320108e+33
5.667925344844316650e+33
5.667925344844316650e+33
5.667925344844316650e+33
5.479197026947009795e+33
5.479197026947009795e+33
3.500987587308985075e+33
3.500987587308985075e+33
3.500057207684010438e+33
1.067182095665271209e+33
1.067181830765546490e+33
1.067181830765546490e+33
1.067181830765546490e+33
1.067181830765546490e+33
1.067181822487227381e+33
1.067181822487227381e+33
1.066848074101591023e+33
5.367655054039139560e+32
5.367655053277507364e+32
5.367655053277507364e+32
5.367655053277507364e+32
5.367655053277496555e+32
4.723282684400633487e+32
4.723282684400633487e+32
4.723282684400478563e+32
4.723282684400478563e+32
4.723278209574390285e+32
4.723278209574390285e+32
4.133095303173778568e+32
4.133095303173778568e+32
4.121727384348913275e+32
4.121727384348913275e+32
4.078316938486530155e+32
4.078316938475748898e+32
1.876335693683195737e+32
1.876323087961649361e+32
1.876323087961649361e+32
1.876323087961649361e+32
6.482518409004837228e+31
6.482518379297218787e+31
6.482518379297218787e+31
4.288756562245946347e+31
4.288756562245946347e+31
4.288756562240058341e+31
4.288658376707592191e+31
4.288658376707592191e+31
4.288658375778040221e+31
4.288658375778040221e+31
4.288658375778040221e+31
4.288658375778040221e+31
4.288658375778040221e+31
4.082305783138237133e+31
4.082305783138237133e+31
4.082305783138237133e+31
4.082305783138237133e+31
4.082305783138237133e+31
4.009994136737552417e+31
2.761317348755768012e+31
2.760999495558770818e+31
1.040165100011702905e+31
1.040165100011702905e+31
1.040164944668545337e+31
1.040164923801238286e+31
1.040164923801238286e+31
1.039468482943161544e+31
4.707759172527294334e+30
4.707759172527294334e+30
4.707759172527294334e+30
4.707759172527294334e+30
4.707759172277963236e+30
4.707759172277911445e+30
4.707759172277911445e+30
3.815405707043200171e+30
3.815405707043200171e+30
3.815405707043200171e+30
3.815405707043166394e+30
3.815395407511301965e+30
3.520245197217132016e+30
3.520245197185752059e+30
3.520245197185752059e+30
3.471190838592657482e+30
3.466781426481332743e+30
1.658055378170082055e+30
1.658055378170082055e+30
1.658055378170082055e+30
1.658055378170082055e+30
1.658049302011483683e+30
6.527632577430485254e+29
6.527632577430485254e+29
6.527632564611201428e+29
3.964202433063798047e+29
3.964202433063798047e+29
3.964202433063798047e+29
3.964202433063798047e+29
3.964202433063798047e+29
3.964202433063798047e+29
3.964018110441827398e+29
3.964018108334662093e+29
3.964018108332988725e+29
3.964018108332988725e+29
3.964018108332988725e+29
3.964018108332988725e+29
3.632296721531196272e+29
3.632296721531196272e+29
3.632296721531196272e+29
3.632296721531195568e+29
3.632296721531195568e+29
3.600574647384567997e+29
2.780070825303212971e+29
2.780070825303212971e+29
2.779871937721381844e+29
9.852588879218088637e+28
9.852588218811804984e+28
9.852587625667650820e+28
9.842877266952859155e+28
9.842877266952859155e+28
9.842877266952859155e+28
4.796029342980240070e+28
4.796029342980240070e+28
4.796029342980030723e+28
4.796029342980030723e+28
4.796029342893938962e+28
4.796029342893938962e+28
3.691725029019739916e+28
3.691725029019739916e+28
3.691725029019728921e+28
3.691725029019728921e+28
3.691703841215964001e+28
3.691703841124394033e+28
3.691703841124394033e+28
3.587771338585436598e+28
3.438895630767590871e+28
3.436222875825241237e+28
1.924037357285304289e+28
1.924037357285304289e+28
1.924037357285304289e+28
1.924037357285304289e+28
1.924033875268815323e+28
6.512822437631802793e+27
6.512822437631802793e+27
6.512822433386179380e+27
6.512822433386179380e+27
6.512822433386179380e+27
6.512822433386179380e+27
6.512822433386179380e+27
4.087038001504928415e+27
4.087038001504928415e+27
4.086733447468201156e+27
4.086733439568176576e+27
4.086733439568176576e+27
4.086733439568176576e+27
4.086733439567556451e+27
4.086733439567556451e+27
3.654733052342737753e+27
3.654733052342737753e+27
3.654733052342737753e+27
3.654733052342735004e+27
3.654733052342735004e+27
3.654733052342735004e+27
3.654733052342735004e+27
3.634843140628700701e+27
3.123786126899669527e+27
3.123786126899669527e+27
3.123679259135512648e+27
1.255632742762901756e+27
1.255632507079921600e+27
1.255632507079921600e+27
1.252554315858897621e+27
1.252554283965303910e+27
5.082743812802564263e+26
5.082743812801940290e+26
5.082743812801940290e+26
5.082743812801940290e+26
5.082743812801940290e+26
5.082743812768229263e+26
5.082743812768229263e+26
3.935122923030376868e+26
3.935122923030376868e+26
3.935085500391820780e+26
3.935085500391817344e+26
3.935085500391817344e+26
3.935085500024824414e+26
3.935085500024824414e+26
3.788231396300171635e+26
3.684274885299410645e+26
2.518795415309606719e+26
2.518184879267494131e+26
2.518184879267494131e+26
2.518184879267494131e+26
2.518182894862974394e+26
2.518182894862974394e+26
8.807485882069243243e+25
8.807485882069243243e+25
8.807485882069243243e+25
8.807485882069243243e+25
8.807485882069243243e+25
8.807485882069243243e+25
8.807485882069243243e+25
8.807485879362276539e+25
4.690544388539814672e+25
4.690544388539814672e+25
4.689760369059263938e+25
4.689760346199609743e+25
4.689760346199609743e+25
4.689760346199609743e+25
4.689760346199404443e+25
4.169467625045957337e+25
4.169467625045946170e+25
4.169467625045946170e+25
4.169467625045946170e+25
4.169467625045946170e+25
4.169467625045946170e+25
4.169467625045946170e+25
3.736611093946725864e+25
3.727735722971549008e+25
3.727732493844895397e+25
3.727732493844895397e+25
1.887570623405968290e+25
1.887570623405968290e+25
1.887557641060943321e+25
1.878843532747899839e+25
1.878843507729035876e+25
7.235794136558171912e+24
7.235794136553708367e+24
7.235794136553708367e+24
7.235794136553708367e+24
7.235794136536527424e+24
7.235794136536527424e+24
7.235794136536527424e+24
4.976483702276837754e+24
4.976483702276837754e+24
4.976366717198335836e+24
4.976366717198335836e+24
4.976366715908701039e+24
4.976366715908699965e+24
4.976366715908699965e+24
4.761619846424961976e+24
4.690818984614146370e+24
3.439882893538239827e+24
3.439503996688719461e+24
3.439503996688719461e+24
3.439503996688719461e+24
3.439503996688719461e+24
3.439503996688719461e+24
1.436512037051133696e+24
1.436511811912603057e+24
1.436511811912603057e+24
1.436511811912603057e+24
1.436511811912603057e+24
1.436511811912603057e+24
1.436511811912603057e+24
1.436511811912603057e+24
1.436511811912603057e+24
7.039754772837427682e+23
7.039754772402528689e+23
7.039754692331466811e+23
7.037537890542576793e+23
7.037537890542576793e+23
7.037537890542576793e+23
7.037537890542481498e+23
7.037537890542372782e+23
5.841404259739024700e+23
5.841404259739024700e+23
5.841404259739024700e+23
5.841404259739024700e+23
5.841404259739024700e+23
5.841404259739024700e+23
5.464017390286683379e+23
5.464017390286683379e+23
5.464003829281829379e+23
5.457682135568330512e+23
2.901405567141790226e+23
2.901394873120999699e+23
2.901394873120999699e+23
2.882490115524278742e+23
2.882490115508710828e+23
1.229207740417561959e+23
1.229207737724597499e+23
1.229207737724597499e+23
1.229207737724597499e+23
7.876492623026195110e+22
7.876492623022034361e+22
7.876492623022034361e+22
7.876492623022034361e+22
7.876124717248755532e+22
7.876124717248755532e+22
7.876124717248755532e+22
7.876124712226960651e+22
7.876124712226958973e+22
7.305869287516031418e+22
7.305869287516031418e+22
7.305869287516031418e+22
7.305869287516031418e+22
7.305869287516031418e+22
7.250009875095455846e+22
7.250009875095455846e+22
5.850577010255428846e+22
5.850194866663943098e+22
5.850194866663943098e+22
5.850194866663942259e+22
2.374311389883666740e+22
2.374311389883666740e+22
2.374311235215699843e+22
2.374311235215699843e+22
2.374311235215699843e+22
2.374311235215699843e+22
2.374311057179065031e+22
2.374311057179065031e+22
1.221110999857275653e+22
1.220497513423114024e+22
1.220497513396384773e+22
1.220497513396384773e+22
1.220497513396384773e+22
1.220497513396313050e+22
1.220497513396313050e+22
9.700871527229879747e+21
9.700871527229844095e+21
9.700871527229844095e+21
9.700871527229844095e+21
9.700817863167300338e+21
9.700817863167300338e+21
9.344235157081045336e+21
9.344235157081045336e+21
9.337786371442800067e+21
9.337786371442800067e+21
5.688515909144545329e+21
5.609637987730723963e+21
5.609627934900819591e+21
5.609627934809165660e+21
5.609627934809165660e+21
2.144567594126120321e+21
2.144567594126120321e+21
2.144567592450020606e+21
2.144567592450020606e+21
1.395243973997635043e+21
1.395243973997378142e+21
1.395137774433975665e+21
1.395137774433975665e+21
1.395137774433975665e+21
1.395137774433975665e+21
1.395137771354039517e+21
1.395137771354039517e+21
1.395137771354039517e+21
1.395137771354039517e+21
1.395137771354039517e+21
1.267731109374720737e+21
1.267731109374720737e+21
1.267731109374720737e+21
1.267731109374720737e+21
1.267731109374720737e+21
1.261849494235768685e+21
1.108336643277885669e+21
1.108336643277885669e+21
1.108336643277884621e+21
1.108302154237211181e+21
1.108302154237211181e+21
5.083287298798626406e+20
5.083287153836463227e+20
5.083287153836463227e+20
5.083287153836463227e+20
5.083286129319971389e+20
5.071681410019719905e+20
5.071681410019719905e+20
2.258877019900290335e+20
2.258877019900290335e+20
2.258877019882273178e+20
2.258877019882273178e+20
2.258877019882273178e+20
2.258877019881890447e+20
1.789451565703266632e+20
1.789451565703266632e+20
1.789451565703264993e+20
1.789451565703264993e+20
1.789434767431897580e+20
1.746571387943423181e+20
1.746571387943423181e+20
1.746004606437121393e+20
1.692896550978595389e+20
1.692896550815433359e+20
1.220597749910852239e+20
1.220597749910852239e+20
1.220597749910852239e+20
1.220597749910852239e+20
1.220597749910852239e+20
1.220596776705397064e+20
4.889876634610457805e+19
4.889876634610457805e+19
4.889876632895696896e+19
2.784836956408715674e+19
2.784836956408715674e+19
2.784836956408715674e+19
2.784374353802925670e+19
2.784374353802772890e+19
2.784374338401436058e+19
2.784374338401436058e+19
2.784374338401436058e+19
2.784374338401436058e+19
2.784374338401436058e+19
2.784374338401436058e+19
2.784374338401436058e+19
2.784374338401436058e+19
2.784374338401436058e+19
2.508140525028904141e+19
2.508140525028904141e+19
2.508140525028904141e+19
2.508140525028904141e+19
2.508140525028895130e+19
2.508140525028895130e+19
2.502337514660060774e+19
2.283653235713412710e+19
2.283623296100743578e+19
2.283623296100743578e+19
1.262295182198845850e+19
1.262294601012056883e+19
1.262294583421712998e+19
1.257102609342715904e+19
1.257102609342715904e+19
5.433715595278267392e+18
5.433715595278267392e+18
5.433715595278267392e+18
5.433715595278267392e+18
5.433715595273939968e+18
5.433715595258331136e+18
5.433715595258331136e+18
5.433715595258331136e+18
3.910487382942049280e+18
3.910487382942049280e+18
3.910487382942048256e+18
3.910487382942048256e+18
3.910399661450523648e+18
3.910399660357584384e+18
3.858363862066957824e+18
3.716877216898113536e+18
3.716352265203980288e+18
3.716352265203980288e+18
2.867231411302016000e+18
2.867231411302016000e+18
2.867231411302016000e+18
2.867231411302016000e+18
2.867231411302016000e+18
2.867230354551164416e+18
1.321736682501015040e+18
1.321736682501015040e+18
1.321736682313444608e+18
7.069925665331198720e+17
7.069925665331198720e+17
7.069925665331198720e+17
7.069925665331198720e+17
7.069925665331198720e+17
7.067758758738849280e+17
7.067758667447228160e+17
7.067758667447228160e+17
7.067758667447228160e+17
7.067758667447104000e+17
7.067758667447104000e+17
7.067758667447104000e+17
6.027585748061856000e+17
6.027585748061856000e+17
6.027585748061856000e+17
6.027585748061856000e+17
6.027585748061856000e+17
6.027585748061758720e+17
6.027585748061758720e+17
6.027585748061758720e+17
6.027585748061758720e+17
6.020724737736648960e+17
5.690984899927944960e+17
5.690984899927944960e+17
5.690948310876328960e+17
3.341766372150369920e+17
3.341761917938483200e+17
3.321818393105968640e+17
3.321818374868211200e+17
3.321818374868211200e+17
1.541615253690782080e+17
1.541615253690782080e+17
1.541615253686409280e+17
1.541615253686409280e+17
1.541615253686409280e+17
1.541615253684843520e+17
1.541615253684843520e+17
1.048496015956154560e+17
1.048496015956154560e+17
1.048496015956154560e+17
1.048496015956154400e+17
1.048450177339429440e+17
1.048450177339429440e+17
1.048450176616636960e+17
1.048450176616636960e+17
9.855238920337641600e+16
9.787217670515732800e+16
9.786501364685396800e+16
8.181906004844672000e+16
8.181906004844672000e+16
8.181906004844672000e+16
8.181904716527019200e+16
3.782147970104941600e+16
3.782147970104941600e+16
3.782147970104941600e+16
3.782147970104941600e+16
3.782147970104941600e+16
3.782147970104941600e+16
3.782147970104940800e+16
3.782147969913549600e+16
3.782147969913549600e+16
3.782147969913549600e+16
2.069238581336839600e+16
2.068219520095778000e+16
2.068219434611561600e+16
2.068219434611561600e+16
2.068219434611561600e+16
2.068219434611561600e+16
2.068219434611549600e+16
2.068219434611549600e+16
2.068219434611549600e+16
1.702369585813016400e+16
1.702369585812918400e+16
1.702369585812918400e+16
1.702369585812918400e+16
1.702369585812918400e+16
1.702369585812918400e+16
1.702369585812918400e+16
1.702369585812918400e+16
1.647190659422286400e+16
1.646181859337421200e+16
1.646174002716802000e+16
1.646174002716802000e+16
1.089201636398263000e+16
1.089199629794474000e+16
1.089199629794474000e+16
1.076199908373667400e+16
1.076199905988179200e+16
4.670342642250875000e+15
4.670342642213955000e+15
4.670342642213955000e+15
4.670342642213955000e+15
4.670342642212326000e+15
4.670342642212326000e+15
3.168411073683666500e+15
3.168411073683666500e+15
3.168411073683666500e+15
3.168411073683666500e+15
3.168181237755135000e+15
3.168181237755135000e+15
3.168181230538027000e+15
3.168181230538027000e+15
3.168181230538027000e+15
2.927779547076761000e+15
2.915932188869002000e+15
2.604716312460174000e+15
2.604640352146129500e+15
2.604640352146129500e+15
2.604640352146129500e+15
1.348664753960265000e+15
1.348664710339450750e+15
1.348664710339450750e+15
1.348664710339450750e+15
1.348664710339450750e+15
1.348664710339450750e+15
1.348664710339450000e+15
1.348664710339450000e+15
1.348664710339450000e+15
1.348664710339450000e+15
1.348664710339450000e+15
6.646555125301906250e+14
6.646555125301906250e+14
6.646555125234920000e+14
6.646554483510128750e+14
6.640067463649922500e+14
6.640067463649922500e+14
6.640067463649922500e+14
6.640067463649922500e+14
6.640067463649911250e+14
5.400408478326086250e+14
5.400408478325181250e+14
5.400408478325181250e+14
5.400408478325181250e+14
5.400408478325181250e+14
5.400408478325181250e+14
5.400408478325181250e+14
5.289789897821045625e+14
5.289789897821045625e+14
5.288231784243791250e+14
5.288187264874986250e+14
5.288187264874986250e+14
3.958550650475788750e+14
3.958547347619936250e+14
3.885947064604640000e+14
3.885947064604640000e+14
3.885947064325138750e+14
1.778985325125570000e+14
1.778985324386845312e+14
1.778985324386845312e+14
1.778985324386845312e+14
1.091724749770699062e+14
1.091724749770619375e+14
1.091724749770619375e+14
1.091724749770619375e+14
1.091556323912713438e+14
1.091556323912713438e+14
1.091556323912713438e+14
1.091556323912713438e+14
1.091556317685433438e+14
1.091556317685433438e+14
9.976560519731225000e+13
9.976560519731225000e+13
9.976560519731225000e+13
9.955924072864217188e+13
9.955924072864217188e+13
9.216081527638998438e+13
9.216081527638998438e+13
9.215963022468085938e+13
9.215963022468085938e+13
5.506116933729642969e+13
5.506116933729642969e+13
5.506116933729630469e+13
5.506116851330403125e+13
5.506116851330403125e+13
5.506116851330403125e+13
5.506116851330403125e+13
5.506116851330403125e+13
5.506116851330403125e+13
5.506114433110717188e+13
2.677322658894530469e+13
2.672846321129925781e+13
2.672846321129925781e+13
2.672846321129925781e+13
2.672846321120214062e+13
2.672846321120214062e+13
2.672846321120214062e+13
2.672846321117787500e+13
2.672846321117787500e+13
2.021596488950699609e+13
2.021596488950698828e+13
2.021596488950698828e+13
2.021596488950698828e+13
2.021596488950698828e+13
2.021596488950698828e+13
2.021596488950698828e+13
2.021596488950698828e+13
2.021596488950698828e+13
2.021596488950698828e+13
2.021596488950698828e+13
2.021596488950698828e+13
2.021596488950698828e+13
2.021596488950698828e+13
2.021596488950698828e+13
2.021596488950698828e+13
2.021596488950698828e+13
2.021596488950698828e+13
2.021596488950698828e+13
2.021596488950698828e+13
2.021596488950698828e+13
2.021596488950698828e+13
2.021596488950698828e+13
2.021596488950698828e+13
2.021596488950698828e+13
2.021596488950698828e+13
2.021596488950698828e+13
2.021596488950698828e+13
2.021596488950698828e+13
2.021596488950698828e+13
2.021596488950698828e+13
2.021596488950698828e+13
2.021596488950698828e+13
2.021596488950698828e+13
2.021596488950698828e+13
2.021596488950698828e+13
2.021596488950698828e+13
2.021596488950698828e+13
2.021596488950698828e+13
2.021596488950698828e+13
2.021596488950698828e+13
2.021596488950698828e+13
2.021596488950698828e+13
2.021596488950698828e+13
2.021596488950698828e+13
2.021596488950698828e+13
2.021596488950698828e+13
2.021596488950698828e+13
2.021596488950698828e+13
2.021596488950698828e+13
2.021596488950698828e+13
2.021596488950698828e+13
2.021596488950698828e+13
2.021596488950698828e+13
2.021596488950698828e+13
2.021596488950698828e+13
2.021596488950698828e+13
2.021596488950698828e+13
2.021596488950698828e+13
2.021596488950698828e+13
2.021596488950698828e+13
2.021596488950698828e+13
2.021596488950698828e+13
2.021596488950698828e+13
2.021596488950698828e+13
2.021596488950698828e+13
2.021596488950698828e+13
2.021596488950698828e+13
2.021596488950698828e+13
2.021596488950698828e+13
2.021596488950698828e+13
2.021596488950698828e+13
2.021596488950698828e+13
2.021596488950698828e+13
2.021596488950698828e+13
2.021596488950698828e+13
2.021596488950698828e+13
2.021596488950698828e+13
2.021596488950698828e+13
2.021596488950698828e+13
2.021596488950698828e+13
2.021596488950698828e+13
2.021596488950698828e+13
2.021596488950698828e+13
2.021596488950698828e+13
2.021596488950698828e+13
2.021596488950698828e+13
2.021596488950698828e+13
2.021596488950698828e+13
2.021596488950698828e+13
2.021596488950698828e+13
2.021596488950698828e+13
2.021596488950698828e+13
2.021596488950698828e+13
2.021596488950698828e+13
2.021596488950698828e+13
2.021596488950698828e+13
2.021596488950698828e+13
2.021596488950698828e+13
2.021596488950698828e+13
2.021596488950698828e+13
2.021596488950698828e+13
2.021596488950698828e+13
2.021596488950698828e+13
2.021596488950698828e+13
2.021596488950698828e+13
2.021596488950698828e+13
2.021596488950698828e+13
2.021596488950698828e+13
2.021596488950698828e+13
2.021596488950698828e+13
2.021596488950698828e+13
2.021596488950698828e+13
2.021596488950698828e+13
2.021596488950698828e+13
2.021596488950698828e+13
2.021596488950698828e+13
2.021596488950698828e+13
2.021596488950698828e+13
2.021596488950698828e+13
2.021596488950698828e+13
2.021596488950698828e+13
2.021596488950698828e+13
2.021596488950698828e+13
2.021596488950698828e+13
2.021596488950698828e+13
2.021596488950698828e+13
2.021596488950698828e+13
2.021596488950698828e+13
2.021596488950698828e+13
2.021596488950698828e+13
2.021596488950698828e+13
2.021596488950698828e+13
2.021596488950698828e+13
2.021596488950698828e+13
2.021596488950698828e+13
2.021596488950698828e+13
2.021596488950698828e+13
2.021596488950698828e+13
2.021596488950698828e+13
2.021596488950698828e+13
2.021596488950698828e+13
2.021596488950698828e+13
2.021596488950698828e+13
2.021596488950698828e+13
2.021596488950698828e+13
2.021596488950698828e+13
2.021596488950698828e+13
2.021596488950698828e+13
2.021596488950698828e+13
2.021596488950698828e+13
2.021596488950698828e+13
2.021596488950698828e+13
2.021596488950698828e+13
2.021596488950698828e+13
2.021596488950698828e+13
2.021596488950698828e+13
2.021596488950698828e+13
2.021596488950698828e+13
2.021596488950698828e+13
2.021596488950698828e+13
2.021596488950698828e+13
2.021596488950698828e+13
2.021596488950698828e+13
2.021596488950698828e+13
2.021596488950698828e+13
2.021596488950698828e+13
2.021596488950698828e+13
2.021596488950698828e+13
2.021596488950698828e+13
2.021596488950698828e+13
2.021596488950698828e+13
2.021596488950698828e+13
2.021596488950698828e+13
2.021596488950698828e+13
2.021596488950698828e+13
2.021596488950698828e+13
2.021596488950698828e+13
2.021596488950698828e+13
2.021596488950698828e+13
2.021596488950698828e+13
2.021596488950698828e+13
2.021596488950698828e+13
2.021596488950698828e+13
2.021596488950698828e+13
2.021596488950698828e+13
2.021596488950698828e+13
2.021596488950698828e+13
2.021596488950698828e+13
2.021596488950698828e+13
2.021596488950698828e+13
2.021596488950698828e+13
2.021596488950698828e+13
2.021596488950698828e+13
2.021596488950698828e+13
2.021596488950698828e+13
2.021596488950698828e+13
2.021596488950698828e+13
2.021596488950698828e+13
2.021596488950698828e+13
2.021596488950698828e+13
2.021596488950698828e+13
2.021596488950698828e+13
2.021596488950698828e+13
2.021596488950698828e+13
2.021596488950698828e+13
2.021596488950698828e+13
2.021596488950698828e+13
2.021596488950698828e+13
2.021596488950698828e+13
2.021596488950698828e+13
2.021596488950698828e+13
2.021596488950698828e+13
2.021596488950698828e+13
2.021596488950698828e+13
2.021596488950698828e+13
2.021596488950698828e+13
2.021596488950698828e+13
2.021596488950698828e+13
2.021596488950698828e+13
2.021596488950698828e+13
2.021596488950698828e+13
2.021596488950698828e+13
2.021596488950698828e+13
2.021596488950698828e+13
2.021596488950698828e+13
2.021596488950698828e+13
2.021596488950698828e+13
2.021596488950698828e+13
2.021596488950698828e+13
2.021596488950698828e+13
2.021596488950698828e+13
2.021596488950698828e+13
2.021596488950698828e+13
2.021596488950698828e+13
2.021596488950698828e+13
2.021596488950698828e+13
2.021596488950698828e+13
2.021596488950698828e+13
2.021596488950698828e+13
2.021596488950698828e+13
2.021596488950698828e+13
2.021596488950698828e+13
2.021596488950698828e+13
2.021596488950698828e+13
2.021596488950698828e+13
2.021596488950698828e+13
2.021596488950698828e+13
2.021596488950698828e+13
2.021596488950698828e+13
2.021596488950698828e+13
2.021596488950698828e+13
2.021596488950698828e+13
2.021596488950698828e+13
2.021596488950698828e+13
2.021596488950698828e+13
2.021596488950698828e+13
2.021596488950698828e+13
2.021596488950698828e+13
2.021596488950698828e+13
2.021596488950698828e+13
2.021596488950698828e+13
2.021596488950698828e+13
2.021596488950698828e+13
2.021596488950698828e+13
2.021596488950698828e+13
2.021596488950698828e+13
2.021596488950698828e+13
2.021596488950698828e+13
2.021596488950698828e+13
2.021596488950698828e+13
2.021596488950698828e+13
2.021596488950698828e+13
2.021596488950698828e+13
2.021596488950698828e+13
2.021596488950698828e+13
2.021596488950698828e+13
2.021596488950698828e+13
2.021596488950698828e+13
2.021596488950698828e+13
2.021596488950698828e+13
2.021596488950698828e+13
2.021596488950698828e+13
2.021596488950698828e+13
2.021596488950698828e+13
2.021596488950698828e+13
2.021596488950698828e+13
2.021596488950698828e+13
2.021596488950698828e+13
2.021596488950698828e+13
2.021596488950698828e+13
2.021596488950698828e+13
2.021596488950698828e+13
2.021596488950698828e+13
2.021596488950698828e+13
2.021596488950698828e+13
2.021596488950698828e+13
2.021596488950698828e+13
2.021596488950698828e+13
2.021596488950698828e+13
2.021596488950698828e+13
2.021596488950698828e+13
2.021596488950698828e+13
2.021596488950698828e+13
2.021596488950698828e+13
2.021596488950698828e+13
2.021596488950698828e+13
2.021596488950698828e+13
2.021596488950698828e+13
2.021596488950698828e+13
2.021596488950698828e+13
2.021596488950698828e+13
2.021596488950698828e+13
2.021596488950698828e+13
2.021596488950698828e+13
2.021596488950698828e+13
2.021596488950698828e+13
2.021596488950698828e+13
2.021596488950698828e+13
2.021596488950698828e+13
2.021596488950698828e+13
2.021596488950698828e+13
2.021596488950698828e+13
2.021596488950698828e+13
2.021596488950698828e+13
2.021596488950698828e+13
2.021596488950698828e+13
2.021596488950698828e+13
2.021596488950698828e+13
2.021596488950698828e+13
2.021596488950698828e+13
2.021596488950698828e+13
2.021596488950698828e+13
2.021596488950698828e+13
2.021596488950698828e+13
2.021596488950698828e+13
2.021596488950698828e+13
2.021596488950698828e+13
2.021596488950698828e+13
2.021596488950698828e+13
2.021596488950698828e+13
2.021596488950698828e+13
2.021596488950698828e+13
2.021596488950698828e+13
2.021596488950698828e+13
2.021596488950698828e+13
2.021596488950698828e+13
2.021596488950698828e+13
2.021596488950698828e+13
2.021596488950698828e+13
2.021596488950698828e+13
2.021596488950698828e+13
2.021596488950698828e+13
2.021596488950698828e+13
2.021596488950698828e+13
2.021596488950698828e+13
2.021596488950698828e+13
2.021596488950698828e+13
2.021596488950698828e+13
2.021596488950698828e+13
2.021596488950698828e+13
2.021596488950698828e+13
2.021596488950698828e+13
2.021596488950698828e+13
2.021596488950698828e+13
2.021596488950698828e+13
2.021596488950698828e+13
2.021596488950698828e+13
2.021596488950698828e+13
2.021596488950698828e+13
2.021596488950698828e+13
2.021596488950698828e+13
2.021596488950698828e+13
2.021596488950698828e+13
2.021596488950698828e+13
2.021596488950698828e+13
2.021596488950698828e+13
2.021596488950698828e+13
2.021596488950698828e+13
2.021596488950698828e+13
2.021596488950698828e+13
2.021596488950698828e+13
2.021596488950698828e+13
2.021596488950698828e+13
2.021596488950698828e+13
2.021596488950698828e+13
2.021596488950698828e+13
2.021596488950698828e+13
2.021596488950698828e+13
2.021596488950698828e+13
2.021596488950698828e+13
2.021596488950698828e+13
2.021596488950698828e+13
2.021596488950698828e+13
2.021596488950698828e+13
2.021596488950698828e+13
2.021596488950698828e+13
2.021596488950698828e+13
2.021596488950698828e+13
2.021596488950698828e+13
2.021596488950698828e+13
2.021596488950698828e+13
2.021596488950698828e+13
2.021596488950698828e+13
2.021596488950698828e+13
2.021596488950698828e+13
2.021596488950698828e+13
2.021596488950698828e+13
2.021596488950698828e+13
2.021596488950698828e+13
2.021596488950698828e+13
2.021596488950698828e+13
2.021596488950698828e+13
2.021596488950698828e+13
2.021596488950698828e+13
2.021596488950698828e+13
2.021596488950698828e+13
2.021596488950698828e+13
2.021596488950698828e+13
2.021596488950698828e+13
2.021596488950698828e+13
2.021596488950698828e+13
2.021596488950698828e+13
2.021596488950698828e+13
2.021596488950698828e+13
2.021596488950698828e+13
2.021596488950698828e+13
2.021596488950698828e+13
2.021596488950698438e+13
2.021596488950697266e+13
2.021596488950691406e+13
2.021596488950671875e+13
2.021596488950635938e+13
2.021596488950618750e+13
2.021596488950618359e+13
2.021596488950618359e+13
2.021596488950618359e+13
2.021596488950618359e+13
2.021596488950618359e+13
2.021596488950618359e+13
2.021596488950618359e+13
2.021596488950618359e+13
2.021596488950618359e+13
2.021596488950618359e+13
2.021596488950618359e+13
2.021596488950618359e+13
2.021596488950618359e+13
2.021596488950618359e+13
2.021596488950618359e+13
2.021596488950618359e+13
2.021596488950618359e+13
2.021596488950618359e+13
2.021596488950618359e+13
2.021596488950618359e+13
2.021596488950618359e+13
2.021596488950618359e+13
2.021596488950618359e+13
2.021596488950618359e+13
2.021596488950618359e+13
2.021596488950618359e+13
2.021596488950618359e+13
2.021596488950617969e+13
2.021596488950614844e+13
2.021596488950589062e+13
2.021596488950419922e+13
2.021596488949513281e+13
2.021596488945530078e+13
2.021596488932368359e+13
2.021596488908485938e+13
2.021596488897066406e+13
2.021596488896712109e+13
2.021596488896712109e+13
2.021596488896712109e+13
2.021596488896712109e+13
2.021596488896712109e+13
2.021596488896712109e+13
2.021596488896712109e+13
2.021596488896712109e+13
2.021596488896712109e+13
2.021596488896712109e+13
2.021596488896712109e+13
2.021596488896712109e+13
2.021596488896712109e+13
2.021596488896712109e+13
2.021596488896712109e+13
2.021596488896712109e+13
2.021596488896712109e+13
2.021596488896712109e+13
2.021596488896712109e+13
2.021596488896712109e+13
2.021596488896712109e+13
2.021596488896712109e+13
2.021596488896712109e+13
2.021596488896712109e+13
2.021596488896710938e+13
2.021596488896696094e+13
2.021596488896526953e+13
2.021596488895012109e+13
2.021596488883566797e+13
2.021596488807837891e+13
2.021596488402678125e+13
2.021596486622711719e+13
2.021596480741273438e+13
2.021596470068985156e+13
2.021596464965975781e+13
2.021596464807659375e+13
2.021596464807625391e+13
2.021596464807625391e+13
2.021596464807625391e+13
2.021596464807625391e+13
2.021596464807625391e+13
2.021596464807625391e+13
2.021596464807625391e+13
2.021596464807625391e+13
2.021596464807625391e+13
2.021596464807625391e+13
2.021596464807625391e+13
2.021596464807625391e+13
2.021596464807625391e+13
2.021596464807625391e+13
2.021596464807625391e+13
2.021596464807625391e+13
2.021596464807625391e+13
2.021596464807625391e+13
2.021596464807625391e+13
2.021596464807625391e+13
2.021596464807624219e+13
2.021596464807600391e+13
2.021596464807239844e+13
2.021596464802751172e+13
2.021596464751878516e+13
2.021596464295789062e+13
2.021596460850448828e+13
2.021596438053507031e+13
2.021596316086771484e+13
2.021595780257057812e+13
2.021594009748760156e+13
2.021590797043383594e+13
2.021589260875469922e+13
2.021589213217141016e+13
2.021589213206955469e+13
2.021589213206955469e+13
2.021589213206955469e+13
2.021589213206955469e+13
2.021589213206955469e+13
2.021589213206955469e+13
2.021589213206955469e+13
2.021589213206955469e+13
2.021589213206955469e+13
2.021589213206955469e+13
2.021589213206955469e+13
2.021589213206955469e+13
2.021589213206955469e+13
2.021589213206955469e+13
2.021589213206955469e+13
2.021589213206955469e+13
2.021589213206955469e+13
2.021589213206955078e+13
2.021589213206942969e+13
2.021589213206693359e+13
2.021589213201786719e+13
2.021589213128323047e+13
2.021589212212852344e+13
2.021589201837781250e+13
2.021589108821625781e+13
2.021588406169805078e+13
2.021583756913312891e+13
2.021558883120903906e+13
2.021449613680229688e+13
2.021088645138329297e+13
2.020433971127520312e+13
2.020121085258130078e+13
2.020111379777054688e+13
2.020111377702849609e+13
2.020111377702849609e+13
2.020111377702849609e+13
2.020111377702849609e+13
2.020111377702849609e+13
2.020111377702849609e+13
2.020111377702849609e+13
2.020111377702849609e+13
2.020111377702849609e+13
2.020111377702849609e+13
2.020111377702849609e+13
2.020111377702849609e+13
2.020111377702849609e+13
2.020111377702849609e+13
2.020111377702849609e+13
2.020111377702848047e+13
2.020111377702780859e+13
2.020111377701089062e+13
2.020111377666497656e+13
2.020111376985801172e+13
2.020111366794720312e+13
2.020111239798169922e+13
2.020109800541972656e+13
2.020096897195392188e+13
2.019999429522818359e+13
2.019354747598276172e+13
2.015912589720435547e+13
2.000928332037369531e+13
1.952962809752000781e+13
1.871553531958950391e+13
1.834978912491295312e+13
1.833867063318698438e+13
1.833866825842935938e+13
1.833866825842935547e+13
1.833866825842935547e+13
1.833866825842935547e+13
1.833866825842935547e+13
1.833866825842935547e+13
1.833866825842935547e+13
1.833866825842935547e+13
1.833866825842935547e+13
1.833866825842935547e+13
1.833866825842935547e+13
1.833866825842935547e+13
1.833866825842935156e+13
1.833866825842930859e+13
1.833866825842779297e+13
1.833866825837505078e+13
1.833866825704871094e+13
1.833866822992835547e+13
1.833866769624596094e+13
1.833865970619674609e+13
1.833856013846364453e+13
1.833743180866080859e+13
1.832732213407088281e+13
1.825131143917713281e+13
1.776383142783521484e+13
1.554279045483515625e+13
1.003217128264896680e+13
4.619922416685851562e+12
2.334541963256127441e+12
1.887973100723747803e+12
1.876834944668004395e+12
1.876832578313935059e+12
1.876832578313931152e+12
1.876832578313931152e+12
1.876832578313931152e+12
1.876832578313931152e+12
1.876832578313931152e+12
1.876832578313931152e+12
1.876832578313931152e+12
1.876832578313931152e+12
1.876832578313931152e+12
1.876832578313931152e+12
1.876832578313930420e+12
1.876832578313899170e+12
1.876832578312861572e+12
1.876832578276687744e+12
1.876832577367010986e+12
1.876832558766390137e+12
1.876832192737916016e+12
1.876826712741203369e+12
1.876758426227547119e+12
1.875984879384770508e+12
1.869078140466833008e+12
1.818502706299207520e+12
1.542355244502349365e+12
8.509822186784627686e+11
2.865928162836489868e+11
8.980040758396672058e+10
3.998242294948338318e+10
3.160008895429128265e+10
3.139588271164812088e+10
3.139583935162499619e+10
3.139583935162492752e+10
3.139583935162492752e+10
3.139583935162492752e+10
3.139583935162492752e+10
3.139583935162492752e+10
3.139583935162492752e+10
3.139583935162492752e+10
3.139583935162492752e+10
3.139583935162492752e+10
3.139583935162491989e+10
3.139583935162452698e+10
3.139583935161137772e+10
3.139583935115290833e+10
3.139583933962361908e+10
3.139583910387839890e+10
3.139583446481452942e+10
3.139576501099945450e+10
3.139489953528536606e+10
3.138509439582814407e+10
3.129746070200991821e+10
3.065095311695042801e+10
2.696530149561182404e+10
1.640891909953859329e+10
6.032981421121003151e+09
1.952808083178876877e+09
8.767937290727272034e+08
6.939581901540765762e+08
6.894975583365712166e+08
6.894966111579091549e+08
6.894966111579076052e+08
6.894966111579076052e+08
6.894966111579076052e+08
6.894966111579076052e+08
6.894966111579076052e+08
6.894966111579076052e+08
6.894966111579076052e+08
6.894966111579076052e+08
6.894966111579076052e+08
6.894966111579074860e+08
6.894966111579015255e+08
6.894966111577018499e+08
6.894966111507416964e+08
6.894966109757121801e+08
6.894966073967964649e+08
6.894965369698340893e+08
6.894954825707314014e+08
6.894823434047244787e+08
6.893334716657640934e+08
6.880016504460548162e+08
6.781048373664174080e+08
6.191714640886578560e+08
4.226499438138749003e+08
1.765166431702376902e+08
6.036307238267089427e+07
2.751222335680313036e+07
2.183125081010489911e+07
2.169228665195488185e+07
2.169225714219856262e+07
2.169225714219851792e+07
2.169225714219851792e+07
2.169225714219851792e+07
2.169225714219851792e+07
2.169225714219851792e+07
2.169225714219851792e+07
2.169225714219851792e+07
2.169225714219851792e+07
2.169225714219851419e+07
2.169225714219838381e+07
2.169225714219404012e+07
2.169225714204264432e+07
2.169225713823548332e+07
2.169225706038846448e+07
2.169225552849179134e+07
2.169223259364928305e+07
2.169194679426201060e+07
2.168870834386490285e+07
2.165971763415230811e+07
2.144319830017057806e+07
2.011285969031585753e+07
1.510061633301571943e+07
7.208540920446974225e+06
2.643488968698676676e+06
1.230022642669704976e+06
9.795761397427154006e+05
9.734271216316518839e+05
9.734258157400425989e+05
9.734258157400403870e+05
9.734258157400403870e+05
9.734258157400403870e+05
9.734258157400403870e+05
9.734258157400403870e+05
9.734258157400403870e+05
9.734258157400403870e+05
9.734258157400403870e+05
9.734258157400364289e+05
9.734258157399016200e+05
9.734258157352034468e+05
9.734258156170560978e+05
9.734258132012384012e+05
9.734257656620626803e+05
9.734250539274462499e+05
9.734161847054238897e+05
9.733156807285475079e+05
9.724155534601766849e+05
9.656693319133159239e+05
9.232865283391007688e+05
7.477123521856708685e+05
4.073773775159981451e+05
1.626915776818377490e+05
7.784665874000708573e+04
6.230914945771540806e+04
6.192569588906262652e+04
6.192561444339588343e+04
6.192561444339575246e+04
6.192561444339575246e+04
6.192561444339575246e+04
6.192561444339575246e+04
6.192561444339575246e+04
6.192561444339575246e+04
6.192561444339575246e+04
6.192561444339557056e+04
6.192561444338964793e+04
6.192561444318327995e+04
6.192561443799378321e+04
6.192561433188148658e+04
6.192561224377201870e+04
6.192558098155259358e+04
6.192519140880538180e+04
6.192077670680496522e+04
6.188122545086175523e+04
6.158407644706723659e+04
5.968761474545245437e+04
5.124474945936811127e+04
3.160469262677430743e+04
1.394499258710609865e+04
6.924286560004749845e+03
5.580813854601600724e+03
5.547421622237786323e+03
5.547414528498320578e+03
5.547414528498308755e+03
5.547414528498308755e+03
5.547414528498308755e+03
5.547414528498308755e+03
5.547414528498308755e+03
5.547414528498308755e+03
5.547414528498297841e+03
5.547414528497933134e+03
5.547414528485222036e+03
5.547414528165573756e+03
5.547414521629561023e+03
5.547414393011967150e+03
5.547412467407876647e+03
5.547388471527798174e+03
5.547116539704546085e+03
5.544679765654331277e+03
5.526341104730016013e+03
5.407990214470937644e+03
4.852054754081468673e+03
3.342508240901333920e+03
1.648180836427505028e+03
8.585117884172869935e+02
6.984929563984994729e+02
6.944770535497897299e+02
6.944762002232921532e+02
6.944762002232909026e+02
6.944762002232909026e+02
6.944762002232909026e+02
6.944762002232909026e+02
6.944762002232909026e+02
6.944762002232909026e+02
6.944762002232909026e+02
6.944762002232898794e+02
6.944762002232587292e+02
6.944762002221731336e+02
6.944762001948711259e+02
6.944761996366149788e+02
6.944761886510852946e+02
6.944760241807131251e+02
6.944739746331430297e+02
6.944507478686924742e+02
6.942425811360402577e+02
6.926740946417111218e+02
6.824717799799590239e+02
6.326203342938617880e+02
4.789289071264065569e+02
2.656663223166432886e+02
1.469383908483569883e+02
1.210674313756844924e+02
1.204097141057058451e+02
1.204095743049125531e+02
1.204095743049123257e+02
1.204095743049123257e+02
1.204095743049123257e+02
1.204095743049123257e+02
1.204095743049123257e+02
1.204095743049123257e+02
1.204095743049122262e+02
1.204095743049085740e+02
1.204095743047817990e+02
1.204095743015935511e+02
1.204095742364016672e+02
1.204095729535367099e+02
1.204095537470625601e+02
1.204093144053324949e+02
1.204066020018124732e+02
1.203822898077689132e+02
1.201989501191642802e+02
1.189997698045301604e+02
1.129698542977574363e+02
9.240033337277529313e+01
5.769124593864784600e+01
3.430690285361747982e+01
2.873723770614747508e+01
2.859322157926494512e+01
2.859319095501723851e+01
2.859319095501718877e+01
2.859319095501718877e+01
2.859319095501718877e+01
2.859319095501718877e+01
2.859319095501718877e+01
2.859319095501717101e+01
2.859319095501660613e+01
2.859319095499673224e+01
2.859319095449703241e+01
2.859319094427949892e+01
2.859319074321579635e+01
2.859318773298072358e+01
2.859315022086940417e+01
2.859272510139357948e+01
2.858891432034726776e+01
2.856016013632090633e+01
2.837134889428929796e+01
2.740214184815624421e+01
2.382629703075656735e+01
1.664792534632916698e+01
1.076356261904756906e+01
9.207430167510036512e+00
9.166316536634488088e+00
9.166307789243633763e+00
9.166307789243619553e+00
9.166307789243619553e+00
9.166307789243619553e+00
9.166307789243619553e+00
9.166307789243619553e+00
9.166307789243616000e+00
9.166307789243498760e+00
9.166307789239423798e+00
9.166307789136929784e+00
9.166307787041194644e+00
9.166307745800697404e+00
9.166307128366543822e+00
9.166299434193197371e+00
9.166212236701859695e+00
9.165430554615818792e+00
9.159529965140466246e+00
9.120677898263947370e+00
8.918288709721807095e+00
8.126101266912868937e+00
6.282225631602398330e+00
4.449986682792387960e+00
3.905360496223841515e+00
3.890587944858944880e+00
3.890584799675629757e+00
3.890584799675624872e+00
3.890584799675624872e+00
3.890584799675624872e+00
3.890584799675624872e+00
3.890584799675623984e+00
3.890584799675593786e+00
3.890584799674537742e+00
3.890584799647981207e+00
3.890584799104966240e+00
3.890584788419352069e+00
3.890584628439146986e+00
3.890582634840539455e+00
3.890560041445453088e+00
3.890357495430858403e+00
3.888828126400817098e+00
3.878738901443737674e+00
3.825637291259846862e+00
3.608596671031581771e+00
3.038920297261738401e+00
2.362234724074964820e+00
2.134924514952195818e+00
2.128569972466059390e+00
2.128568618442826743e+00
2.128568618442824523e+00
2.128568618442824523e+00
2.128568618442824523e+00
2.128568618442824523e+00
2.128568618442815197e+00
2.128568618442486571e+00
2.128568618434219406e+00
2.128568618265181733e+00
2.128568614938802561e+00
2.128568565137752167e+00
2.128567944540173063e+00
2.128560911306684122e+00
2.128497857970101936e+00
2.128021668269082234e+00
2.124876203005811703e+00
2.108204253943592121e+00
2.037956383961255113e+00
1.835829329263221288e+00
1.555825236967340430e+00
1.450072730404404542e+00
1.447021287541990553e+00
1.447020636772956559e+00
1.447020636772955449e+00
1.447020636772955449e+00
1.447020636772955449e+00
1.447020636772955449e+00
1.447020636772952118e+00
1.447020636772837543e+00
1.447020636769954960e+00
1.447020636711014108e+00
1.447020635551160117e+00
1.447020618186348084e+00
1.447020401794083311e+00
1.447017949415858817e+00
1.446995963353562065e+00
1.446829900317657014e+00
1.445732063108413623e+00
1.439886671331270129e+00
1.414756636834015424e+00
1.337618573251158516e+00
1.217192565895148126e+00
1.166956959891278789e+00
1.165464674343767548e+00
1.165464355826641984e+00
1.165464355826641540e+00
1.165464355826641540e+00
1.165464355826641540e+00
1.165464355826641540e+00
1.165464355826600684e+00
1.165464355825573950e+00
1.165464355804577412e+00
1.165464355391401252e+00
1.165464349205511674e+00
1.165464272119807854e+00
1.165463398504957615e+00
1.165455566298961410e+00
1.165396404537190733e+00
1.165005097477384011e+00
1.162916007239218397e+00
1.153826186914018059e+00
1.124776278495355886e+00
1.075635340377879334e+00
1.053624731310242479e+00
1.052956267660563716e+00
1.052956124889954603e+00
1.052956124889954381e+00
1.052956124889954381e+00
1.052956124889954381e+00
1.052956124889954381e+00
1.052956124889618428e+00
1.052956124882747035e+00
1.052956124747533195e+00
1.052956122723171850e+00
1.052956097496513754e+00
1.052955811601808733e+00
1.052953248462123792e+00
1.052933886686017395e+00
1.052805792667421692e+00
1.052121001296505653e+00
1.049123067880508353e+00
1.039337532914358819e+00
1.022039378477413774e+00
1.013970055501867140e+00
1.013721748653615862e+00
1.013721695599509198e+00
1.013721695599509198e+00
1.013721695599509198e+00
1.013721695599509198e+00
1.013721695599509198e+00
1.013721695599417494e+00
1.013721695597547878e+00
1.013721695560752201e+00
1.013721695009866419e+00
1.013721688144979094e+00
1.013721610344925805e+00
1.013720912840609056e+00
1.013715643863574822e+00
1.013680781759720206e+00
1.013494305479130775e+00
1.012675881424521807e+00
1.009980985863262015e+00
1.005127356938589234e+00
1.002823017379031789e+00
1.002751696078899357e+00
1.002751680837492554e+00
1.002751680837492554e+00
1.002751680837492554e+00
1.002751680837492554e+00
1.002751680837492554e+00
1.002751680837097981e+00
1.002751680829334413e+00
1.002751680713099391e+00
1.002751679264634044e+00
1.002751662849113101e+00
1.002751515678216965e+00
1.002750403937911372e+00
1.002743047896533124e+00
1.002703693906209059e+00
1.002530838730089302e+00
1.001960107190002169e+00
1.000926131889188442e+00
1.000432485085832379e+00
1.000417177880581487e+00
1.000417174609239623e+00
1.000417174609239623e+00
1.000417174609239623e+00
1.000417174609239623e+00
1.000417174609239623e+00
1.000417174609177229e+00
1.000417174607949766e+00
1.000417174589574021e+00
1.000417174360584527e+00
1.000417171765433988e+00
1.000417148498998765e+00
1.000416972742364630e+00
1.000415809806871836e+00
1.000409587989469218e+00
1.000382254931164061e+00
1.000291950549094810e+00
1.000128128447960840e+00
1.000049815033193346e+00
1.000047385619011742e+00
1.000047385099808839e+00
1.000047385099808839e+00
1.000047385099808839e+00
1.000047385099808839e+00
1.000047385099808839e+00
1.000047385099664954e+00
1.000047385097510677e+00
1.000047385070667261e+00
1.000047384766450387e+00
1.000047382039038313e+00
1.000047361435931093e+00
1.000047225110421101e+00
1.000046495751000020e+00
1.000043291508162957e+00
1.000032704064765410e+00
1.000013492967771755e+00
1.000004307344240839e+00
1.000004022370401646e+00
1.000004022309498142e+00
1.000004022309498142e+00
1.000004022309498142e+00
1.000004022309498142e+00
1.000004022309485707e+00
1.000004022309298524e+00
1.000004022306966611e+00
1.000004022280538418e+00
1.000004022043601282e+00
1.000004020253756787e+00
1.000004008410811274e+00
1.000003945049443344e+00
1.000003666687454995e+00
1.000002746913562168e+00
1.000001077922702875e+00
1.000000279888148436e+00
1.000000255129792404e+00
1.000000255124501303e+00
1.000000255124501303e+00
1.000000255124501303e+00
1.000000255124501303e+00
1.000000255124489090e+00
1.000000255124338766e+00
1.000000255122633908e+00
1.000000255107348801e+00
1.000000254991884940e+00
1.000000254227890295e+00
1.000000250140413716e+00
1.000000232183123838e+00
1.000000172847921309e+00
1.000000065179991848e+00
1.000000013698028489e+00
1.000000012100842328e+00
1.000000012100500824e+00
1.000000012100500824e+00
1.000000012100500824e+00
1.000000012100500824e+00
1.000000012100500379e+00
1.000000012100493052e+00
1.000000012100411340e+00
1.000000012099677260e+00
1.000000012094132362e+00
1.000000012057442822e+00
1.000000011861148952e+00
1.000000010998781663e+00
1.000000008149313002e+00
1.000000002978749247e+00
1.000000000506417797e+00
1.000000000429715818e+00
1.000000000429699387e+00
1.000000000429699387e+00
1.000000000429699387e+00
1.000000000429699387e+00
1.000000000429699165e+00
1.000000000429696279e+00
1.000000000429669855e+00
1.000000000429471125e+00
1.000000000428156399e+00
1.000000000421121582e+00
1.000000000390216304e+00
1.000000000288097324e+00
1.000000000102795106e+00
1.000000000014191759e+00
1.000000000011443069e+00
1.000000000011442403e+00
1.000000000011442403e+00
1.000000000011442403e+00
1.000000000011442403e+00
1.000000000011442403e+00
1.000000000011442403e+00
1.000000000011441736e+00
1.000000000011436407e+00
1.000000000011401102e+00
1.000000000011212364e+00
1.000000000010383916e+00
1.000000000007646106e+00
1.000000000002678524e+00
1.000000000000303091e+00
1.000000000000229372e+00
1.000000000000229372e+00
1.000000000000229372e+00
1.000000000000229372e+00
1.000000000000229372e+00
1.000000000000229372e+00
1.000000000000229372e+00
1.000000000000229372e+00
1.000000000000228706e+00
1.000000000000224931e+00
1.000000000000208278e+00
1.000000000000153211e+00
1.000000000000053291e+00
1.000000000000005551e+00
1.000000000000004219e+00
1.000000000000004219e+00
1.000000000000004219e+00
1.000000000000004219e+00
1.000000000000004219e+00
1.000000000000004219e+00
1.000000000000004219e+00
1.000000000000004219e+00
1.000000000000004219e+00
1.000000000000003997e+00
1.000000000000003775e+00
1.000000000000003109e+00
1.000000000000001554e+00
1.000000000000000888e+00
1.000000000000000888e+00
1.000000000000000888e+00
1.000000000000000888e+00
1.000000000000000888e+00
1.000000000000000888e+00
1.000000000000000888e+00
1.000000000000000888e+00
1.000000000000000888e+00
1.000000000000000888e+00
1.000000000000000888e+00
1.000000000000000888e+00
1.000000000000000888e+00
1.000000000000000888e+00
1.000000000000000888e+00
1.000000000000000888e+00
1.000000000000000888e+00
1.000000000000000888e+00
1.000000000000000888e+00
1.000000000000000888e+00
1.000000000000000888e+00
1.000000000000000888e+00
1.000000000000000888e+00
1.000000000000000888e+00
1.000000000000000888e+00
1.000000000000000888e+00
1.000000000000000888e+00
1.000000000000000888e+00
1.000000000000000888e+00
1.000000000000000888e+00
1.000000000000000888e+00
1.000000000000000888e+00
1.000000000000000888e+00
1.000000000000000888e+00
1.000000000000000888e+00
1.000000000000000888e+00
1.000000000000000888e+00
1.000000000000000888e+00
1.000000000000000888e+00
1.000000000000000888e+00
1.000000000000000888e+00
1.000000000000000888e+00
1.000000000000000888e+00
1.000000000000000888e+00
1.000000000000000888e+00
1.000000000000000888e+00
1.000000000000000888e+00
1.000000000000000888e+00
1.000000000000000888e+00
1.000000000000000888e+00
1.000000000000000888e+00
1.000000000000000888e+00
1.000000000000000888e+00
1.000000000000000888e+00
1.000000000000000888e+00
1.000000000000000888e+00
1.000000000000000888e+00
1.000000000000000888e+00
1.000000000000000888e+00
1.000000000000000888e+00
1.000000000000000888e+00
1.000000000000000888e+00
1.000000000000000888e+00
1.000000000000000888e+00
1.000000000000000888e+00
1.000000000000000888e+00
1.000000000000000888e+00
1.000000000000000888e+00
1.000000000000000888e+00
1.000000000000000888e+00
1.000000000000000888e+00
1.000000000000000888e+00
1.000000000000000888e+00
1.000000000000000888e+00
1.000000000000000888e+00
1.000000000000000888e+00
1.000000000000000888e+00
1.000000000000000888e+00
1.000000000000000888e+00
1.000000000000000888e+00
1.000000000000000888e+00
1.000000000000000888e+00
1.000000000000000888e+00
1.000000000000000888e+00
1.000000000000000888e+00
1.000000000000000888e+00
1.000000000000000888e+00
1.000000000000000888e+00
1.000000000000000888e+00
1.000000000000000888e+00
1.000000000000000888e+00
1.000000000000000888e+00
1.000000000000000888e+00
1.000000000000000888e+00
1.000000000000000888e+00
1.000000000000000888e+00
1.000000000000000888e+00
1.000000000000000888e+00
1.000000000000000888e+00
1.000000000000000888e+00
1.000000000000000888e+00
1.000000000000000888e+00
1.000000000000000888e+00
1.000000000000000888e+00
1.000000000000000888e+00
1.000000000000000888e+00
1.000000000000000888e+00
1.000000000000000888e+00
1.000000000000000888e+00
1.000000000000000888e+00
1.000000000000000888e+00
1.000000000000000888e+00
1.000000000000000888e+00
1.000000000000000888e+00
1.000000000000000888e+00
1.000000000000000888e+00
1.000000000000000888e+00
1.000000000000000888e+00
1.000000000000000888e+00
1.000000000000000888e+00
1.000000000000000888e+00
1.000000000000000888e+00
1.000000000000000888e+00
1.000000000000000888e+00
1.000000000000000888e+00
1.000000000000000888e+00
1.000000000000000888e+00
1.000000000000000888e+00
1.000000000000000888e+00
1.000000000000000888e+00
1.000000000000000888e+00
1.000000000000000888e+00
1.000000000000000888e+00
1.000000000000000888e+00
1.000000000000000888e+00
1.000000000000000888e+00
1.000000000000000888e+00
1.000000000000000888e+00
1.000000000000000888e+00
1.000000000000000888e+00
1.000000000000000888e+00
1.000000000000000888e+00
1.000000000000000888e+00
1.000000000000000888e+00
1.000000000000000888e+00
1.000000000000000888e+00
1.000000000000000888e+00
1.000000000000000888e+00
1.000000000000000888e+00
1.000000000000000888e+00
1.000000000000000888e+00
1.000000000000000888e+00
1.000000000000000888e+00
1.000000000000000888e+00
1.000000000000000888e+00
1.000000000000000888e+00
1.000000000000000888e+00
1.000000000000000888e+00
1.000000000000000888e+00
1.000000000000000888e+00
1.000000000000000888e+00
1.000000000000000888e+00
1.000000000000000888e+00
1.000000000000000888e+00
1.000000000000000888e+00
1.000000000000000888e+00
1.000000000000000888e+00
1.000000000000000888e+00
1.000000000000000888e+00
1.000000000000000888e+00
1.000000000000000888e+00
1.000000000000000888e+00
1.000000000000000888e+00
1.000000000000000888e+00
1.000000000000000888e+00
1.000000000000000888e+00
1.000000000000000888e+00
1.000000000000000888e+00
1.000000000000000888e+00
1.000000000000000888e+00
1.000000000000000888e+00
1.000000000000000888e+00
1.000000000000000888e+00
1.000000000000000888e+00
