1.094643032498205040e+90
9.431202186894478783e+88
1.784138346768033244e+88
1.091644172002035369e+88
9.436074977305572767e+87
9.335289157361480539e+87
5.548397148655704764e+86
4.989794801322543613e+86
2.294774910614536820e+86
2.292357700194058217e+86
1.656811939377275774e+86
1.595389436686447892e+86
1.593839044551661789e+86
1.866504691940390350e+85
5.859478169966553894e+84
5.754027476082474213e+84
3.116614803327322946e+84
3.116234383453607140e+84
2.803702313677522580e+84
2.790943288520444488e+84
2.790645735920003918e+84
2.116024891798262072e+83
1.751061506292076776e+83
6.474057048164814116e+82
6.459003446741862245e+82
5.089737364231896544e+82
5.089673478646641709e+82
5.005308412616897542e+82
5.005308207112044472e+82
5.001946687210144650e+82
7.049181791274664273e+81
1.596998076732672382e+81
1.558984447134419088e+81
1.558984183304305599e+81
9.925471657354211111e+80
9.922449435117886713e+80
9.444706534860102123e+80
9.444696333252307449e+80
9.412775391377035039e+80
9.412775373249759808e+80
9.412332024812211154e+80
5.227959121657415384e+79
4.615608723286566108e+79
2.178756626647137656e+79
2.170446059060252740e+79
1.922732827041718268e+79
1.922661402785228670e+79
1.922661397453248913e+79
1.896076440822977523e+79
1.896076300784603702e+79
1.895444245821666647e+79
1.795825999563606801e+78
1.795825999551591121e+78
5.674288661145158326e+77
5.550397481951233660e+77
5.550397213756226726e+77
4.304104752301637245e+77
4.301331325735414196e+77
4.103202290209030412e+77
4.103187205295956397e+77
4.103187204931516218e+77
4.095284102913873669e+77
4.095284086619406201e+77
4.095216780764706394e+77
2.109348944764564757e+76
1.726973877476933722e+76
1.081798379780581936e+76
1.076525409878674490e+76
9.437284799000323980e+75
9.437284798999885286e+75
9.436444847829507229e+75
9.436444832625115824e+75
9.352146452407839178e+75
9.352143783311330755e+75
9.350910352607463331e+75
9.350910352594450347e+75
9.350910351047428595e+75
7.344033007056762907e+74
3.247146541177059336e+74
3.084192629170906175e+74
3.084192531141842749e+74
2.277307512817226171e+74
2.275307630425150984e+74
2.201647509147241646e+74
2.201626307747276474e+74
2.201626307747274214e+74
2.201626307673036187e+74
2.199799551427124370e+74
2.199799514593477805e+74
2.199776525443216183e+74
1.457121504118642743e+73
1.055347148474871088e+73
1.055347148474870460e+73
5.854718882033508362e+72
5.791218373850255643e+72
5.791218373849469436e+72
5.268797681669547753e+72
5.268123188231287861e+72
5.268123184878392800e+72
5.246948162137579750e+72
5.246944060761411123e+72
5.246484446124928374e+72
5.246484446123050736e+72
5.246484446123050736e+72
5.246484442307723160e+72
5.053758374460593627e+71
1.735547927224565723e+71
1.621567866212625434e+71
1.621567847039274579e+71
1.303501706920260151e+71
1.300794761060661068e+71
1.300794761060661068e+71
1.281142505527809050e+71
1.281124009713000485e+71
1.281124009712997052e+71
1.281124009701478571e+71
1.280391594734140516e+71
1.280391533817112484e+71
1.280386023192124677e+71
6.714754083000288047e+69
5.371715408959747229e+69
5.371715408959746462e+69
3.499312988322995313e+69
3.443146758586889937e+69
3.443146758586889937e+69
3.443146758584712261e+69
3.287711408970929022e+69
3.286625306753190467e+69
3.286625306155216837e+69
3.276858817371550565e+69
3.276854695988097978e+69
3.276854695988097978e+69
3.276727851246492170e+69
3.276727851246492170e+69
3.276727851246021694e+69
3.276727843980776028e+69
2.356939464414837340e+68
1.087175302478473614e+68
1.022983487945770586e+68
1.022983484449230077e+68
9.105709388243370678e+67
9.072880671433795422e+67
9.072880671433795422e+67
8.959405740565228354e+67
8.959031594086481445e+67
8.959031594086340168e+67
8.959031594086340168e+67
8.959031594050126580e+67
8.956496591831366559e+67
8.956495823866940117e+67
8.956483468195493804e+67
1.073435184517986228e+67
3.597129327320371698e+66
3.597129327320371698e+66
2.794198141883558877e+66
2.743274699613040018e+66
2.743274699613040018e+66
2.743274699606290827e+66
2.626173169526343854e+66
2.624448825081434963e+66
2.624448824836304145e+66
2.620036861188734420e+66
2.620025962916883923e+66
2.620025962916883923e+66
2.620025962916883175e+66
2.619988804816955040e+66
2.619988804816837558e+66
2.619988792849979092e+66
1.805261262648805241e+65
1.468349373591588130e+65
9.272610644465574065e+64
9.272610625996504214e+64
8.187982980853170524e+64
8.150191494474604006e+64
8.150191494474604006e+64
8.085105891426447687e+64
8.084347544704445609e+64
8.084347544703882054e+64
8.084347544703882054e+64
8.084347544692361914e+64
8.083401543256857595e+64
8.083398955821495670e+64
8.083398955821495670e+64
8.083392485616743704e+64
8.349284716943098742e+63
3.731224103903584665e+63
3.731224103903584665e+63
3.538095094953072834e+63
2.651086521538554962e+63
2.651086521538554962e+63
2.651086521522315852e+63
2.572647883036388846e+63
2.570290232813976006e+63
2.570290232722123551e+63
2.568349363663898282e+63
2.568323297077111462e+63
2.568323297077111462e+63
2.568323297077107443e+63
2.568300341743021048e+63
2.568300341742991453e+63
2.568300341742991453e+63
2.568300294177780163e+63
2.209601147893831351e+62
1.615370423365368957e+62
9.178564107794527984e+61
9.074693810147877631e+61
8.312249463150646169e+61
8.312249457352596283e+61
8.312249457352596283e+61
8.312249457352596283e+61
8.281095635456984538e+61
8.279961910853810388e+61
8.279961910852287229e+61
8.279961910852287229e+61
8.279961910849081060e+61
8.279323918413783301e+61
8.279317162151933145e+61
8.279317162151933145e+61
8.279314510459688416e+61
1.018222818937577488e+61
3.653760464813685993e+60
3.653760464813685993e+60
3.414682631167940672e+60
2.779608674910763801e+60
2.779608674910763801e+60
2.779608674836921217e+60
2.773555644893135899e+60
2.733600629536719345e+60
2.733600629536719345e+60
2.733600629509152413e+60
2.732188919765230256e+60
2.732146881048275418e+60
2.732146881048275418e+60
2.732146881048264000e+60
2.732136732627514212e+60
2.732136732627514212e+60
2.732136732627502437e+60
2.732136598647990021e+60
1.900232809873883250e+59
1.515687699939182985e+59
1.007427986898106405e+59
9.911182722546656357e+58
9.476181948405515342e+58
9.476181946406076244e+58
9.476181946406076244e+58
9.450125476412856146e+58
9.446874958265154422e+58
9.446874958265154422e+58
9.446874958256952208e+58
9.446874958256952208e+58
9.446874958255480359e+58
9.446550500912271043e+58
9.446537966115117728e+58
9.446537966115117728e+58
9.446537966115117728e+58
8.885186224015145424e+57
8.885186142981765268e+57
4.224621255941221784e+57
4.224621255941221784e+57
3.967067476946777039e+57
3.536883528342800416e+57
3.536883528342800416e+57
3.536883528045210909e+57
3.524064970317405306e+57
3.524064970317405306e+57
3.482486136467085320e+57
3.482486136451304059e+57
3.481590832253031728e+57
3.481440515698161013e+57
3.481440515698161013e+57
3.481440515698161013e+57
3.481440515698083658e+57
3.481440515698083658e+57
3.481436143437123329e+57
3.481436143437119148e+57
3.481435833406428106e+57
2.665425776304262050e+56
1.875375248479819093e+56
1.458258071817322579e+56
1.430923063782547344e+56
1.372446413667059503e+56
1.372446413519121281e+56
1.372446413519121281e+56
1.372446413519121281e+56
1.371548662950453548e+56
1.369413680199663685e+56
1.369413680199663685e+56
1.369413680199663685e+56
1.369413680195374058e+56
1.369413680195306111e+56
1.369395589450463595e+56
1.369389788985390444e+56
1.369389788985390444e+56
1.369389788985390444e+56
1.369389788985390444e+56
1.258735382831723333e+55
7.334729456551035905e+54
7.334729437072890746e+54
7.334729437072890746e+54
6.471249691703628365e+54
5.739196323573095657e+54
5.739196322456405306e+54
5.739196322456405306e+54
5.739196322456405306e+54
5.712157522054523721e+54
5.669295549959746119e+54
5.669295549950555773e+54
5.668773501843545538e+54
5.668143951968184990e+54
5.668143951968184990e+54
5.668143951967674566e+54
5.668143951967674566e+54
5.668143951967674566e+54
5.668139863895037008e+54
5.668138054204739380e+54
5.668138054204737338e+54
5.669159640363128795e+53
3.469543174419541012e+53
2.588805047277359052e+53
2.488887340353839669e+53
2.418856392733176986e+53
2.418856392733176986e+53
2.418856392632204574e+53
2.418856392632204574e+53
2.416620611450336669e+53
2.416620611450336669e+53
2.416620611431299146e+53
2.414860477651849110e+53
2.414860477651849110e+53
2.414860477651816358e+53
2.414836850636515883e+53
2.414836850636515883e+53
2.414817007359557399e+53
2.414817007359557399e+53
2.688308990279988564e+52
2.688308990279988032e+52
2.688308990279988032e+52
1.355487239049725197e+52
1.355487237588009857e+52
1.154122616737617015e+52
1.154122615743197359e+52
1.059926084532319787e+52
1.059926084532319787e+52
1.059926084532319787e+52
1.049069694808931186e+52
1.045218893241198266e+52
1.045218893240712699e+52
1.045076591779737987e+52
1.045001114967026330e+52
1.045001114967026330e+52
1.045001114966778961e+52
1.045001114966778961e+52
1.045001114966778961e+52
1.045001114966778961e+52
1.045000809641269874e+52
1.045000003931893915e+52
1.045000003931893782e+52
8.958230170964683074e+50
6.139805792182522225e+50
4.970705659430292005e+50
4.713626443455741214e+50
4.713626443455741214e+50
4.646032350965820229e+50
4.646032350907912411e+50
4.646032350907912411e+50
4.646032350907912411e+50
4.646032350907912411e+50
4.636279492599273879e+50
4.636279492444968785e+50
4.633993795079578170e+50
4.633993795079578170e+50
4.633993795079578170e+50
4.633924020850661263e+50
4.633924020850637171e+50
4.633907965114556159e+50
4.633907965114532066e+50
4.271647916920077636e+49
4.271647916920077636e+49
2.652579534309189338e+49
2.652579534309189338e+49
2.652579533439025289e+49
2.293724524258372311e+49
2.293724519113548104e+49
2.191042114068826139e+49
2.191042114068826139e+49
2.191042114068826139e+49
2.158372906929329422e+49
2.152617429006649711e+49
2.152617429006649711e+49
2.152617429006247048e+49
2.151903075984732691e+49
2.151832757025625334e+49
2.151832757023314503e+49
2.151832757023314503e+49
2.151832757023314503e+49
2.151832757023314503e+49
2.151832757023314503e+49
2.151830017193171471e+49
2.151829815942296469e+49
2.151829815942296469e+49
2.246264881848974761e+48
1.290958810334964487e+48
1.141212964801145721e+48
1.141212964801145721e+48
1.079287246015854287e+48
1.066752356267107484e+48
1.066752356261140075e+48
1.066752356261140075e+48
1.066752356154139006e+48
1.063119221100859749e+48
1.063119221100859749e+48
1.063119221100859749e+48
1.062855076202820482e+48
1.062855076202820482e+48
1.062855076202820482e+48
1.062811626143185752e+48
1.062811626143184129e+48
1.062810313223526054e+48
1.062810313223526054e+48
1.062810313223497658e+48
1.081856975510381563e+47
7.671799209238668262e+46
7.671799209238668262e+46
5.942977204446051587e+46
5.942977176747448886e+46
5.942977176747448886e+46
5.942977175893668967e+46
5.942977175893668967e+46
5.698888956553982939e+46
5.597905392588594846e+46
5.597905392588594846e+46
5.597905392588594846e+46
5.589388710001442789e+46
5.585981938130686356e+46
5.585981938130345611e+46
5.585908278976366723e+46
5.585908278955967689e+46
5.585908278955967689e+46
5.585908278955967689e+46
5.585908278955967689e+46
5.585908278955967689e+46
5.585886423372511225e+46
5.585886158290867279e+46
5.585886158290867279e+46
8.084409671306425082e+45
3.962071199982635711e+45
3.469257250677840590e+45
3.469257250677840590e+45
3.119455294200064400e+45
3.096348431219771175e+45
3.096348431219771175e+45
3.096348431213459543e+45
3.096348430490485446e+45
3.082338381393258206e+45
3.082338381393258206e+45
3.082338381393258206e+45
3.081993165821602766e+45
3.081993165821602766e+45
3.081993165821602766e+45
3.081734676366768049e+45
3.081732518672738931e+45
3.081732518672737664e+45
3.081732518672737664e+45
3.081732518672427089e+45
3.956575823858442965e+44
2.587461115503125656e+44
2.587461053349464851e+44
1.870513327045866102e+44
1.870513327045866102e+44
1.870513327045866102e+44
1.870513326939682934e+44
1.870513326939682934e+44
1.816700087002738171e+44
1.816700087002738171e+44
1.751929985607137243e+44
1.751929985607137243e+44
1.750632255285339140e+44
1.749101299469114934e+44
1.749101299469084035e+44
1.749101299453043501e+44
1.749087182746139895e+44
1.749087182746139895e+44
1.749087182746139895e+44
1.749087182746139895e+44
1.749087182746139895e+44
1.749072020919090567e+44
1.749072020919090567e+44
1.749071988289885534e+44
2.323740279772422435e+43
2.323740279772422435e+43
1.295631834656305928e+43
1.295631834656305928e+43
1.175634730781433508e+43
1.023669873266410653e+43
1.019787705694226075e+43
1.019787705694225828e+43
1.019787704765875528e+43
1.019787704765245788e+43
1.010066747986553889e+43
1.010066747986553889e+43
1.010066747986553889e+43
1.009994284210547623e+43
1.009994284210547623e+43
1.009994284210547623e+43
1.009994284210547623e+43
1.009867088459153098e+43
1.009866797572613127e+43
1.009866797572613003e+43
1.009866797572613003e+43
1.009866797572345113e+43
1.141449893624885874e+42
1.141449808041667179e+42
8.547462565772133367e+41
8.547462565772133367e+41
6.397995954503469012e+41
6.397995954503469012e+41
6.397995954389184709e+41
6.397995954389184709e+41
6.397995954389184709e+41
6.298789857440045912e+41
5.998409388984770260e+41
5.998409388984770260e+41
5.995434963056096173e+41
5.983903147975456798e+41
5.983903147975456798e+41
5.983903147975418113e+41
5.983903147753176153e+41
5.983903147753176153e+41
5.983882404817344518e+41
5.983882404817344518e+41
5.983801090664170543e+41
5.983801090664170543e+41
5.983801090664170543e+41
5.983801055531614824e+41
5.983801055531614824e+41
1.013084142740835846e+41
4.562841952237815415e+40
4.562841952237815415e+40
4.321370464405527604e+40
3.774825509905344620e+40
3.774825509905344620e+40
3.774825509905343170e+40
3.764495948588044467e+40
3.764495939637243291e+40
3.712963517524698486e+40
3.712963517523785506e+40
3.712963517523785506e+40
3.712963517523785506e+40
3.712840582792821558e+40
3.712840582792821558e+40
3.712840582792821558e+40
3.712840582792821558e+40
3.711735709522152861e+40
3.711735709522152861e+40
3.711735348017666099e+40
3.711735348017666099e+40
3.711735348013382150e+40
3.711735348013382150e+40
5.058545194274021516e+39
5.058544424080779155e+39
4.109039685971937815e+39
2.617740075494480754e+39
2.617740075494480754e+39
2.617740075473559990e+39
2.617740075473559990e+39
2.585176833294818770e+39
2.585176833294818770e+39
2.451487990329723234e+39
2.451487990329723234e+39
2.451487990329723234e+39
2.450864124780537726e+39
2.443344429905284290e+39
2.443344429905284290e+39
2.443344429643114521e+39
2.443344429643114521e+39
2.443344429643109685e+39
2.443341248114981412e+39
2.443254091901205756e+39
2.443254091901205756e+39
2.443254091901205756e+39
2.443254091901205756e+39
2.443254091901205756e+39
2.443254085496223676e+39
5.938477904568432537e+38
2.309111464272454389e+38
2.309111464272454389e+38
2.309111464272454389e+38
2.188161226216492967e+38
1.738562027245872842e+38
1.738562027245869820e+38
1.738562018498002498e+38
1.735808007453469405e+38
1.706825200398507772e+38
1.706825200398507772e+38
1.706825200398507772e+38
1.706825200398507772e+38
1.706825200398507772e+38
1.706825200398507772e+38
1.706825200398507772e+38
1.706825200398507772e+38
1.706825200398507772e+38
1.706825200398507772e+38
1.706825200398507772e+38
1.706825200398507772e+38
1.706825200398507772e+38
1.706825200398507772e+38
1.706825200398507772e+38
1.706825200398507772e+38
1.706825200398507772e+38
1.706825200398507772e+38
1.706825200398507772e+38
1.706825200398507772e+38
1.706825200398507772e+38
1.706825200398507772e+38
1.706825200398507772e+38
1.706825200398507772e+38
1.706825200398507772e+38
1.706825200398507772e+38
1.706825200398507772e+38
1.706825200398507772e+38
1.706825200398507772e+38
1.706825200398507772e+38
1.706825200398507772e+38
1.706825200398507772e+38
1.706825200398507772e+38
1.706825200398507772e+38
1.706825200398507772e+38
1.706825200398507772e+38
1.706825200398507772e+38
1.706825200398507772e+38
1.706825200398507772e+38
1.706825200398507772e+38
1.706825200398507772e+38
1.706825200398507772e+38
1.706825200398507772e+38
1.706825200398507772e+38
1.706825200398507772e+38
1.706825200398507772e+38
1.706825200398507772e+38
1.706825200398507772e+38
1.706825200398507772e+38
1.706825200398507772e+38
1.706825200398507772e+38
1.706825200398507772e+38
1.706825200398507772e+38
1.706825200398507772e+38
1.706825200398507772e+38
1.706825200398507772e+38
1.706825200398507772e+38
1.706825200398507772e+38
1.706825200398507772e+38
1.706825200398507772e+38
1.706825200398507772e+38
1.706825200398507772e+38
1.706825200398507772e+38
1.706825200398507772e+38
1.706825200398507772e+38
1.706825200398507772e+38
1.706825200398507772e+38
1.706825200398507772e+38
1.706825200398507772e+38
1.706825200398507772e+38
1.706825200398507772e+38
1.706825200398507772e+38
1.706825200398507772e+38
1.706825200398507772e+38
1.706825200398507772e+38
1.706825200398507772e+38
1.706825200398507772e+38
1.706825200398507772e+38
1.706825200398507772e+38
1.706825200398507772e+38
1.706825200398507772e+38
1.706825200398507772e+38
1.706825200398507772e+38
1.706825200398507772e+38
1.706825200398507772e+38
1.706825200398507772e+38
1.706825200398507772e+38
1.706825200398507772e+38
1.706825200398507772e+38
1.706825200398507772e+38
1.706825200398507772e+38
1.706825200398507772e+38
1.706825200398507772e+38
1.706825200398507772e+38
1.706825200398507772e+38
1.706825200398507772e+38
1.706825200398507772e+38
1.706825200398507772e+38
1.706825200398507772e+38
1.706825200398507772e+38
1.706825200398507772e+38
1.706825200398507772e+38
1.706825200398507772e+38
1.706825200398507772e+38
1.706825200398507772e+38
1.706825200398507772e+38
1.706825200398507772e+38
1.706825200398507772e+38
1.706825200398507772e+38
1.706825200398507772e+38
1.706825200398507772e+38
1.706825200398507772e+38
1.706825200398507772e+38
1.706825200398507772e+38
1.706825200398507772e+38
1.706825200398507772e+38
1.706825200398507772e+38
1.706825200398507772e+38
1.706825200398507772e+38
1.706825200398507772e+38
1.706825200398507772e+38
1.706825200398507772e+38
1.706825200398507772e+38
1.706825200398507772e+38
1.706825200398507772e+38
1.706825200398507772e+38
1.706825200398507772e+38
1.706825200398507772e+38
1.706825200398507772e+38
1.706825200398507772e+38
1.706825200398507772e+38
1.706825200398507772e+38
1.706825200398507772e+38
1.706825200398507772e+38
1.706825200398507772e+38
1.706825200398507772e+38
1.706825200398507772e+38
1.706825200398507772e+38
1.706825200398507772e+38
1.706825200398507772e+38
1.706825200398507772e+38
1.706825200398507772e+38
1.706825200398507772e+38
1.706825200398507772e+38
1.706825200398507772e+38
1.706825200398507772e+38
1.706825200398507772e+38
1.706825200398507772e+38
1.706825200398507772e+38
1.706825200398507772e+38
1.706825200398507772e+38
1.706825200398507772e+38
1.706825200398507772e+38
1.706825200398507772e+38
1.706825200398507772e+38
1.706825200398507772e+38
1.706825200398507772e+38
1.706825200398507772e+38
1.706825200398507772e+38
1.706825200398507772e+38
1.706825200398507772e+38
1.706825200398507772e+38
1.706825200398507772e+38
1.706825200398507772e+38
1.706825200398507772e+38
1.706825200398507772e+38
1.706825200398507772e+38
1.706825200398507772e+38
1.706825200398507772e+38
1.706825200398507772e+38
1.706825200398506261e+38
1.706825200398500594e+38
1.706825200398482460e+38
1.706825200398448837e+38
1.706825200398432970e+38
1.706825200398432214e+38
1.706825200398432214e+38
1.706825200398432214e+38
1.706825200398432214e+38
1.706825200398432214e+38
1.706825200398432214e+38
1.706825200398432214e+38
1.706825200398432214e+38
1.706825200398432214e+38
1.706825200398432214e+38
1.706825200398432214e+38
1.706825200398432214e+38
1.706825200398432214e+38
1.706825200398432214e+38
1.706825200398432214e+38
1.706825200398432214e+38
1.706825200398432214e+38
1.706825200398432214e+38
1.706825200398432214e+38
1.706825200398432214e+38
1.706825200398432214e+38
1.706825200398432214e+38
1.706825200398432214e+38
1.706825200398431837e+38
1.706825200398424659e+38
1.706825200398361568e+38
1.706825200397884798e+38
1.706825200394728368e+38
1.706825200377841185e+38
1.706825200303650919e+38
1.706825200058509475e+38
1.706825199613683331e+38
1.706825199400986811e+38
1.706825199394388343e+38
1.706825199394386831e+38
1.706825199394386831e+38
1.706825199394386831e+38
1.706825199394386831e+38
1.706825199394386831e+38
1.706825199394386831e+38
1.706825199394386831e+38
1.706825199394386831e+38
1.706825199394386831e+38
1.706825199394386831e+38
1.706825199394386831e+38
1.706825199394386831e+38
1.706825199394386831e+38
1.706825199394386831e+38
1.706825199394386831e+38
1.706825199394386831e+38
1.706825199394386831e+38
1.706825199394386831e+38
1.706825199394386831e+38
1.706825199394386831e+38
1.706825199394386831e+38
1.706825199394385320e+38
1.706825199394356986e+38
1.706825199393933862e+38
1.706825199388661056e+38
1.706825199328905742e+38
1.706825198793177065e+38
1.706825194746235549e+38
1.706825167968652182e+38
1.706825024704946285e+38
1.706824395312513077e+38
1.706822315651755098e+38
1.706818541972262746e+38
1.706816737573992768e+38
1.706816681594057072e+38
1.706816681582093240e+38
1.706816681582093240e+38
1.706816681582093240e+38
1.706816681582093240e+38
1.706816681582093240e+38
1.706816681582093240e+38
1.706816681582093240e+38
1.706816681582093240e+38
1.706816681582093240e+38
1.706816681582093240e+38
1.706816681582093240e+38
1.706816681582093240e+38
1.706816681582093240e+38
1.706816681582093240e+38
1.706816681582093240e+38
1.706816681582093240e+38
1.706816681582093240e+38
1.706816681582093240e+38
1.706816681582093240e+38
1.706816681582092862e+38
1.706816681582077750e+38
1.706816681581694672e+38
1.706816681573858944e+38
1.706816681419666878e+38
1.706816679111171268e+38
1.706816650343760226e+38
1.706816324321533753e+38
1.706813401423133229e+38
1.706791321918787355e+38
1.706645241834832968e+38
1.705864118054381297e+38
1.702440902996523347e+38
1.691226832577750347e+38
1.671250907793242578e+38
1.661865143956412277e+38
1.661575643969916781e+38
1.661575582109966315e+38
1.661575582109966315e+38
1.661575582109966315e+38
1.661575582109966315e+38
1.661575582109966315e+38
1.661575582109966315e+38
1.661575582109966315e+38
1.661575582109966315e+38
1.661575582109966315e+38
1.661575582109966315e+38
1.661575582109966315e+38
1.661575582109966315e+38
1.661575582109966315e+38
1.661575582109966315e+38
1.661575582109966315e+38
1.661575582109966315e+38
1.661575582109966315e+38
1.661575582109966315e+38
1.661575582109966315e+38
1.661575582109965182e+38
1.661575582109921358e+38
1.661575582108457047e+38
1.661575582057405999e+38
1.661575580773605547e+38
1.661575554523087770e+38
1.661575037957755691e+38
1.661567304212204902e+38
1.661470935871569701e+38
1.660379570061812144e+38
1.650658764963322963e+38
1.580748708585062616e+38
1.234730467256963623e+38
5.687069698990766940e+37
1.687681912396115233e+37
5.077748337589447245e+36
2.238255218580107297e+36
1.766040845813043638e+36
1.754556732333938810e+36
1.754554293960377079e+36
1.754554293960373242e+36
1.754554293960373242e+36
1.754554293960373242e+36
1.754554293960373242e+36
1.754554293960373242e+36
1.754554293960373242e+36
1.754554293960373242e+36
1.754554293960373242e+36
1.754554293960373242e+36
1.754554293960373242e+36
1.754554293960373242e+36
1.754554293960373242e+36
1.754554293960373242e+36
1.754554293960373242e+36
1.754554293960373242e+36
1.754554293960373242e+36
1.754554293960373242e+36
1.754554293960373242e+36
1.754554293960373242e+36
1.754554293960372947e+36
1.754554293960346383e+36
1.754554293959214196e+36
1.754554293921548896e+36
1.754554292608395726e+36
1.754554259585960069e+36
1.754553584359837102e+36
1.754540297164978292e+36
1.754341391314530696e+36
1.751866495454844753e+36
1.724298712377643798e+36
1.511109979863782052e+36
7.813506261844304869e+35
1.862389109805323863e+35
3.669801687331902900e+34
8.105463546589884998e+33
2.267620603516627114e+33
9.829651373521237616e+32
7.734492702850013404e+32
7.683682761533714569e+32
7.683671973994863766e+32
7.683671973994846472e+32
7.683671973994846472e+32
7.683671973994846472e+32
7.683671973994846472e+32
7.683671973994846472e+32
7.683671973994846472e+32
7.683671973994846472e+32
7.683671973994846472e+32
7.683671973994846472e+32
7.683671973994846472e+32
7.683671973994846472e+32
7.683671973994846472e+32
7.683671973994846472e+32
7.683671973994846472e+32
7.683671973994846472e+32
7.683671973994846472e+32
7.683671973994846472e+32
7.683671973994846472e+32
7.683671973994846472e+32
7.683671973994846472e+32
7.683671973994845031e+32
7.683671973994767209e+32
7.683671973991475618e+32
7.683671973881988427e+32
7.683671970064851234e+32
7.683671874073624214e+32
7.683669911293127984e+32
7.683631287318412203e+32
7.683053072953017340e+32
7.675854923971178147e+32
7.595210685880857362e+32
6.941387644491036708e+32
4.206180341189898120e+32
1.166023999288644793e+32
2.395781335029172597e+31
5.335121986909318813e+30
1.495091407157634992e+30
6.483305114151357241e+29
5.101717917354750327e+29
5.068210807150154063e+29
5.068203693192255960e+29
5.068203693192243998e+29
5.068203693192243998e+29
5.068203693192243998e+29
5.068203693192243998e+29
5.068203693192243998e+29
5.068203693192243998e+29
5.068203693192243998e+29
5.068203693192243998e+29
5.068203693192243998e+29
5.068203693192243998e+29
5.068203693192243998e+29
5.068203693192243998e+29
5.068203693192243998e+29
5.068203693192243998e+29
5.068203693192243998e+29
5.068203693192243998e+29
5.068203693192243998e+29
5.068203693192243998e+29
5.068203693192243998e+29
5.068203693192243998e+29
5.068203693192243294e+29
5.068203693192209517e+29
5.068203693190774698e+29
5.068203693143019654e+29
5.068203691478104314e+29
5.068203649609760578e+29
5.068202793506772136e+29
5.068185946916237796e+29
5.067933740724869450e+29
5.064792967259109228e+29
5.029468606896486637e+29
4.733489301430596433e+29
3.276790221187424629e+29
1.079219750685631163e+29
2.352238371937729564e+28
5.302962765394106825e+27
1.489880081552458230e+27
6.464352514963676409e+26
5.087272495360394556e+26
5.053871546152388574e+26
5.053864454717892114e+26
5.053864454717881119e+26
5.053864454717881119e+26
5.053864454717881119e+26
5.053864454717881119e+26
5.053864454717881119e+26
5.053864454717881119e+26
5.053864454717881119e+26
5.053864454717881119e+26
5.053864454717881119e+26
5.053864454717881119e+26
5.053864454717881119e+26
5.053864454717881119e+26
5.053864454717881119e+26
5.053864454717881119e+26
5.053864454717881119e+26
5.053864454717881119e+26
5.053864454717881119e+26
5.053864454717881119e+26
5.053864454717881119e+26
5.053864454717881119e+26
5.053864454717881119e+26
5.053864454717881119e+26
5.053864454717859128e+26
5.053864454716906676e+26
5.053864454685221500e+26
5.053864453580540106e+26
5.053864425800631850e+26
5.053863857770916841e+26
5.053852679939126499e+26
5.053685336377496688e+26
5.051600907050883975e+26
5.028097588038586897e+26
4.826760736988552096e+26
3.705813650471203499e+26
1.460910862528693684e+26
3.444733424529329819e+25
7.905575054026916994e+24
2.229481196442404952e+24
9.681454360892302489e+23
7.620086107002821306e+23
7.570080815775586630e+23
7.570070198998802461e+23
7.570070198998786355e+23
7.570070198998786355e+23
7.570070198998786355e+23
7.570070198998786355e+23
7.570070198998786355e+23
7.570070198998786355e+23
7.570070198998786355e+23
7.570070198998786355e+23
7.570070198998786355e+23
7.570070198998786355e+23
7.570070198998786355e+23
7.570070198998786355e+23
7.570070198998786355e+23
7.570070198998786355e+23
7.570070198998786355e+23
7.570070198998786355e+23
7.570070198998786355e+23
7.570070198998786355e+23
7.570070198998786355e+23
7.570070198998786355e+23
7.570070198998786355e+23
7.570070198998786355e+23
7.570070198998786355e+23
7.570070198998763538e+23
7.570070198997809250e+23
7.570070198966039913e+23
7.570070197858467169e+23
7.570070170005867321e+23
7.570069600489753134e+23
7.570058393399599049e+23
7.569890609850726880e+23
7.567800392119542297e+23
7.544192283607170443e+23
7.338938068463654346e+23
6.087760723440342128e+23
2.860716384944133453e+23
7.457474701294733518e+22
1.755530083847059276e+22
4.978243752084934492e+21
2.164449839603577258e+21
1.703939731160934646e+21
1.692766234751859425e+21
1.692763862460970828e+21
1.692763862460967158e+21
1.692763862460967158e+21
1.692763862460967158e+21
1.692763862460967158e+21
1.692763862460967158e+21
1.692763862460967158e+21
1.692763862460967158e+21
1.692763862460967158e+21
1.692763862460967158e+21
1.692763862460967158e+21
1.692763862460967158e+21
1.692763862460967158e+21
1.692763862460967158e+21
1.692763862460967158e+21
1.692763862460967158e+21
1.692763862460967158e+21
1.692763862460967158e+21
1.692763862460967158e+21
1.692763862460967158e+21
1.692763862460967158e+21
1.692763862460967158e+21
1.692763862460967158e+21
1.692763862460967158e+21
1.692763862460967158e+21
1.692763862460963750e+21
1.692763862460820095e+21
1.692763862456038064e+21
1.692763862289321034e+21
1.692763858096814293e+21
1.692763772370514870e+21
1.692762085424649994e+21
1.692736829631442977e+21
1.692422166755967238e+21
1.688864237382970900e+21
1.657622047318739517e+21
1.454382863745652097e+21
8.029622187688992440e+20
2.364201747431668122e+20
5.766738529786913587e+19
1.648452788991622349e+19
7.180090311036694528e+18
5.654116236908288000e+18
5.617079875612518400e+18
5.617072012214316032e+18
5.617072012214303744e+18
5.617072012214303744e+18
5.617072012214303744e+18
5.617072012214303744e+18
5.617072012214303744e+18
5.617072012214303744e+18
5.617072012214303744e+18
5.617072012214303744e+18
5.617072012214303744e+18
5.617072012214303744e+18
5.617072012214303744e+18
5.617072012214303744e+18
5.617072012214303744e+18
5.617072012214303744e+18
5.617072012214303744e+18
5.617072012214303744e+18
5.617072012214303744e+18
5.617072012214303744e+18
5.617072012214303744e+18
5.617072012214303744e+18
5.617072012214303744e+18
5.617072012214303744e+18
5.617072012214303744e+18
5.617072012214303744e+18
5.617072012214295552e+18
5.617072012213972992e+18
5.617072012203235328e+18
5.617072011828849664e+18
5.617072002414021632e+18
5.617071809904293888e+18
5.617068021643262976e+18
5.617011306112872448e+18
5.616304639319998464e+18
5.608308363056920576e+18
5.537623262928379904e+18
5.056225174240325632e+18
3.209876393530981376e+18
1.086740104510984192e+18
2.782330496153017600e+17
8.045437611604886400e+16
3.513496430544833600e+16
2.767967651008363600e+16
2.749865225477878000e+16
2.749861382009972000e+16
2.749861382009966000e+16
2.749861382009966000e+16
2.749861382009966000e+16
2.749861382009966000e+16
2.749861382009966000e+16
2.749861382009966000e+16
2.749861382009966000e+16
2.749861382009966000e+16
2.749861382009966000e+16
2.749861382009966000e+16
2.749861382009966000e+16
2.749861382009966000e+16
2.749861382009966000e+16
2.749861382009966000e+16
2.749861382009966000e+16
2.749861382009966000e+16
2.749861382009966000e+16
2.749861382009966000e+16
2.749861382009966000e+16
2.749861382009966000e+16
2.749861382009966000e+16
2.749861382009966000e+16
2.749861382009966000e+16
2.749861382009966000e+16
2.749861382009966000e+16
2.749861382009963600e+16
2.749861382009856000e+16
2.749861382006280400e+16
2.749861381881627600e+16
2.749861378746922800e+16
2.749861314650040400e+16
2.749860053333126400e+16
2.749841169601604400e+16
2.749605870979570000e+16
2.746942033108812800e+16
2.723288375155514800e+16
2.556964182491618400e+16
1.821048830310238000e+16
7.170010671038056000e+15
1.957150658208756500e+15
5.752427678859937500e+14
2.521628555547284688e+14
1.987801469277961562e+14
1.974831172005370000e+14
1.974828418138200938e+14
1.974828418138196875e+14
1.974828418138196875e+14
1.974828418138196875e+14
1.974828418138196875e+14
1.974828418138196875e+14
1.974828418138196875e+14
1.974828418138196875e+14
1.974828418138196875e+14
1.974828418138196875e+14
1.974828418138196875e+14
1.974828418138196875e+14
1.974828418138196875e+14
1.974828418138196875e+14
1.974828418138196875e+14
1.974828418138196875e+14
1.974828418138196875e+14
1.974828418138196875e+14
1.974828418138196875e+14
1.974828418138196875e+14
1.974828418138196875e+14
1.974828418138196875e+14
1.974828418138196875e+14
1.974828418138196875e+14
1.974828418138196875e+14
1.974828418138195625e+14
1.974828418138142812e+14
1.974828418136388750e+14
1.974828418075226250e+14
1.974828416537149062e+14
1.974828385087304062e+14
1.974827766208102188e+14
1.974818500673259688e+14
1.974703045133240938e+14
1.973395525409796562e+14
1.961750043594165938e+14
1.878030301883071875e+14
1.464492035451472188e+14
6.723748717545493750e+13
1.991497768365752734e+13
5.988454412760597656e+12
2.639332370634880859e+12
2.082453896554193604e+12
2.068911091143985840e+12
2.068908215658599365e+12
2.068908215658594727e+12
2.068908215658594727e+12
2.068908215658594727e+12
2.068908215658594727e+12
2.068908215658594727e+12
2.068908215658594727e+12
2.068908215658594727e+12
2.068908215658594727e+12
2.068908215658594727e+12
2.068908215658594727e+12
2.068908215658594727e+12
2.068908215658594727e+12
2.068908215658594727e+12
2.068908215658594727e+12
2.068908215658594727e+12
2.068908215658594727e+12
2.068908215658594727e+12
2.068908215658594727e+12
2.068908215658594727e+12
2.068908215658594727e+12
2.068908215658594727e+12
2.068908215658594727e+12
2.068908215658594727e+12
2.068908215658594727e+12
2.068908215658593750e+12
2.068908215658555908e+12
2.068908215657295166e+12
2.068908215613338135e+12
2.068908214507940674e+12
2.068908191905318848e+12
2.068907747124301758e+12
2.068901088085713867e+12
2.068818109805930908e+12
2.067878178381710938e+12
2.059489360798463379e+12
1.998253155566930420e+12
1.669746774338696045e+12
8.883781073718110352e+11
2.907141424370078125e+11
9.020108567687855530e+10
4.006165547992204285e+10
3.164956118845798874e+10
3.144471711831351471e+10
3.144467362329776764e+10
3.144467362329769516e+10
3.144467362329769516e+10
3.144467362329769516e+10
3.144467362329769516e+10
3.144467362329769516e+10
3.144467362329769516e+10
3.144467362329769516e+10
3.144467362329769516e+10
3.144467362329769516e+10
3.144467362329769516e+10
3.144467362329769516e+10
3.144467362329769516e+10
3.144467362329769516e+10
3.144467362329769516e+10
3.144467362329769516e+10
3.144467362329769516e+10
3.144467362329769516e+10
3.144467362329769516e+10
3.144467362329769516e+10
3.144467362329769516e+10
3.144467362329769516e+10
3.144467362329769516e+10
3.144467362329769516e+10
3.144467362329769135e+10
3.144467362329729462e+10
3.144467362328410339e+10
3.144467362282420731e+10
3.144467361125902557e+10
3.144467337477986145e+10
3.144466872127322006e+10
3.144459905122821808e+10
3.144373088107674789e+10
3.143389522102410126e+10
3.134598917293215942e+10
3.069749591187242508e+10
2.700131751916858673e+10
1.642224873046759605e+10
6.034782360629018784e+09
1.952996737434863567e+09
8.768317584515606165e+08
6.939820126381442547e+08
6.895210755468854904e+08
6.895201283036100864e+08
6.895201283036085367e+08
6.895201283036085367e+08
6.895201283036085367e+08
6.895201283036085367e+08
6.895201283036085367e+08
6.895201283036085367e+08
6.895201283036085367e+08
6.895201283036085367e+08
6.895201283036085367e+08
6.895201283036085367e+08
6.895201283036085367e+08
6.895201283036085367e+08
6.895201283036085367e+08
6.895201283036085367e+08
6.895201283036085367e+08
6.895201283036085367e+08
6.895201283036085367e+08
6.895201283036085367e+08
6.895201283036085367e+08
6.895201283036085367e+08
6.895201283036085367e+08
6.895201283036085367e+08
6.895201283036084175e+08
6.895201283036024570e+08
6.895201283034027815e+08
6.895201282964421511e+08
6.895201281214007139e+08
6.895201245422407389e+08
6.895200541104741096e+08
6.895189996394439936e+08
6.895058595771383047e+08
6.893569776839652061e+08
6.880250657212272882e+08
6.781275838243509531e+08
6.191904285578927994e+08
4.226587802315623164e+08
1.765181844470230043e+08
6.036325262197221071e+07
2.751226079866990447e+07
2.183127438573085517e+07
2.169230992840038612e+07
2.169228041858073696e+07
2.169228041858069226e+07
2.169228041858069226e+07
2.169228041858069226e+07
2.169228041858069226e+07
2.169228041858069226e+07
2.169228041858069226e+07
2.169228041858069226e+07
2.169228041858069226e+07
2.169228041858069226e+07
2.169228041858069226e+07
2.169228041858069226e+07
2.169228041858069226e+07
2.169228041858069226e+07
2.169228041858069226e+07
2.169228041858069226e+07
2.169228041858069226e+07
2.169228041858069226e+07
2.169228041858069226e+07
2.169228041858069226e+07
2.169228041858069226e+07
2.169228041858069226e+07
2.169228041858068854e+07
2.169228041858055815e+07
2.169228041857621446e+07
2.169228041842481866e+07
2.169228041461764649e+07
2.169228033677046373e+07
2.169227880487050116e+07
2.169225586997877434e+07
2.169197006997816637e+07
2.168873161263178289e+07
2.165974084075526521e+07
2.144322104512703046e+07
2.011287970061611012e+07
1.510062761265461706e+07
7.208543490845222026e+06
2.643489314367799088e+06
1.230022717509357724e+06
9.795761872086395742e+05
9.734271685035380069e+05
9.734258626118029933e+05
9.734258626118007815e+05
9.734258626118007815e+05
9.734258626118007815e+05
9.734258626118007815e+05
9.734258626118007815e+05
9.734258626118007815e+05
9.734258626118007815e+05
9.734258626118007815e+05
9.734258626118007815e+05
9.734258626118007815e+05
9.734258626118007815e+05
9.734258626118007815e+05
9.734258626118007815e+05
9.734258626118007815e+05
9.734258626118007815e+05
9.734258626118007815e+05
9.734258626118007815e+05
9.734258626118007815e+05
9.734258626118007815e+05
9.734258626118007815e+05
9.734258626118007815e+05
9.734258626117968233e+05
9.734258626116618980e+05
9.734258626069638412e+05
9.734258624888164923e+05
9.734258600729985628e+05
9.734258125338181853e+05
9.734251007991331862e+05
9.734162315762568032e+05
9.733157275897022337e+05
9.724156002346965251e+05
9.656693780410820618e+05
9.232865705066676019e+05
7.477123798407338327e+05
4.073773857251699665e+05
1.626915789911272004e+05
7.784665903977521521e+04
6.230914964976312331e+04
6.192569607875387737e+04
6.192561463308663224e+04
6.192561463308650127e+04
6.192561463308650127e+04
6.192561463308650127e+04
6.192561463308650127e+04
6.192561463308650127e+04
6.192561463308650127e+04
6.192561463308650127e+04
6.192561463308650127e+04
6.192561463308650127e+04
6.192561463308650127e+04
6.192561463308650127e+04
6.192561463308650127e+04
6.192561463308650127e+04
6.192561463308650127e+04
6.192561463308650127e+04
6.192561463308650127e+04
6.192561463308650127e+04
6.192561463308650127e+04
6.192561463308650127e+04
6.192561463308650127e+04
6.192561463308650127e+04
6.192561463308631937e+04
6.192561463308039674e+04
6.192561463287403603e+04
6.192561462768453202e+04
6.192561452157223539e+04
6.192561243346275296e+04
6.192558117124313867e+04
6.192519159849354037e+04
6.192077689646607905e+04
6.188122564028065972e+04
6.158407663467135717e+04
5.968761492168006225e+04
5.124474958926664112e+04
3.160469267618360391e+04
1.394499259672536755e+04
6.924286562376427355e+03
5.580813856142239274e+03
5.547421623760043076e+03
5.547414530020573693e+03
5.547414530020561870e+03
5.547414530020561870e+03
5.547414530020561870e+03
5.547414530020561870e+03
5.547414530020561870e+03
5.547414530020561870e+03
5.547414530020561870e+03
5.547414530020561870e+03
5.547414530020561870e+03
5.547414530020561870e+03
5.547414530020561870e+03
5.547414530020561870e+03
5.547414530020561870e+03
5.547414530020561870e+03
5.547414530020561870e+03
5.547414530020561870e+03
5.547414530020561870e+03
5.547414530020561870e+03
5.547414530020561870e+03
5.547414530020561870e+03
5.547414530020550956e+03
5.547414530020186248e+03
5.547414530007475150e+03
5.547414529687825961e+03
5.547414523151814137e+03
5.547414394534219355e+03
5.547412468930127943e+03
5.547388473050036737e+03
5.547116541226635491e+03
5.544679767175083725e+03
5.526341106240724912e+03
5.407990215917633577e+03
4.852054755246014793e+03
3.342508241453984283e+03
1.648180836561879232e+03
8.585117884537453392e+02
6.984929564226335970e+02
6.944770535736470265e+02
6.944762002471494498e+02
6.944762002471480855e+02
6.944762002471480855e+02
6.944762002471480855e+02
6.944762002471480855e+02
6.944762002471480855e+02
6.944762002471480855e+02
6.944762002471480855e+02
6.944762002471480855e+02
6.944762002471480855e+02
6.944762002471480855e+02
6.944762002471480855e+02
6.944762002471480855e+02
6.944762002471480855e+02
6.944762002471480855e+02
6.944762002471480855e+02
6.944762002471480855e+02
6.944762002471480855e+02
6.944762002471480855e+02
6.944762002471480855e+02
6.944762002471480855e+02
6.944762002471471760e+02
6.944762002471160258e+02
6.944762002460303165e+02
6.944762002187284224e+02
6.944761996604722754e+02
6.944761886749424775e+02
6.944760242045704217e+02
6.944739746570002126e+02
6.944507478925479518e+02
6.942425811598814107e+02
6.926740946654447271e+02
6.824717800029985710e+02
6.326203343136585318e+02
4.789289071377528444e+02
2.656663223201345545e+02
1.469383908494250193e+02
1.210674313764095302e+02
1.204097141064230243e+02
1.204095743056297323e+02
1.204095743056295049e+02
1.204095743056295049e+02
1.204095743056295049e+02
1.204095743056295049e+02
1.204095743056295049e+02
1.204095743056295049e+02
1.204095743056295049e+02
1.204095743056295049e+02
1.204095743056295049e+02
1.204095743056295049e+02
1.204095743056295049e+02
1.204095743056295049e+02
1.204095743056295049e+02
1.204095743056295049e+02
1.204095743056295049e+02
1.204095743056295049e+02
1.204095743056295049e+02
1.204095743056295049e+02
1.204095743056295049e+02
1.204095743056294054e+02
1.204095743056257533e+02
1.204095743054989640e+02
1.204095743023107303e+02
1.204095742371188464e+02
1.204095729542538891e+02
1.204095537477797251e+02
1.204093144060496599e+02
1.204066020025296098e+02
1.203822898084857655e+02
1.201989501198789441e+02
1.189997698052306419e+02
1.129698542983887251e+02
9.240033337319759710e+01
5.769124593881247165e+01
3.430690285367570169e+01
2.873723770618832063e+01
2.859322157930538211e+01
2.859319095505767905e+01
2.859319095505762576e+01
2.859319095505762576e+01
2.859319095505762576e+01
2.859319095505762576e+01
2.859319095505762576e+01
2.859319095505762576e+01
2.859319095505762576e+01
2.859319095505762576e+01
2.859319095505762576e+01
2.859319095505762576e+01
2.859319095505762576e+01
2.859319095505762576e+01
2.859319095505762576e+01
2.859319095505762576e+01
2.859319095505762576e+01
2.859319095505762576e+01
2.859319095505762576e+01
2.859319095505762576e+01
2.859319095505762576e+01
2.859319095505760799e+01
2.859319095505704311e+01
2.859319095503716923e+01
2.859319095453747295e+01
2.859319094431993591e+01
2.859319074325623333e+01
2.859318773302116057e+01
2.859315022090984115e+01
2.859272510143401647e+01
2.858891432038769409e+01
2.856016013636125095e+01
2.837134889432910967e+01
2.740214184819338428e+01
2.382629703078464445e+01
1.664792534634287691e+01
1.076356261905329958e+01
9.207430167514230490e+00
9.166316536638644763e+00
9.166307789247788662e+00
9.166307789247774451e+00
9.166307789247774451e+00
9.166307789247774451e+00
9.166307789247774451e+00
9.166307789247774451e+00
9.166307789247774451e+00
9.166307789247774451e+00
9.166307789247774451e+00
9.166307789247774451e+00
9.166307789247774451e+00
9.166307789247774451e+00
9.166307789247774451e+00
9.166307789247774451e+00
9.166307789247774451e+00
9.166307789247774451e+00
9.166307789247774451e+00
9.166307789247774451e+00
9.166307789247774451e+00
9.166307789247770899e+00
9.166307789247655435e+00
9.166307789243580473e+00
9.166307789141086459e+00
9.166307787045349542e+00
9.166307745804852303e+00
9.166307128370700497e+00
9.166299434197352269e+00
9.166212236706014593e+00
9.165430554619973691e+00
9.159529965144615815e+00
9.120677898268061412e+00
8.918288709725741725e+00
8.126101266916135657e+00
6.282225631604349658e+00
4.449986682793367621e+00
3.905360496224596023e+00
3.890587944859693614e+00
3.890584799676378491e+00
3.890584799676373606e+00
3.890584799676373606e+00
3.890584799676373606e+00
3.890584799676373606e+00
3.890584799676373606e+00
3.890584799676373606e+00
3.890584799676373606e+00
3.890584799676373606e+00
3.890584799676373606e+00
3.890584799676373606e+00
3.890584799676373606e+00
3.890584799676373606e+00
3.890584799676373606e+00
3.890584799676373606e+00
3.890584799676373606e+00
3.890584799676373606e+00
3.890584799676373606e+00
3.890584799676372718e+00
3.890584799676342520e+00
3.890584799675286032e+00
3.890584799648729941e+00
3.890584799105714975e+00
3.890584788420100804e+00
3.890584628439895276e+00
3.890582634841288190e+00
3.890560041446201378e+00
3.890357495431607138e+00
3.888828126401564944e+00
3.878738901444481968e+00
3.825637291260570727e+00
3.608596671032226144e+00
3.038920297262195369e+00
2.362234724075240599e+00
2.134924514952421415e+00
2.128569972466283655e+00
2.128568618443051008e+00
2.128568618443048344e+00
2.128568618443048344e+00
2.128568618443048344e+00
2.128568618443048344e+00
2.128568618443048344e+00
2.128568618443048344e+00
2.128568618443048344e+00
2.128568618443048344e+00
2.128568618443048344e+00
2.128568618443048344e+00
2.128568618443048344e+00
2.128568618443048344e+00
2.128568618443048344e+00
2.128568618443048344e+00
2.128568618443048344e+00
2.128568618443048344e+00
2.128568618443048344e+00
2.128568618443048344e+00
2.128568618443039018e+00
2.128568618442710392e+00
2.128568618434443227e+00
2.128568618265405554e+00
2.128568614939026382e+00
2.128568565137975988e+00
2.128567944540396883e+00
2.128560911306907943e+00
2.128497857970325757e+00
2.128021668269306055e+00
2.124876203006034636e+00
2.108204253943811946e+00
2.037956383961460283e+00
1.835829329263387821e+00
1.555825236967460112e+00
1.450072730404508459e+00
1.447021287542094026e+00
1.447020636773060032e+00
1.447020636773058921e+00
1.447020636773058921e+00
1.447020636773058921e+00
1.447020636773058921e+00
1.447020636773058921e+00
1.447020636773058921e+00
1.447020636773058921e+00
1.447020636773058921e+00
1.447020636773058921e+00
1.447020636773058921e+00
1.447020636773058921e+00
1.447020636773058921e+00
1.447020636773058921e+00
1.447020636773058921e+00
1.447020636773058921e+00
1.447020636773058921e+00
1.447020636773058921e+00
1.447020636773055591e+00
1.447020636772941016e+00
1.447020636770058433e+00
1.447020636711117580e+00
1.447020635551263590e+00
1.447020618186451557e+00
1.447020401794186784e+00
1.447017949415962290e+00
1.446995963353665537e+00
1.446829900317760265e+00
1.445732063108516874e+00
1.439886671331372492e+00
1.414756636834114234e+00
1.337618573251246890e+00
1.217192565895221179e+00
1.166956959891346068e+00
1.165464674343834606e+00
1.165464355826709264e+00
1.165464355826708598e+00
1.165464355826708598e+00
1.165464355826708598e+00
1.165464355826708598e+00
1.165464355826708598e+00
1.165464355826708598e+00
1.165464355826708598e+00
1.165464355826708598e+00
1.165464355826708598e+00
1.165464355826708598e+00
1.165464355826708598e+00
1.165464355826708598e+00
1.165464355826708598e+00
1.165464355826708598e+00
1.165464355826708598e+00
1.165464355826708598e+00
1.165464355826708598e+00
1.165464355826707488e+00
1.165464355826666631e+00
1.165464355825639897e+00
1.165464355804643359e+00
1.165464355391466977e+00
1.165464349205577621e+00
1.165464272119873801e+00
1.165463398505023562e+00
1.165455566299027357e+00
1.165396404537256458e+00
1.165005097477449958e+00
1.162916007239284122e+00
1.153826186914082452e+00
1.124776278495417170e+00
1.075635340377935512e+00
1.053624731310296436e+00
1.052956267660617673e+00
1.052956124890008338e+00
1.052956124890008116e+00
1.052956124890008116e+00
1.052956124890008116e+00
1.052956124890008116e+00
1.052956124890008116e+00
1.052956124890008116e+00
1.052956124890008116e+00
1.052956124890008116e+00
1.052956124890008116e+00
1.052956124890008116e+00
1.052956124890008116e+00
1.052956124890008116e+00
1.052956124890008116e+00
1.052956124890008116e+00
1.052956124890008116e+00
1.052956124890008116e+00
1.052956124890007894e+00
1.052956124889994349e+00
1.052956124889658396e+00
1.052956124882787003e+00
1.052956124747573163e+00
1.052956122723211818e+00
1.052956097496553722e+00
1.052955811601848701e+00
1.052953248462163760e+00
1.052933886686057363e+00
1.052805792667461660e+00
1.052121001296545622e+00
1.049123067880548099e+00
1.039337532914397677e+00
1.022039378477451521e+00
1.013970055501904222e+00
1.013721748653652943e+00
1.013721695599546280e+00
1.013721695599546280e+00
1.013721695599546280e+00
1.013721695599546280e+00
1.013721695599546280e+00
1.013721695599546280e+00
1.013721695599546280e+00
1.013721695599546280e+00
1.013721695599546280e+00
1.013721695599546280e+00
1.013721695599546280e+00
1.013721695599546280e+00
1.013721695599546280e+00
1.013721695599546280e+00
1.013721695599546280e+00
1.013721695599546280e+00
1.013721695599546058e+00
1.013721695599542505e+00
1.013721695599450801e+00
1.013721695597581185e+00
1.013721695560785507e+00
1.013721695009899726e+00
1.013721688145012401e+00
1.013721610344959334e+00
1.013720912840642363e+00
1.013715643863608129e+00
1.013680781759753513e+00
1.013494305479164082e+00
1.012675881424555113e+00
1.009980985863295100e+00
1.005127356938622096e+00
1.002823017379064430e+00
1.002751696078931998e+00
1.002751680837525194e+00
1.002751680837525194e+00
1.002751680837525194e+00
1.002751680837525194e+00
1.002751680837525194e+00
1.002751680837525194e+00
1.002751680837525194e+00
1.002751680837525194e+00
1.002751680837525194e+00
1.002751680837525194e+00
1.002751680837525194e+00
1.002751680837525194e+00
1.002751680837525194e+00
1.002751680837525194e+00
1.002751680837525194e+00
1.002751680837525194e+00
1.002751680837525194e+00
1.002751680837524306e+00
1.002751680837504988e+00
1.002751680837110415e+00
1.002751680829346848e+00
1.002751680713111826e+00
1.002751679264646478e+00
1.002751662849125536e+00
1.002751515678229399e+00
1.002750403937923807e+00
1.002743047896545781e+00
1.002703693906221494e+00
1.002530838730101737e+00
1.001960107190014604e+00
1.000926131889200876e+00
1.000432485085844814e+00
1.000417177880594144e+00
1.000417174609252058e+00
1.000417174609252058e+00
1.000417174609252058e+00
1.000417174609252058e+00
1.000417174609252058e+00
1.000417174609252058e+00
1.000417174609252058e+00
1.000417174609252058e+00
1.000417174609252058e+00
1.000417174609252058e+00
1.000417174609252058e+00
1.000417174609252058e+00
1.000417174609252058e+00
1.000417174609252058e+00
1.000417174609252058e+00
1.000417174609252058e+00
1.000417174609251836e+00
1.000417174609248949e+00
1.000417174609186555e+00
1.000417174607959314e+00
1.000417174589583347e+00
1.000417174360593853e+00
1.000417171765443314e+00
1.000417148499008091e+00
1.000416972742373956e+00
1.000415809806881162e+00
1.000409587989478544e+00
1.000382254931173387e+00
1.000291950549104136e+00
1.000128128447970166e+00
1.000049815033202671e+00
1.000047385619021068e+00
1.000047385099818165e+00
1.000047385099818165e+00
1.000047385099818165e+00
1.000047385099818165e+00
1.000047385099818165e+00
1.000047385099818165e+00
1.000047385099818165e+00
1.000047385099818165e+00
1.000047385099818165e+00
1.000047385099818165e+00
1.000047385099818165e+00
1.000047385099818165e+00
1.000047385099818165e+00
1.000047385099818165e+00
1.000047385099818165e+00
1.000047385099818165e+00
1.000047385099818165e+00
1.000047385099817721e+00
1.000047385099810393e+00
1.000047385099666508e+00
1.000047385097512453e+00
1.000047385070669037e+00
1.000047384766452163e+00
1.000047382039039867e+00
1.000047361435932869e+00
1.000047225110422655e+00
1.000046495751001796e+00
1.000043291508164733e+00
1.000032704064767186e+00
1.000013492967773532e+00
1.000004307344242394e+00
1.000004022370403423e+00
1.000004022309499918e+00
1.000004022309499918e+00
1.000004022309499918e+00
1.000004022309499918e+00
1.000004022309499918e+00
1.000004022309499918e+00
1.000004022309499918e+00
1.000004022309499918e+00
1.000004022309499918e+00
1.000004022309499918e+00
1.000004022309499918e+00
1.000004022309499918e+00
1.000004022309499918e+00
1.000004022309499918e+00
1.000004022309499918e+00
1.000004022309499918e+00
1.000004022309499252e+00
1.000004022309486595e+00
1.000004022309299412e+00
1.000004022306967499e+00
1.000004022280539528e+00
1.000004022043602170e+00
1.000004020253757897e+00
1.000004008410812162e+00
1.000003945049444232e+00
1.000003666687456105e+00
1.000002746913563056e+00
1.000001077922703763e+00
1.000000279888149324e+00
1.000000255129793514e+00
1.000000255124502191e+00
1.000000255124502191e+00
1.000000255124502191e+00
1.000000255124502191e+00
1.000000255124502191e+00
1.000000255124502191e+00
1.000000255124502191e+00
1.000000255124502191e+00
1.000000255124502191e+00
1.000000255124502191e+00
1.000000255124502191e+00
1.000000255124502191e+00
1.000000255124502191e+00
1.000000255124502191e+00
1.000000255124502191e+00
1.000000255124502191e+00
1.000000255124502191e+00
1.000000255124501525e+00
1.000000255124489312e+00
1.000000255124338988e+00
1.000000255122634130e+00
1.000000255107349023e+00
1.000000254991885162e+00
1.000000254227890517e+00
1.000000250140413938e+00
1.000000232183124060e+00
1.000000172847921531e+00
1.000000065179992070e+00
1.000000013698028711e+00
1.000000012100842550e+00
1.000000012100501046e+00
1.000000012100501046e+00
1.000000012100501046e+00
1.000000012100501046e+00
1.000000012100501046e+00
1.000000012100501046e+00
1.000000012100501046e+00
1.000000012100501046e+00
1.000000012100501046e+00
1.000000012100501046e+00
1.000000012100501046e+00
1.000000012100501046e+00
1.000000012100501046e+00
1.000000012100501046e+00
1.000000012100501046e+00
1.000000012100501046e+00
1.000000012100501046e+00
1.000000012100500602e+00
1.000000012100493274e+00
1.000000012100411562e+00
1.000000012099677482e+00
1.000000012094132584e+00
1.000000012057443044e+00
1.000000011861149174e+00
1.000000010998781885e+00
1.000000008149313224e+00
1.000000002978749469e+00
1.000000000506418019e+00
1.000000000429716041e+00
1.000000000429699609e+00
1.000000000429699609e+00
1.000000000429699609e+00
1.000000000429699609e+00
1.000000000429699609e+00
1.000000000429699609e+00
1.000000000429699609e+00
1.000000000429699609e+00
1.000000000429699609e+00
1.000000000429699609e+00
1.000000000429699609e+00
1.000000000429699609e+00
1.000000000429699609e+00
1.000000000429699609e+00
1.000000000429699609e+00
1.000000000429699609e+00
1.000000000429699609e+00
1.000000000429699609e+00
1.000000000429699387e+00
1.000000000429696501e+00
1.000000000429670077e+00
1.000000000429471347e+00
1.000000000428156621e+00
1.000000000421121804e+00
1.000000000390216526e+00
1.000000000288097546e+00
1.000000000102795328e+00
1.000000000014191981e+00
1.000000000011443291e+00
1.000000000011442625e+00
1.000000000011442625e+00
1.000000000011442625e+00
1.000000000011442625e+00
1.000000000011442625e+00
1.000000000011442625e+00
1.000000000011442625e+00
1.000000000011442625e+00
1.000000000011442625e+00
1.000000000011442625e+00
1.000000000011442625e+00
1.000000000011442625e+00
1.000000000011442625e+00
1.000000000011442625e+00
1.000000000011442625e+00
1.000000000011442625e+00
1.000000000011442625e+00
1.000000000011442625e+00
1.000000000011442625e+00
1.000000000011441958e+00
1.000000000011436629e+00
1.000000000011401324e+00
1.000000000011212586e+00
1.000000000010384138e+00
1.000000000007646328e+00
1.000000000002678746e+00
1.000000000000303313e+00
1.000000000000229594e+00
1.000000000000229594e+00
1.000000000000229594e+00
1.000000000000229594e+00
1.000000000000229594e+00
1.000000000000229594e+00
1.000000000000229594e+00
1.000000000000229594e+00
1.000000000000229594e+00
1.000000000000229594e+00
1.000000000000229594e+00
1.000000000000229594e+00
1.000000000000229594e+00
1.000000000000229594e+00
1.000000000000229594e+00
1.000000000000229594e+00
1.000000000000229594e+00
1.000000000000229594e+00
1.000000000000229594e+00
1.000000000000229594e+00
1.000000000000229594e+00
1.000000000000229594e+00
1.000000000000228928e+00
1.000000000000225153e+00
1.000000000000208500e+00
1.000000000000153433e+00
1.000000000000053513e+00
1.000000000000005773e+00
1.000000000000004441e+00
1.000000000000004441e+00
1.000000000000004441e+00
1.000000000000004441e+00
1.000000000000004441e+00
1.000000000000004441e+00
1.000000000000004441e+00
1.000000000000004441e+00
1.000000000000004441e+00
1.000000000000004441e+00
1.000000000000004441e+00
1.000000000000004441e+00
1.000000000000004441e+00
1.000000000000004441e+00
1.000000000000004441e+00
1.000000000000004441e+00
1.000000000000004441e+00
1.000000000000004441e+00
1.000000000000004441e+00
1.000000000000004441e+00
1.000000000000004441e+00
1.000000000000004441e+00
1.000000000000004219e+00
1.000000000000003997e+00
1.000000000000003331e+00
1.000000000000001776e+00
1.000000000000001110e+00
1.000000000000001110e+00
1.000000000000001110e+00
1.000000000000001110e+00
1.000000000000001110e+00
1.000000000000001110e+00
1.000000000000001110e+00
1.000000000000001110e+00
1.000000000000001110e+00
1.000000000000001110e+00
1.000000000000001110e+00
1.000000000000001110e+00
1.000000000000001110e+00
1.000000000000001110e+00
1.000000000000001110e+00
1.000000000000001110e+00
1.000000000000001110e+00
1.000000000000001110e+00
1.000000000000001110e+00
1.000000000000001110e+00
1.000000000000001110e+00
1.000000000000001110e+00
1.000000000000001110e+00
1.000000000000001110e+00
1.000000000000001110e+00
1.000000000000001110e+00
1.000000000000001110e+00
1.000000000000001110e+00
1.000000000000001110e+00
1.000000000000001110e+00
1.000000000000001110e+00
1.000000000000001110e+00
1.000000000000001110e+00
1.000000000000001110e+00
1.000000000000001110e+00
1.000000000000001110e+00
1.000000000000001110e+00
1.000000000000001110e+00
1.000000000000001110e+00
1.000000000000001110e+00
1.000000000000001110e+00
1.000000000000001110e+00
1.000000000000001110e+00
1.000000000000001110e+00
1.000000000000001110e+00
1.000000000000001110e+00
1.000000000000001110e+00
1.000000000000001110e+00
1.000000000000001110e+00
1.000000000000001110e+00
1.000000000000001110e+00
1.000000000000001110e+00
1.000000000000001110e+00
1.000000000000001110e+00
1.000000000000001110e+00
1.000000000000001110e+00
1.000000000000001110e+00
1.000000000000001110e+00
1.000000000000001110e+00
1.000000000000001110e+00
1.000000000000001110e+00
1.000000000000001110e+00
1.000000000000001110e+00
1.000000000000001110e+00
1.000000000000001110e+00
1.000000000000001110e+00
1.000000000000001110e+00
1.000000000000001110e+00
1.000000000000001110e+00
1.000000000000001110e+00
1.000000000000001110e+00
1.000000000000001110e+00
1.000000000000001110e+00
1.000000000000001110e+00
1.000000000000001110e+00
1.000000000000001110e+00
1.000000000000001110e+00
1.000000000000001110e+00
1.000000000000001110e+00
1.000000000000001110e+00
1.000000000000001110e+00
1.000000000000001110e+00
1.000000000000001110e+00
1.000000000000001110e+00
1.000000000000001110e+00
1.000000000000001110e+00
1.000000000000001110e+00
1.000000000000001110e+00
1.000000000000001110e+00
1.000000000000001110e+00
1.000000000000001110e+00
1.000000000000001110e+00
1.000000000000001110e+00
1.000000000000001110e+00
1.000000000000001110e+00
1.000000000000001110e+00
1.000000000000001110e+00
1.000000000000001110e+00
1.000000000000001110e+00
1.000000000000001110e+00
1.000000000000001110e+00
1.000000000000001110e+00
1.000000000000001110e+00
1.000000000000001110e+00
1.000000000000001110e+00
1.000000000000001110e+00
1.000000000000001110e+00
1.000000000000001110e+00
1.000000000000001110e+00
1.000000000000001110e+00
1.000000000000001110e+00
1.000000000000001110e+00
1.000000000000001110e+00
1.000000000000001110e+00
1.000000000000001110e+00
1.000000000000001110e+00
1.000000000000001110e+00
1.000000000000001110e+00
1.000000000000001110e+00
1.000000000000001110e+00
1.000000000000001110e+00
1.000000000000001110e+00
1.000000000000001110e+00
1.000000000000001110e+00
1.000000000000001110e+00
1.000000000000001110e+00
1.000000000000001110e+00
1.000000000000001110e+00
1.000000000000001110e+00
1.000000000000001110e+00
1.000000000000001110e+00
1.000000000000001110e+00
1.000000000000001110e+00
1.000000000000001110e+00
1.000000000000001110e+00
1.000000000000001110e+00
1.000000000000001110e+00
1.000000000000001110e+00
1.000000000000001110e+00
1.000000000000001110e+00
1.000000000000001110e+00
1.000000000000001110e+00
1.000000000000001110e+00
1.000000000000001110e+00
1.000000000000001110e+00
1.000000000000001110e+00
1.000000000000001110e+00
1.000000000000001110e+00
1.000000000000001110e+00
1.000000000000001110e+00
1.000000000000001110e+00
1.000000000000001110e+00
1.000000000000001110e+00
1.000000000000001110e+00
1.000000000000001110e+00
1.000000000000001110e+00
1.000000000000001110e+00
1.000000000000001110e+00
1.000000000000001110e+00
1.000000000000001110e+00
1.000000000000001110e+00
1.000000000000001110e+00
1.000000000000001110e+00
1.000000000000001110e+00
1.000000000000001110e+00
1.000000000000001110e+00
1.000000000000001110e+00
1.000000000000001110e+00
1.000000000000001110e+00
1.000000000000001110e+00
1.000000000000001110e+00
1.000000000000001110e+00
1.000000000000001110e+00
1.000000000000001110e+00
1.000000000000001110e+00
1.000000000000001110e+00
1.000000000000001110e+00
1.000000000000001110e+00
1.000000000000001110e+00
1.000000000000001110e+00
1.000000000000001110e+00
1.000000000000001110e+00
1.000000000000001110e+00
1.000000000000001110e+00
1.000000000000001110e+00
1.000000000000001110e+00
1.000000000000001110e+00
1.000000000000001110e+00
1.000000000000001110e+00
1.000000000000001110e+00
1.000000000000001110e+00
1.000000000000001110e+00
1.000000000000001110e+00
1.000000000000001110e+00
1.000000000000001110e+00
1.000000000000001110e+00
1.000000000000001110e+00
1.000000000000001110e+00
1.000000000000001110e+00
1.000000000000001110e+00
1.000000000000001110e+00
1.000000000000001110e+00
1.000000000000001110e+00
1.000000000000001110e+00
1.000000000000001110e+00
1.000000000000001110e+00
1.000000000000001110e+00
1.000000000000001110e+00
1.000000000000001110e+00
1.000000000000001110e+00
1.000000000000001110e+00
1.000000000000001110e+00
1.000000000000001110e+00
1.000000000000001110e+00
1.000000000000001110e+00
1.000000000000001110e+00
1.000000000000001110e+00
1.000000000000001110e+00
1.000000000000001110e+00
1.000000000000001110e+00
1.000000000000001110e+00
1.000000000000001110e+00
1.000000000000001110e+00
1.000000000000001110e+00
1.000000000000001110e+00
1.000000000000001110e+00
1.000000000000001110e+00
1.000000000000001110e+00
1.000000000000001110e+00
1.000000000000001110e+00
1.000000000000001110e+00
1.000000000000001110e+00
1.000000000000001110e+00
1.000000000000001110e+00
1.000000000000001110e+00
1.000000000000001110e+00
1.000000000000001110e+00
1.000000000000001110e+00
1.000000000000001110e+00
1.000000000000001110e+00
1.000000000000001110e+00
1.000000000000001110e+00
1.000000000000001110e+00
1.000000000000001110e+00
1.000000000000001110e+00
1.000000000000001110e+00
1.000000000000001110e+00
1.000000000000001110e+00
1.000000000000001110e+00
1.000000000000001110e+00
1.000000000000001110e+00
1.000000000000001110e+00
1.000000000000001110e+00
1.000000000000001110e+00
1.000000000000001110e+00
1.000000000000001110e+00
1.000000000000001110e+00
1.000000000000001110e+00
1.000000000000001110e+00
1.000000000000001110e+00
1.000000000000001110e+00
1.000000000000001110e+00
1.000000000000001110e+00
1.000000000000001110e+00
1.000000000000001110e+00
1.000000000000001110e+00
1.000000000000001110e+00
1.000000000000001110e+00
1.000000000000001110e+00
1.000000000000001110e+00
1.000000000000001110e+00
1.000000000000001110e+00
1.000000000000001110e+00
1.000000000000001110e+00
1.000000000000001110e+00
1.000000000000001110e+00
1.000000000000001110e+00
1.000000000000001110e+00
1.000000000000001110e+00
1.000000000000001110e+00
1.000000000000001110e+00
1.000000000000001110e+00
1.000000000000001110e+00
1.000000000000001110e+00
1.000000000000001110e+00
1.000000000000001110e+00
1.000000000000001110e+00
1.000000000000001110e+00
1.000000000000001110e+00
1.000000000000001110e+00
1.000000000000001110e+00
1.000000000000001110e+00
1.000000000000001110e+00
1.000000000000001110e+00
1.000000000000001110e+00
1.000000000000001110e+00
1.000000000000001110e+00
1.000000000000001110e+00
1.000000000000001110e+00
1.000000000000001110e+00
1.000000000000001110e+00
1.000000000000001110e+00
1.000000000000001110e+00
1.000000000000001110e+00
1.000000000000001110e+00
1.000000000000001110e+00
1.000000000000001110e+00
1.000000000000001110e+00
1.000000000000001110e+00
1.000000000000001110e+00
1.000000000000001110e+00
1.000000000000001110e+00
1.000000000000001110e+00
1.000000000000001110e+00
1.000000000000001110e+00
1.000000000000001110e+00
1.000000000000001110e+00
1.000000000000001110e+00
1.000000000000001110e+00
1.000000000000001110e+00
1.000000000000001110e+00
1.000000000000001110e+00
1.000000000000001110e+00
1.000000000000001110e+00
1.000000000000001110e+00
1.000000000000001110e+00
1.000000000000001110e+00
1.000000000000001110e+00
1.000000000000001110e+00
1.000000000000001110e+00
1.000000000000001110e+00
1.000000000000001110e+00
1.000000000000001110e+00
1.000000000000001110e+00
1.000000000000001110e+00
1.000000000000001110e+00
1.000000000000001110e+00
1.000000000000001110e+00
1.000000000000001110e+00
1.000000000000001110e+00
1.000000000000001110e+00
1.000000000000001110e+00
1.000000000000001110e+00
1.000000000000001110e+00
1.000000000000001110e+00
1.000000000000001110e+00
1.000000000000001110e+00
1.000000000000001110e+00
1.000000000000001110e+00
1.000000000000001110e+00
1.000000000000001110e+00
1.000000000000001110e+00
1.000000000000001110e+00
1.000000000000001110e+00
1.000000000000001110e+00
1.000000000000001110e+00
1.000000000000001110e+00
1.000000000000001110e+00
1.000000000000001110e+00
1.000000000000001110e+00
1.000000000000001110e+00
1.000000000000001110e+00
1.000000000000001110e+00
1.000000000000001110e+00
1.000000000000001110e+00
1.000000000000001110e+00
1.000000000000001110e+00
1.000000000000001110e+00
1.000000000000001110e+00
1.000000000000001110e+00
1.000000000000001110e+00
1.000000000000001110e+00
1.000000000000001110e+00
1.000000000000001110e+00
1.000000000000001110e+00
1.000000000000001110e+00
1.000000000000001110e+00
1.000000000000001110e+00
1.000000000000001110e+00
1.000000000000001110e+00
1.000000000000001110e+00
1.000000000000001110e+00
1.000000000000001110e+00
1.000000000000001110e+00
1.000000000000001110e+00
1.000000000000001110e+00
1.000000000000001110e+00
1.000000000000001110e+00
1.000000000000001110e+00
1.000000000000001110e+00
1.000000000000001110e+00
1.000000000000001110e+00
1.000000000000001110e+00
1.000000000000001110e+00
1.000000000000001110e+00
1.000000000000001110e+00
1.000000000000001110e+00
1.000000000000001110e+00
1.000000000000001110e+00
1.000000000000001110e+00
1.000000000000001110e+00
1.000000000000001110e+00
1.000000000000001110e+00
1.000000000000001110e+00
1.000000000000001110e+00
1.000000000000001110e+00
1.000000000000001110e+00
1.000000000000001110e+00
1.000000000000001110e+00
1.000000000000001110e+00
1.000000000000001110e+00
1.000000000000001110e+00
1.000000000000001110e+00
1.000000000000001110e+00
1.000000000000001110e+00
1.000000000000001110e+00
1.000000000000001110e+00
1.000000000000001110e+00
1.000000000000001110e+00
1.000000000000001110e+00
1.000000000000001110e+00
1.000000000000001110e+00
1.000000000000001110e+00
1.000000000000001110e+00
1.000000000000001110e+00
1.000000000000001110e+00
1.000000000000001110e+00
1.000000000000001110e+00
1.000000000000001110e+00
1.000000000000001110e+00
1.000000000000001110e+00
1.000000000000001110e+00
1.000000000000001110e+00
1.000000000000001110e+00
1.000000000000001110e+00
1.000000000000001110e+00
1.000000000000001110e+00
1.000000000000001110e+00
1.000000000000001110e+00
1.000000000000001110e+00
1.000000000000001110e+00
1.000000000000001110e+00
1.000000000000001110e+00
1.000000000000001110e+00
1.000000000000001110e+00
1.000000000000001110e+00
1.000000000000001110e+00
1.000000000000001110e+00
1.000000000000001110e+00
1.000000000000001110e+00
1.000000000000001110e+00
1.000000000000001110e+00
1.000000000000001110e+00
1.000000000000001110e+00
1.000000000000001110e+00
1.000000000000001110e+00
1.000000000000001110e+00
1.000000000000001110e+00
1.000000000000001110e+00
1.000000000000001110e+00
1.000000000000001110e+00
1.000000000000001110e+00
1.000000000000001110e+00
1.000000000000001110e+00
1.000000000000001110e+00
1.000000000000001110e+00
1.000000000000001110e+00
1.000000000000001110e+00
1.000000000000001110e+00
1.000000000000001110e+00
1.000000000000001110e+00
1.000000000000001110e+00
1.000000000000001110e+00
1.000000000000001110e+00
1.000000000000001110e+00
1.000000000000001110e+00
1.000000000000001110e+00
1.000000000000001110e+00
1.000000000000001110e+00
1.000000000000001110e+00
1.000000000000001110e+00
1.000000000000001110e+00
1.000000000000001110e+00
1.000000000000001110e+00
1.000000000000001110e+00
1.000000000000001110e+00
1.000000000000001110e+00
1.000000000000001110e+00
1.000000000000001110e+00
