7.131969582770757263e-05
6.224050135829204073e-06
1.206451101812089427e-06
7.407539831328508790e-07
6.403711593888944569e-07
6.335315776081252255e-07
2.197058464333455161e-07
2.164854019740744639e-07
3.378656879525888354e-08
1.555756655071377354e-08
1.124430573318261279e-08
1.082744889794885258e-08
7.223199182763833459e-09
1.197000963889981893e-09
1.196872253605486024e-09
1.196046051642866106e-09
3.904212890508168540e-10
2.114898584498004156e-10
1.902792064048877021e-10
1.894132880905412833e-10
5.052339350479809473e-11
4.920471721779941902e-11
1.180958464981780712e-11
1.180907788230943882e-11
4.383480729125354725e-12
4.383469912650851057e-12
4.383469680410853257e-12
3.454214754611395394e-12
3.396958617236064303e-12
1.925462630463223466e-12
4.319571692929684329e-13
4.319202587330585588e-13
4.310783660793246929e-13
1.057531942143646047e-13
1.057530057544724885e-13
6.734073927029281995e-14
6.734073201696754061e-14
6.734073188025972541e-14
6.409843551459273433e-14
6.388179727041614120e-14
1.885157253660542809e-14
1.797414865840756026e-14
3.107283197888310561e-15
3.107008352910791699e-15
1.472959102238475788e-15
1.472957502489935153e-15
1.472957377964986029e-15
1.304854858248379922e-15
1.304854854629719149e-15
1.286812412417575334e-15
1.286812412326671145e-15
7.370626212264345665e-16
1.138391950234151310e-16
1.138358368786742696e-16
1.135505120193018611e-16
3.763765500353146839e-17
3.763746798610499520e-17
2.919178628792407966e-17
2.919178519481265660e-17
2.919178507281992135e-17
2.784715047075896417e-17
2.779351439245612960e-17
2.779351439239992942e-17
2.779351438993609495e-17
5.245323725526219509e-18
5.067973446314588160e-18
1.162954725081227373e-18
1.162766795749341416e-18
7.305329508387002541e-19
7.305326352569255321e-19
7.305323952844272433e-19
6.404241673941308117e-19
6.404241663622530809e-19
6.347030812050643073e-19
6.347030811000446955e-19
2.516952679895225025e-19
4.452205889384577495e-20
4.452164695123573636e-20
4.440920524023658853e-20
2.090664091807625952e-20
2.090664091807622942e-20
2.090664091807526947e-20
2.090635922486328224e-20
1.544170469318187124e-20
1.544170433110321692e-20
1.544170406367358323e-20
1.494180382754207716e-20
1.492940615909311791e-20
1.492940615901610478e-20
1.492940615851310906e-20
2.212604065323919806e-21
2.085280174582856263e-21
7.023521058797669310e-22
7.021755218481116645e-22
3.929781278603103599e-22
3.929780197571323643e-22
3.929776807622751586e-22
3.929776807622751586e-22
3.575320774575202934e-22
3.575320774575201994e-22
3.575320772299691785e-22
3.575320769688939990e-22
3.560949913747697693e-22
1.139495687223790235e-22
2.847120779376255907e-23
2.847100837393550183e-23
2.828159679240141320e-23
1.097669818533512236e-23
1.097669818533508269e-23
1.097669818533496073e-23
1.097649812501608644e-23
8.827990325594462788e-24
8.827990241862354487e-24
8.827989815167570641e-24
8.694619506526093307e-24
8.694619506526093307e-24
8.694619506526093307e-24
8.689648817419691592e-24
8.689648817215290757e-24
8.689648817137207076e-24
1.506664952867852197e-24
1.365364719117357197e-24
3.556569576001600402e-25
3.554697164491235344e-25
2.335956435964068387e-25
2.335956165700731038e-25
2.335953079689648163e-25
2.335953079689648163e-25
2.230535186183133008e-25
2.230535186183133008e-25
2.230535181222600571e-25
2.230535180816773544e-25
2.223906962705923968e-25
7.691624731034320171e-26
7.691624731034320171e-26
1.408043618342545841e-26
1.408043618342545841e-26
1.408040167329248066e-26
1.396526867065113226e-26
1.396526867065062429e-26
6.914586509149252528e-27
6.914586509149220960e-27
6.914258146491205277e-27
6.157242599316052891e-27
6.157242580651636958e-27
6.157242045868297395e-27
6.080236362300029983e-27
6.080236362300029983e-27
6.080236362300029983e-27
6.078515929551728103e-27
6.078515929063471773e-27
6.078515929038908648e-27
7.285096845303066945e-28
6.800158851645006735e-28
2.384290372030049520e-28
2.382196549549189257e-28
1.860504743325387513e-28
1.860504664766954850e-28
1.860496567380899478e-28
1.860496567380898581e-28
1.781130459343771475e-28
1.781130459343771475e-28
1.781130451194602765e-28
1.781130451028241059e-28
1.778136203244080031e-28
1.778136203244080031e-28
4.106490269589592314e-29
9.965272498572753279e-30
9.965272498572753279e-30
9.965264577809202724e-30
9.883083638222003480e-30
9.883083638220761929e-30
6.260181050115180239e-30
6.260181050115171131e-30
6.259511157783889587e-30
5.530777410654422720e-30
5.530777400972672264e-30
5.530775616153878709e-30
5.486612238228171454e-30
5.486612238228171454e-30
5.486612238228171454e-30
5.486612237203291885e-30
5.485970213668133310e-30
5.485970213660316166e-30
5.666419696394008970e-31
5.049631986593964766e-31
2.401203391491642531e-31
2.398178095943020959e-31
1.797517085846450866e-31
1.797517038703479226e-31
1.797517038703479226e-31
1.797498225513898916e-31
1.797498225513896069e-31
1.797498225513896069e-31
1.797498225513896069e-31
1.797498225513896069e-31
1.797498225513896069e-31
1.797498225513896069e-31
1.797498225513896069e-31
1.797498225513896069e-31
1.797498225513896069e-31
1.797498225513896069e-31
1.797498225513896069e-31
1.797498225513896069e-31
1.797498225513896069e-31
1.797498225513896069e-31
1.797498225513896069e-31
1.797498225513896069e-31
1.797498225513896069e-31
1.797498225513896069e-31
1.797498225513896069e-31
1.797498225513896069e-31
1.797498225513896069e-31
1.797498225513896069e-31
1.797498225513896069e-31
1.797498225513896069e-31
1.797498225513896069e-31
1.797498225513896069e-31
1.797498225513896069e-31
1.797498225513896069e-31
1.797498225513896069e-31
1.797498225513896069e-31
1.797498225513896069e-31
1.797498225513896069e-31
1.797498225513895850e-31
1.797498225513894318e-31
1.797498225513885998e-31
1.797498225513841769e-31
1.797498225513647777e-31
1.797498225513006245e-31
1.797498225511842510e-31
1.797498225511286151e-31
1.797498225511268854e-31
1.797498225511268854e-31
1.797498225511268854e-31
1.797498225511268854e-31
1.797498225511268854e-31
1.797498225511268854e-31
1.797498225511268854e-31
1.797498225511268854e-31
1.797498225511268854e-31
1.797498225511268854e-31
1.797498225511267540e-31
1.797498225511248929e-31
1.797498225511016620e-31
1.797498225508386339e-31
1.797498225484804456e-31
1.797498225306663513e-31
1.797498224127949268e-31
1.797498217821669148e-31
1.797498190116627207e-31
1.797498098572508074e-31
1.797497932459213392e-31
1.797497853031302102e-31
1.797497850567115469e-31
1.797497850566588668e-31
1.797497850566588668e-31
1.797497850566588668e-31
1.797497850566588668e-31
1.797497850566588668e-31
1.797497850566588668e-31
1.797497850566588668e-31
1.797497850566588668e-31
1.797497850566588449e-31
1.797497850566577720e-31
1.797497850566308189e-31
1.797497850560797145e-31
1.797497850452343432e-31
1.797497848828626715e-31
1.797497828594620016e-31
1.797497599281790253e-31
1.797495543414202634e-31
1.797480013364248690e-31
1.797377261726345517e-31
1.796827725957606041e-31
1.794417455704188409e-31
1.786499122434023512e-31
1.772307781305958006e-31
1.765601494391657197e-31
1.765394248868830662e-31
1.765394204582381201e-31
1.765394204582381201e-31
1.765394204582381201e-31
1.765394204582381201e-31
1.765394204582381201e-31
1.765394204582381201e-31
1.765394204582381201e-31
1.765394204582380982e-31
1.765394204582369815e-31
1.765394204581890746e-31
1.765394204565949443e-31
1.765394204010181335e-31
1.765394190034039237e-31
1.765393904256858472e-31
1.765388280667274289e-31
1.765304091095174904e-31
1.764255632491517232e-31
1.752459860763454265e-31
1.653354280485770105e-31
1.158459521367783979e-31
3.886697408696238693e-32
8.532562153376208831e-33
1.926614227993135823e-33
5.414639430255781001e-34
2.349495862473362962e-34
1.849012235500510651e-34
1.836872904264440893e-34
1.836870326933586210e-34
1.836870326933582147e-34
1.836870326933582147e-34
1.836870326933582147e-34
1.836870326933582147e-34
1.836870326933582147e-34
1.836870326933582147e-34
1.836870326933582147e-34
1.836870326933582147e-34
1.836870326933582147e-34
1.836870326933575519e-34
1.836870326933167976e-34
1.836870326915816173e-34
1.836870326338517598e-34
1.836870306211642268e-34
1.836869800072496676e-34
1.836859450851277748e-34
1.836655819520384186e-34
1.833612531752441179e-34
1.796517277527998505e-34
1.461444195806559615e-34
5.469167813283366492e-35
9.549598426184034504e-36
1.477943388740643413e-36
2.676404555385520323e-37
5.821214151900235823e-38
1.623514189011302671e-38
7.032784177349620566e-39
5.533152862417547776e-39
5.496789271557703465e-39
5.496781551167166919e-39
5.496781551167153869e-39
5.496781551167153869e-39
5.496781551167153869e-39
5.496781551167153869e-39
5.496781551167153869e-39
5.496781551167153869e-39
5.496781551167153869e-39
5.496781551167153869e-39
5.496781551167153869e-39
5.496781551167153869e-39
5.496781551167153869e-39
5.496781551167142123e-39
5.496781551166375400e-39
5.496781551133744962e-39
5.496781550048170515e-39
5.496781512200806230e-39
5.496780560436842743e-39
5.496761099311332943e-39
5.496378165526880023e-39
5.490651425417264905e-39
5.420275528214808906e-39
4.732789633406355093e-39
2.214554878932955396e-39
4.411993296408474645e-40
7.004819399309810913e-41
1.273439710650680502e-41
2.771614790530778593e-42
7.730971403069104801e-43
3.349023031924741015e-43
2.634908931064316883e-43
2.617592753986975525e-43
2.617589077571579084e-43
2.617589077571573110e-43
2.617589077571573110e-43
2.617589077571573110e-43
2.617589077571573110e-43
2.617589077571573110e-43
2.617589077571573110e-43
2.617589077571573110e-43
2.617589077571573110e-43
2.617589077571573110e-43
2.617589077571573110e-43
2.617589077571573110e-43
2.617589077571573110e-43
2.617589077571569526e-43
2.617589077571338527e-43
2.617589077561501981e-43
2.617589077234248643e-43
2.617589065824928224e-43
2.617588778909813825e-43
2.617582912225557316e-43
2.617467471216998792e-43
2.615740356926155670e-43
2.594407467487190972e-43
2.374901111445316399e-43
1.350498927177354693e-43
3.171362265587974849e-44
5.230730997076551595e-45
9.566595055621772566e-46
2.084336305359158835e-46
5.815144411727637457e-47
2.519211556396701505e-47
1.982053558250982602e-47
1.969028196129433780e-47
1.969025430700876226e-47
1.969025430700871608e-47
1.969025430700871608e-47
1.969025430700871608e-47
1.969025430700871608e-47
1.969025430700871608e-47
1.969025430700871608e-47
1.969025430700871608e-47
1.969025430700871608e-47
1.969025430700871608e-47
1.969025430700871608e-47
1.969025430700871608e-47
1.969025430700871608e-47
1.969025430700871608e-47
1.969025430700871608e-47
1.969025430700869906e-47
1.969025430700758573e-47
1.969025430696036860e-47
1.969025430538942916e-47
1.969025425062025116e-47
1.969025287331608393e-47
1.969022471092542884e-47
1.968967053941096491e-47
1.968137746053831356e-47
1.957861581659833125e-47
1.848481752585990616e-47
1.231609132744062832e-47
3.497956741258642506e-48
6.096667303879051868e-49
1.125334497105416067e-49
2.455811605549221239e-50
6.853763226190359530e-51
2.969369453052715373e-51
2.336253878384723557e-51
2.320901490574897949e-51
2.320898231092109021e-51
2.320898231092103976e-51
2.320898231092103976e-51
2.320898231092103976e-51
2.320898231092103976e-51
2.320898231092103976e-51
2.320898231092103976e-51
2.320898231092103976e-51
2.320898231092103976e-51
2.320898231092103976e-51
2.320898231092103976e-51
2.320898231092103976e-51
2.320898231092103976e-51
2.320898231092103976e-51
2.320898231092103976e-51
2.320898231092103976e-51
2.320898231092102789e-51
2.320898231092018813e-51
2.320898231088439281e-51
2.320898230969358333e-51
2.320898226817717479e-51
2.320898122414604122e-51
2.320895987633560874e-51
2.320853979575881593e-51
2.320225235582348185e-51
2.312418594772479404e-51
2.227482013352523097e-51
1.675676685723255790e-51
5.835861688960420042e-52
1.098548445378663103e-52
2.056043566769099342e-53
4.498011037110884190e-54
1.255946618893677186e-54
5.441941402140823214e-55
4.281711575650183114e-55
4.253576706613260007e-55
4.253570733264864761e-55
4.253570733264855343e-55
4.253570733264855343e-55
4.253570733264855343e-55
4.253570733264855343e-55
4.253570733264855343e-55
4.253570733264855343e-55
4.253570733264855343e-55
4.253570733264855343e-55
4.253570733264855343e-55
4.253570733264855343e-55
4.253570733264855343e-55
4.253570733264855343e-55
4.253570733264855343e-55
4.253570733264855343e-55
4.253570733264855343e-55
4.253570733264855343e-55
4.253570733264855343e-55
4.253570733264853169e-55
4.253570733264753195e-55
4.253570733260503545e-55
4.253570733119108172e-55
4.253570728189509446e-55
4.253570604222751323e-55
4.253568069413517406e-55
4.253518189297711630e-55
4.252771546467850706e-55
4.243489164951249301e-55
4.141054988949155142e-55
3.404308565942422122e-55
1.452369759824993148e-55
3.029643215778377747e-56
5.788281563833759375e-57
1.271061723017530069e-57
3.551786106993868600e-58
1.539224100674436022e-58
1.211092183239955183e-58
1.203134962007302645e-58
1.203133272598834693e-58
1.203133272598832040e-58
1.203133272598832040e-58
1.203133272598832040e-58
1.203133272598832040e-58
1.203133272598832040e-58
1.203133272598832040e-58
1.203133272598832040e-58
1.203133272598832040e-58
1.203133272598832040e-58
1.203133272598832040e-58
1.203133272598832040e-58
1.203133272598832040e-58
1.203133272598832040e-58
1.203133272598832040e-58
1.203133272598832040e-58
1.203133272598832040e-58
1.203133272598832040e-58
1.203133272598832040e-58
1.203133272598832040e-58
1.203133272598831686e-58
1.203133272598813292e-58
1.203133272598029056e-58
1.203133272571932782e-58
1.203133271662124800e-58
1.203133248782783051e-58
1.203132780957538062e-58
1.203123575027165042e-58
1.202985764817456872e-58
1.201271081622684648e-58
1.182174678421516881e-58
1.034707465071988213e-58
5.327188621216027745e-59
1.265330541114342888e-59
2.491124391203749586e-60
5.501206061615547390e-61
1.538989283286813994e-61
6.671139889159008629e-62
5.249201369823451427e-62
5.214717813567518488e-62
5.214710492309471554e-62
5.214710492309459463e-62
5.214710492309459463e-62
5.214710492309459463e-62
5.214710492309459463e-62
5.214710492309459463e-62
5.214710492309459463e-62
5.214710492309459463e-62
5.214710492309459463e-62
5.214710492309459463e-62
5.214710492309459463e-62
5.214710492309459463e-62
5.214710492309459463e-62
5.214710492309459463e-62
5.214710492309459463e-62
5.214710492309459463e-62
5.214710492309459463e-62
5.214710492309459463e-62
5.214710492309459463e-62
5.214710492309459463e-62
5.214710492309459463e-62
5.214710492309459463e-62
5.214710492309406783e-62
5.214710492307172606e-62
5.214710492232866148e-62
5.214710489642261712e-62
5.214710424495191220e-62
5.214709092400568729e-62
5.214682879184596098e-62
5.214290458203997223e-62
5.209405237707685441e-62
5.154673824736582991e-62
4.710939165731914901e-62
2.854620569883665429e-62
7.913474683914707424e-63
1.625948064859919997e-63
3.620793850051618253e-64
1.014675515160219631e-64
4.400032595005698615e-65
3.462389123059733731e-65
3.439648811631029221e-65
3.439643983592529551e-65
3.439643983592521117e-65
3.439643983592521117e-65
3.439643983592521117e-65
3.439643983592521117e-65
3.439643983592521117e-65
3.439643983592521117e-65
3.439643983592521117e-65
3.439643983592521117e-65
3.439643983592521117e-65
3.439643983592521117e-65
3.439643983592521117e-65
3.439643983592521117e-65
3.439643983592521117e-65
3.439643983592521117e-65
3.439643983592521117e-65
3.439643983592521117e-65
3.439643983592521117e-65
3.439643983592521117e-65
3.439643983592521117e-65
3.439643983592521117e-65
3.439643983592520696e-65
3.439643983592497924e-65
3.439643983591524247e-65
3.439643983559114157e-65
3.439643982429184092e-65
3.439643954014343818e-65
3.439643373001882427e-65
3.439631939705698113e-65
3.439460774621606446e-65
3.437329222055576705e-65
3.413355595242482369e-65
3.212482958359044581e-65
2.223863214714925897e-65
7.324353831182339484e-66
1.596396481058799289e-66
3.598968198951497089e-67
1.011138729585304439e-67
4.387169994734570029e-68
3.452585420581908150e-68
3.429917157701420993e-68
3.429912344948934032e-68
3.429912344948926208e-68
3.429912344948926208e-68
3.429912344948926208e-68
3.429912344948926208e-68
3.429912344948926208e-68
3.429912344948926208e-68
3.429912344948926208e-68
3.429912344948926208e-68
3.429912344948926208e-68
3.429912344948926208e-68
3.429912344948926208e-68
3.429912344948926208e-68
3.429912344948926208e-68
3.429912344948926208e-68
3.429912344948926208e-68
3.429912344948926208e-68
3.429912344948926208e-68
3.429912344948926208e-68
3.429912344948926208e-68
3.429912344948926208e-68
3.429912344948926208e-68
3.429912344948926208e-68
3.429912344948911383e-68
3.429912344948265673e-68
3.429912344926761649e-68
3.429912344177046241e-68
3.429912325323621992e-68
3.429911939818203649e-68
3.429904353745488234e-68
3.429790782486696510e-68
3.428376140296823695e-68
3.412425114156316273e-68
3.275783588231151649e-68
2.515029063740674974e-68
9.914781544188283411e-69
2.337841428807827035e-69
5.365286250670096265e-70
1.513084719030842013e-70
6.570524422827968689e-71
5.171533119276049286e-71
5.137595967373914940e-71
5.137588762073084300e-71
5.137588762073073039e-71
5.137588762073073039e-71
5.137588762073073039e-71
5.137588762073073039e-71
5.137588762073073039e-71
5.137588762073073039e-71
5.137588762073073039e-71
5.137588762073073039e-71
5.137588762073073039e-71
5.137588762073073039e-71
5.137588762073073039e-71
5.137588762073073039e-71
5.137588762073073039e-71
5.137588762073073039e-71
5.137588762073073039e-71
5.137588762073073039e-71
5.137588762073073039e-71
5.137588762073073039e-71
5.137588762073073039e-71
5.137588762073073039e-71
5.137588762073073039e-71
5.137588762073073039e-71
5.137588762073073039e-71
5.137588762073057758e-71
5.137588762072410291e-71
5.137588762050849264e-71
5.137588761299172341e-71
5.137588742396414312e-71
5.137588355882218459e-71
5.137580749952693615e-71
5.137466880087226606e-71
5.136048309473779764e-71
5.120026165715719886e-71
4.980726037530788933e-71
4.131587984887316290e-71
1.941485873236828257e-71
5.061173438508302941e-72
1.191427740187493878e-72
3.378590750579120495e-73
1.468949808878772324e-73
1.156414852694498529e-73
1.148831722277567833e-73
1.148830112272021097e-73
1.148830112272018583e-73
1.148830112272018583e-73
1.148830112272018583e-73
1.148830112272018583e-73
1.148830112272018583e-73
1.148830112272018583e-73
1.148830112272018583e-73
1.148830112272018583e-73
1.148830112272018583e-73
1.148830112272018583e-73
1.148830112272018583e-73
1.148830112272018583e-73
1.148830112272018583e-73
1.148830112272018583e-73
1.148830112272018583e-73
1.148830112272018583e-73
1.148830112272018583e-73
1.148830112272018583e-73
1.148830112272018583e-73
1.148830112272018583e-73
1.148830112272018583e-73
1.148830112272018583e-73
1.148830112272018583e-73
1.148830112272018583e-73
1.148830112272016227e-73
1.148830112271918673e-73
1.148830112268673330e-73
1.148830112155527288e-73
1.148830109310193623e-73
1.148830051130221498e-73
1.148828906248616708e-73
1.148811765868680116e-73
1.148598213231731102e-73
1.146183548970708424e-73
1.124980373787765660e-73
9.870477895329860428e-74
5.449473469957978075e-74
1.604515679456297747e-74
3.913719461725121881e-75
1.118757462071019258e-75
4.872920636526006965e-76
3.837285953046609320e-76
3.812150440616831535e-76
3.812145103954795963e-76
3.812145103954787985e-76
3.812145103954787985e-76
3.812145103954787985e-76
3.812145103954787985e-76
3.812145103954787985e-76
3.812145103954787985e-76
3.812145103954787985e-76
3.812145103954787985e-76
3.812145103954787985e-76
3.812145103954787985e-76
3.812145103954787985e-76
3.812145103954787985e-76
3.812145103954787985e-76
3.812145103954787985e-76
3.812145103954787985e-76
3.812145103954787985e-76
3.812145103954787985e-76
3.812145103954787985e-76
3.812145103954787985e-76
3.812145103954787985e-76
3.812145103954787985e-76
3.812145103954787985e-76
3.812145103954787985e-76
3.812145103954787985e-76
3.812145103954782463e-76
3.812145103954563394e-76
3.812145103947275845e-76
3.812145103693190986e-76
3.812145097303618022e-76
3.812144966652806946e-76
3.812142395669078826e-76
3.812103904470991427e-76
3.811624310057972414e-76
3.806197467507284665e-76
3.758225524510714804e-76
3.431514497332354009e-76
2.178450721530883713e-76
7.375392303453355047e-77
1.888287626619296020e-77
5.460206942969689757e-78
2.384508901851176975e-78
1.878539977011458980e-78
1.866254381828472656e-78
1.866251773377427695e-78
1.866251773377423620e-78
1.866251773377423620e-78
1.866251773377423620e-78
1.866251773377423620e-78
1.866251773377423620e-78
1.866251773377423620e-78
1.866251773377423620e-78
1.866251773377423620e-78
1.866251773377423620e-78
1.866251773377423620e-78
1.866251773377423620e-78
1.866251773377423620e-78
1.866251773377423620e-78
1.866251773377423620e-78
1.866251773377423620e-78
1.866251773377423620e-78
1.866251773377423620e-78
1.866251773377423620e-78
1.866251773377423620e-78
1.866251773377423620e-78
1.866251773377423620e-78
1.866251773377423620e-78
1.866251773377423620e-78
1.866251773377423620e-78
1.866251773377423620e-78
1.866251773377421942e-78
1.866251773377349073e-78
1.866251773374922331e-78
1.866251773290324125e-78
1.866251771162890089e-78
1.866251727662180826e-78
1.866250871642694668e-78
1.866238055797622805e-78
1.866078365395220153e-78
1.864270495302998560e-78
1.848217438450387721e-78
1.735337996037300921e-78
1.235893427649527928e-78
4.866079874971431847e-79
1.328261820957361409e-79
3.904007099096323729e-80
1.711356723061255819e-80
1.349063644237467803e-80
1.340261076790044871e-80
1.340259207819658972e-80
1.340259207819656350e-80
1.340259207819656350e-80
1.340259207819656350e-80
1.340259207819656350e-80
1.340259207819656350e-80
1.340259207819656350e-80
1.340259207819656350e-80
1.340259207819656350e-80
1.340259207819656350e-80
1.340259207819656350e-80
1.340259207819656350e-80
1.340259207819656350e-80
1.340259207819656350e-80
1.340259207819656350e-80
1.340259207819656350e-80
1.340259207819656350e-80
1.340259207819656350e-80
1.340259207819656350e-80
1.340259207819656350e-80
1.340259207819656350e-80
1.340259207819656350e-80
1.340259207819656350e-80
1.340259207819656350e-80
1.340259207819656350e-80
1.340259207819656350e-80
1.340259207819656350e-80
1.340259207819655414e-80
1.340259207819619646e-80
1.340259207818429189e-80
1.340259207776919949e-80
1.340259206733071291e-80
1.340259185388966653e-80
1.340258765373464821e-80
1.340252477121648250e-80
1.340174120769682359e-80
1.339286744766452449e-80
1.331383291438790640e-80
1.274565112363587046e-80
9.939085934072430151e-81
4.563214731460954558e-81
1.351572216041360485e-81
4.064191650066170665e-82
1.791238914606472564e-82
1.413301522340846689e-82
1.404110410098370198e-82
1.404108458589200537e-82
1.404108458589197611e-82
1.404108458589197611e-82
1.404108458589197611e-82
1.404108458589197611e-82
1.404108458589197611e-82
1.404108458589197611e-82
1.404108458589197611e-82
1.404108458589197611e-82
1.404108458589197611e-82
1.404108458589197611e-82
1.404108458589197611e-82
1.404108458589197611e-82
1.404108458589197611e-82
1.404108458589197611e-82
1.404108458589197611e-82
1.404108458589197611e-82
1.404108458589197611e-82
1.404108458589197611e-82
1.404108458589197611e-82
1.404108458589197611e-82
1.404108458589197611e-82
1.404108458589197611e-82
1.404108458589197611e-82
1.404108458589197611e-82
1.404108458589197611e-82
1.404108458589197611e-82
1.404108458589196733e-82
1.404108458589171277e-82
1.404108458588315408e-82
1.404108458558483181e-82
1.404108457808281706e-82
1.404108442468532705e-82
1.404108140608458284e-82
1.404103621310629207e-82
1.404047306340423868e-82
1.403409401935940300e-82
1.397716152889389367e-82
1.356156902901042859e-82
1.133209077041953504e-82
6.029166521479273960e-83
1.972993211288337143e-83
6.121688067854521485e-84
2.718869251845398386e-84
2.147964623998742856e-84
2.134062446540854206e-84
2.134059494659323276e-84
2.134059494659318247e-84
2.134059494659318247e-84
2.134059494659318247e-84
2.134059494659318247e-84
2.134059494659318247e-84
2.134059494659318247e-84
2.134059494659318247e-84
2.134059494659318247e-84
2.134059494659318247e-84
2.134059494659318247e-84
2.134059494659318247e-84
2.134059494659318247e-84
2.134059494659318247e-84
2.134059494659318247e-84
2.134059494659318247e-84
2.134059494659318247e-84
2.134059494659318247e-84
2.134059494659318247e-84
2.134059494659318247e-84
2.134059494659318247e-84
2.134059494659318247e-84
2.134059494659318247e-84
2.134059494659318247e-84
2.134059494659318247e-84
2.134059494659318247e-84
2.134059494659318247e-84
2.134059494659318247e-84
2.134059494659317789e-84
2.134059494659290815e-84
2.134059494658395627e-84
2.134059494627183842e-84
2.134059493842288457e-84
2.134059477793127927e-84
2.134059161973025928e-84
2.134054433667596277e-84
2.133995513458185997e-84
2.133327995519439015e-84
2.127362065046889949e-84
2.083350693914014022e-84
1.832501704752935912e-84
1.114530754771304457e-84
4.095633094872083558e-85
1.325442674486392446e-85
5.950804774631142791e-86
4.709856177664145507e-86
4.679581081574023215e-86
4.679574652906549082e-86
4.679574652906538366e-86
4.679574652906538366e-86
4.679574652906538366e-86
4.679574652906538366e-86
4.679574652906538366e-86
4.679574652906538366e-86
4.679574652906538366e-86
4.679574652906538366e-86
4.679574652906538366e-86
4.679574652906538366e-86
4.679574652906538366e-86
4.679574652906538366e-86
4.679574652906538366e-86
4.679574652906538366e-86
4.679574652906538366e-86
4.679574652906538366e-86
4.679574652906538366e-86
4.679574652906538366e-86
4.679574652906538366e-86
4.679574652906538366e-86
4.679574652906538366e-86
4.679574652906538366e-86
4.679574652906538366e-86
4.679574652906538366e-86
4.679574652906538366e-86
4.679574652906538366e-86
4.679574652906538366e-86
4.679574652906537652e-86
4.679574652906497647e-86
4.679574652905142493e-86
4.679574652857902824e-86
4.679574651669946737e-86
4.679574627379217988e-86
4.679574149379089920e-86
4.679566992987706313e-86
4.679477815166814014e-86
4.678467396609079481e-86
4.669428093469278038e-86
4.602256732531385300e-86
4.202267223047632092e-86
2.868463491654770324e-86
1.197978112325175869e-86
4.096680217758582870e-87
1.867177954534211559e-87
1.481625757720163989e-87
1.472194639969062865e-87
1.472192637222538438e-87
1.472192637222535536e-87
1.472192637222535536e-87
1.472192637222535536e-87
1.472192637222535536e-87
1.472192637222535536e-87
1.472192637222535536e-87
1.472192637222535536e-87
1.472192637222535536e-87
1.472192637222535536e-87
1.472192637222535536e-87
1.472192637222535536e-87
1.472192637222535536e-87
1.472192637222535536e-87
1.472192637222535536e-87
1.472192637222535536e-87
1.472192637222535536e-87
1.472192637222535536e-87
1.472192637222535536e-87
1.472192637222535536e-87
1.472192637222535536e-87
1.472192637222535536e-87
1.472192637222535536e-87
1.472192637222535536e-87
1.472192637222535536e-87
1.472192637222535536e-87
1.472192637222535536e-87
1.472192637222535536e-87
1.472192637222535313e-87
1.472192637222526383e-87
1.472192637222231483e-87
1.472192637211956875e-87
1.472192636953574976e-87
1.472192631670310648e-87
1.472192527704669334e-87
1.472190971179579287e-87
1.472171574756128257e-87
1.471951789976966837e-87
1.469984269731034202e-87
1.455289694389670930e-87
1.365003256330160937e-87
1.024836133399201131e-87
4.892230990721780308e-88
1.794060112672725077e-88
8.347810158228685644e-89
6.648101640673148765e-89
6.606370020534032565e-89
6.606361157822688470e-89
6.606361157822673123e-89
6.606361157822673123e-89
6.606361157822673123e-89
6.606361157822673123e-89
6.606361157822673123e-89
6.606361157822673123e-89
6.606361157822673123e-89
6.606361157822673123e-89
6.606361157822673123e-89
6.606361157822673123e-89
6.606361157822673123e-89
6.606361157822673123e-89
6.606361157822673123e-89
6.606361157822673123e-89
6.606361157822673123e-89
6.606361157822673123e-89
6.606361157822673123e-89
6.606361157822673123e-89
6.606361157822673123e-89
6.606361157822673123e-89
6.606361157822673123e-89
6.606361157822673123e-89
6.606361157822673123e-89
6.606361157822673123e-89
6.606361157822673123e-89
6.606361157822673123e-89
6.606361157822673123e-89
6.606361157822673123e-89
6.606361157822673123e-89
6.606361157822646613e-89
6.606361157821731330e-89
6.606361157789847116e-89
6.606361156988014673e-89
6.606361140592553983e-89
6.606360817957819590e-89
6.606355987619363765e-89
6.606295794756444244e-89
6.605613703126785126e-89
6.599504797843286558e-89
6.553720129514920507e-89
6.266080213411220609e-89
5.074508715177723831e-89
2.764753065435433870e-89
1.104140920673738767e-89
5.283228690542104288e-90
4.228742648348092582e-90
4.202718758140912976e-90
4.202713230657894842e-90
4.202713230657885250e-90
4.202713230657885250e-90
4.202713230657885250e-90
4.202713230657885250e-90
4.202713230657885250e-90
4.202713230657885250e-90
4.202713230657885250e-90
4.202713230657885250e-90
4.202713230657885250e-90
4.202713230657885250e-90
4.202713230657885250e-90
4.202713230657885250e-90
4.202713230657885250e-90
4.202713230657885250e-90
4.202713230657885250e-90
4.202713230657885250e-90
4.202713230657885250e-90
4.202713230657885250e-90
4.202713230657885250e-90
4.202713230657885250e-90
4.202713230657885250e-90
4.202713230657885250e-90
4.202713230657885250e-90
4.202713230657885250e-90
4.202713230657885250e-90
4.202713230657885250e-90
4.202713230657885250e-90
4.202713230657885250e-90
4.202713230657885250e-90
4.202713230657873041e-90
4.202713230657471035e-90
4.202713230643466231e-90
4.202713230291269811e-90
4.202713223089733310e-90
4.202713081375752872e-90
4.202710959698886763e-90
4.202684520517640593e-90
4.202384907397445462e-90
4.199700677476685549e-90
4.179534029721140436e-90
4.050826631662209202e-90
3.477833661831623111e-90
2.144919527211367111e-90
9.464065110202505507e-91
4.699313994861446903e-91
3.787537737012012775e-91
3.764875389990449866e-91
3.764870575673643975e-91
3.764870575673635799e-91
3.764870575673635799e-91
3.764870575673635799e-91
3.764870575673635799e-91
3.764870575673635799e-91
3.764870575673635799e-91
3.764870575673635799e-91
3.764870575673635799e-91
3.764870575673635799e-91
3.764870575673635799e-91
3.764870575673635799e-91
3.764870575673635799e-91
3.764870575673635799e-91
3.764870575673635799e-91
3.764870575673635799e-91
3.764870575673635799e-91
3.764870575673635799e-91
3.764870575673635799e-91
3.764870575673635799e-91
3.764870575673635799e-91
3.764870575673635799e-91
3.764870575673635799e-91
3.764870575673635799e-91
3.764870575673635799e-91
3.764870575673635799e-91
3.764870575673635799e-91
3.764870575673635799e-91
3.764870575673635799e-91
3.764870575673635799e-91
3.764870575673628714e-91
3.764870575673381276e-91
3.764870575664754172e-91
3.764870575447817590e-91
3.764870571012014826e-91
3.764870483722955176e-91
3.764869176870880859e-91
3.764852891557713087e-91
3.764668339255920644e-91
3.763014570842436055e-91
3.750568649490175876e-91
3.670247306606766885e-91
3.292949910400035975e-91
2.268464139302402426e-91
1.118572895784295592e-91
5.826472411115227566e-92
4.740470654788282264e-92
4.713215878010572662e-92
4.713210086729238374e-92
4.713210086729228836e-92
4.713210086729228836e-92
4.713210086729228836e-92
4.713210086729228836e-92
4.713210086729228836e-92
4.713210086729228836e-92
4.713210086729228836e-92
4.713210086729228836e-92
4.713210086729228836e-92
4.713210086729228836e-92
4.713210086729228836e-92
4.713210086729228836e-92
4.713210086729228836e-92
4.713210086729228836e-92
4.713210086729228836e-92
4.713210086729228836e-92
4.713210086729228836e-92
4.713210086729228836e-92
4.713210086729228836e-92
4.713210086729228836e-92
4.713210086729228836e-92
4.713210086729228836e-92
4.713210086729228836e-92
4.713210086729228836e-92
4.713210086729228836e-92
4.713210086729228836e-92
4.713210086729228836e-92
4.713210086729228836e-92
4.713210086729228836e-92
4.713210086729222704e-92
4.713210086729011510e-92
4.713210086721642855e-92
4.713210086536352793e-92
4.713210082747628984e-92
4.713210008192000278e-92
4.713208891978922760e-92
4.713194982289465643e-92
4.713037348924262126e-92
4.711624581224265467e-92
4.700979714828777200e-92
4.631739541648019921e-92
4.293412128012513522e-92
3.250352647282289182e-92
1.803000865426213856e-92
9.972285668433398663e-93
8.216498110872957016e-93
8.171860732802790898e-93
8.171851244925325341e-93
8.171851244925310012e-93
8.171851244925310012e-93
8.171851244925310012e-93
8.171851244925310012e-93
8.171851244925310012e-93
8.171851244925310012e-93
8.171851244925310012e-93
8.171851244925310012e-93
8.171851244925310012e-93
8.171851244925310012e-93
8.171851244925310012e-93
8.171851244925310012e-93
8.171851244925310012e-93
8.171851244925310012e-93
8.171851244925310012e-93
8.171851244925310012e-93
8.171851244925310012e-93
8.171851244925310012e-93
8.171851244925310012e-93
8.171851244925310012e-93
8.171851244925310012e-93
8.171851244925310012e-93
8.171851244925310012e-93
8.171851244925310012e-93
8.171851244925310012e-93
8.171851244925310012e-93
8.171851244925310012e-93
8.171851244925310012e-93
8.171851244925310012e-93
8.171851244925303200e-93
8.171851244925054535e-93
8.171851244916450049e-93
8.171851244700074156e-93
8.171851240275687697e-93
8.171851153211336597e-93
8.171849849723214877e-93
8.171833606288868908e-93
8.171649523268810832e-93
8.169999524634485378e-93
8.157556787657582058e-93
8.076171871186779211e-93
7.666938861058308013e-93
6.270944679122382051e-93
3.915338814750178001e-93
2.328310754448321420e-93
1.950313611515278680e-93
1.940539651491381789e-93
1.940537573111832786e-93
1.940537573111829380e-93
1.940537573111829380e-93
1.940537573111829380e-93
1.940537573111829380e-93
1.940537573111829380e-93
1.940537573111829380e-93
1.940537573111829380e-93
1.940537573111829380e-93
1.940537573111829380e-93
1.940537573111829380e-93
1.940537573111829380e-93
1.940537573111829380e-93
1.940537573111829380e-93
1.940537573111829380e-93
1.940537573111829380e-93
1.940537573111829380e-93
1.940537573111829380e-93
1.940537573111829380e-93
1.940537573111829380e-93
1.940537573111829380e-93
1.940537573111829380e-93
1.940537573111829380e-93
1.940537573111829380e-93
1.940537573111829380e-93
1.940537573111829380e-93
1.940537573111829380e-93
1.940537573111829380e-93
1.940537573111829380e-93
1.940537573111828102e-93
1.940537573111789781e-93
1.940537573110440859e-93
1.940537573076527912e-93
1.940537572383093178e-93
1.940537558737478560e-93
1.940537354441488136e-93
1.940534808602460198e-93
1.940505956967216280e-93
1.940247330225803905e-93
1.938295866516307965e-93
1.925481790956669233e-93
1.859704498310063584e-93
1.617022202559806510e-93
1.129846777147647230e-93
7.304920152369471732e-94
6.248817846160780029e-94
6.220915208219276223e-94
6.220909271616870219e-94
6.220909271616860638e-94
6.220909271616860638e-94
6.220909271616860638e-94
6.220909271616860638e-94
6.220909271616860638e-94
6.220909271616860638e-94
6.220909271616860638e-94
6.220909271616860638e-94
6.220909271616860638e-94
6.220909271616860638e-94
6.220909271616860638e-94
6.220909271616860638e-94
6.220909271616860638e-94
6.220909271616860638e-94
6.220909271616860638e-94
6.220909271616860638e-94
6.220909271616860638e-94
6.220909271616860638e-94
6.220909271616860638e-94
6.220909271616860638e-94
6.220909271616860638e-94
6.220909271616860638e-94
6.220909271616860638e-94
6.220909271616860638e-94
6.220909271616860638e-94
6.220909271616860638e-94
6.220909271616860638e-94
6.220909271616858509e-94
6.220909271616779737e-94
6.220909271614014192e-94
6.220909271544454031e-94
6.220909270122137900e-94
6.220909242133400126e-94
6.220908823098611394e-94
6.220903601284613875e-94
6.220844422856963928e-94
6.220313917723564998e-94
6.216309357477583842e-94
6.189941577929819511e-94
6.052585860837839791e-94
5.514951044165689789e-94
4.263565720963396790e-94
3.020077881961739915e-94
2.650455764584744715e-94
2.640430059157401935e-94
2.640427924612010670e-94
2.640427924612007476e-94
2.640427924612007476e-94
2.640427924612007476e-94
2.640427924612007476e-94
2.640427924612007476e-94
2.640427924612007476e-94
2.640427924612007476e-94
2.640427924612007476e-94
2.640427924612007476e-94
2.640427924612007476e-94
2.640427924612007476e-94
2.640427924612007476e-94
2.640427924612007476e-94
2.640427924612007476e-94
2.640427924612007476e-94
2.640427924612007476e-94
2.640427924612007476e-94
2.640427924612007476e-94
2.640427924612007476e-94
2.640427924612007476e-94
2.640427924612007476e-94
2.640427924612007476e-94
2.640427924612007476e-94
2.640427924612007476e-94
2.640427924612007476e-94
2.640427924612007476e-94
2.640427924612007476e-94
2.640427924612006944e-94
2.640427924611986186e-94
2.640427924611269252e-94
2.640427924593246373e-94
2.640427924224717820e-94
2.640427916972699004e-94
2.640427808398737808e-94
2.640426455400743091e-94
2.640411121913781693e-94
2.640273659763362132e-94
2.639235721021017856e-94
2.632388454431020338e-94
2.596349919971336360e-94
2.449050697891997256e-94
2.062427739456746684e-94
1.603180717319215714e-94
1.448911820836812174e-94
1.444599175748102811e-94
1.444598256811506417e-94
1.444598256811504554e-94
1.444598256811504554e-94
1.444598256811504554e-94
1.444598256811504554e-94
1.444598256811504554e-94
1.444598256811504554e-94
1.444598256811504554e-94
1.444598256811504554e-94
1.444598256811504554e-94
1.444598256811504554e-94
1.444598256811504554e-94
1.444598256811504554e-94
1.444598256811504554e-94
1.444598256811504554e-94
1.444598256811504554e-94
1.444598256811504554e-94
1.444598256811504554e-94
1.444598256811504554e-94
1.444598256811504554e-94
1.444598256811504554e-94
1.444598256811504554e-94
1.444598256811504554e-94
1.444598256811504554e-94
1.444598256811504554e-94
1.444598256811504554e-94
1.444598256811504554e-94
1.444598256811504554e-94
1.444598256811498167e-94
1.444598256811275157e-94
1.444598256805664496e-94
1.444598256690943615e-94
1.444598254433425734e-94
1.444598220634886181e-94
1.444597799453171293e-94
1.444593026200033219e-94
1.444550233715297835e-94
1.444227057470922030e-94
1.442092320729615068e-94
1.430777548753622318e-94
1.383102341272900093e-94
1.245924526876266769e-94
1.055893808521199765e-94
9.841226260887389721e-95
9.820516996447382334e-95
9.820512579865253451e-95
9.820512579865245467e-95
9.820512579865245467e-95
9.820512579865245467e-95
9.820512579865245467e-95
9.820512579865245467e-95
9.820512579865245467e-95
9.820512579865245467e-95
9.820512579865245467e-95
9.820512579865245467e-95
9.820512579865245467e-95
9.820512579865245467e-95
9.820512579865245467e-95
9.820512579865245467e-95
9.820512579865245467e-95
9.820512579865245467e-95
9.820512579865245467e-95
9.820512579865245467e-95
9.820512579865245467e-95
9.820512579865245467e-95
9.820512579865245467e-95
9.820512579865245467e-95
9.820512579865245467e-95
9.820512579865245467e-95
9.820512579865245467e-95
9.820512579865245467e-95
9.820512579865245467e-95
9.820512579865245467e-95
9.820512579865222846e-95
9.820512579864445769e-95
9.820512579844881774e-95
9.820512579444867737e-95
9.820512571573271854e-95
9.820512453723290325e-95
9.820510985131272482e-95
9.820494341546107227e-95
9.820345128469333681e-95
9.819218106440957489e-95
9.811767401281657222e-95
9.772096409712591531e-95
9.601546098513762849e-95
9.078032262877429378e-95
8.260735612001624939e-95
7.919801012880505627e-95
7.909673300379619529e-95
7.909671138695564761e-95
7.909671138695560769e-95
7.909671138695560769e-95
7.909671138695560769e-95
7.909671138695560769e-95
7.909671138695560769e-95
7.909671138695560769e-95
7.909671138695560769e-95
7.909671138695560769e-95
7.909671138695560769e-95
7.909671138695560769e-95
7.909671138695560769e-95
7.909671138695560769e-95
7.909671138695560769e-95
7.909671138695560769e-95
7.909671138695560769e-95
7.909671138695560769e-95
7.909671138695560769e-95
7.909671138695560769e-95
7.909671138695560769e-95
7.909671138695560769e-95
7.909671138695560769e-95
7.909671138695560769e-95
7.909671138695560769e-95
7.909671138695560769e-95
7.909671138695560769e-95
7.909671138695560769e-95
7.909671138695552786e-95
7.909671138695276018e-95
7.909671138688307601e-95
7.909671138545810983e-95
7.909671135741700926e-95
7.909671093759850896e-95
7.909670570601365177e-95
7.909664641628821627e-95
7.909611486700992649e-95
7.909209972851810322e-95
7.906554284463018234e-95
7.892376230299165819e-95
7.830686235986832394e-95
7.633532868702702692e-95
7.300027465458896428e-95
7.150647796816930041e-95
7.146111126423969076e-95
7.146110157480935345e-95
7.146110157480934014e-95
7.146110157480934014e-95
7.146110157480934014e-95
7.146110157480934014e-95
7.146110157480934014e-95
7.146110157480934014e-95
7.146110157480934014e-95
7.146110157480934014e-95
7.146110157480934014e-95
7.146110157480934014e-95
7.146110157480934014e-95
7.146110157480934014e-95
7.146110157480934014e-95
7.146110157480934014e-95
7.146110157480934014e-95
7.146110157480934014e-95
7.146110157480934014e-95
7.146110157480934014e-95
7.146110157480934014e-95
7.146110157480934014e-95
7.146110157480934014e-95
7.146110157480934014e-95
7.146110157480934014e-95
7.146110157480934014e-95
7.146110157480934014e-95
7.146110157480932683e-95
7.146110157480840871e-95
7.146110157478560201e-95
7.146110157431926227e-95
7.146110156514269351e-95
7.146110142775510849e-95
7.146109971569443063e-95
7.146108031284366512e-95
7.146090635993048546e-95
7.145959233191326239e-95
7.145089895955176957e-95
7.140442414017626549e-95
7.120096302789346399e-95
7.053684693449690677e-95
6.936287098046134103e-95
6.881522925526052438e-95
6.879837738414722495e-95
6.879837378351770602e-95
6.879837378351770602e-95
6.879837378351770602e-95
6.879837378351770602e-95
6.879837378351770602e-95
6.879837378351770602e-95
6.879837378351770602e-95
6.879837378351770602e-95
6.879837378351770602e-95
6.879837378351770602e-95
6.879837378351770602e-95
6.879837378351770602e-95
6.879837378351770602e-95
6.879837378351770602e-95
6.879837378351770602e-95
6.879837378351770602e-95
6.879837378351770602e-95
6.879837378351770602e-95
6.879837378351770602e-95
6.879837378351770602e-95
6.879837378351770602e-95
6.879837378351770602e-95
6.879837378351770602e-95
6.879837378351770602e-95
6.879837378351770602e-95
6.879837378351770602e-95
6.879837378351769271e-95
6.879837378351745320e-95
6.879837378351122594e-95
6.879837378338433874e-95
6.879837378088712513e-95
6.879837374350009544e-95
6.879837327759994453e-95
6.879836799753427595e-95
6.879832065992384025e-95
6.879796306961771384e-95
6.879559707896931100e-95
6.878294147052228618e-95
6.872739738552655344e-95
6.854450258024032181e-95
6.821510075485207911e-95
6.805871186130193128e-95
6.805387148993912055e-95
6.805387045554871858e-95
6.805387045554871858e-95
6.805387045554871858e-95
6.805387045554871858e-95
6.805387045554871858e-95
6.805387045554871858e-95
6.805387045554871858e-95
6.805387045554871858e-95
6.805387045554871858e-95
6.805387045554871858e-95
6.805387045554871858e-95
6.805387045554871858e-95
6.805387045554871858e-95
6.805387045554871858e-95
6.805387045554871858e-95
6.805387045554871858e-95
6.805387045554871858e-95
6.805387045554871858e-95
6.805387045554871858e-95
6.805387045554871858e-95
6.805387045554871858e-95
6.805387045554871858e-95
6.805387045554871858e-95
6.805387045554871858e-95
6.805387045554871858e-95
6.805387045554871858e-95
6.805387045554865205e-95
6.805387045554733474e-95
6.805387045552056282e-95
6.805387045499366690e-95
6.805387044710513099e-95
6.805387034880195812e-95
6.805386923472780297e-95
6.805385924666267130e-95
6.805378379604793964e-95
6.805328456269179097e-95
6.805061372063725644e-95
6.803888253734629141e-95
6.800014863040181050e-95
6.792997570272639361e-95
6.789647331499832495e-95
6.789543445903520743e-95
6.789543423701863476e-95
6.789543423701863476e-95
6.789543423701863476e-95
6.789543423701863476e-95
6.789543423701863476e-95
6.789543423701863476e-95
6.789543423701863476e-95
6.789543423701863476e-95
6.789543423701863476e-95
6.789543423701863476e-95
6.789543423701863476e-95
6.789543423701863476e-95
6.789543423701863476e-95
6.789543423701863476e-95
6.789543423701863476e-95
6.789543423701863476e-95
6.789543423701863476e-95
6.789543423701863476e-95
6.789543423701863476e-95
6.789543423701863476e-95
6.789543423701863476e-95
6.789543423701863476e-95
6.789543423701863476e-95
6.789543423701863476e-95
6.789543423701863476e-95
6.789543423701863476e-95
6.789543423701862146e-95
6.789543423701843517e-95
6.789543423701419052e-95
6.789543423693090748e-95
6.789543423568377766e-95
6.789543422014291616e-95
6.789543404401753024e-95
6.789543246499153835e-95
6.789542053689463882e-95
6.789534161180990613e-95
6.789491935497044424e-95
6.789306433897336170e-95
6.788693564047666731e-95
6.787581750598597122e-95
6.787050259992759837e-95
6.787033772257943617e-95
6.787033768734263629e-95
6.787033768734263629e-95
6.787033768734263629e-95
6.787033768734263629e-95
6.787033768734263629e-95
6.787033768734263629e-95
6.787033768734263629e-95
6.787033768734263629e-95
6.787033768734263629e-95
6.787033768734263629e-95
6.787033768734263629e-95
6.787033768734263629e-95
6.787033768734263629e-95
6.787033768734263629e-95
6.787033768734263629e-95
6.787033768734263629e-95
6.787033768734263629e-95
6.787033768734263629e-95
6.787033768734263629e-95
6.787033768734263629e-95
6.787033768734263629e-95
6.787033768734263629e-95
6.787033768734263629e-95
6.787033768734263629e-95
6.787033768734263629e-95
6.787033768734263629e-95
6.787033768734260968e-95
6.787033768734210405e-95
6.787033768733233735e-95
6.787033768718615627e-95
6.787033768536437485e-95
6.787033766471804652e-95
6.787033747961642885e-95
6.787033608134285470e-95
6.787032682932284530e-95
6.787027732979819480e-95
6.787005986705931004e-95
6.786934132774872220e-95
6.786803752588919738e-95
6.786741412405823790e-95
6.786739478370399729e-95
6.786739477957064931e-95
6.786739477957064931e-95
6.786739477957064931e-95
6.786739477957064931e-95
6.786739477957064931e-95
6.786739477957064931e-95
6.786739477957064931e-95
6.786739477957064931e-95
6.786739477957064931e-95
6.786739477957064931e-95
6.786739477957064931e-95
6.786739477957064931e-95
6.786739477957064931e-95
6.786739477957064931e-95
6.786739477957064931e-95
6.786739477957064931e-95
6.786739477957064931e-95
6.786739477957064931e-95
6.786739477957064931e-95
6.786739477957064931e-95
6.786739477957064931e-95
6.786739477957064931e-95
6.786739477957064931e-95
6.786739477957064931e-95
6.786739477957064931e-95
6.786739477957064931e-95
6.786739477957060939e-95
6.786739477956974449e-95
6.786739477955703714e-95
6.786739477939878740e-95
6.786739477760518835e-95
6.786739476152493649e-95
6.786739464005335254e-95
6.786739383630670873e-95
6.786738953615304148e-95
6.786737064452609412e-95
6.786730822211926284e-95
6.786719495251334002e-95
6.786714079220503787e-95
6.786713911192669038e-95
6.786713911156757139e-95
6.786713911156757139e-95
6.786713911156757139e-95
6.786713911156757139e-95
6.786713911156757139e-95
6.786713911156757139e-95
6.786713911156757139e-95
6.786713911156757139e-95
6.786713911156757139e-95
6.786713911156757139e-95
6.786713911156757139e-95
6.786713911156757139e-95
6.786713911156757139e-95
6.786713911156757139e-95
6.786713911156757139e-95
6.786713911156757139e-95
6.786713911156757139e-95
6.786713911156757139e-95
6.786713911156757139e-95
6.786713911156757139e-95
6.786713911156757139e-95
6.786713911156757139e-95
6.786713911156757139e-95
6.786713911156757139e-95
6.786713911156757139e-95
6.786713911156757139e-95
6.786713911156753147e-95
6.786713911156670649e-95
6.786713911155650069e-95
6.786713911144079063e-95
6.786713911040344517e-95
6.786713910256724224e-95
6.786713905071712054e-95
6.786713877331184864e-95
6.786713755460226902e-95
6.786713352769286226e-95
6.786712622058037062e-95
6.786712272664770087e-95
6.786712261825127371e-95
6.786712261822809444e-95
6.786712261822809444e-95
6.786712261822809444e-95
6.786712261822809444e-95
6.786712261822809444e-95
6.786712261822809444e-95
6.786712261822809444e-95
6.786712261822809444e-95
6.786712261822809444e-95
6.786712261822809444e-95
6.786712261822809444e-95
6.786712261822809444e-95
6.786712261822809444e-95
6.786712261822809444e-95
6.786712261822809444e-95
6.786712261822809444e-95
6.786712261822809444e-95
6.786712261822809444e-95
6.786712261822809444e-95
6.786712261822809444e-95
6.786712261822809444e-95
6.786712261822809444e-95
6.786712261822809444e-95
6.786712261822809444e-95
6.786712261822809444e-95
6.786712261822809444e-95
6.786712261822809444e-95
6.786712261822806783e-95
6.786712261822756220e-95
6.786712261822201354e-95
6.786712261817219541e-95
6.786712261779588491e-95
6.786712261530586991e-95
6.786712260198396435e-95
6.786712254345758782e-95
6.786712235007234878e-95
6.786712199916106457e-95
6.786712183137104752e-95
6.786712182616550533e-95
6.786712182616438762e-95
6.786712182616438762e-95
6.786712182616438762e-95
6.786712182616438762e-95
6.786712182616438762e-95
6.786712182616438762e-95
6.786712182616438762e-95
6.786712182616438762e-95
6.786712182616438762e-95
6.786712182616438762e-95
6.786712182616438762e-95
6.786712182616438762e-95
6.786712182616438762e-95
6.786712182616438762e-95
6.786712182616438762e-95
6.786712182616438762e-95
6.786712182616438762e-95
6.786712182616438762e-95
6.786712182616438762e-95
6.786712182616438762e-95
6.786712182616438762e-95
6.786712182616438762e-95
6.786712182616438762e-95
6.786712182616438762e-95
6.786712182616438762e-95
6.786712182616438762e-95
6.786712182616438762e-95
6.786712182616437431e-95
6.786712182616417472e-95
6.786712182616237839e-95
6.786712182614889929e-95
6.786712182605966842e-95
6.786712182558224467e-95
6.786712182348478696e-95
6.786712181655426540e-95
6.786712180397834109e-95
6.786712179796507723e-95
6.786712179777853867e-95
6.786712179777848545e-95
6.786712179777848545e-95
6.786712179777848545e-95
6.786712179777848545e-95
6.786712179777848545e-95
6.786712179777848545e-95
6.786712179777848545e-95
6.786712179777848545e-95
6.786712179777848545e-95
6.786712179777848545e-95
6.786712179777848545e-95
6.786712179777848545e-95
6.786712179777848545e-95
6.786712179777848545e-95
6.786712179777848545e-95
6.786712179777848545e-95
6.786712179777848545e-95
6.786712179777848545e-95
6.786712179777848545e-95
6.786712179777848545e-95
6.786712179777848545e-95
6.786712179777848545e-95
6.786712179777848545e-95
6.786712179777848545e-95
6.786712179777848545e-95
6.786712179777848545e-95
6.786712179777848545e-95
6.786712179777848545e-95
6.786712179777848545e-95
6.786712179777844553e-95
6.786712179777808626e-95
6.786712179777569116e-95
6.786712179776287736e-95
6.786712179770665899e-95
6.786712179752085226e-95
6.786712179718371499e-95
6.786712179702249798e-95
6.786712179701749488e-95
6.786712179701749488e-95
6.786712179701749488e-95
6.786712179701749488e-95
6.786712179701749488e-95
6.786712179701749488e-95
6.786712179701749488e-95
6.786712179701749488e-95
6.786712179701749488e-95
6.786712179701749488e-95
6.786712179701749488e-95
6.786712179701749488e-95
6.786712179701749488e-95
6.786712179701749488e-95
6.786712179701749488e-95
6.786712179701749488e-95
6.786712179701749488e-95
6.786712179701749488e-95
6.786712179701749488e-95
6.786712179701749488e-95
6.786712179701749488e-95
6.786712179701749488e-95
6.786712179701749488e-95
6.786712179701749488e-95
6.786712179701749488e-95
6.786712179701749488e-95
6.786712179701749488e-95
6.786712179701749488e-95
6.786712179701749488e-95
6.786712179701749488e-95
6.786712179701749488e-95
6.786712179701745496e-95
6.786712179701718884e-95
6.786712179701605782e-95
6.786712179701233210e-95
6.786712179700554598e-95
6.786712179700229928e-95
6.786712179700221945e-95
6.786712179700221945e-95
6.786712179700221945e-95
6.786712179700221945e-95
6.786712179700221945e-95
6.786712179700221945e-95
6.786712179700221945e-95
6.786712179700221945e-95
6.786712179700221945e-95
6.786712179700221945e-95
6.786712179700221945e-95
6.786712179700221945e-95
6.786712179700221945e-95
6.786712179700221945e-95
6.786712179700221945e-95
6.786712179700221945e-95
6.786712179700221945e-95
6.786712179700221945e-95
6.786712179700221945e-95
6.786712179700221945e-95
6.786712179700221945e-95
6.786712179700221945e-95
6.786712179700221945e-95
6.786712179700221945e-95
6.786712179700221945e-95
6.786712179700221945e-95
6.786712179700221945e-95
6.786712179700221945e-95
6.786712179700221945e-95
6.786712179700221945e-95
6.786712179700221945e-95
6.786712179700221945e-95
6.786712179700220614e-95
6.786712179700217953e-95
6.786712179700213961e-95
6.786712179700203316e-95
6.786712179700199324e-95
6.786712179700199324e-95
6.786712179700199324e-95
6.786712179700199324e-95
6.786712179700199324e-95
6.786712179700199324e-95
6.786712179700199324e-95
6.786712179700199324e-95
6.786712179700199324e-95
6.786712179700199324e-95
6.786712179700199324e-95
6.786712179700199324e-95
6.786712179700199324e-95
6.786712179700199324e-95
6.786712179700199324e-95
6.786712179700199324e-95
6.786712179700199324e-95
6.786712179700199324e-95
6.786712179700199324e-95
6.786712179700199324e-95
6.786712179700199324e-95
6.786712179700199324e-95
6.786712179700199324e-95
6.786712179700199324e-95
6.786712179700199324e-95
6.786712179700199324e-95
6.786712179700199324e-95
6.786712179700199324e-95
6.786712179700199324e-95
6.786712179700199324e-95
6.786712179700199324e-95
6.786712179700199324e-95
6.786712179700199324e-95
6.786712179700199324e-95
6.786712179700199324e-95
6.786712179700199324e-95
6.786712179700199324e-95
6.786712179700199324e-95
6.786712179700199324e-95
6.786712179700199324e-95
6.786712179700199324e-95
6.786712179700199324e-95
6.786712179700199324e-95
6.786712179700199324e-95
6.786712179700199324e-95
6.786712179700199324e-95
6.786712179700199324e-95
6.786712179700199324e-95
6.786712179700199324e-95
6.786712179700199324e-95
6.786712179700199324e-95
6.786712179700199324e-95
6.786712179700199324e-95
6.786712179700199324e-95
6.786712179700199324e-95
6.786712179700199324e-95
6.786712179700199324e-95
6.786712179700199324e-95
6.786712179700199324e-95
6.786712179700199324e-95
6.786712179700199324e-95
6.786712179700199324e-95
6.786712179700199324e-95
6.786712179700199324e-95
6.786712179700199324e-95
6.786712179700199324e-95
6.786712179700199324e-95
6.786712179700199324e-95
6.786712179700199324e-95
6.786712179700199324e-95
6.786712179700199324e-95
6.786712179700199324e-95
6.786712179700199324e-95
6.786712179700199324e-95
6.786712179700199324e-95
6.786712179700199324e-95
6.786712179700199324e-95
6.786712179700199324e-95
6.786712179700199324e-95
6.786712179700199324e-95
6.786712179700199324e-95
6.786712179700199324e-95
6.786712179700199324e-95
6.786712179700199324e-95
6.786712179700199324e-95
6.786712179700199324e-95
6.786712179700199324e-95
6.786712179700199324e-95
6.786712179700199324e-95
6.786712179700199324e-95
6.786712179700199324e-95
6.786712179700199324e-95
6.786712179700199324e-95
6.786712179700199324e-95
6.786712179700199324e-95
6.786712179700199324e-95
6.786712179700199324e-95
6.786712179700199324e-95
6.786712179700199324e-95
6.786712179700199324e-95
6.786712179700199324e-95
6.786712179700199324e-95
6.786712179700199324e-95
6.786712179700199324e-95
6.786712179700199324e-95
6.786712179700199324e-95
6.786712179700199324e-95
6.786712179700199324e-95
6.786712179700199324e-95
6.786712179700199324e-95
6.786712179700199324e-95
6.786712179700199324e-95
6.786712179700199324e-95
6.786712179700199324e-95
6.786712179700199324e-95
6.786712179700199324e-95
6.786712179700199324e-95
6.786712179700199324e-95
6.786712179700199324e-95
6.786712179700199324e-95
6.786712179700199324e-95
6.786712179700199324e-95
6.786712179700199324e-95
6.786712179700199324e-95
6.786712179700199324e-95
6.786712179700199324e-95
6.786712179700199324e-95
6.786712179700199324e-95
6.786712179700199324e-95
6.786712179700199324e-95
6.786712179700199324e-95
6.786712179700199324e-95
6.786712179700199324e-95
6.786712179700199324e-95
6.786712179700199324e-95
6.786712179700199324e-95
6.786712179700199324e-95
6.786712179700199324e-95
6.786712179700199324e-95
6.786712179700199324e-95
6.786712179700199324e-95
6.786712179700199324e-95
6.786712179700199324e-95
6.786712179700199324e-95
6.786712179700199324e-95
6.786712179700199324e-95
6.786712179700199324e-95
6.786712179700199324e-95
6.786712179700199324e-95
6.786712179700199324e-95
6.786712179700199324e-95
6.786712179700199324e-95
6.786712179700199324e-95
6.786712179700199324e-95
6.786712179700199324e-95
6.786712179700199324e-95
6.786712179700199324e-95
6.786712179700199324e-95
6.786712179700199324e-95
6.786712179700199324e-95
6.786712179700199324e-95
6.786712179700199324e-95
6.786712179700199324e-95
6.786712179700199324e-95
6.786712179700199324e-95
6.786712179700199324e-95
6.786712179700199324e-95
6.786712179700199324e-95
6.786712179700199324e-95
6.786712179700199324e-95
6.786712179700199324e-95
6.786712179700199324e-95
6.786712179700199324e-95
6.786712179700199324e-95
6.786712179700199324e-95
6.786712179700199324e-95
6.786712179700199324e-95
6.786712179700199324e-95
6.786712179700199324e-95
6.786712179700199324e-95
6.786712179700199324e-95
6.786712179700199324e-95
6.786712179700199324e-95
6.786712179700199324e-95
6.786712179700199324e-95
6.786712179700199324e-95
6.786712179700199324e-95
6.786712179700199324e-95
6.786712179700199324e-95
6.786712179700199324e-95
6.786712179700199324e-95
6.786712179700199324e-95
6.786712179700199324e-95
6.786712179700199324e-95
6.786712179700199324e-95
6.786712179700199324e-95
6.786712179700199324e-95
6.786712179700199324e-95
6.786712179700199324e-95
6.786712179700199324e-95
6.786712179700199324e-95
6.786712179700199324e-95
6.786712179700199324e-95
6.786712179700199324e-95
6.786712179700199324e-95
6.786712179700199324e-95
6.786712179700199324e-95
6.786712179700199324e-95
6.786712179700199324e-95
6.786712179700199324e-95
6.786712179700199324e-95
6.786712179700199324e-95
6.786712179700199324e-95
6.786712179700199324e-95
6.786712179700199324e-95
6.786712179700199324e-95
6.786712179700199324e-95
6.786712179700199324e-95
6.786712179700199324e-95
6.786712179700199324e-95
6.786712179700199324e-95
6.786712179700199324e-95
6.786712179700199324e-95
6.786712179700199324e-95
6.786712179700199324e-95
6.786712179700199324e-95
6.786712179700199324e-95
6.786712179700199324e-95
6.786712179700199324e-95
6.786712179700199324e-95
6.786712179700199324e-95
6.786712179700199324e-95
6.786712179700199324e-95
6.786712179700199324e-95
6.786712179700199324e-95
6.786712179700199324e-95
6.786712179700199324e-95
6.786712179700199324e-95
6.786712179700199324e-95
6.786712179700199324e-95
6.786712179700199324e-95
6.786712179700199324e-95
6.786712179700199324e-95
6.786712179700199324e-95
6.786712179700199324e-95
6.786712179700199324e-95
6.786712179700199324e-95
6.786712179700199324e-95
6.786712179700199324e-95
6.786712179700199324e-95
6.786712179700199324e-95
6.786712179700199324e-95
6.786712179700199324e-95
6.786712179700199324e-95
6.786712179700199324e-95
6.786712179700199324e-95
6.786712179700199324e-95
6.786712179700199324e-95
6.786712179700199324e-95
6.786712179700199324e-95
6.786712179700199324e-95
6.786712179700199324e-95
6.786712179700199324e-95
6.786712179700199324e-95
6.786712179700199324e-95
6.786712179700199324e-95
6.786712179700199324e-95
6.786712179700199324e-95
6.786712179700199324e-95
6.786712179700199324e-95
6.786712179700199324e-95
6.786712179700199324e-95
6.786712179700199324e-95
6.786712179700199324e-95
6.786712179700199324e-95
6.786712179700199324e-95
6.786712179700199324e-95
6.786712179700199324e-95
6.786712179700199324e-95
6.786712179700199324e-95
6.786712179700199324e-95
6.786712179700199324e-95
6.786712179700199324e-95
6.786712179700199324e-95
6.786712179700199324e-95
6.786712179700199324e-95
6.786712179700199324e-95
6.786712179700199324e-95
6.786712179700199324e-95
6.786712179700199324e-95
6.786712179700199324e-95
6.786712179700199324e-95
6.786712179700199324e-95
6.786712179700199324e-95
6.786712179700199324e-95
6.786712179700199324e-95
6.786712179700199324e-95
6.786712179700199324e-95
6.786712179700199324e-95
6.786712179700199324e-95
6.786712179700199324e-95
6.786712179700199324e-95
6.786712179700199324e-95
6.786712179700199324e-95
6.786712179700199324e-95
6.786712179700199324e-95
6.786712179700199324e-95
6.786712179700199324e-95
6.786712179700199324e-95
6.786712179700199324e-95
6.786712179700199324e-95
6.786712179700199324e-95
6.786712179700199324e-95
6.786712179700199324e-95
6.786712179700199324e-95
6.786712179700199324e-95
6.786712179700199324e-95
6.786712179700199324e-95
6.786712179700199324e-95
6.786712179700199324e-95
6.786712179700199324e-95
6.786712179700199324e-95
6.786712179700199324e-95
6.786712179700199324e-95
6.786712179700199324e-95
6.786712179700199324e-95
6.786712179700199324e-95
6.786712179700199324e-95
6.786712179700199324e-95
6.786712179700199324e-95
6.786712179700199324e-95
6.786712179700199324e-95
6.786712179700199324e-95
6.786712179700199324e-95
6.786712179700199324e-95
6.786712179700199324e-95
6.786712179700199324e-95
6.786712179700199324e-95
6.786712179700199324e-95
6.786712179700199324e-95
6.786712179700199324e-95
6.786712179700199324e-95
6.786712179700199324e-95
6.786712179700199324e-95
6.786712179700199324e-95
6.786712179700199324e-95
6.786712179700199324e-95
6.786712179700199324e-95
6.786712179700199324e-95
6.786712179700199324e-95
6.786712179700199324e-95
6.786712179700199324e-95
6.786712179700199324e-95
6.786712179700199324e-95
6.786712179700199324e-95
6.786712179700199324e-95
6.786712179700199324e-95
6.786712179700199324e-95
6.786712179700199324e-95
6.786712179700199324e-95
6.786712179700199324e-95
6.786712179700199324e-95
6.786712179700199324e-95
6.786712179700199324e-95
6.786712179700199324e-95
6.786712179700199324e-95
6.786712179700199324e-95
6.786712179700199324e-95
6.786712179700199324e-95
6.786712179700199324e-95
6.786712179700199324e-95
6.786712179700199324e-95
6.786712179700199324e-95
6.786712179700199324e-95
6.786712179700199324e-95
6.786712179700199324e-95
6.786712179700199324e-95
6.786712179700199324e-95
6.786712179700199324e-95
6.786712179700199324e-95
6.786712179700199324e-95
6.786712179700199324e-95
6.786712179700199324e-95
6.786712179700199324e-95
6.786712179700199324e-95
6.786712179700199324e-95
6.786712179700199324e-95
6.786712179700199324e-95
6.786712179700199324e-95
6.786712179700199324e-95
6.786712179700199324e-95
6.786712179700199324e-95
6.786712179700199324e-95
6.786712179700199324e-95
6.786712179700199324e-95
6.786712179700199324e-95
6.786712179700199324e-95
6.786712179700199324e-95
6.786712179700199324e-95
6.786712179700199324e-95
6.786712179700199324e-95
6.786712179700199324e-95
6.786712179700199324e-95
6.786712179700199324e-95
6.786712179700199324e-95
6.786712179700199324e-95
6.786712179700199324e-95
6.786712179700199324e-95
6.786712179700199324e-95
6.786712179700199324e-95
6.786712179700199324e-95
6.786712179700199324e-95
6.786712179700199324e-95
6.786712179700199324e-95
6.786712179700199324e-95
6.786712179700199324e-95
6.786712179700199324e-95
6.786712179700199324e-95
6.786712179700199324e-95
6.786712179700199324e-95
6.786712179700199324e-95
6.786712179700199324e-95
6.786712179700199324e-95
6.786712179700199324e-95
6.786712179700199324e-95
6.786712179700199324e-95
6.786712179700199324e-95
6.786712179700199324e-95
6.786712179700199324e-95
6.786712179700199324e-95
6.786712179700199324e-95
6.786712179700199324e-95
6.786712179700199324e-95
6.786712179700199324e-95
6.786712179700199324e-95
6.786712179700199324e-95
6.786712179700199324e-95
6.786712179700199324e-95
6.786712179700199324e-95
6.786712179700199324e-95
6.786712179700199324e-95
6.786712179700199324e-95
6.786712179700199324e-95
6.786712179700199324e-95
6.786712179700199324e-95
6.786712179700199324e-95
6.786712179700199324e-95
6.786712179700199324e-95
6.786712179700199324e-95
6.786712179700199324e-95
6.786712179700199324e-95
6.786712179700199324e-95
6.786712179700199324e-95
6.786712179700199324e-95
6.786712179700199324e-95
6.786712179700199324e-95
6.786712179700199324e-95
6.786712179700199324e-95
6.786712179700199324e-95
6.786712179700199324e-95
6.786712179700199324e-95
6.786712179700199324e-95
6.786712179700199324e-95
6.786712179700199324e-95
6.786712179700199324e-95
6.786712179700199324e-95
6.786712179700199324e-95
6.786712179700199324e-95
6.786712179700199324e-95
6.786712179700199324e-95
6.786712179700199324e-95
6.786712179700199324e-95
6.786712179700199324e-95
6.786712179700199324e-95
6.786712179700199324e-95
6.786712179700199324e-95
6.786712179700199324e-95
6.786712179700199324e-95
6.786712179700199324e-95
6.786712179700199324e-95
6.786712179700199324e-95
6.786712179700199324e-95
6.786712179700199324e-95
6.786712179700199324e-95
6.786712179700199324e-95
6.786712179700199324e-95
6.786712179700199324e-95
6.786712179700199324e-95
6.786712179700199324e-95
6.786712179700199324e-95
6.786712179700199324e-95
6.786712179700199324e-95
6.786712179700199324e-95
6.786712179700199324e-95
6.786712179700199324e-95
6.786712179700199324e-95
6.786712179700199324e-95
6.786712179700199324e-95
6.786712179700199324e-95
6.786712179700199324e-95
6.786712179700199324e-95
6.786712179700199324e-95
6.786712179700199324e-95
6.786712179700199324e-95
6.786712179700199324e-95
6.786712179700199324e-95
6.786712179700199324e-95
6.786712179700199324e-95
6.786712179700199324e-95
6.786712179700199324e-95
6.786712179700199324e-95
6.786712179700199324e-95
6.786712179700199324e-95
6.786712179700199324e-95
6.786712179700199324e-95
6.786712179700199324e-95
6.786712179700199324e-95
6.786712179700199324e-95
6.786712179700199324e-95
6.786712179700199324e-95
6.786712179700199324e-95
6.786712179700199324e-95
6.786712179700199324e-95
6.786712179700199324e-95
6.786712179700199324e-95
6.786712179700199324e-95
6.786712179700199324e-95
6.786712179700199324e-95
6.786712179700199324e-95
6.786712179700199324e-95
6.786712179700199324e-95
6.786712179700199324e-95
6.786712179700199324e-95
6.786712179700199324e-95
6.786712179700199324e-95
6.786712179700199324e-95
6.786712179700199324e-95
6.786712179700199324e-95
6.786712179700199324e-95
6.786712179700199324e-95
6.786712179700199324e-95
6.786712179700199324e-95
6.786712179700199324e-95
6.786712179700199324e-95
6.786712179700199324e-95
6.786712179700199324e-95
6.786712179700199324e-95
6.786712179700199324e-95
6.786712179700199324e-95
6.786712179700199324e-95
6.786712179700199324e-95
6.786712179700199324e-95
6.786712179700199324e-95
6.786712179700199324e-95
6.786712179700199324e-95
6.786712179700199324e-95
6.786712179700199324e-95
6.786712179700199324e-95
6.786712179700199324e-95
6.786712179700199324e-95
6.786712179700199324e-95
6.786712179700199324e-95
6.786712179700199324e-95
6.786712179700199324e-95
6.786712179700199324e-95
6.786712179700199324e-95
6.786712179700199324e-95
6.786712179700199324e-95
6.786712179700199324e-95
6.786712179700199324e-95
6.786712179700199324e-95
6.786712179700199324e-95
6.786712179700199324e-95
6.786712179700199324e-95
6.786712179700199324e-95
6.786712179700199324e-95
6.786712179700199324e-95
6.786712179700199324e-95
6.786712179700199324e-95
6.786712179700199324e-95
6.786712179700199324e-95
6.786712179700199324e-95
6.786712179700199324e-95
6.786712179700199324e-95
6.786712179700199324e-95
6.786712179700199324e-95
6.786712179700199324e-95
6.786712179700199324e-95
6.786712179700199324e-95
6.786712179700199324e-95
6.786712179700199324e-95
6.786712179700199324e-95
6.786712179700199324e-95
6.786712179700199324e-95
6.786712179700199324e-95
6.786712179700199324e-95
6.786712179700199324e-95
6.786712179700199324e-95
6.786712179700199324e-95
6.786712179700199324e-95
6.786712179700199324e-95
6.786712179700199324e-95
6.786712179700199324e-95
6.786712179700199324e-95
6.786712179700199324e-95
6.786712179700199324e-95
6.786712179700199324e-95
6.786712179700199324e-95
6.786712179700199324e-95
6.786712179700199324e-95
6.786712179700199324e-95
6.786712179700199324e-95
6.786712179700199324e-95
6.786712179700199324e-95
6.786712179700199324e-95
6.786712179700199324e-95
6.786712179700199324e-95
6.786712179700199324e-95
6.786712179700199324e-95
6.786712179700199324e-95
6.786712179700199324e-95
6.786712179700199324e-95
6.786712179700199324e-95
6.786712179700199324e-95
6.786712179700199324e-95
6.786712179700199324e-95
6.786712179700199324e-95
6.786712179700199324e-95
6.786712179700199324e-95
6.786712179700199324e-95
6.786712179700199324e-95
6.786712179700199324e-95
6.786712179700199324e-95
6.786712179700199324e-95
6.786712179700199324e-95
6.786712179700199324e-95
6.786712179700199324e-95
6.786712179700199324e-95
6.786712179700199324e-95
6.786712179700199324e-95
6.786712179700199324e-95
6.786712179700199324e-95
6.786712179700199324e-95
6.786712179700199324e-95
6.786712179700199324e-95
6.786712179700199324e-95
6.786712179700199324e-95
6.786712179700199324e-95
6.786712179700199324e-95
6.786712179700199324e-95
6.786712179700199324e-95
6.786712179700199324e-95
6.786712179700199324e-95
6.786712179700199324e-95
6.786712179700199324e-95
