8.000970106820972359e-05
7.001739036928785986e-06
1.365628237655082514e-06
8.394554522660699301e-07
7.257338483183172679e-07
7.179826597664608819e-07
2.489942852554739655e-07
2.453445494518973542e-07
3.829143676397047636e-08
1.763202434696673099e-08
1.274363494332450862e-08
1.227119393552087268e-08
8.186349236866665782e-09
1.356610513282597739e-09
1.356464640614245999e-09
1.355528271888394731e-09
4.424805343668575142e-10
2.396901711506852725e-10
2.156512651903982360e-10
2.146698842840527153e-10
5.726024370649392972e-11
5.576573353357081589e-11
1.338428890483823179e-11
1.338371456433933135e-11
4.967979334337549197e-12
4.967967075581295735e-12
4.967966812374135728e-12
3.914803914444794998e-12
3.849913174682973252e-12
2.182206138976039220e-12
4.895548590205848611e-13
4.895130267621166770e-13
4.885588751269354161e-13
1.198544526285573217e-13
1.198542390391959762e-13
7.632003463160673783e-14
7.632002641111431024e-14
7.264539832452731077e-14
7.264539818415119139e-14
7.239987313531375624e-14
2.136526394637717570e-14
2.037084331042491569e-14
3.521612085682325304e-15
3.521300592544147160e-15
1.669365244752710660e-15
1.669363431691770732e-15
1.669363290562514793e-15
1.478845778199957988e-15
1.478845774098780582e-15
1.458397530889828439e-15
1.458397530786803007e-15
8.353434397546037660e-16
1.290186505340914183e-16
1.290148446102821929e-16
1.286914741901691084e-16
4.265630529822809399e-17
4.265609334367250208e-17
3.308425426561464039e-17
3.308425302674642325e-17
3.308425288848702485e-17
3.156032308747546330e-17
3.149953510982726526e-17
3.149953510703490103e-17
3.149953510697120052e-17
5.944741514929448588e-18
5.743743135671561304e-18
1.318024510199352141e-18
1.317811522143782055e-18
8.279430952450995547e-19
8.279427375832705806e-19
8.279424656125500162e-19
7.258190979795200094e-19
7.258190968100504730e-19
7.193351552605754701e-19
7.193351551415523255e-19
2.852566184708647160e-19
5.045868390321828730e-20
5.045821703168398927e-20
5.033078220737878617e-20
2.369435762345482846e-20
2.369435762345479536e-20
2.369435762345370600e-20
2.369403836892921984e-20
1.750072021372331006e-20
1.750071980336464945e-20
1.750071950027562839e-20
1.693416196397106689e-20
1.692011117546430864e-20
1.692011117537702489e-20
1.692011117480695866e-20
2.507635358943114348e-21
2.363333947107030101e-21
7.960045824440894681e-22
7.958044524847609597e-22
4.453783052095746741e-22
4.453781826917885859e-22
4.453777984949484881e-22
4.453777984949484881e-22
4.052058357117825150e-22
4.052058357117823739e-22
4.052058354538894458e-22
4.035771271316987512e-22
4.035771268381852879e-22
1.291437415951433729e-22
3.226759296630129377e-23
3.226736695559407465e-23
3.205269900542077055e-23
1.244034435504094380e-23
1.244034435504089972e-23
1.244034435504076160e-23
1.244011761843777322e-23
1.000512519876779443e-23
1.000512510387074527e-23
1.000512462027996451e-23
9.853970553890972120e-24
9.853970553890972120e-24
9.853970553890972120e-24
9.848337067106385389e-24
9.848337066874729248e-24
9.848337066786235094e-24
1.707565474141290871e-24
1.547424096868807492e-24
4.030806851119689654e-25
4.028684770001124928e-25
2.647435683399902949e-25
2.647435377099326003e-25
2.647431879595805102e-25
2.647431879595805102e-25
2.527957437075725369e-25
2.527957437075725369e-25
2.527957431453749608e-25
2.527957430993809433e-25
2.520445398288978576e-25
8.717235245809465764e-26
8.717235245809465764e-26
1.595793851971008761e-26
1.595793851971008761e-26
1.595789940795437419e-26
1.582741443193473716e-26
1.582741443193416319e-26
7.836585810609218289e-27
7.836585810609182416e-27
7.836213663678468243e-27
6.978256750773595179e-27
6.978256729620443758e-27
6.978256123528449267e-27
6.890982409273973593e-27
6.890982409273973593e-27
6.890982409273973593e-27
6.889032571948832321e-27
6.889032571395471800e-27
6.889032571367634165e-27
8.256500441678644473e-28
7.706900231297643850e-28
2.702214524773045319e-28
2.699841509478243563e-28
2.108586688853033417e-28
2.108586599819524791e-28
2.108577422718250459e-28
2.108577422718249562e-28
2.018628542150472221e-28
2.018628542150472221e-28
2.018628532914683544e-28
2.018628532726138948e-28
2.015235028332527637e-28
2.015235028332527637e-28
4.654054632983404639e-29
1.129405394781558562e-29
1.129405394781558562e-29
1.129404497088787540e-29
1.120090592573753469e-29
1.120090592573612919e-29
7.094921138706431565e-30
7.094921138706420355e-30
7.094161922124052938e-30
6.268257938579924059e-30
6.268257927607196564e-30
6.268255904798513983e-30
6.218203728816156765e-30
6.218203728816156765e-30
6.218203728816156765e-30
6.218203727654618366e-30
6.217476095927248706e-30
6.217476095918388996e-30
6.421986930232416253e-31
5.722956003599048146e-31
2.721382746640239328e-31
2.717954054535822454e-31
2.037200181186983505e-31
2.037200127757911319e-31
2.037200127757911319e-31
2.037178805994950677e-31
2.037178805994947612e-31
2.037178805994947612e-31
1.976959922304919452e-31
1.976959922304919452e-31
1.976959885663403745e-31
1.975467065432780014e-31
1.975467065362238649e-31
1.975467065362238649e-31
1.975467065362238649e-31
1.975467065362238649e-31
1.975467065362238649e-31
1.975467065362238649e-31
1.975467065362238649e-31
1.975467065362238649e-31
1.975467065362238649e-31
1.975467065362238649e-31
1.975467065362238649e-31
1.975467065362238649e-31
1.975467065362238649e-31
1.975467065362238649e-31
1.975467065362238649e-31
1.975467065362238649e-31
1.975467065362238649e-31
1.975467065362238649e-31
1.975467065362238649e-31
1.975467065362238649e-31
1.975467065362238649e-31
1.975467065362238649e-31
1.975467065362238649e-31
1.975467065362238649e-31
1.975467065362238649e-31
1.975467065362238649e-31
1.975467065362238649e-31
1.975467065362238649e-31
1.975467065362238649e-31
1.975467065362238649e-31
1.975467065362238649e-31
1.975467065362238211e-31
1.975467065362236897e-31
1.975467065362228139e-31
1.975467065362180845e-31
1.975467065361974154e-31
1.975467065361290583e-31
1.975467065360049996e-31
1.975467065359457509e-31
1.975467065359439117e-31
1.975467065359439117e-31
1.975467065359439117e-31
1.975467065359439117e-31
1.975467065359439117e-31
1.975467065359439117e-31
1.975467065359439117e-31
1.975467065359439117e-31
1.975467065359439117e-31
1.975467065359439117e-31
1.975467065359437366e-31
1.975467065359417660e-31
1.975467065359170243e-31
1.975467065356366770e-31
1.975467065331235358e-31
1.975467065141387442e-31
1.975467063885211826e-31
1.975467057164500313e-31
1.975467027638761130e-31
1.975466930078620054e-31
1.975466753048826511e-31
1.975466668401135807e-31
1.975466665775010087e-31
1.975466665774448692e-31
1.975466665774448692e-31
1.975466665774448692e-31
1.975466665774448692e-31
1.975466665774448692e-31
1.975466665774448692e-31
1.975466665774448692e-31
1.975466665774448692e-31
1.975466665774448254e-31
1.975466665774436868e-31
1.975466665774149602e-31
1.975466665768276410e-31
1.975466665652695561e-31
1.975466663922272812e-31
1.975466642358543785e-31
1.975466397975916714e-31
1.975464207002383542e-31
1.975447656355488493e-31
1.975338151912695395e-31
1.974752494390373370e-31
1.972183665571419315e-31
1.963742958990265575e-31
1.948609774494529136e-31
1.941455888365892060e-31
1.941234784836443002e-31
1.941234737588500532e-31
1.941234737588500532e-31
1.941234737588500532e-31
1.941234737588500532e-31
1.941234737588500532e-31
1.941234737588500532e-31
1.941234737588500532e-31
1.941234737588500313e-31
1.941234737588488490e-31
1.941234737587977235e-31
1.941234737570970070e-31
1.941234736978037118e-31
1.941234722067291783e-31
1.941234417179814973e-31
1.941228417532798762e-31
1.941138597948271346e-31
1.940020004369388715e-31
1.927432447016453789e-31
1.821476309327912230e-31
1.287018258515140714e-31
4.375399530152720812e-32
9.655985511681428391e-33
2.182780431650335254e-33
6.136056564369846974e-34
2.662671750258112111e-34
2.095494418859527786e-34
2.081737295824828969e-34
2.081734375016057899e-34
2.081734375016053195e-34
2.081734375016053195e-34
2.081734375016053195e-34
2.081734375016053195e-34
2.081734375016053195e-34
2.081734375016053195e-34
2.081734375016053195e-34
2.081734375016053195e-34
2.081734375016053195e-34
2.081734375016045925e-34
2.081734375015583643e-34
2.081734374995919365e-34
2.081734374341685151e-34
2.081734351532524509e-34
2.081733777940797112e-34
2.081722049490775458e-34
2.081491280445878718e-34
2.078042417011639105e-34
2.036003489090114686e-34
1.656272859609945806e-34
6.198374327851693143e-35
1.082293543126410867e-35
1.675013711791247660e-36
3.033279424425228736e-37
6.597421798313589070e-38
1.839995523115700276e-38
7.970544088646393502e-39
6.270950129914771661e-39
6.229737774088181340e-39
6.229729024251477461e-39
6.229729024251464410e-39
6.229729024251464410e-39
6.229729024251464410e-39
6.229729024251464410e-39
6.229729024251464410e-39
6.229729024251464410e-39
6.229729024251464410e-39
6.229729024251464410e-39
6.229729024251464410e-39
6.229729024251464410e-39
6.229729024251464410e-39
6.229729024251450055e-39
6.229729024250580884e-39
6.229729024213600679e-39
6.229729022983274097e-39
6.229728980089296107e-39
6.229727901415980643e-39
6.229705845320575039e-39
6.229271850684461313e-39
6.222781500156778813e-39
6.143021596126345688e-39
5.363865504635583880e-39
2.509846295424740718e-39
5.000293801333975699e-40
7.938850463033276812e-41
1.443241696943810550e-41
3.141185248199321735e-42
8.761828450529132532e-43
3.795585800634150465e-43
2.986250864618327989e-43
2.966625727612851156e-43
2.966621560979793807e-43
2.966621560979786639e-43
2.966621560979786639e-43
2.966621560979786639e-43
2.966621560979786639e-43
2.966621560979786639e-43
2.966621560979786639e-43
2.966621560979786639e-43
2.966621560979786639e-43
2.966621560979786639e-43
2.966621560979786639e-43
2.966621560979786639e-43
2.966621560979786639e-43
2.966621560979782258e-43
2.966621560979520592e-43
2.966621560968372533e-43
2.966621560597483212e-43
2.966621547666829716e-43
2.966621222494108125e-43
2.966614573539100002e-43
2.966483739487283107e-43
2.964526329694663567e-43
2.940348887058655605e-43
2.691573288861999046e-43
1.530576082309065550e-43
3.594235533523735000e-44
5.928202974475082549e-45
1.084221637396996862e-45
2.362264221223101905e-46
6.590542778413394961e-47
2.855126262526166309e-47
2.246342969301895568e-47
2.231580789691485957e-47
2.231577655517350581e-47
2.231577655517345233e-47
2.231577655517345233e-47
2.231577655517345233e-47
2.231577655517345233e-47
2.231577655517345233e-47
2.231577655517345233e-47
2.231577655517345233e-47
2.231577655517345233e-47
2.231577655517345233e-47
2.231577655517345233e-47
2.231577655517345233e-47
2.231577655517345233e-47
2.231577655517345233e-47
2.231577655517345233e-47
2.231577655517343775e-47
2.231577655517217370e-47
2.231577655511866063e-47
2.231577655333825109e-47
2.231577649126608511e-47
2.231577493031052010e-47
2.231574301271274359e-47
2.231511494730042139e-47
2.230571605929263265e-47
2.218925205385869628e-47
2.094960538033346095e-47
1.395833379350741649e-47
3.964378510327586209e-48
6.909604272412533561e-49
1.275387955669730672e-49
2.783272485796744058e-50
7.767652277771117390e-51
3.365308755839456890e-51
2.647772787151529273e-51
2.630373293442070781e-51
2.630369599335917027e-51
2.630369599335911389e-51
2.630369599335911389e-51
2.630369599335911389e-51
2.630369599335911389e-51
2.630369599335911389e-51
2.630369599335911389e-51
2.630369599335911389e-51
2.630369599335911389e-51
2.630369599335911389e-51
2.630369599335911389e-51
2.630369599335911389e-51
2.630369599335911389e-51
2.630369599335911389e-51
2.630369599335911389e-51
2.630369599335911389e-51
2.630369599335909905e-51
2.630369599335814653e-51
2.630369599331757968e-51
2.630369599196798354e-51
2.630369594491572726e-51
2.630369476167222630e-51
2.630367056731901140e-51
2.630319447269165372e-51
2.629606865793511051e-51
2.620759278086250279e-51
2.524497150498930483e-51
1.899113435218733771e-51
6.614022522369459590e-52
1.245030219512063470e-52
2.330198894759290932e-53
5.097781251669340145e-54
1.423416055245186609e-54
6.167576429589086266e-55
4.852640159243569427e-55
4.820753752849439572e-55
4.820746983007568068e-55
4.820746983007556477e-55
4.820746983007556477e-55
4.820746983007556477e-55
4.820746983007556477e-55
4.820746983007556477e-55
4.820746983007556477e-55
4.820746983007556477e-55
4.820746983007556477e-55
4.820746983007556477e-55
4.820746983007556477e-55
4.820746983007556477e-55
4.820746983007556477e-55
4.820746983007556477e-55
4.820746983007556477e-55
4.820746983007556477e-55
4.820746983007556477e-55
4.820746983007556477e-55
4.820746983007555028e-55
4.820746983007441289e-55
4.820746983002624392e-55
4.820746982842375095e-55
4.820746977255457949e-55
4.820746836758823290e-55
4.820743963955070625e-55
4.820687432764487037e-55
4.819841231679528180e-55
4.809321126220523793e-55
4.693228253694119273e-55
3.858243174411045309e-55
1.646030494598991584e-55
3.433619494753918549e-56
6.560098005995091894e-57
1.440546625575912087e-57
4.025385548587443683e-58
1.744466097970205346e-58
1.372580675064211811e-58
1.363562428359051227e-58
1.363560513682821284e-58
1.363560513682818278e-58
1.363560513682818278e-58
1.363560513682818278e-58
1.363560513682818278e-58
1.363560513682818278e-58
1.363560513682818278e-58
1.363560513682818278e-58
1.363560513682818278e-58
1.363560513682818278e-58
1.363560513682818278e-58
1.363560513682818278e-58
1.363560513682818278e-58
1.363560513682818278e-58
1.363560513682818278e-58
1.363560513682818278e-58
1.363560513682818278e-58
1.363560513682818278e-58
1.363560513682818278e-58
1.363560513682818278e-58
1.363560513682817924e-58
1.363560513682796877e-58
1.363560513681908111e-58
1.363560513652332299e-58
1.363560512621209346e-58
1.363560486691108539e-58
1.363559956485481458e-58
1.363549523025253606e-58
1.363393337036036996e-58
1.361450015916825883e-58
1.339807275289902022e-58
1.172676605923645908e-58
6.037522374508091200e-59
1.434051240968154440e-59
2.823293920864075370e-60
6.234743510208538605e-61
1.744199969749018511e-61
7.560677724806550709e-62
5.949136208992219916e-62
5.910054573771224853e-62
5.910046276287802381e-62
5.910046276287789427e-62
5.910046276287789427e-62
5.910046276287789427e-62
5.910046276287789427e-62
5.910046276287789427e-62
5.910046276287789427e-62
5.910046276287789427e-62
5.910046276287789427e-62
5.910046276287789427e-62
5.910046276287789427e-62
5.910046276287789427e-62
5.910046276287789427e-62
5.910046276287789427e-62
5.910046276287789427e-62
5.910046276287789427e-62
5.910046276287789427e-62
5.910046276287789427e-62
5.910046276287789427e-62
5.910046276287789427e-62
5.910046276287789427e-62
5.910046276287789427e-62
5.910046276287728974e-62
5.910046276285197713e-62
5.910046276200982115e-62
5.910046273264943891e-62
5.910046199431084806e-62
5.910044689713358392e-62
5.910014981195566217e-62
5.909570234328304375e-62
5.904033612641319610e-62
5.842004247079631480e-62
5.339101473670069561e-62
3.235259118245657653e-62
8.968666938872579922e-63
1.842753940095903720e-63
4.103594867301292603e-64
1.149973571659820450e-64
4.986738245969558235e-65
3.924068263037177269e-65
3.898295731066506181e-65
3.898290259251531892e-65
3.898290259251522615e-65
3.898290259251522615e-65
3.898290259251522615e-65
3.898290259251522615e-65
3.898290259251522615e-65
3.898290259251522615e-65
3.898290259251522615e-65
3.898290259251522615e-65
3.898290259251522615e-65
3.898290259251522615e-65
3.898290259251522615e-65
3.898290259251522615e-65
3.898290259251522615e-65
3.898290259251522615e-65
3.898290259251522615e-65
3.898290259251522615e-65
3.898290259251522615e-65
3.898290259251522615e-65
3.898290259251522615e-65
3.898290259251522615e-65
3.898290259251521771e-65
3.898290259251495627e-65
3.898290259250392491e-65
3.898290259213660943e-65
3.898290257933064737e-65
3.898290225729354727e-65
3.898289567243991861e-65
3.898276609418309662e-65
3.898082620975546083e-65
3.895666844620529822e-65
3.868496545505211371e-65
3.640839309044648374e-65
2.520395816888117776e-65
8.300992001383874005e-66
1.809261912482905422e-66
4.078858957570145967e-67
1.145965186832343977e-67
4.972160531070932299e-68
3.912957323051465931e-68
3.887266446669294665e-68
3.887260992178588603e-68
3.887260992178580367e-68
3.887260992178580367e-68
3.887260992178580367e-68
3.887260992178580367e-68
3.887260992178580367e-68
3.887260992178580367e-68
3.887260992178580367e-68
3.887260992178580367e-68
3.887260992178580367e-68
3.887260992178580367e-68
3.887260992178580367e-68
3.887260992178580367e-68
3.887260992178580367e-68
3.887260992178580367e-68
3.887260992178580367e-68
3.887260992178580367e-68
3.887260992178580367e-68
3.887260992178580367e-68
3.887260992178580367e-68
3.887260992178580367e-68
3.887260992178580367e-68
3.887260992178580367e-68
3.887260992178563071e-68
3.887260992177830883e-68
3.887260992153460286e-68
3.887260991303776428e-68
3.887260969936413947e-68
3.887260533027238432e-68
3.887251935418440948e-68
3.887123220431078631e-68
3.885519948146094467e-68
3.867441992949213042e-68
3.712580521220098607e-68
2.850386071256908457e-68
1.123683046870083340e-68
2.649572023462024206e-69
6.080699987804642955e-70
1.714841259664221115e-70
7.446646070891402129e-71
5.861111580278809990e-71
5.822649207626902301e-71
5.822641041562571750e-71
5.822641041562559685e-71
5.822641041562559685e-71
5.822641041562559685e-71
5.822641041562559685e-71
5.822641041562559685e-71
5.822641041562559685e-71
5.822641041562559685e-71
5.822641041562559685e-71
5.822641041562559685e-71
5.822641041562559685e-71
5.822641041562559685e-71
5.822641041562559685e-71
5.822641041562559685e-71
5.822641041562559685e-71
5.822641041562559685e-71
5.822641041562559685e-71
5.822641041562559685e-71
5.822641041562559685e-71
5.822641041562559685e-71
5.822641041562559685e-71
5.822641041562559685e-71
5.822641041562559685e-71
5.822641041562559685e-71
5.822641041562541991e-71
5.822641041561807659e-71
5.822641041537372043e-71
5.822641040685465739e-71
5.822641019262191659e-71
5.822640581209726681e-71
5.822631961096389231e-71
5.822502907685777394e-71
5.820895183156483178e-71
5.802736627433185209e-71
5.644862052213735162e-71
4.682498907897112001e-71
2.200365940258939821e-71
5.736036406626193516e-72
1.350294151467385376e-72
3.829096114541414416e-73
1.664821347382759480e-73
1.310612603344007745e-73
1.302018329174946857e-73
1.302016504489319473e-73
1.302016504489316646e-73
1.302016504489316646e-73
1.302016504489316646e-73
1.302016504489316646e-73
1.302016504489316646e-73
1.302016504489316646e-73
1.302016504489316646e-73
1.302016504489316646e-73
1.302016504489316646e-73
1.302016504489316646e-73
1.302016504489316646e-73
1.302016504489316646e-73
1.302016504489316646e-73
1.302016504489316646e-73
1.302016504489316646e-73
1.302016504489316646e-73
1.302016504489316646e-73
1.302016504489316646e-73
1.302016504489316646e-73
1.302016504489316646e-73
1.302016504489316646e-73
1.302016504489316646e-73
1.302016504489316646e-73
1.302016504489316646e-73
1.302016504489313975e-73
1.302016504489203540e-73
1.302016504485525255e-73
1.302016504357292193e-73
1.302016501132558336e-73
1.302016435194798748e-73
1.302015137653300539e-73
1.301995711754438445e-73
1.301753683751416310e-73
1.299017045246673008e-73
1.274986613121968189e-73
1.118661931789048044e-73
6.176112832409755040e-74
1.818463734583354841e-74
4.435579533190885757e-75
1.267933930854474630e-75
5.522681749067154691e-76
4.348954288315786746e-76
4.320467176354869195e-76
4.320461128095883770e-76
4.320461128095874565e-76
4.320461128095874565e-76
4.320461128095874565e-76
4.320461128095874565e-76
4.320461128095874565e-76
4.320461128095874565e-76
4.320461128095874565e-76
4.320461128095874565e-76
4.320461128095874565e-76
4.320461128095874565e-76
4.320461128095874565e-76
4.320461128095874565e-76
4.320461128095874565e-76
4.320461128095874565e-76
4.320461128095874565e-76
4.320461128095874565e-76
4.320461128095874565e-76
4.320461128095874565e-76
4.320461128095874565e-76
4.320461128095874565e-76
4.320461128095874565e-76
4.320461128095874565e-76
4.320461128095874565e-76
4.320461128095874565e-76
4.320461128095867815e-76
4.320461128095619906e-76
4.320461128087360970e-76
4.320461127799396002e-76
4.320461120557830231e-76
4.320460972485881697e-76
4.320458058684083910e-76
4.320414435023237402e-76
4.319870890912980760e-76
4.313720426633900690e-76
4.259351846922469287e-76
3.889076777492393035e-76
2.468927967112927083e-76
8.358836005080261115e-77
2.140074175300815675e-77
6.188277519653286116e-78
2.702462193623984916e-78
2.129026762342356003e-78
2.115102991085971228e-78
2.115100034820918941e-78
2.115100034820914387e-78
2.115100034820914387e-78
2.115100034820914387e-78
2.115100034820914387e-78
2.115100034820914387e-78
2.115100034820914387e-78
2.115100034820914387e-78
2.115100034820914387e-78
2.115100034820914387e-78
2.115100034820914387e-78
2.115100034820914387e-78
2.115100034820914387e-78
2.115100034820914387e-78
2.115100034820914387e-78
2.115100034820914387e-78
2.115100034820914387e-78
2.115100034820914387e-78
2.115100034820914387e-78
2.115100034820914387e-78
2.115100034820914387e-78
2.115100034820914387e-78
2.115100034820914387e-78
2.115100034820914387e-78
2.115100034820914387e-78
2.115100034820914387e-78
2.115100034820912469e-78
2.115100034820829772e-78
2.115100034818079673e-78
2.115100034722200859e-78
2.115100032311092412e-78
2.115099983009946206e-78
2.115099012847789392e-78
2.115084488122484864e-78
2.114903504409300473e-78
2.112854570739386749e-78
2.094660979932240527e-78
1.966730056578631050e-78
1.400688947304111929e-78
5.514928832119567184e-79
1.505373853536343005e-79
4.424572112419792347e-80
1.939551091751774722e-80
1.528949417011611340e-80
1.518973104608240636e-80
1.518970986427090511e-80
1.518970986427087327e-80
1.518970986427087327e-80
1.518970986427087327e-80
1.518970986427087327e-80
1.518970986427087327e-80
1.518970986427087327e-80
1.518970986427087327e-80
1.518970986427087327e-80
1.518970986427087327e-80
1.518970986427087327e-80
1.518970986427087327e-80
1.518970986427087327e-80
1.518970986427087327e-80
1.518970986427087327e-80
1.518970986427087327e-80
1.518970986427087327e-80
1.518970986427087327e-80
1.518970986427087327e-80
1.518970986427087327e-80
1.518970986427087327e-80
1.518970986427087327e-80
1.518970986427087327e-80
1.518970986427087327e-80
1.518970986427087327e-80
1.518970986427087327e-80
1.518970986427087327e-80
1.518970986427086391e-80
1.518970986427045754e-80
1.518970986425696495e-80
1.518970986378652389e-80
1.518970985195615621e-80
1.518970961005462436e-80
1.518970484984587355e-80
1.518963358249692245e-80
1.518874553767287595e-80
1.517868853977953133e-80
1.508911544655058145e-80
1.444517161081111516e-80
1.126437563523387346e-80
5.171679285234608366e-81
1.531792484804207089e-81
4.606115864536874499e-82
2.030084871024808502e-82
1.601752851227451809e-82
1.591336184997619245e-82
1.591333973271864393e-82
1.591333973271860882e-82
1.591333973271860882e-82
1.591333973271860882e-82
1.591333973271860882e-82
1.591333973271860882e-82
1.591333973271860882e-82
1.591333973271860882e-82
1.591333973271860882e-82
1.591333973271860882e-82
1.591333973271860882e-82
1.591333973271860882e-82
1.591333973271860882e-82
1.591333973271860882e-82
1.591333973271860882e-82
1.591333973271860882e-82
1.591333973271860882e-82
1.591333973271860882e-82
1.591333973271860882e-82
1.591333973271860882e-82
1.591333973271860882e-82
1.591333973271860882e-82
1.591333973271860882e-82
1.591333973271860882e-82
1.591333973271860882e-82
1.591333973271860882e-82
1.591333973271860882e-82
1.591333973271860004e-82
1.591333973271831036e-82
1.591333973270861344e-82
1.591333973237051155e-82
1.591333972386816887e-82
1.591333955001647291e-82
1.591333612891186372e-82
1.591328490984736442e-82
1.591264666908509676e-82
1.590541703561664986e-82
1.584089309823379819e-82
1.536988499337127259e-82
1.284312541588718553e-82
6.833102854307605471e-83
2.236074504751960114e-83
6.937961335221903689e-84
3.081406555796327592e-84
2.434376816581350883e-84
2.418620906020552306e-84
2.418617560531578825e-84
2.418617560531573339e-84
2.418617560531573339e-84
2.418617560531573339e-84
2.418617560531573339e-84
2.418617560531573339e-84
2.418617560531573339e-84
2.418617560531573339e-84
2.418617560531573339e-84
2.418617560531573339e-84
2.418617560531573339e-84
2.418617560531573339e-84
2.418617560531573339e-84
2.418617560531573339e-84
2.418617560531573339e-84
2.418617560531573339e-84
2.418617560531573339e-84
2.418617560531573339e-84
2.418617560531573339e-84
2.418617560531573339e-84
2.418617560531573339e-84
2.418617560531573339e-84
2.418617560531573339e-84
2.418617560531573339e-84
2.418617560531573339e-84
2.418617560531573339e-84
2.418617560531573339e-84
2.418617560531573339e-84
2.418617560531572881e-84
2.418617560531542249e-84
2.418617560530527734e-84
2.418617560495154103e-84
2.418617559605599477e-84
2.418617541416425026e-84
2.418617183484489684e-84
2.418611824701113735e-84
2.418545047999945427e-84
2.417788522414476410e-84
2.411027087580101786e-84
2.361147187159593596e-84
2.076849691356444569e-84
1.263143629307633493e-84
4.641749749499488951e-85
1.502178798676129659e-85
6.744292257660637133e-86
5.337874078667676816e-86
5.303562064764784671e-86
5.303554778891038838e-86
5.303554778891026694e-86
5.303554778891026694e-86
5.303554778891026694e-86
5.303554778891026694e-86
5.303554778891026694e-86
5.303554778891026694e-86
5.303554778891026694e-86
5.303554778891026694e-86
5.303554778891026694e-86
5.303554778891026694e-86
5.303554778891026694e-86
5.303554778891026694e-86
5.303554778891026694e-86
5.303554778891026694e-86
5.303554778891026694e-86
5.303554778891026694e-86
5.303554778891026694e-86
5.303554778891026694e-86
5.303554778891026694e-86
5.303554778891026694e-86
5.303554778891026694e-86
5.303554778891026694e-86
5.303554778891026694e-86
5.303554778891026694e-86
5.303554778891026694e-86
5.303554778891026694e-86
5.303554778891026694e-86
5.303554778891025980e-86
5.303554778890979546e-86
5.303554778889443657e-86
5.303554778835905413e-86
5.303554777489545561e-86
5.303554749959862004e-86
5.303554208222620098e-86
5.303546097589382162e-86
5.303445028690338653e-86
5.302299879703939564e-86
5.292055264985555703e-86
5.215927193797396303e-86
4.762602600885682001e-86
3.250947871894958189e-86
1.357717958123133672e-86
4.642936497014101414e-87
2.116149714089766427e-87
1.679187522524977933e-87
1.668498848162646732e-87
1.668496578367486478e-87
1.668496578367482906e-87
1.668496578367482906e-87
1.668496578367482906e-87
1.668496578367482906e-87
1.668496578367482906e-87
1.668496578367482906e-87
1.668496578367482906e-87
1.668496578367482906e-87
1.668496578367482906e-87
1.668496578367482906e-87
1.668496578367482906e-87
1.668496578367482906e-87
1.668496578367482906e-87
1.668496578367482906e-87
1.668496578367482906e-87
1.668496578367482906e-87
1.668496578367482906e-87
1.668496578367482906e-87
1.668496578367482906e-87
1.668496578367482906e-87
1.668496578367482906e-87
1.668496578367482906e-87
1.668496578367482906e-87
1.668496578367482906e-87
1.668496578367482906e-87
1.668496578367482906e-87
1.668496578367482906e-87
1.668496578367482683e-87
1.668496578367472637e-87
1.668496578367138447e-87
1.668496578355493594e-87
1.668496578062658885e-87
1.668496572074917850e-87
1.668496454246372690e-87
1.668494690172350282e-87
1.668472707406411908e-87
1.668223616259821235e-87
1.665993744492223613e-87
1.649339776758840782e-87
1.547014436197781381e-87
1.161489018984582736e-87
5.544566969172247597e-88
2.033282251042494067e-88
9.460917228972997386e-89
7.534567528492325921e-89
7.487271363811587531e-89
7.487261319335627795e-89
7.487261319335611052e-89
7.487261319335611052e-89
7.487261319335611052e-89
7.487261319335611052e-89
7.487261319335611052e-89
7.487261319335611052e-89
7.487261319335611052e-89
7.487261319335611052e-89
7.487261319335611052e-89
7.487261319335611052e-89
7.487261319335611052e-89
7.487261319335611052e-89
7.487261319335611052e-89
7.487261319335611052e-89
7.487261319335611052e-89
7.487261319335611052e-89
7.487261319335611052e-89
7.487261319335611052e-89
7.487261319335611052e-89
7.487261319335611052e-89
7.487261319335611052e-89
7.487261319335611052e-89
7.487261319335611052e-89
7.487261319335611052e-89
7.487261319335611052e-89
7.487261319335611052e-89
7.487261319335611052e-89
7.487261319335611052e-89
7.487261319335611052e-89
7.487261319335580356e-89
7.487261319334542292e-89
7.487261319298406757e-89
7.487261318389657832e-89
7.487261299808006331e-89
7.487260934152766885e-89
7.487255459731159100e-89
7.487187240679327470e-89
7.486414198129431431e-89
7.479490724050441562e-89
7.427601072848482439e-89
7.101606903548484819e-89
5.751149825163926161e-89
3.133408572408677665e-89
1.251368402205357423e-89
5.987700773679350159e-90
4.792608291314878803e-90
4.763114344212678838e-90
4.763108079688410182e-90
4.763108079688399717e-90
4.763108079688399717e-90
4.763108079688399717e-90
4.763108079688399717e-90
4.763108079688399717e-90
4.763108079688399717e-90
4.763108079688399717e-90
4.763108079688399717e-90
4.763108079688399717e-90
4.763108079688399717e-90
4.763108079688399717e-90
4.763108079688399717e-90
4.763108079688399717e-90
4.763108079688399717e-90
4.763108079688399717e-90
4.763108079688399717e-90
4.763108079688399717e-90
4.763108079688399717e-90
4.763108079688399717e-90
4.763108079688399717e-90
4.763108079688399717e-90
4.763108079688399717e-90
4.763108079688399717e-90
4.763108079688399717e-90
4.763108079688399717e-90
4.763108079688399717e-90
4.763108079688399717e-90
4.763108079688399717e-90
4.763108079688399717e-90
4.763108079688385765e-90
4.763108079687930565e-90
4.763108079672057872e-90
4.763108079272899140e-90
4.763108071111101322e-90
4.763107910500807759e-90
4.763105505916990027e-90
4.763075541303441598e-90
4.762735977408581427e-90
4.759693829034038783e-90
4.736838136153554863e-90
4.590968738465861529e-90
3.941572195229079595e-90
2.430925682917131709e-90
1.072601496201684567e-90
5.325926188500251049e-91
4.292572585177936186e-91
4.266888413482450081e-91
4.266882957218837035e-91
4.266882957218827769e-91
4.266882957218827769e-91
4.266882957218827769e-91
4.266882957218827769e-91
4.266882957218827769e-91
4.266882957218827769e-91
4.266882957218827769e-91
4.266882957218827769e-91
4.266882957218827769e-91
4.266882957218827769e-91
4.266882957218827769e-91
4.266882957218827769e-91
4.266882957218827769e-91
4.266882957218827769e-91
4.266882957218827769e-91
4.266882957218827769e-91
4.266882957218827769e-91
4.266882957218827769e-91
4.266882957218827769e-91
4.266882957218827769e-91
4.266882957218827769e-91
4.266882957218827769e-91
4.266882957218827769e-91
4.266882957218827769e-91
4.266882957218827769e-91
4.266882957218827769e-91
4.266882957218827769e-91
4.266882957218827769e-91
4.266882957218827769e-91
4.266882957218819594e-91
4.266882957218538909e-91
4.266882957208762361e-91
4.266882956962898903e-91
4.266882951935620417e-91
4.266882853007332029e-91
4.266881371898026985e-91
4.266862915081567679e-91
4.266653754353355111e-91
4.264779470465808781e-91
4.250673994955446604e-91
4.159642507375339730e-91
3.732035821482959083e-91
2.570943882531637349e-91
1.267724754276563226e-91
6.603381266896533946e-92
5.372570727080822013e-92
5.341681765508801985e-92
5.341675202011031979e-92
5.341675202011021760e-92
5.341675202011021760e-92
5.341675202011021760e-92
5.341675202011021760e-92
5.341675202011021760e-92
5.341675202011021760e-92
5.341675202011021760e-92
5.341675202011021760e-92
5.341675202011021760e-92
5.341675202011021760e-92
5.341675202011021760e-92
5.341675202011021760e-92
5.341675202011021760e-92
5.341675202011021760e-92
5.341675202011021760e-92
5.341675202011021760e-92
5.341675202011021760e-92
5.341675202011021760e-92
5.341675202011021760e-92
5.341675202011021760e-92
5.341675202011021760e-92
5.341675202011021760e-92
5.341675202011021760e-92
5.341675202011021760e-92
5.341675202011021760e-92
5.341675202011021760e-92
5.341675202011021760e-92
5.341675202011021760e-92
5.341675202011021760e-92
5.341675202011014947e-92
5.341675202010775139e-92
5.341675202002424087e-92
5.341675201792427639e-92
5.341675197498510861e-92
5.341675113001543995e-92
5.341673847951269756e-92
5.341658083527050089e-92
5.341479431138885661e-92
5.339878283290517383e-92
5.327814017576242218e-92
5.249341276226563771e-92
4.865900877364255096e-92
3.683758587945187702e-92
2.043415174547239714e-92
1.130200226220063448e-92
9.312095874911065500e-93
9.261506495033525662e-93
9.261495742031040958e-93
9.261495742031023926e-93
9.261495742031023926e-93
9.261495742031023926e-93
9.261495742031023926e-93
9.261495742031023926e-93
9.261495742031023926e-93
9.261495742031023926e-93
9.261495742031023926e-93
9.261495742031023926e-93
9.261495742031023926e-93
9.261495742031023926e-93
9.261495742031023926e-93
9.261495742031023926e-93
9.261495742031023926e-93
9.261495742031023926e-93
9.261495742031023926e-93
9.261495742031023926e-93
9.261495742031023926e-93
9.261495742031023926e-93
9.261495742031023926e-93
9.261495742031023926e-93
9.261495742031023926e-93
9.261495742031023926e-93
9.261495742031023926e-93
9.261495742031023926e-93
9.261495742031023926e-93
9.261495742031023926e-93
9.261495742031023926e-93
9.261495742031023926e-93
9.261495742031015410e-93
9.261495742030734385e-93
9.261495742020981953e-93
9.261495741775754124e-93
9.261495736761415407e-93
9.261495638087798118e-93
9.261494160790999053e-93
9.261475751437534857e-93
9.261267122565649001e-93
9.259397111124157955e-93
9.245295244597602675e-93
9.153058365245696576e-93
8.689257732169194129e-93
7.107120002982246284e-93
4.437414812700619355e-93
2.638770517493096786e-93
2.210370779802293423e-93
2.199293548165176327e-93
2.199291192651992715e-93
2.199291192651988882e-93
2.199291192651988882e-93
2.199291192651988882e-93
2.199291192651988882e-93
2.199291192651988882e-93
2.199291192651988882e-93
2.199291192651988882e-93
2.199291192651988882e-93
2.199291192651988882e-93
2.199291192651988882e-93
2.199291192651988882e-93
2.199291192651988882e-93
2.199291192651988882e-93
2.199291192651988882e-93
2.199291192651988882e-93
2.199291192651988882e-93
2.199291192651988882e-93
2.199291192651988882e-93
2.199291192651988882e-93
2.199291192651988882e-93
2.199291192651988882e-93
2.199291192651988882e-93
2.199291192651988882e-93
2.199291192651988882e-93
2.199291192651988882e-93
2.199291192651988882e-93
2.199291192651988882e-93
2.199291192651988882e-93
2.199291192651987179e-93
2.199291192651943748e-93
2.199291192650415140e-93
2.199291192611980240e-93
2.199291191826082206e-93
2.199291176360944692e-93
2.199290944823880391e-93
2.199288059519607561e-93
2.199255360772535963e-93
2.198962248429619466e-93
2.196750574196384919e-93
2.182227854352781148e-93
2.107679738202578771e-93
1.832637892555538686e-93
1.280501908572865968e-93
8.278967012408561998e-94
7.082042751437100619e-94
7.050419542112634170e-94
7.050412813916505898e-94
7.050412813916495253e-94
7.050412813916495253e-94
7.050412813916495253e-94
7.050412813916495253e-94
7.050412813916495253e-94
7.050412813916495253e-94
7.050412813916495253e-94
7.050412813916495253e-94
7.050412813916495253e-94
7.050412813916495253e-94
7.050412813916495253e-94
7.050412813916495253e-94
7.050412813916495253e-94
7.050412813916495253e-94
7.050412813916495253e-94
7.050412813916495253e-94
7.050412813916495253e-94
7.050412813916495253e-94
7.050412813916495253e-94
7.050412813916495253e-94
7.050412813916495253e-94
7.050412813916495253e-94
7.050412813916495253e-94
7.050412813916495253e-94
7.050412813916495253e-94
7.050412813916495253e-94
7.050412813916495253e-94
7.050412813916492060e-94
7.050412813916403707e-94
7.050412813913269849e-94
7.050412813834434787e-94
7.050412812222464866e-94
7.050412780501674259e-94
7.050412305592282290e-94
7.050406387495311451e-94
7.050339318144771312e-94
7.049738074817301069e-94
7.045199541680160389e-94
7.015315850618104948e-94
6.859644956610951200e-94
6.250321265303076255e-94
4.832074714415929643e-94
3.422778707794059428e-94
3.003870731664004385e-94
2.992508186587837533e-94
2.992505767419590203e-94
2.992505767419586477e-94
2.992505767419586477e-94
2.992505767419586477e-94
2.992505767419586477e-94
2.992505767419586477e-94
2.992505767419586477e-94
2.992505767419586477e-94
2.992505767419586477e-94
2.992505767419586477e-94
2.992505767419586477e-94
2.992505767419586477e-94
2.992505767419586477e-94
2.992505767419586477e-94
2.992505767419586477e-94
2.992505767419586477e-94
2.992505767419586477e-94
2.992505767419586477e-94
2.992505767419586477e-94
2.992505767419586477e-94
2.992505767419586477e-94
2.992505767419586477e-94
2.992505767419586477e-94
2.992505767419586477e-94
2.992505767419586477e-94
2.992505767419586477e-94
2.992505767419586477e-94
2.992505767419586477e-94
2.992505767419585945e-94
2.992505767419562526e-94
2.992505767418749788e-94
2.992505767398323822e-94
2.992505766980655219e-94
2.992505758761643611e-94
2.992505635710299612e-94
2.992504102301921086e-94
2.992486724229321676e-94
2.992330932710038636e-94
2.991154593964435807e-94
2.983394304592160299e-94
2.942550348499019898e-94
2.775610070561453503e-94
2.337434340729964307e-94
1.816950766985463689e-94
1.642111469857183094e-94
1.637223771472955336e-94
1.637222730004245203e-94
1.637222730004243074e-94
1.637222730004243074e-94
1.637222730004243074e-94
1.637222730004243074e-94
1.637222730004243074e-94
1.637222730004243074e-94
1.637222730004243074e-94
1.637222730004243074e-94
1.637222730004243074e-94
1.637222730004243074e-94
1.637222730004243074e-94
1.637222730004243074e-94
1.637222730004243074e-94
1.637222730004243074e-94
1.637222730004243074e-94
1.637222730004243074e-94
1.637222730004243074e-94
1.637222730004243074e-94
1.637222730004243074e-94
1.637222730004243074e-94
1.637222730004243074e-94
1.637222730004243074e-94
1.637222730004243074e-94
1.637222730004243074e-94
1.637222730004243074e-94
1.637222730004243074e-94
1.637222730004243074e-94
1.637222730004235889e-94
1.637222730003983072e-94
1.637222729997624342e-94
1.637222729867606207e-94
1.637222727309068396e-94
1.637222689003790780e-94
1.637222211661198305e-94
1.637216801936731815e-94
1.637168303450490627e-94
1.636802034496063567e-94
1.634382649384000140e-94
1.621559152071468284e-94
1.567526874947315994e-94
1.412057605395389061e-94
1.196687961950951185e-94
1.115346723524523749e-94
1.112999657251739691e-94
1.112999156702288220e-94
1.112999156702287422e-94
1.112999156702287422e-94
1.112999156702287422e-94
1.112999156702287422e-94
1.112999156702287422e-94
1.112999156702287422e-94
1.112999156702287422e-94
1.112999156702287422e-94
1.112999156702287422e-94
1.112999156702287422e-94
1.112999156702287422e-94
1.112999156702287422e-94
1.112999156702287422e-94
1.112999156702287422e-94
1.112999156702287422e-94
1.112999156702287422e-94
1.112999156702287422e-94
1.112999156702287422e-94
1.112999156702287422e-94
1.112999156702287422e-94
1.112999156702287422e-94
1.112999156702287422e-94
1.112999156702287422e-94
1.112999156702287422e-94
1.112999156702287422e-94
1.112999156702287422e-94
1.112999156702284761e-94
1.112999156702196674e-94
1.112999156699979475e-94
1.112999156654644178e-94
1.112999155762523884e-94
1.112999142406099838e-94
1.112998975964514936e-94
1.112997089678427212e-94
1.112980178745594975e-94
1.112852448695155401e-94
1.112008029578362963e-94
1.107511952637079842e-94
1.088182783105868630e-94
1.028850802942241000e-94
9.362232057773630883e-95
8.975836828169796237e-95
8.964358674273918601e-95
8.964356224348306350e-95
8.964356224348301027e-95
8.964356224348301027e-95
8.964356224348301027e-95
8.964356224348301027e-95
8.964356224348301027e-95
8.964356224348301027e-95
8.964356224348301027e-95
8.964356224348301027e-95
8.964356224348301027e-95
8.964356224348301027e-95
8.964356224348301027e-95
8.964356224348301027e-95
8.964356224348301027e-95
8.964356224348301027e-95
8.964356224348301027e-95
8.964356224348301027e-95
8.964356224348301027e-95
8.964356224348301027e-95
8.964356224348301027e-95
8.964356224348301027e-95
8.964356224348301027e-95
8.964356224348301027e-95
8.964356224348301027e-95
8.964356224348301027e-95
8.964356224348301027e-95
8.964356224348301027e-95
8.964356224348293044e-95
8.964356224347977688e-95
8.964356224340080504e-95
8.964356224178582740e-95
8.964356221000570585e-95
8.964356173420808696e-95
8.964355580503741122e-95
8.964348860954849342e-95
8.964288618284859185e-95
8.963833566094956103e-95
8.960823765014664399e-95
8.944755192015327260e-95
8.874839379486998438e-95
8.651397344518123056e-95
8.273421928726631750e-95
8.104123794973560373e-95
8.098982199480923266e-95
8.098981101337856991e-95
8.098981101337855660e-95
8.098981101337855660e-95
8.098981101337855660e-95
8.098981101337855660e-95
8.098981101337855660e-95
8.098981101337855660e-95
8.098981101337855660e-95
8.098981101337855660e-95
8.098981101337855660e-95
8.098981101337855660e-95
8.098981101337855660e-95
8.098981101337855660e-95
8.098981101337855660e-95
8.098981101337855660e-95
8.098981101337855660e-95
8.098981101337855660e-95
8.098981101337855660e-95
8.098981101337855660e-95
8.098981101337855660e-95
8.098981101337855660e-95
8.098981101337855660e-95
8.098981101337855660e-95
8.098981101337855660e-95
8.098981101337855660e-95
8.098981101337855660e-95
8.098981101337854330e-95
8.098981101337750542e-95
8.098981101335166493e-95
8.098981101282313235e-95
8.098981100242294569e-95
8.098981084671594087e-95
8.098980890636703484e-95
8.098978691631674629e-95
8.098958976831240155e-95
8.098810052621515732e-95
8.097824796910211653e-95
8.092557614128034211e-95
8.069498527898995970e-95
7.994231514503151192e-95
7.861179982192167772e-95
7.799113488883744970e-95
7.797203596891302458e-95
7.797203188817122952e-95
7.797203188817122952e-95
7.797203188817122952e-95
7.797203188817122952e-95
7.797203188817122952e-95
7.797203188817122952e-95
7.797203188817122952e-95
7.797203188817122952e-95
7.797203188817122952e-95
7.797203188817122952e-95
7.797203188817122952e-95
7.797203188817122952e-95
7.797203188817122952e-95
7.797203188817122952e-95
7.797203188817122952e-95
7.797203188817122952e-95
7.797203188817122952e-95
7.797203188817122952e-95
7.797203188817122952e-95
7.797203188817122952e-95
7.797203188817122952e-95
7.797203188817122952e-95
7.797203188817122952e-95
7.797203188817122952e-95
7.797203188817122952e-95
7.797203188817122952e-95
7.797203188817121621e-95
7.797203188817093678e-95
7.797203188816388454e-95
7.797203188802008525e-95
7.797203188518988587e-95
7.797203184281762351e-95
7.797203131479378530e-95
7.797202533067778371e-95
7.797197168101331235e-95
7.797156640918464719e-95
7.796888493449070922e-95
7.795454181195558275e-95
7.789159141170171080e-95
7.768430919257787392e-95
7.731098453066055480e-95
7.713374255349961258e-95
7.712825676118366772e-95
7.712825558886638350e-95
7.712825558886638350e-95
7.712825558886638350e-95
7.712825558886638350e-95
7.712825558886638350e-95
7.712825558886638350e-95
7.712825558886638350e-95
7.712825558886638350e-95
7.712825558886638350e-95
7.712825558886638350e-95
7.712825558886638350e-95
7.712825558886638350e-95
7.712825558886638350e-95
7.712825558886638350e-95
7.712825558886638350e-95
7.712825558886638350e-95
7.712825558886638350e-95
7.712825558886638350e-95
7.712825558886638350e-95
7.712825558886638350e-95
7.712825558886638350e-95
7.712825558886638350e-95
7.712825558886638350e-95
7.712825558886638350e-95
7.712825558886638350e-95
7.712825558886638350e-95
7.712825558886631697e-95
7.712825558886482669e-95
7.712825558883447542e-95
7.712825558823733647e-95
7.712825557929692480e-95
7.712825546788588869e-95
7.712825420525973790e-95
7.712824288537396012e-95
7.712815737408330724e-95
7.712759157234956805e-95
7.712456459699547529e-95
7.711126916358119345e-95
7.706737043078654959e-95
7.698784056033335564e-95
7.694987092383464893e-95
7.694869354556494277e-95
7.694869329394441198e-95
7.694869329394441198e-95
7.694869329394441198e-95
7.694869329394441198e-95
7.694869329394441198e-95
7.694869329394441198e-95
7.694869329394441198e-95
7.694869329394441198e-95
7.694869329394441198e-95
7.694869329394441198e-95
7.694869329394441198e-95
7.694869329394441198e-95
7.694869329394441198e-95
7.694869329394441198e-95
7.694869329394441198e-95
7.694869329394441198e-95
7.694869329394441198e-95
7.694869329394441198e-95
7.694869329394441198e-95
7.694869329394441198e-95
7.694869329394441198e-95
7.694869329394441198e-95
7.694869329394441198e-95
7.694869329394441198e-95
7.694869329394441198e-95
7.694869329394441198e-95
7.694869329394439868e-95
7.694869329394417247e-95
7.694869329393936896e-95
7.694869329384497532e-95
7.694869329243155885e-95
7.694869327481846806e-95
7.694869307520829133e-95
7.694869128563307793e-95
7.694867776702935625e-95
7.694858831797868080e-95
7.694810975690316261e-95
7.694600739083659777e-95
7.693906148429349788e-95
7.692646084434561138e-95
7.692043724230569050e-95
7.692025038001315899e-95
7.692025034007783349e-95
7.692025034007783349e-95
7.692025034007783349e-95
7.692025034007783349e-95
7.692025034007783349e-95
7.692025034007783349e-95
7.692025034007783349e-95
7.692025034007783349e-95
7.692025034007783349e-95
7.692025034007783349e-95
7.692025034007783349e-95
7.692025034007783349e-95
7.692025034007783349e-95
7.692025034007783349e-95
7.692025034007783349e-95
7.692025034007783349e-95
7.692025034007783349e-95
7.692025034007783349e-95
7.692025034007783349e-95
7.692025034007783349e-95
7.692025034007783349e-95
7.692025034007783349e-95
7.692025034007783349e-95
7.692025034007783349e-95
7.692025034007783349e-95
7.692025034007783349e-95
7.692025034007779357e-95
7.692025034007723471e-95
7.692025034006616402e-95
7.692025033990048946e-95
7.692025033783577812e-95
7.692025031443645256e-95
7.692025010465315818e-95
7.692024851993209178e-95
7.692023803423658561e-95
7.692018193438564874e-95
7.691993547490298306e-95
7.691912112469443644e-95
7.691764347232308472e-95
7.691693694534039788e-95
7.691691502612000718e-95
7.691691502143551952e-95
7.691691502143551952e-95
7.691691502143551952e-95
7.691691502143551952e-95
7.691691502143551952e-95
7.691691502143551952e-95
7.691691502143551952e-95
7.691691502143551952e-95
7.691691502143551952e-95
7.691691502143551952e-95
7.691691502143551952e-95
7.691691502143551952e-95
7.691691502143551952e-95
7.691691502143551952e-95
7.691691502143551952e-95
7.691691502143551952e-95
7.691691502143551952e-95
7.691691502143551952e-95
7.691691502143551952e-95
7.691691502143551952e-95
7.691691502143551952e-95
7.691691502143551952e-95
7.691691502143551952e-95
7.691691502143551952e-95
7.691691502143551952e-95
7.691691502143551952e-95
7.691691502143546630e-95
7.691691502143449495e-95
7.691691502142009773e-95
7.691691502124073117e-95
7.691691501920798114e-95
7.691691500098356707e-95
7.691691486331481033e-95
7.691691395239562339e-95
7.691690907885427952e-95
7.691688766819501840e-95
7.691681692230921088e-95
7.691668854919747017e-95
7.691662716708836136e-95
7.691662526275966660e-95
7.691662526235267217e-95
7.691662526235267217e-95
7.691662526235267217e-95
7.691662526235267217e-95
7.691662526235267217e-95
7.691662526235267217e-95
7.691662526235267217e-95
7.691662526235267217e-95
7.691662526235267217e-95
7.691662526235267217e-95
7.691662526235267217e-95
7.691662526235267217e-95
7.691662526235267217e-95
7.691662526235267217e-95
7.691662526235267217e-95
7.691662526235267217e-95
7.691662526235267217e-95
7.691662526235267217e-95
7.691662526235267217e-95
7.691662526235267217e-95
7.691662526235267217e-95
7.691662526235267217e-95
7.691662526235267217e-95
7.691662526235267217e-95
7.691662526235267217e-95
7.691662526235267217e-95
7.691662526235261895e-95
7.691662526235168752e-95
7.691662526234012450e-95
7.691662526220899264e-95
7.691662526103331670e-95
7.691662525215222374e-95
7.691662519338834619e-95
7.691662487899352516e-95
7.691662349777974654e-95
7.691661893391737350e-95
7.691661065246569836e-95
7.691660669264782047e-95
7.691660656979768211e-95
7.691660656977141582e-95
7.691660656977141582e-95
7.691660656977141582e-95
7.691660656977141582e-95
7.691660656977141582e-95
7.691660656977141582e-95
7.691660656977141582e-95
7.691660656977141582e-95
7.691660656977141582e-95
7.691660656977141582e-95
7.691660656977141582e-95
7.691660656977141582e-95
7.691660656977141582e-95
7.691660656977141582e-95
7.691660656977141582e-95
7.691660656977141582e-95
7.691660656977141582e-95
7.691660656977141582e-95
7.691660656977141582e-95
7.691660656977141582e-95
7.691660656977141582e-95
7.691660656977141582e-95
7.691660656977141582e-95
7.691660656977141582e-95
7.691660656977141582e-95
7.691660656977141582e-95
7.691660656977141582e-95
7.691660656977138921e-95
7.691660656977081704e-95
7.691660656976453655e-95
7.691660656970807867e-95
7.691660656928157746e-95
7.691660656645954804e-95
7.691660655136128817e-95
7.691660648503092284e-95
7.691660626585946571e-95
7.691660586815724792e-95
7.691660567799390064e-95
7.691660567209424447e-95
7.691660567209298039e-95
7.691660567209298039e-95
7.691660567209298039e-95
7.691660567209298039e-95
7.691660567209298039e-95
7.691660567209298039e-95
7.691660567209298039e-95
7.691660567209298039e-95
7.691660567209298039e-95
7.691660567209298039e-95
7.691660567209298039e-95
7.691660567209298039e-95
7.691660567209298039e-95
7.691660567209298039e-95
7.691660567209298039e-95
7.691660567209298039e-95
7.691660567209298039e-95
7.691660567209298039e-95
7.691660567209298039e-95
7.691660567209298039e-95
7.691660567209298039e-95
7.691660567209298039e-95
7.691660567209298039e-95
7.691660567209298039e-95
7.691660567209298039e-95
7.691660567209298039e-95
7.691660567209298039e-95
7.691660567209296708e-95
7.691660567209274088e-95
7.691660567209071835e-95
7.691660567207542961e-95
7.691660567197430306e-95
7.691660567143320951e-95
7.691660566905608367e-95
7.691660566120143846e-95
7.691660564694862312e-95
7.691660564013354550e-95
7.691660563992212449e-95
7.691660563992208457e-95
7.691660563992208457e-95
7.691660563992208457e-95
7.691660563992208457e-95
7.691660563992208457e-95
7.691660563992208457e-95
7.691660563992208457e-95
7.691660563992208457e-95
7.691660563992208457e-95
7.691660563992208457e-95
7.691660563992208457e-95
7.691660563992208457e-95
7.691660563992208457e-95
7.691660563992208457e-95
7.691660563992208457e-95
7.691660563992208457e-95
7.691660563992208457e-95
7.691660563992208457e-95
7.691660563992208457e-95
7.691660563992208457e-95
7.691660563992208457e-95
7.691660563992208457e-95
7.691660563992208457e-95
7.691660563992208457e-95
7.691660563992208457e-95
7.691660563992208457e-95
7.691660563992208457e-95
7.691660563992208457e-95
7.691660563992208457e-95
7.691660563992203135e-95
7.691660563992161886e-95
7.691660563991890441e-95
7.691660563990438743e-95
7.691660563984066440e-95
7.691660563963008167e-95
7.691660563924799630e-95
7.691660563906527660e-95
7.691660563905960819e-95
7.691660563905960819e-95
7.691660563905960819e-95
7.691660563905960819e-95
7.691660563905960819e-95
7.691660563905960819e-95
7.691660563905960819e-95
7.691660563905960819e-95
7.691660563905960819e-95
7.691660563905960819e-95
7.691660563905960819e-95
7.691660563905960819e-95
7.691660563905960819e-95
7.691660563905960819e-95
7.691660563905960819e-95
7.691660563905960819e-95
7.691660563905960819e-95
7.691660563905960819e-95
7.691660563905960819e-95
7.691660563905960819e-95
7.691660563905960819e-95
7.691660563905960819e-95
7.691660563905960819e-95
7.691660563905960819e-95
7.691660563905960819e-95
7.691660563905960819e-95
7.691660563905960819e-95
7.691660563905960819e-95
7.691660563905960819e-95
7.691660563905960819e-95
7.691660563905960819e-95
7.691660563905955497e-95
7.691660563905927554e-95
7.691660563905798485e-95
7.691660563905375350e-95
7.691660563904606256e-95
7.691660563904239007e-95
7.691660563904229693e-95
7.691660563904229693e-95
7.691660563904229693e-95
7.691660563904229693e-95
7.691660563904229693e-95
7.691660563904229693e-95
7.691660563904229693e-95
7.691660563904229693e-95
7.691660563904229693e-95
7.691660563904229693e-95
7.691660563904229693e-95
7.691660563904229693e-95
7.691660563904229693e-95
7.691660563904229693e-95
7.691660563904229693e-95
7.691660563904229693e-95
7.691660563904229693e-95
7.691660563904229693e-95
7.691660563904229693e-95
7.691660563904229693e-95
7.691660563904229693e-95
7.691660563904229693e-95
7.691660563904229693e-95
7.691660563904229693e-95
7.691660563904229693e-95
7.691660563904229693e-95
7.691660563904229693e-95
7.691660563904229693e-95
7.691660563904229693e-95
7.691660563904229693e-95
7.691660563904229693e-95
7.691660563904229693e-95
7.691660563904227031e-95
7.691660563904225701e-95
7.691660563904220378e-95
7.691660563904208403e-95
7.691660563904203080e-95
7.691660563904203080e-95
7.691660563904203080e-95
7.691660563904203080e-95
7.691660563904203080e-95
7.691660563904203080e-95
7.691660563904203080e-95
7.691660563904203080e-95
7.691660563904203080e-95
7.691660563904203080e-95
7.691660563904203080e-95
7.691660563904203080e-95
7.691660563904203080e-95
7.691660563904203080e-95
7.691660563904203080e-95
7.691660563904203080e-95
7.691660563904203080e-95
7.691660563904203080e-95
7.691660563904203080e-95
7.691660563904203080e-95
7.691660563904203080e-95
7.691660563904203080e-95
7.691660563904203080e-95
7.691660563904203080e-95
7.691660563904203080e-95
7.691660563904203080e-95
7.691660563904203080e-95
7.691660563904203080e-95
7.691660563904203080e-95
7.691660563904203080e-95
7.691660563904203080e-95
7.691660563904203080e-95
7.691660563904203080e-95
7.691660563904203080e-95
7.691660563904203080e-95
7.691660563904203080e-95
7.691660563904203080e-95
7.691660563904203080e-95
7.691660563904203080e-95
7.691660563904203080e-95
7.691660563904203080e-95
7.691660563904203080e-95
7.691660563904203080e-95
7.691660563904203080e-95
7.691660563904203080e-95
7.691660563904203080e-95
7.691660563904203080e-95
7.691660563904203080e-95
7.691660563904203080e-95
7.691660563904203080e-95
7.691660563904203080e-95
7.691660563904203080e-95
7.691660563904203080e-95
7.691660563904203080e-95
7.691660563904203080e-95
7.691660563904203080e-95
7.691660563904203080e-95
7.691660563904203080e-95
7.691660563904203080e-95
7.691660563904203080e-95
7.691660563904203080e-95
7.691660563904203080e-95
7.691660563904203080e-95
7.691660563904203080e-95
7.691660563904203080e-95
7.691660563904203080e-95
7.691660563904203080e-95
7.691660563904203080e-95
7.691660563904203080e-95
7.691660563904203080e-95
7.691660563904203080e-95
7.691660563904203080e-95
7.691660563904203080e-95
7.691660563904203080e-95
7.691660563904203080e-95
7.691660563904203080e-95
7.691660563904203080e-95
7.691660563904203080e-95
7.691660563904203080e-95
7.691660563904203080e-95
7.691660563904203080e-95
7.691660563904203080e-95
7.691660563904203080e-95
7.691660563904203080e-95
7.691660563904203080e-95
7.691660563904203080e-95
7.691660563904203080e-95
7.691660563904203080e-95
7.691660563904203080e-95
7.691660563904203080e-95
7.691660563904203080e-95
7.691660563904203080e-95
7.691660563904203080e-95
7.691660563904203080e-95
7.691660563904203080e-95
7.691660563904203080e-95
7.691660563904203080e-95
7.691660563904203080e-95
7.691660563904203080e-95
7.691660563904203080e-95
7.691660563904203080e-95
7.691660563904203080e-95
7.691660563904203080e-95
7.691660563904203080e-95
7.691660563904203080e-95
7.691660563904203080e-95
7.691660563904203080e-95
7.691660563904203080e-95
7.691660563904203080e-95
7.691660563904203080e-95
7.691660563904203080e-95
7.691660563904203080e-95
7.691660563904203080e-95
7.691660563904203080e-95
7.691660563904203080e-95
7.691660563904203080e-95
7.691660563904203080e-95
7.691660563904203080e-95
7.691660563904203080e-95
7.691660563904203080e-95
7.691660563904203080e-95
7.691660563904203080e-95
7.691660563904203080e-95
7.691660563904203080e-95
7.691660563904203080e-95
7.691660563904203080e-95
7.691660563904203080e-95
7.691660563904203080e-95
7.691660563904203080e-95
7.691660563904203080e-95
7.691660563904203080e-95
7.691660563904203080e-95
7.691660563904203080e-95
7.691660563904203080e-95
7.691660563904203080e-95
7.691660563904203080e-95
7.691660563904203080e-95
7.691660563904203080e-95
7.691660563904203080e-95
7.691660563904203080e-95
7.691660563904203080e-95
7.691660563904203080e-95
7.691660563904203080e-95
7.691660563904203080e-95
7.691660563904203080e-95
7.691660563904203080e-95
7.691660563904203080e-95
7.691660563904203080e-95
7.691660563904203080e-95
7.691660563904203080e-95
7.691660563904203080e-95
7.691660563904203080e-95
7.691660563904203080e-95
7.691660563904203080e-95
7.691660563904203080e-95
7.691660563904203080e-95
7.691660563904203080e-95
7.691660563904203080e-95
7.691660563904203080e-95
7.691660563904203080e-95
7.691660563904203080e-95
7.691660563904203080e-95
7.691660563904203080e-95
7.691660563904203080e-95
7.691660563904203080e-95
7.691660563904203080e-95
7.691660563904203080e-95
7.691660563904203080e-95
7.691660563904203080e-95
7.691660563904203080e-95
7.691660563904203080e-95
7.691660563904203080e-95
7.691660563904203080e-95
7.691660563904203080e-95
7.691660563904203080e-95
7.691660563904203080e-95
7.691660563904203080e-95
7.691660563904203080e-95
7.691660563904203080e-95
7.691660563904203080e-95
7.691660563904203080e-95
7.691660563904203080e-95
7.691660563904203080e-95
7.691660563904203080e-95
7.691660563904203080e-95
7.691660563904203080e-95
7.691660563904203080e-95
7.691660563904203080e-95
7.691660563904203080e-95
7.691660563904203080e-95
7.691660563904203080e-95
7.691660563904203080e-95
7.691660563904203080e-95
7.691660563904203080e-95
7.691660563904203080e-95
7.691660563904203080e-95
7.691660563904203080e-95
7.691660563904203080e-95
7.691660563904203080e-95
7.691660563904203080e-95
7.691660563904203080e-95
7.691660563904203080e-95
7.691660563904203080e-95
7.691660563904203080e-95
7.691660563904203080e-95
7.691660563904203080e-95
7.691660563904203080e-95
7.691660563904203080e-95
7.691660563904203080e-95
7.691660563904203080e-95
7.691660563904203080e-95
7.691660563904203080e-95
7.691660563904203080e-95
7.691660563904203080e-95
7.691660563904203080e-95
7.691660563904203080e-95
7.691660563904203080e-95
7.691660563904203080e-95
7.691660563904203080e-95
7.691660563904203080e-95
7.691660563904203080e-95
7.691660563904203080e-95
7.691660563904203080e-95
7.691660563904203080e-95
7.691660563904203080e-95
7.691660563904203080e-95
7.691660563904203080e-95
7.691660563904203080e-95
7.691660563904203080e-95
7.691660563904203080e-95
7.691660563904203080e-95
7.691660563904203080e-95
7.691660563904203080e-95
7.691660563904203080e-95
7.691660563904203080e-95
7.691660563904203080e-95
7.691660563904203080e-95
7.691660563904203080e-95
7.691660563904203080e-95
7.691660563904203080e-95
7.691660563904203080e-95
7.691660563904203080e-95
7.691660563904203080e-95
7.691660563904203080e-95
7.691660563904203080e-95
7.691660563904203080e-95
7.691660563904203080e-95
7.691660563904203080e-95
7.691660563904203080e-95
7.691660563904203080e-95
7.691660563904203080e-95
7.691660563904203080e-95
7.691660563904203080e-95
7.691660563904203080e-95
7.691660563904203080e-95
7.691660563904203080e-95
7.691660563904203080e-95
7.691660563904203080e-95
7.691660563904203080e-95
7.691660563904203080e-95
7.691660563904203080e-95
7.691660563904203080e-95
7.691660563904203080e-95
7.691660563904203080e-95
7.691660563904203080e-95
7.691660563904203080e-95
7.691660563904203080e-95
7.691660563904203080e-95
7.691660563904203080e-95
7.691660563904203080e-95
7.691660563904203080e-95
7.691660563904203080e-95
7.691660563904203080e-95
7.691660563904203080e-95
7.691660563904203080e-95
7.691660563904203080e-95
7.691660563904203080e-95
7.691660563904203080e-95
7.691660563904203080e-95
7.691660563904203080e-95
7.691660563904203080e-95
7.691660563904203080e-95
7.691660563904203080e-95
7.691660563904203080e-95
7.691660563904203080e-95
7.691660563904203080e-95
7.691660563904203080e-95
7.691660563904203080e-95
7.691660563904203080e-95
7.691660563904203080e-95
7.691660563904203080e-95
7.691660563904203080e-95
7.691660563904203080e-95
7.691660563904203080e-95
7.691660563904203080e-95
7.691660563904203080e-95
7.691660563904203080e-95
7.691660563904203080e-95
7.691660563904203080e-95
7.691660563904203080e-95
7.691660563904203080e-95
7.691660563904203080e-95
7.691660563904203080e-95
7.691660563904203080e-95
7.691660563904203080e-95
7.691660563904203080e-95
7.691660563904203080e-95
7.691660563904203080e-95
7.691660563904203080e-95
7.691660563904203080e-95
7.691660563904203080e-95
7.691660563904203080e-95
7.691660563904203080e-95
7.691660563904203080e-95
7.691660563904203080e-95
7.691660563904203080e-95
7.691660563904203080e-95
7.691660563904203080e-95
7.691660563904203080e-95
7.691660563904203080e-95
7.691660563904203080e-95
7.691660563904203080e-95
7.691660563904203080e-95
7.691660563904203080e-95
7.691660563904203080e-95
7.691660563904203080e-95
7.691660563904203080e-95
7.691660563904203080e-95
7.691660563904203080e-95
7.691660563904203080e-95
7.691660563904203080e-95
7.691660563904203080e-95
7.691660563904203080e-95
7.691660563904203080e-95
7.691660563904203080e-95
7.691660563904203080e-95
7.691660563904203080e-95
7.691660563904203080e-95
7.691660563904203080e-95
7.691660563904203080e-95
7.691660563904203080e-95
7.691660563904203080e-95
7.691660563904203080e-95
7.691660563904203080e-95
7.691660563904203080e-95
7.691660563904203080e-95
7.691660563904203080e-95
7.691660563904203080e-95
7.691660563904203080e-95
7.691660563904203080e-95
7.691660563904203080e-95
7.691660563904203080e-95
7.691660563904203080e-95
7.691660563904203080e-95
7.691660563904203080e-95
7.691660563904203080e-95
7.691660563904203080e-95
7.691660563904203080e-95
7.691660563904203080e-95
7.691660563904203080e-95
7.691660563904203080e-95
7.691660563904203080e-95
7.691660563904203080e-95
7.691660563904203080e-95
7.691660563904203080e-95
7.691660563904203080e-95
7.691660563904203080e-95
7.691660563904203080e-95
7.691660563904203080e-95
7.691660563904203080e-95
7.691660563904203080e-95
7.691660563904203080e-95
7.691660563904203080e-95
7.691660563904203080e-95
7.691660563904203080e-95
7.691660563904203080e-95
7.691660563904203080e-95
7.691660563904203080e-95
7.691660563904203080e-95
7.691660563904203080e-95
7.691660563904203080e-95
7.691660563904203080e-95
7.691660563904203080e-95
7.691660563904203080e-95
7.691660563904203080e-95
7.691660563904203080e-95
7.691660563904203080e-95
7.691660563904203080e-95
7.691660563904203080e-95
7.691660563904203080e-95
7.691660563904203080e-95
7.691660563904203080e-95
7.691660563904203080e-95
7.691660563904203080e-95
7.691660563904203080e-95
7.691660563904203080e-95
7.691660563904203080e-95
7.691660563904203080e-95
7.691660563904203080e-95
7.691660563904203080e-95
7.691660563904203080e-95
7.691660563904203080e-95
7.691660563904203080e-95
7.691660563904203080e-95
7.691660563904203080e-95
7.691660563904203080e-95
7.691660563904203080e-95
7.691660563904203080e-95
7.691660563904203080e-95
7.691660563904203080e-95
7.691660563904203080e-95
7.691660563904203080e-95
7.691660563904203080e-95
7.691660563904203080e-95
7.691660563904203080e-95
7.691660563904203080e-95
7.691660563904203080e-95
7.691660563904203080e-95
7.691660563904203080e-95
7.691660563904203080e-95
7.691660563904203080e-95
7.691660563904203080e-95
7.691660563904203080e-95
7.691660563904203080e-95
7.691660563904203080e-95
7.691660563904203080e-95
7.691660563904203080e-95
7.691660563904203080e-95
7.691660563904203080e-95
7.691660563904203080e-95
7.691660563904203080e-95
7.691660563904203080e-95
7.691660563904203080e-95
7.691660563904203080e-95
7.691660563904203080e-95
7.691660563904203080e-95
7.691660563904203080e-95
7.691660563904203080e-95
7.691660563904203080e-95
7.691660563904203080e-95
7.691660563904203080e-95
7.691660563904203080e-95
7.691660563904203080e-95
7.691660563904203080e-95
7.691660563904203080e-95
7.691660563904203080e-95
7.691660563904203080e-95
7.691660563904203080e-95
7.691660563904203080e-95
7.691660563904203080e-95
7.691660563904203080e-95
7.691660563904203080e-95
7.691660563904203080e-95
7.691660563904203080e-95
7.691660563904203080e-95
7.691660563904203080e-95
7.691660563904203080e-95
7.691660563904203080e-95
7.691660563904203080e-95
7.691660563904203080e-95
7.691660563904203080e-95
7.691660563904203080e-95
7.691660563904203080e-95
7.691660563904203080e-95
7.691660563904203080e-95
7.691660563904203080e-95
7.691660563904203080e-95
7.691660563904203080e-95
7.691660563904203080e-95
7.691660563904203080e-95
7.691660563904203080e-95
7.691660563904203080e-95
7.691660563904203080e-95
7.691660563904203080e-95
7.691660563904203080e-95
7.691660563904203080e-95
7.691660563904203080e-95
7.691660563904203080e-95
7.691660563904203080e-95
7.691660563904203080e-95
7.691660563904203080e-95
7.691660563904203080e-95
7.691660563904203080e-95
7.691660563904203080e-95
7.691660563904203080e-95
7.691660563904203080e-95
7.691660563904203080e-95
7.691660563904203080e-95
7.691660563904203080e-95
7.691660563904203080e-95
7.691660563904203080e-95
7.691660563904203080e-95
7.691660563904203080e-95
7.691660563904203080e-95
7.691660563904203080e-95
7.691660563904203080e-95
7.691660563904203080e-95
7.691660563904203080e-95
7.691660563904203080e-95
7.691660563904203080e-95
7.691660563904203080e-95
7.691660563904203080e-95
7.691660563904203080e-95
7.691660563904203080e-95
7.691660563904203080e-95
7.691660563904203080e-95
7.691660563904203080e-95
7.691660563904203080e-95
7.691660563904203080e-95
7.691660563904203080e-95
7.691660563904203080e-95
7.691660563904203080e-95
7.691660563904203080e-95
7.691660563904203080e-95
7.691660563904203080e-95
7.691660563904203080e-95
7.691660563904203080e-95
7.691660563904203080e-95
7.691660563904203080e-95
7.691660563904203080e-95
7.691660563904203080e-95
7.691660563904203080e-95
7.691660563904203080e-95
7.691660563904203080e-95
7.691660563904203080e-95
7.691660563904203080e-95
7.691660563904203080e-95
7.691660563904203080e-95
7.691660563904203080e-95
7.691660563904203080e-95
7.691660563904203080e-95
7.691660563904203080e-95
7.691660563904203080e-95
7.691660563904203080e-95
7.691660563904203080e-95
7.691660563904203080e-95
7.691660563904203080e-95
7.691660563904203080e-95
7.691660563904203080e-95
7.691660563904203080e-95
7.691660563904203080e-95
7.691660563904203080e-95
7.691660563904203080e-95
7.691660563904203080e-95
7.691660563904203080e-95
7.691660563904203080e-95
7.691660563904203080e-95
7.691660563904203080e-95
7.691660563904203080e-95
7.691660563904203080e-95
7.691660563904203080e-95
7.691660563904203080e-95
7.691660563904203080e-95
7.691660563904203080e-95
7.691660563904203080e-95
7.691660563904203080e-95
7.691660563904203080e-95
7.691660563904203080e-95
7.691660563904203080e-95
7.691660563904203080e-95
7.691660563904203080e-95
7.691660563904203080e-95
7.691660563904203080e-95
7.691660563904203080e-95
7.691660563904203080e-95
7.691660563904203080e-95
7.691660563904203080e-95
7.691660563904203080e-95
7.691660563904203080e-95
7.691660563904203080e-95
7.691660563904203080e-95
7.691660563904203080e-95
7.691660563904203080e-95
7.691660563904203080e-95
7.691660563904203080e-95
7.691660563904203080e-95
7.691660563904203080e-95
7.691660563904203080e-95
7.691660563904203080e-95
7.691660563904203080e-95
7.691660563904203080e-95
7.691660563904203080e-95
7.691660563904203080e-95
7.691660563904203080e-95
7.691660563904203080e-95
7.691660563904203080e-95
7.691660563904203080e-95
7.691660563904203080e-95
7.691660563904203080e-95
7.691660563904203080e-95
7.691660563904203080e-95
7.691660563904203080e-95
7.691660563904203080e-95
7.691660563904203080e-95
7.691660563904203080e-95
7.691660563904203080e-95
7.691660563904203080e-95
7.691660563904203080e-95
7.691660563904203080e-95
7.691660563904203080e-95
7.691660563904203080e-95
7.691660563904203080e-95
7.691660563904203080e-95
7.691660563904203080e-95
7.691660563904203080e-95
7.691660563904203080e-95
7.691660563904203080e-95
7.691660563904203080e-95
7.691660563904203080e-95
7.691660563904203080e-95
7.691660563904203080e-95
7.691660563904203080e-95
7.691660563904203080e-95
7.691660563904203080e-95
7.691660563904203080e-95
7.691660563904203080e-95
7.691660563904203080e-95
7.691660563904203080e-95
7.691660563904203080e-95
7.691660563904203080e-95
7.691660563904203080e-95
7.691660563904203080e-95
7.691660563904203080e-95
7.691660563904203080e-95
7.691660563904203080e-95
7.691660563904203080e-95
7.691660563904203080e-95
7.691660563904203080e-95
7.691660563904203080e-95
7.691660563904203080e-95
7.691660563904203080e-95
7.691660563904203080e-95
7.691660563904203080e-95
7.691660563904203080e-95
7.691660563904203080e-95
7.691660563904203080e-95
7.691660563904203080e-95
7.691660563904203080e-95
7.691660563904203080e-95
7.691660563904203080e-95
7.691660563904203080e-95
7.691660563904203080e-95
7.691660563904203080e-95
7.691660563904203080e-95
7.691660563904203080e-95
7.691660563904203080e-95
7.691660563904203080e-95
7.691660563904203080e-95
7.691660563904203080e-95
7.691660563904203080e-95
7.691660563904203080e-95
