3.868726271553422718e-05
3.349291955786055886e-06
6.385234927006922206e-07
3.910062610535456588e-07
3.379877399300469158e-07
3.343777314711082722e-07
1.159599420046325047e-07
1.142601923234786536e-07
1.783193665329777483e-08
8.210941702476541845e-09
5.934495453957347367e-09
5.714487646052078547e-09
3.812244498200486618e-09
6.317505883030750146e-10
6.316826578664956401e-10
6.312466067754999027e-10
2.060557061407457635e-10
1.116196614890247865e-10
1.004251492860597033e-10
9.996813678516281162e-11
2.666512768800022513e-11
2.596915956051056048e-11
6.232837123257225246e-12
6.232569662594325020e-12
2.313504007780379329e-12
2.313498299084788079e-12
2.313498176513662512e-12
1.823058015387263197e-12
1.792839494656072128e-12
1.016216515521638566e-12
2.279774234454430654e-13
2.279579428697184659e-13
2.275136105801767781e-13
5.581419282281799115e-14
5.581409335786248267e-14
3.554095017541043424e-14
3.554094634726605508e-14
3.554094627511469730e-14
3.382973409011690448e-14
3.371539722470970713e-14
9.949442306571159858e-15
9.486357423992467895e-15
1.639955226416067645e-15
1.639810169326439483e-15
7.773951790601914980e-16
7.773943347483559399e-16
7.773942690268467086e-16
6.886734836248888992e-16
6.886734817150398844e-16
6.886734816657077774e-16
6.791510804185303548e-16
3.890053210140859582e-16
6.008180489519647853e-17
6.008003254080580357e-17
5.992944440172913037e-17
1.986432040537327780e-17
1.986422170171916650e-17
1.540677802520102626e-17
1.540677744828103851e-17
1.540677738389597404e-17
1.469710903285273679e-17
1.466880109909344168e-17
1.466880109906377928e-17
1.466880109776341911e-17
2.768365646158950715e-18
2.674764098190255335e-18
6.137817372997532240e-19
6.136825523621740149e-19
3.855591056557895457e-19
3.855589390987209570e-19
3.855588124465532041e-19
3.380016862173741318e-19
3.380016861609433252e-19
3.380016856163411815e-19
3.349822236285955921e-19
1.328391858470207306e-19
2.349775624680309426e-20
2.349753883262057898e-20
2.343819458883052868e-20
2.343819458883045646e-20
1.103406186591027200e-20
1.103406186590976644e-20
1.103391319447371735e-20
8.149789608352065122e-21
8.149789417254973573e-21
8.149789276111539493e-21
7.885953007345425577e-21
7.879409792622654013e-21
7.879409792582007863e-21
7.879409792316537980e-21
1.167763402892711772e-21
1.100564674366667298e-21
3.706858800654631724e-22
3.705926829259776336e-22
2.074051490027342668e-22
2.074050919482720692e-22
2.074049130342972814e-22
2.074049130342972814e-22
1.886975089481143376e-22
1.886975089481142671e-22
1.886975088103245590e-22
1.886975086902281803e-22
1.879390467539319009e-22
6.014005768805350225e-23
1.502647266122702743e-23
1.502636741186068186e-23
1.492640017575820534e-23
1.492640017575806428e-23
5.793258100859810015e-24
5.793258100859746097e-24
5.793152513456010311e-24
4.659217699580115653e-24
4.659217655388163727e-24
4.659217430188110920e-24
4.588827536259563975e-24
4.588827536259563975e-24
4.588827536259563975e-24
4.588827536151562493e-24
4.586204116572654628e-24
4.586204116531444735e-24
7.951843802305290666e-25
7.206092475260443207e-25
1.877078622328344388e-25
1.876090405018602158e-25
1.232866051103084073e-25
1.232865908464082615e-25
1.232864279735807121e-25
1.232864279735807121e-25
1.177227051197619858e-25
1.177227051197619629e-25
1.177227048579560447e-25
1.177227048365374127e-25
1.173728821702255469e-25
1.173728821702255469e-25
4.059469116256655476e-26
7.431342249370504548e-27
7.370577304837508826e-27
7.370559387796781670e-27
7.370559387796781670e-27
7.370559387796513338e-27
3.649365558920305376e-27
3.649365558920289592e-27
3.649192256384640216e-27
3.249656223134820519e-27
3.249656213284155618e-27
3.249655931037357138e-27
3.209014037399421924e-27
3.209014037399421924e-27
3.209014037399421924e-27
3.209014037141585159e-27
3.208106030855341137e-27
3.208106030842377624e-27
3.844912705260091746e-28
3.588973176565789565e-28
1.258375631664821588e-28
1.257270558550466478e-28
9.819331819069120118e-29
9.819331404455118761e-29
9.819288668245586723e-29
9.819288668245583360e-29
9.400411934498742569e-29
9.400411934498742569e-29
9.400411891489235871e-29
9.384608915091484349e-29
9.384608914216413816e-29
9.384608914216413816e-29
9.384608914216413816e-29
9.384608914216413816e-29
9.384608914216413816e-29
9.384608914216413816e-29
9.384608914216413816e-29
9.384608914216413816e-29
9.384608914216413816e-29
9.384608914216413816e-29
9.384608914216413816e-29
9.384608914216413816e-29
9.384608914216413816e-29
9.384608914216413816e-29
9.384608914216413816e-29
9.384608914216413816e-29
9.384608914216410453e-29
9.384608914216407090e-29
9.384608914216392516e-29
9.384608914216366732e-29
9.384608914216353280e-29
9.384608914216353280e-29
9.384608914216353280e-29
9.384608914216353280e-29
9.384608914216353280e-29
9.384608914216353280e-29
9.384608914216353280e-29
9.384608914216353280e-29
9.384608914216353280e-29
9.384608914216345432e-29
9.384608914216250144e-29
9.384608914215395913e-29
9.384608914208948819e-29
9.384608914166302262e-29
9.384608913938128272e-29
9.384608912935704371e-29
9.384608909623458554e-29
9.384608903613152674e-29
9.384608900739294674e-29
9.384608900650136218e-29
9.384608900650116039e-29
9.384608900650116039e-29
9.384608900650116039e-29
9.384608900650116039e-29
9.384608900650116039e-29
9.384608900650116039e-29
9.384608900650116039e-29
9.384608900650100345e-29
9.384608900649773002e-29
9.384608900643348328e-29
9.384608900547155354e-29
9.384608899348449896e-29
9.384608885763472250e-29
9.384608763969370716e-29
9.384607843926272723e-29
9.384601756239100550e-29
9.384569186417479842e-29
9.384426101853487997e-29
9.383953347047191449e-29
9.383095621431482638e-29
9.382685550946590162e-29
9.382672829414828583e-29
9.382672826696040513e-29
9.382672826696040513e-29
9.382672826696040513e-29
9.382672826696040513e-29
9.382672826696040513e-29
9.382672826696040513e-29
9.382672826696038271e-29
9.382672826695990066e-29
9.382672826694403796e-29
9.382672826639070443e-29
9.382672825247578826e-29
9.382672796795035230e-29
9.382672236897425807e-29
9.382663854370122983e-29
9.382559396427948320e-29
9.381375732647620287e-29
9.370777096541456741e-29
9.291481263010335975e-29
8.798825093545528244e-29
6.854392885887041402e-29
3.477880645358305329e-29
1.323551894873741272e-29
6.231373995730836295e-30
4.973019227075187968e-30
4.942057332674838751e-30
4.942050756834108396e-30
4.942050756834097887e-30
4.942050756834097887e-30
4.942050756834097887e-30
4.942050756834097887e-30
4.942050756834097887e-30
4.942050756834097186e-30
4.942050756834069861e-30
4.942050756832398112e-30
4.942050756761252087e-30
4.942050754394256493e-30
4.942050671871549606e-30
4.942048596638029078e-30
4.942006163673772412e-30
4.941171303402567558e-30
4.928705789548945683e-30
4.778480917255697464e-30
3.551648072244648583e-30
1.075678394136830707e-30
1.716635878771793629e-31
2.616502356291487982e-32
4.727479601088864332e-33
1.027829764136342108e-33
2.866352365222208788e-34
1.241633148803364096e-34
9.768715425341510708e-35
9.704515278606858703e-35
9.704501648210084393e-35
9.704501648210063011e-35
9.704501648210063011e-35
9.704501648210063011e-35
9.704501648210063011e-35
9.704501648210063011e-35
9.704501648210063011e-35
9.704501648210063011e-35
9.704501648210063011e-35
9.704501648210063011e-35
9.704501648210026661e-35
9.704501648207871344e-35
9.704501648116103571e-35
9.704501645063021548e-35
9.704501538620615993e-35
9.704498861867899336e-35
9.704444129278876746e-35
9.703367210698911946e-35
9.687272598897504333e-35
9.491096479447398048e-35
7.719448568380875301e-35
2.887383239298227941e-35
5.040333974973442625e-36
7.800321821596968669e-37
1.412549126618751327e-37
3.072308847649262848e-38
8.568548954515176552e-39
3.711747814468139282e-39
2.920275577227537259e-39
2.901083678472369953e-39
2.901079603821049615e-39
2.901079603821043090e-39
2.901079603821043090e-39
2.901079603821043090e-39
2.901079603821043090e-39
2.901079603821043090e-39
2.901079603821043090e-39
2.901079603821043090e-39
2.901079603821043090e-39
2.901079603821043090e-39
2.901079603821043090e-39
2.901079603821043090e-39
2.901079603821036891e-39
2.901079603820631996e-39
2.901079603803410739e-39
2.901079603230468452e-39
2.901079583255466774e-39
2.901079080935503699e-39
2.901068809784015646e-39
2.900866705804571438e-39
2.897844259072666171e-39
2.860701417535757080e-39
2.497861573821664756e-39
1.168793013478258248e-39
2.328552314773420153e-40
3.696988480572948125e-41
6.720932648090792275e-42
1.462796878154527885e-42
4.080235418003419766e-43
1.767540154800014361e-43
1.390646554383019527e-43
1.381507459781370564e-43
1.381505519450779762e-43
1.381505519450776576e-43
1.381505519450776576e-43
1.381505519450776576e-43
1.381505519450776576e-43
1.381505519450776576e-43
1.381505519450776576e-43
1.381505519450776576e-43
1.381505519450776576e-43
1.381505519450776576e-43
1.381505519450776576e-43
1.381505519450776576e-43
1.381505519450776576e-43
1.381505519450774783e-43
1.381505519450652713e-43
1.381505519445461225e-43
1.381505519272744373e-43
1.381505513251157645e-43
1.381505361823717272e-43
1.381502265517749673e-43
1.381441338311160606e-43
1.380529805654652486e-43
1.369270779263410222e-43
1.253420187959710163e-43
7.127634119093466229e-44
1.673774738602876353e-44
2.760663927401961422e-45
5.049036911452139526e-46
1.100066521102908320e-46
3.069104379304058244e-47
1.329584043439682782e-47
1.046083953370992283e-47
1.039209455835102159e-47
1.039207996303180771e-47
1.039207996303178462e-47
1.039207996303178462e-47
1.039207996303178462e-47
1.039207996303178462e-47
1.039207996303178462e-47
1.039207996303178462e-47
1.039207996303178462e-47
1.039207996303178462e-47
1.039207996303178462e-47
1.039207996303178462e-47
1.039207996303178462e-47
1.039207996303178462e-47
1.039207996303178462e-47
1.039207996303178462e-47
1.039207996303177489e-47
1.039207996303118906e-47
1.039207996300626782e-47
1.039207996217715921e-47
1.039207993327120220e-47
1.039207920636057854e-47
1.039206434287476127e-47
1.039177186342773166e-47
1.038739496014143945e-47
1.033315964127220505e-47
9.755877137778322978e-48
6.500160125469150732e-48
1.846144066785708617e-48
3.217685924318440198e-49
5.939266144934948145e-50
1.296122954081137207e-50
3.617264377784319748e-51
1.567167407529314391e-51
1.233023034622527270e-51
1.224920384486292435e-51
1.224918664203494083e-51
1.224918664203491412e-51
1.224918664203491412e-51
1.224918664203491412e-51
1.224918664203491412e-51
1.224918664203491412e-51
1.224918664203491412e-51
1.224918664203491412e-51
1.224918664203491412e-51
1.224918664203491412e-51
1.224918664203491412e-51
1.224918664203491412e-51
1.224918664203491412e-51
1.224918664203491412e-51
1.224918664203491412e-51
1.224918664203491412e-51
1.224918664203490819e-51
1.224918664203446456e-51
1.224918664201557284e-51
1.224918664138708940e-51
1.224918661947564842e-51
1.224918606845914890e-51
1.224917480155778777e-51
1.224895309233672455e-51
1.224563472084431034e-51
1.220443300030078975e-51
1.175615654224175825e-51
8.843850281824825103e-52
3.080038499212439619e-52
5.797895298678665455e-53
1.085134240533204227e-53
2.373950566784578358e-54
6.628607985117131189e-55
2.872136099585608156e-55
2.259792503388707540e-55
2.244943542871368795e-55
2.244940390270432133e-55
2.244940390270427061e-55
2.244940390270427061e-55
2.244940390270427061e-55
2.244940390270427061e-55
2.244940390270427061e-55
2.244940390270427061e-55
2.244940390270427061e-55
2.244940390270427061e-55
2.244940390270427061e-55
2.244940390270427061e-55
2.244940390270427061e-55
2.244940390270427061e-55
2.244940390270427061e-55
2.244940390270427061e-55
2.244940390270427061e-55
2.244940390270427061e-55
2.244940390270427061e-55
2.244940390270426337e-55
2.244940390270373452e-55
2.244940390268130179e-55
2.244940390193504863e-55
2.244940387591772041e-55
2.244940322164863791e-55
2.244938984348711753e-55
2.244912658728741021e-55
2.244518597185869742e-55
2.239619561883235339e-55
2.185557073336191718e-55
1.796718634736729183e-55
7.665285803148927240e-56
1.598978564061453676e-56
3.054926763362927873e-57
6.708382155757842917e-58
1.874554013369315326e-58
8.123683770575152680e-59
6.391876211752363592e-59
6.349879761100213021e-59
6.349870844776626300e-59
6.349870844776613035e-59
6.349870844776613035e-59
6.349870844776613035e-59
6.349870844776613035e-59
6.349870844776613035e-59
6.349870844776613035e-59
6.349870844776613035e-59
6.349870844776613035e-59
6.349870844776613035e-59
6.349870844776613035e-59
6.349870844776613035e-59
6.349870844776613035e-59
6.349870844776613035e-59
6.349870844776613035e-59
6.349870844776613035e-59
6.349870844776613035e-59
6.349870844776613035e-59
6.349870844776613035e-59
6.349870844776613035e-59
6.349870844776610382e-59
6.349870844776513104e-59
6.349870844772374376e-59
6.349870844634644926e-59
6.349870839832879053e-59
6.349870719080783306e-59
6.349868250002792048e-59
6.349819663141963233e-59
6.349092331388558404e-59
6.340042613394313846e-59
6.239256028326088297e-59
5.460956749322727794e-59
2.811572124293207964e-59
6.678134247482019915e-60
1.314760259954258267e-60
2.903414673779743933e-61
8.122444456429773748e-62
3.520879826729030642e-62
2.770412180905364972e-62
2.752212523936292788e-62
2.752208659938505918e-62
2.752208659938499873e-62
2.752208659938499873e-62
2.752208659938499873e-62
2.752208659938499873e-62
2.752208659938499873e-62
2.752208659938499873e-62
2.752208659938499873e-62
2.752208659938499873e-62
2.752208659938499873e-62
2.752208659938499873e-62
2.752208659938499873e-62
2.752208659938499873e-62
2.752208659938499873e-62
2.752208659938499873e-62
2.752208659938499873e-62
2.752208659938499873e-62
2.752208659938499873e-62
2.752208659938499873e-62
2.752208659938499873e-62
2.752208659938499873e-62
2.752208659938499873e-62
2.752208659938471805e-62
2.752208659937292968e-62
2.752208659898075263e-62
2.752208658530811739e-62
2.752208624147631712e-62
2.752207921097603975e-62
2.752194086342997667e-62
2.751986975243975184e-62
2.749408664103694909e-62
2.720522636974885376e-62
2.486329315403423513e-62
1.506605489386037782e-62
4.176556606046321535e-63
8.581393638855451334e-64
1.910974771209361251e-64
5.355232555997074419e-65
2.322239715866418950e-65
1.827372265941771378e-65
1.815370433407428510e-65
1.815367885275679017e-65
1.815367885275674800e-65
1.815367885275674800e-65
1.815367885275674800e-65
1.815367885275674800e-65
1.815367885275674800e-65
1.815367885275674800e-65
1.815367885275674800e-65
1.815367885275674800e-65
1.815367885275674800e-65
1.815367885275674800e-65
1.815367885275674800e-65
1.815367885275674800e-65
1.815367885275674800e-65
1.815367885275674800e-65
1.815367885275674800e-65
1.815367885275674800e-65
1.815367885275674800e-65
1.815367885275674800e-65
1.815367885275674800e-65
1.815367885275674800e-65
1.815367885275674589e-65
1.815367885275662360e-65
1.815367885275148533e-65
1.815367885258043185e-65
1.815367884661691077e-65
1.815367869664967935e-65
1.815367563019463968e-65
1.815361528779055705e-65
1.815271191640031118e-65
1.814146205422676904e-65
1.801493456353972489e-65
1.695477329170957904e-65
1.173705732481893596e-65
3.865631672623544782e-66
8.425426927046061850e-67
1.899455676131094333e-67
5.336566185348151996e-68
2.315451120429005032e-68
1.822198088986267516e-68
1.810234282079355547e-68
1.810231742015224729e-68
1.810231742015220817e-68
1.810231742015220817e-68
1.810231742015220817e-68
1.810231742015220817e-68
1.810231742015220817e-68
1.810231742015220817e-68
1.810231742015220817e-68
1.810231742015220817e-68
1.810231742015220817e-68
1.810231742015220817e-68
1.810231742015220817e-68
1.810231742015220817e-68
1.810231742015220817e-68
1.810231742015220817e-68
1.810231742015220817e-68
1.810231742015220817e-68
1.810231742015220817e-68
1.810231742015220817e-68
1.810231742015220817e-68
1.810231742015220817e-68
1.810231742015220817e-68
1.810231742015220817e-68
1.810231742015212786e-68
1.810231742014872018e-68
1.810231742003522683e-68
1.810231741607839609e-68
1.810231731657419917e-68
1.810231528196201393e-68
1.810227524435100401e-68
1.810167584041011840e-68
1.809420967236220245e-68
1.801002369052571316e-68
1.728885999119271515e-68
1.327376616483761819e-68
5.232802025645811628e-69
1.233860908561837785e-69
2.831679209022312413e-70
7.985725905740597642e-71
3.467777212850766981e-71
2.729420599095774197e-71
2.711509322238420607e-71
2.711505519440283820e-71
2.711505519440278190e-71
2.711505519440278190e-71
2.711505519440278190e-71
2.711505519440278190e-71
2.711505519440278190e-71
2.711505519440278190e-71
2.711505519440278190e-71
2.711505519440278190e-71
2.711505519440278190e-71
2.711505519440278190e-71
2.711505519440278190e-71
2.711505519440278190e-71
2.711505519440278190e-71
2.711505519440278190e-71
2.711505519440278190e-71
2.711505519440278190e-71
2.711505519440278190e-71
2.711505519440278190e-71
2.711505519440278190e-71
2.711505519440278190e-71
2.711505519440278190e-71
2.711505519440278190e-71
2.711505519440278190e-71
2.711505519440270147e-71
2.711505519439928317e-71
2.711505519428548595e-71
2.711505519031830353e-71
2.711505509055373520e-71
2.711505305061744885e-71
2.711501290820659726e-71
2.711441192828583658e-71
2.710692502688868174e-71
2.702236370202368006e-71
2.628716848900751039e-71
2.180560598344705523e-71
1.024673228044193573e-71
2.671175204732084109e-72
6.288091638204766923e-73
1.783145341595726817e-73
7.752791628554408541e-74
6.103301375524244649e-74
6.063279293313355129e-74
6.063270796060794305e-74
6.063270796060780952e-74
6.063270796060780952e-74
6.063270796060780952e-74
6.063270796060780952e-74
6.063270796060780952e-74
6.063270796060780952e-74
6.063270796060780952e-74
6.063270796060780952e-74
6.063270796060780952e-74
6.063270796060780952e-74
6.063270796060780952e-74
6.063270796060780952e-74
6.063270796060780952e-74
6.063270796060780952e-74
6.063270796060780952e-74
6.063270796060780952e-74
6.063270796060780952e-74
6.063270796060780952e-74
6.063270796060780952e-74
6.063270796060780952e-74
6.063270796060780952e-74
6.063270796060780952e-74
6.063270796060780952e-74
6.063270796060780952e-74
6.063270796060769170e-74
6.063270796060254697e-74
6.063270796043125495e-74
6.063270795445966086e-74
6.063270780428925074e-74
6.063270473367923468e-74
6.063264430936475130e-74
6.063173967808817859e-74
6.062046884306040976e-74
6.049302821332973245e-74
5.937397160524478857e-74
5.209419541376579029e-74
2.876111358097885635e-74
8.468278257286368490e-75
2.065574418947151229e-75
5.904554011241081457e-76
2.571819546802950166e-76
2.025234506538835601e-76
2.011968539984556656e-76
2.011965723412574236e-76
2.011965723412569634e-76
2.011965723412569634e-76
2.011965723412569634e-76
2.011965723412569634e-76
2.011965723412569634e-76
2.011965723412569634e-76
2.011965723412569634e-76
2.011965723412569634e-76
2.011965723412569634e-76
2.011965723412569634e-76
2.011965723412569634e-76
2.011965723412569634e-76
2.011965723412569634e-76
2.011965723412569634e-76
2.011965723412569634e-76
2.011965723412569634e-76
2.011965723412569634e-76
2.011965723412569634e-76
2.011965723412569634e-76
2.011965723412569634e-76
2.011965723412569634e-76
2.011965723412569634e-76
2.011965723412569634e-76
2.011965723412569634e-76
2.011965723412566872e-76
2.011965723412451202e-76
2.011965723408605234e-76
2.011965723274504755e-76
2.011965719902229999e-76
2.011965650947626469e-76
2.011964294039377983e-76
2.011943979237843972e-76
2.011690859932617740e-76
2.008826692672296806e-76
1.983508164032221966e-76
1.811077322545667124e-76
1.149738024745319595e-76
3.892568647472192741e-77
9.965963721477362278e-78
2.881776247341040400e-78
1.258490966862633619e-78
9.914517786550965113e-79
9.849677137189933054e-79
9.849663370363250212e-79
9.849663370363228639e-79
9.849663370363228639e-79
9.849663370363228639e-79
9.849663370363228639e-79
9.849663370363228639e-79
9.849663370363228639e-79
9.849663370363228639e-79
9.849663370363228639e-79
9.849663370363228639e-79
9.849663370363228639e-79
9.849663370363228639e-79
9.849663370363228639e-79
9.849663370363228639e-79
9.849663370363228639e-79
9.849663370363228639e-79
9.849663370363228639e-79
9.849663370363228639e-79
9.849663370363228639e-79
9.849663370363228639e-79
9.849663370363228639e-79
9.849663370363228639e-79
9.849663370363228639e-79
9.849663370363228639e-79
9.849663370363228639e-79
9.849663370363228639e-79
9.849663370363220250e-79
9.849663370362834330e-79
9.849663370350027061e-79
9.849663369903535662e-79
9.849663358675411784e-79
9.849663129088305686e-79
9.849658611207118004e-79
9.849590972016327078e-79
9.848748161453688692e-79
9.839206623661334526e-79
9.754482146332441649e-79
9.158729459013572308e-79
6.522771684745434061e-79
2.568209144419377314e-79
7.010271599345369156e-80
2.060448449140224790e-80
9.032161613572568948e-81
7.120059013734818792e-81
7.073601013057276122e-81
7.073591149045672270e-81
7.073591149045657289e-81
7.073591149045657289e-81
7.073591149045657289e-81
7.073591149045657289e-81
7.073591149045657289e-81
7.073591149045657289e-81
7.073591149045657289e-81
7.073591149045657289e-81
7.073591149045657289e-81
7.073591149045657289e-81
7.073591149045657289e-81
7.073591149045657289e-81
7.073591149045657289e-81
7.073591149045657289e-81
7.073591149045657289e-81
7.073591149045657289e-81
7.073591149045657289e-81
7.073591149045657289e-81
7.073591149045657289e-81
7.073591149045657289e-81
7.073591149045657289e-81
7.073591149045657289e-81
7.073591149045657289e-81
7.073591149045657289e-81
7.073591149045657289e-81
7.073591149045657289e-81
7.073591149045653544e-81
7.073591149045464404e-81
7.073591149039180658e-81
7.073591148820104422e-81
7.073591143310902445e-81
7.073591030661447204e-81
7.073588813912688727e-81
7.073555625912833926e-81
7.073142078447907876e-81
7.068458704511210253e-81
7.026746028948704146e-81
6.726872268510168885e-81
5.245629344134982097e-81
2.408363631999780677e-81
7.133298699912859399e-82
2.144990306069337834e-82
9.453762121730873835e-83
7.459092301724494289e-83
7.410583647705222402e-83
7.410573348072204960e-83
7.410573348072187403e-83
7.410573348072187403e-83
7.410573348072187403e-83
7.410573348072187403e-83
7.410573348072187403e-83
7.410573348072187403e-83
7.410573348072187403e-83
7.410573348072187403e-83
7.410573348072187403e-83
7.410573348072187403e-83
7.410573348072187403e-83
7.410573348072187403e-83
7.410573348072187403e-83
7.410573348072187403e-83
7.410573348072187403e-83
7.410573348072187403e-83
7.410573348072187403e-83
7.410573348072187403e-83
7.410573348072187403e-83
7.410573348072187403e-83
7.410573348072187403e-83
7.410573348072187403e-83
7.410573348072187403e-83
7.410573348072187403e-83
7.410573348072187403e-83
7.410573348072187403e-83
7.410573348072184477e-83
7.410573348072048416e-83
7.410573348067533524e-83
7.410573347910084359e-83
7.410573343950686792e-83
7.410573262990892108e-83
7.410571669840297841e-83
7.410547817987659238e-83
7.410250600052144282e-83
7.406883881940329031e-83
7.376836174877373643e-83
7.157495661368212650e-83
5.980826433136332104e-83
3.182060506925227233e-83
1.041302102986504823e-83
3.230891329180919527e-84
1.434958951451864066e-84
1.133648137922373818e-84
1.126310876678814693e-84
1.126309318741144864e-84
1.126309318741142350e-84
1.126309318741142350e-84
1.126309318741142350e-84
1.126309318741142350e-84
1.126309318741142350e-84
1.126309318741142350e-84
1.126309318741142350e-84
1.126309318741142350e-84
1.126309318741142350e-84
1.126309318741142350e-84
1.126309318741142350e-84
1.126309318741142350e-84
1.126309318741142350e-84
1.126309318741142350e-84
1.126309318741142350e-84
1.126309318741142350e-84
1.126309318741142350e-84
1.126309318741142350e-84
1.126309318741142350e-84
1.126309318741142350e-84
1.126309318741142350e-84
1.126309318741142350e-84
1.126309318741142350e-84
1.126309318741142350e-84
1.126309318741142350e-84
1.126309318741142350e-84
1.126309318741142350e-84
1.126309318741142121e-84
1.126309318741127948e-84
1.126309318740655437e-84
1.126309318724182474e-84
1.126309318309932069e-84
1.126309309839540773e-84
1.126309143156688474e-84
1.126306647661843665e-84
1.126275550880761676e-84
1.125923249702317927e-84
1.122774563780950943e-84
1.099546337219513526e-84
9.671537985878659803e-85
5.882246386588750507e-85
2.161584404016564237e-85
6.995392768885886958e-86
3.140702913133318921e-86
2.485757738296099908e-86
2.469779213359272195e-86
2.469775820451013636e-86
2.469775820451007921e-86
2.469775820451007921e-86
2.469775820451007921e-86
2.469775820451007921e-86
2.469775820451007921e-86
2.469775820451007921e-86
2.469775820451007921e-86
2.469775820451007921e-86
2.469775820451007921e-86
2.469775820451007921e-86
2.469775820451007921e-86
2.469775820451007921e-86
2.469775820451007921e-86
2.469775820451007921e-86
2.469775820451007921e-86
2.469775820451007921e-86
2.469775820451007921e-86
2.469775820451007921e-86
2.469775820451007921e-86
2.469775820451007921e-86
2.469775820451007921e-86
2.469775820451007921e-86
2.469775820451007921e-86
2.469775820451007921e-86
2.469775820451007921e-86
2.469775820451007921e-86
2.469775820451007921e-86
2.469775820451007564e-86
2.469775820450986133e-86
2.469775820450271051e-86
2.469775820425338925e-86
2.469775819798362121e-86
2.469775806978253713e-86
2.469775554700376614e-86
2.469771777715562633e-86
2.469724711637533090e-86
2.469191435109744736e-86
2.464420691188704228e-86
2.428969135144362920e-86
2.217863534265991158e-86
1.513911476790990393e-86
6.322663051037244443e-87
2.162137052275848106e-87
9.854551549302677966e-88
7.819692478037167216e-88
7.769917128119351789e-88
7.769906558066928324e-88
7.769906558066911581e-88
7.769906558066911581e-88
7.769906558066911581e-88
7.769906558066911581e-88
7.769906558066911581e-88
7.769906558066911581e-88
7.769906558066911581e-88
7.769906558066911581e-88
7.769906558066911581e-88
7.769906558066911581e-88
7.769906558066911581e-88
7.769906558066911581e-88
7.769906558066911581e-88
7.769906558066911581e-88
7.769906558066911581e-88
7.769906558066911581e-88
7.769906558066911581e-88
7.769906558066911581e-88
7.769906558066911581e-88
7.769906558066911581e-88
7.769906558066911581e-88
7.769906558066911581e-88
7.769906558066911581e-88
7.769906558066911581e-88
7.769906558066911581e-88
7.769906558066911581e-88
7.769906558066911581e-88
7.769906558066910465e-88
7.769906558066863585e-88
7.769906558065307604e-88
7.769906558011080442e-88
7.769906556647398259e-88
7.769906528763499784e-88
7.769905980055879511e-88
7.769897765061319636e-88
7.769795395035846528e-88
7.768635419667275599e-88
7.758251283735959432e-88
7.680696570836244789e-88
7.204184754755854950e-88
5.408858047860706738e-88
2.582011123904395374e-88
9.468651780055709177e-89
4.405789246187773949e-89
3.508720749617059064e-89
3.486695725119624846e-89
3.486691047576941538e-89
3.486691047576933864e-89
3.486691047576933864e-89
3.486691047576933864e-89
3.486691047576933864e-89
3.486691047576933864e-89
3.486691047576933864e-89
3.486691047576933864e-89
3.486691047576933864e-89
3.486691047576933864e-89
3.486691047576933864e-89
3.486691047576933864e-89
3.486691047576933864e-89
3.486691047576933864e-89
3.486691047576933864e-89
3.486691047576933864e-89
3.486691047576933864e-89
3.486691047576933864e-89
3.486691047576933864e-89
3.486691047576933864e-89
3.486691047576933864e-89
3.486691047576933864e-89
3.486691047576933864e-89
3.486691047576933864e-89
3.486691047576933864e-89
3.486691047576933864e-89
3.486691047576933864e-89
3.486691047576933864e-89
3.486691047576933864e-89
3.486691047576933864e-89
3.486691047576919214e-89
3.486691047576436458e-89
3.486691047559608369e-89
3.486691047136419101e-89
3.486691038483258091e-89
3.486690868203793313e-89
3.486688318858178175e-89
3.486656550398771389e-89
3.486296557549161937e-89
3.483072412690346461e-89
3.458908279158566072e-89
3.307098304431860397e-89
2.678213268299828008e-89
1.459175411656076188e-89
5.827411144208918670e-90
2.788371046866283485e-90
2.231836677146107667e-90
2.218101844483946006e-90
2.218098927200876658e-90
2.218098927200871862e-90
2.218098927200871862e-90
2.218098927200871862e-90
2.218098927200871862e-90
2.218098927200871862e-90
2.218098927200871862e-90
2.218098927200871862e-90
2.218098927200871862e-90
2.218098927200871862e-90
2.218098927200871862e-90
2.218098927200871862e-90
2.218098927200871862e-90
2.218098927200871862e-90
2.218098927200871862e-90
2.218098927200871862e-90
2.218098927200871862e-90
2.218098927200871862e-90
2.218098927200871862e-90
2.218098927200871862e-90
2.218098927200871862e-90
2.218098927200871862e-90
2.218098927200871862e-90
2.218098927200871862e-90
2.218098927200871862e-90
2.218098927200871862e-90
2.218098927200871862e-90
2.218098927200871862e-90
2.218098927200871862e-90
2.218098927200871862e-90
2.218098927200865322e-90
2.218098927200653418e-90
2.218098927193261655e-90
2.218098927007380139e-90
2.218098923206568601e-90
2.218098848413069794e-90
2.218097728639028033e-90
2.218083774624956747e-90
2.217925645458390653e-90
2.216508968378411519e-90
2.205865458508286673e-90
2.137936545473065800e-90
1.835523551314073029e-90
1.132041003305614794e-90
4.994923877928566207e-91
2.480193807787007653e-91
1.998978500344660480e-91
1.987017815697015755e-91
1.987015274807272571e-91
1.987015274807268211e-91
1.987015274807268211e-91
1.987015274807268211e-91
1.987015274807268211e-91
1.987015274807268211e-91
1.987015274807268211e-91
1.987015274807268211e-91
1.987015274807268211e-91
1.987015274807268211e-91
1.987015274807268211e-91
1.987015274807268211e-91
1.987015274807268211e-91
1.987015274807268211e-91
1.987015274807268211e-91
1.987015274807268211e-91
1.987015274807268211e-91
1.987015274807268211e-91
1.987015274807268211e-91
1.987015274807268211e-91
1.987015274807268211e-91
1.987015274807268211e-91
1.987015274807268211e-91
1.987015274807268211e-91
1.987015274807268211e-91
1.987015274807268211e-91
1.987015274807268211e-91
1.987015274807268211e-91
1.987015274807268211e-91
1.987015274807268211e-91
1.987015274807264396e-91
1.987015274807133864e-91
1.987015274802580776e-91
1.987015274688086484e-91
1.987015272346967783e-91
1.987015226277736255e-91
1.987014536550166127e-91
1.987005941522696112e-91
1.986908538906778328e-91
1.986035716579280610e-91
1.979467035043244873e-91
1.937075209881019274e-91
1.737946003620417675e-91
1.197245112294434979e-91
5.903579911272534424e-92
3.075083046395985236e-92
2.501915381023303730e-92
2.487530913700922764e-92
2.487527857190946981e-92
2.487527857190941871e-92
2.487527857190941871e-92
2.487527857190941871e-92
2.487527857190941871e-92
2.487527857190941871e-92
2.487527857190941871e-92
2.487527857190941871e-92
2.487527857190941871e-92
2.487527857190941871e-92
2.487527857190941871e-92
2.487527857190941871e-92
2.487527857190941871e-92
2.487527857190941871e-92
2.487527857190941871e-92
2.487527857190941871e-92
2.487527857190941871e-92
2.487527857190941871e-92
2.487527857190941871e-92
2.487527857190941871e-92
2.487527857190941871e-92
2.487527857190941871e-92
2.487527857190941871e-92
2.487527857190941871e-92
2.487527857190941871e-92
2.487527857190941871e-92
2.487527857190941871e-92
2.487527857190941871e-92
2.487527857190941871e-92
2.487527857190941871e-92
2.487527857190941871e-92
2.487527857190938805e-92
2.487527857190827076e-92
2.487527857186938367e-92
2.487527857089146314e-92
2.487527855089541609e-92
2.487527815740732574e-92
2.487527226628201701e-92
2.487519885402291104e-92
2.487436690004684972e-92
2.486691062514118396e-92
2.481072937879824961e-92
2.444529508570612342e-92
2.265967795686364449e-92
1.715464111938177695e-92
9.515839092162126068e-93
5.263151428352441319e-93
4.336485656962700669e-93
4.312927037809664781e-93
4.312922030318153126e-93
4.312922030318145462e-93
4.312922030318145462e-93
4.312922030318145462e-93
4.312922030318145462e-93
4.312922030318145462e-93
4.312922030318145462e-93
4.312922030318145462e-93
4.312922030318145462e-93
4.312922030318145462e-93
4.312922030318145462e-93
4.312922030318145462e-93
4.312922030318145462e-93
4.312922030318145462e-93
4.312922030318145462e-93
4.312922030318145462e-93
4.312922030318145462e-93
4.312922030318145462e-93
4.312922030318145462e-93
4.312922030318145462e-93
4.312922030318145462e-93
4.312922030318145462e-93
4.312922030318145462e-93
4.312922030318145462e-93
4.312922030318145462e-93
4.312922030318145462e-93
4.312922030318145462e-93
4.312922030318145462e-93
4.312922030318145462e-93
4.312922030318145462e-93
4.312922030318145462e-93
4.312922030318141204e-93
4.312922030318010910e-93
4.312922030313469370e-93
4.312922030199270887e-93
4.312922027864178460e-93
4.312921981913542184e-93
4.312921293961391837e-93
4.312912721036636000e-93
4.312815566097220548e-93
4.311944733375638615e-93
4.305377732482362822e-93
4.262424576745404836e-93
4.046440461027128150e-93
3.309665661656384111e-93
2.066429077595148972e-93
1.228830829797931410e-93
1.029332312718875350e-93
1.024173833171576813e-93
1.024172736248899789e-93
1.024172736248897873e-93
1.024172736248897873e-93
1.024172736248897873e-93
1.024172736248897873e-93
1.024172736248897873e-93
1.024172736248897873e-93
1.024172736248897873e-93
1.024172736248897873e-93
1.024172736248897873e-93
1.024172736248897873e-93
1.024172736248897873e-93
1.024172736248897873e-93
1.024172736248897873e-93
1.024172736248897873e-93
1.024172736248897873e-93
1.024172736248897873e-93
1.024172736248897873e-93
1.024172736248897873e-93
1.024172736248897873e-93
1.024172736248897873e-93
1.024172736248897873e-93
1.024172736248897873e-93
1.024172736248897873e-93
1.024172736248897873e-93
1.024172736248897873e-93
1.024172736248897873e-93
1.024172736248897873e-93
1.024172736248897873e-93
1.024172736248897873e-93
1.024172736248897234e-93
1.024172736248877009e-93
1.024172736248165078e-93
1.024172736230266744e-93
1.024172735864287219e-93
1.024172728662433982e-93
1.024172620839536771e-93
1.024171277202103860e-93
1.024156049948263198e-93
1.024019552484318185e-93
1.022989613175366792e-93
1.016226628005556455e-93
9.815108303181718959e-94
8.534284915262799675e-94
5.963080959250356830e-94
3.855375007521595669e-94
3.297987609464657815e-94
3.283261215374134688e-94
3.283258082166917061e-94
3.283258082166911739e-94
3.283258082166911739e-94
3.283258082166911739e-94
3.283258082166911739e-94
3.283258082166911739e-94
3.283258082166911739e-94
3.283258082166911739e-94
3.283258082166911739e-94
3.283258082166911739e-94
3.283258082166911739e-94
3.283258082166911739e-94
3.283258082166911739e-94
3.283258082166911739e-94
3.283258082166911739e-94
3.283258082166911739e-94
3.283258082166911739e-94
3.283258082166911739e-94
3.283258082166911739e-94
3.283258082166911739e-94
3.283258082166911739e-94
3.283258082166911739e-94
3.283258082166911739e-94
3.283258082166911739e-94
3.283258082166911739e-94
3.283258082166911739e-94
3.283258082166911739e-94
3.283258082166911739e-94
3.283258082166911739e-94
3.283258082166910674e-94
3.283258082166869159e-94
3.283258082165409744e-94
3.283258082128697614e-94
3.283258081378030471e-94
3.283258066606194310e-94
3.283257845448917853e-94
3.283255089491185290e-94
3.283223856428237325e-94
3.282943867572780484e-94
3.280830349400584430e-94
3.266914019563725704e-94
3.194420715356306602e-94
2.910668971033828219e-94
2.250215523327281142e-94
1.593930192803993293e-94
1.398851828655105571e-94
1.393560483461576733e-94
1.393559356895812594e-94
1.393559356895810731e-94
1.393559356895810731e-94
1.393559356895810731e-94
1.393559356895810731e-94
1.393559356895810731e-94
1.393559356895810731e-94
1.393559356895810731e-94
1.393559356895810731e-94
1.393559356895810731e-94
1.393559356895810731e-94
1.393559356895810731e-94
1.393559356895810731e-94
1.393559356895810731e-94
1.393559356895810731e-94
1.393559356895810731e-94
1.393559356895810731e-94
1.393559356895810731e-94
1.393559356895810731e-94
1.393559356895810731e-94
1.393559356895810731e-94
1.393559356895810731e-94
1.393559356895810731e-94
1.393559356895810731e-94
1.393559356895810731e-94
1.393559356895810731e-94
1.393559356895810731e-94
1.393559356895810731e-94
1.393559356895810731e-94
1.393559356895810465e-94
1.393559356895799554e-94
1.393559356895421128e-94
1.393559356885909112e-94
1.393559356691407901e-94
1.393559352863953083e-94
1.393559295561022007e-94
1.393558581478657511e-94
1.393550488803970386e-94
1.393477939326610576e-94
1.392930138255126813e-94
1.389316302657984820e-94
1.370295962645301241e-94
1.292554696815331461e-94
1.088503665429063347e-94
8.461232622903048420e-95
7.647035567315421485e-95
7.624274382053282543e-95
7.624269532109528150e-95
7.624269532109518835e-95
7.624269532109518835e-95
7.624269532109518835e-95
7.624269532109518835e-95
7.624269532109518835e-95
7.624269532109518835e-95
7.624269532109518835e-95
7.624269532109518835e-95
7.624269532109518835e-95
7.624269532109518835e-95
7.624269532109518835e-95
7.624269532109518835e-95
7.624269532109518835e-95
7.624269532109518835e-95
7.624269532109518835e-95
7.624269532109518835e-95
7.624269532109518835e-95
7.624269532109518835e-95
7.624269532109518835e-95
7.624269532109518835e-95
7.624269532109518835e-95
7.624269532109518835e-95
7.624269532109518835e-95
7.624269532109518835e-95
7.624269532109518835e-95
7.624269532109518835e-95
7.624269532109518835e-95
7.624269532109518835e-95
7.624269532109484240e-95
7.624269532108307978e-95
7.624269532078695198e-95
7.624269531473223954e-95
7.624269519558544844e-95
7.624269341177342360e-95
7.624267118273567837e-95
7.624241926101073195e-95
7.624016076847807886e-95
7.622310424233402742e-95
7.611043756688236808e-95
7.551326897116680566e-95
7.299707715023412812e-95
6.575713603958874511e-95
5.572773575969853789e-95
5.193981176821412709e-95
5.183051285887524816e-95
5.183048954913331170e-95
5.183048954913327178e-95
5.183048954913327178e-95
5.183048954913327178e-95
5.183048954913327178e-95
5.183048954913327178e-95
5.183048954913327178e-95
5.183048954913327178e-95
5.183048954913327178e-95
5.183048954913327178e-95
5.183048954913327178e-95
5.183048954913327178e-95
5.183048954913327178e-95
5.183048954913327178e-95
5.183048954913327178e-95
5.183048954913327178e-95
5.183048954913327178e-95
5.183048954913327178e-95
5.183048954913327178e-95
5.183048954913327178e-95
5.183048954913327178e-95
5.183048954913327178e-95
5.183048954913327178e-95
5.183048954913327178e-95
5.183048954913327178e-95
5.183048954913327178e-95
5.183048954913327178e-95
5.183048954913327178e-95
5.183048954913315203e-95
5.183048954912905374e-95
5.183048954902579821e-95
5.183048954691461523e-95
5.183048950537007365e-95
5.183048888338398610e-95
5.183048113248069356e-95
5.183039329132576942e-95
5.182960577776643470e-95
5.182365760520533826e-95
5.178433443416388711e-95
5.157495973022635057e-95
5.067483297509992829e-95
4.791184294111658864e-95
4.359833229925747463e-95
4.179895502307383290e-95
4.174550320040522157e-95
4.174549179151573505e-95
4.174549179151570844e-95
4.174549179151570844e-95
4.174549179151570844e-95
4.174549179151570844e-95
4.174549179151570844e-95
4.174549179151570844e-95
4.174549179151570844e-95
4.174549179151570844e-95
4.174549179151570844e-95
4.174549179151570844e-95
4.174549179151570844e-95
4.174549179151570844e-95
4.174549179151570844e-95
4.174549179151570844e-95
4.174549179151570844e-95
4.174549179151570844e-95
4.174549179151570844e-95
4.174549179151570844e-95
4.174549179151570844e-95
4.174549179151570844e-95
4.174549179151570844e-95
4.174549179151570844e-95
4.174549179151570844e-95
4.174549179151570844e-95
4.174549179151570844e-95
4.174549179151570844e-95
4.174549179151570844e-95
4.174549179151566852e-95
4.174549179151420485e-95
4.174549179147742672e-95
4.174549179072535791e-95
4.174549177592589371e-95
4.174549155435498306e-95
4.174548879324041432e-95
4.174545750143695249e-95
4.174517696150495988e-95
4.174305786036898267e-95
4.172904172545121472e-95
4.165421309688519688e-95
4.132862697503174101e-95
4.028809518409982203e-95
3.852792755773293424e-95
3.773953476342253877e-95
3.771559122223993241e-95
3.771558610837328753e-95
3.771558610837328087e-95
3.771558610837328087e-95
3.771558610837328087e-95
3.771558610837328087e-95
3.771558610837328087e-95
3.771558610837328087e-95
3.771558610837328087e-95
3.771558610837328087e-95
3.771558610837328087e-95
3.771558610837328087e-95
3.771558610837328087e-95
3.771558610837328087e-95
3.771558610837328087e-95
3.771558610837328087e-95
3.771558610837328087e-95
3.771558610837328087e-95
3.771558610837328087e-95
3.771558610837328087e-95
3.771558610837328087e-95
3.771558610837328087e-95
3.771558610837328087e-95
3.771558610837328087e-95
3.771558610837328087e-95
3.771558610837328087e-95
3.771558610837328087e-95
3.771558610837328087e-95
3.771558610837326757e-95
3.771558610837278855e-95
3.771558610836075316e-95
3.771558610811462977e-95
3.771558610327143331e-95
3.771558603076131789e-95
3.771558512717361926e-95
3.771557488677888008e-95
3.771548307828542988e-95
3.771478956341174301e-95
3.771020139409099636e-95
3.768567301412763021e-95
3.757829074697947662e-95
3.722778498713986426e-95
3.660818648938599626e-95
3.631915332045664655e-95
3.631025927625561165e-95
3.631025737592313195e-95
3.631025737592313195e-95
3.631025737592313195e-95
3.631025737592313195e-95
3.631025737592313195e-95
3.631025737592313195e-95
3.631025737592313195e-95
3.631025737592313195e-95
3.631025737592313195e-95
3.631025737592313195e-95
3.631025737592313195e-95
3.631025737592313195e-95
3.631025737592313195e-95
3.631025737592313195e-95
3.631025737592313195e-95
3.631025737592313195e-95
3.631025737592313195e-95
3.631025737592313195e-95
3.631025737592313195e-95
3.631025737592313195e-95
3.631025737592313195e-95
3.631025737592313195e-95
3.631025737592313195e-95
3.631025737592313195e-95
3.631025737592313195e-95
3.631025737592313195e-95
3.631025737592313195e-95
3.631025737592311865e-95
3.631025737592299224e-95
3.631025737591971228e-95
3.631025737585274256e-95
3.631025737453476427e-95
3.631025735480271972e-95
3.631025710891094790e-95
3.631025432220926725e-95
3.631022933846729850e-95
3.631004061022655047e-95
3.630879189278356530e-95
3.630211254304477800e-95
3.627279760562704061e-95
3.617626977964151983e-95
3.600241879447751649e-95
3.591988020143736691e-95
3.591732556067607076e-95
3.591732501474772433e-95
3.591732501474772433e-95
3.591732501474772433e-95
3.591732501474772433e-95
3.591732501474772433e-95
3.591732501474772433e-95
3.591732501474772433e-95
3.591732501474772433e-95
3.591732501474772433e-95
3.591732501474772433e-95
3.591732501474772433e-95
3.591732501474772433e-95
3.591732501474772433e-95
3.591732501474772433e-95
3.591732501474772433e-95
3.591732501474772433e-95
3.591732501474772433e-95
3.591732501474772433e-95
3.591732501474772433e-95
3.591732501474772433e-95
3.591732501474772433e-95
3.591732501474772433e-95
3.591732501474772433e-95
3.591732501474772433e-95
3.591732501474772433e-95
3.591732501474772433e-95
3.591732501474772433e-95
3.591732501474769772e-95
3.591732501474700580e-95
3.591732501473286804e-95
3.591732501445479000e-95
3.591732501029139678e-95
3.591732495840915409e-95
3.591732437042549717e-95
3.591731909894601792e-95
3.591727927778326454e-95
3.591701579347897538e-95
3.591560618221816450e-95
3.590941472359503979e-95
3.588897182570395261e-95
3.585193610923870506e-95
3.583425429127972677e-95
3.583370600611943955e-95
3.583370588894401067e-95
3.583370588894401067e-95
3.583370588894401067e-95
3.583370588894401067e-95
3.583370588894401067e-95
3.583370588894401067e-95
3.583370588894401067e-95
3.583370588894401067e-95
3.583370588894401067e-95
3.583370588894401067e-95
3.583370588894401067e-95
3.583370588894401067e-95
3.583370588894401067e-95
3.583370588894401067e-95
3.583370588894401067e-95
3.583370588894401067e-95
3.583370588894401067e-95
3.583370588894401067e-95
3.583370588894401067e-95
3.583370588894401067e-95
3.583370588894401067e-95
3.583370588894401067e-95
3.583370588894401067e-95
3.583370588894401067e-95
3.583370588894401067e-95
3.583370588894401067e-95
3.583370588894401067e-95
3.583370588894400402e-95
3.583370588894390422e-95
3.583370588894166880e-95
3.583370588889770536e-95
3.583370588823950461e-95
3.583370588003738326e-95
3.583370578708230109e-95
3.583370495370736892e-95
3.583369865832210837e-95
3.583365700341106160e-95
3.583343414560677710e-95
3.583245510926352824e-95
3.582922051798532943e-95
3.582335261293618309e-95
3.582054752327642625e-95
3.582046050466511588e-95
3.582046048606791077e-95
3.582046048606791077e-95
3.582046048606791077e-95
3.582046048606791077e-95
3.582046048606791077e-95
3.582046048606791077e-95
3.582046048606791077e-95
3.582046048606791077e-95
3.582046048606791077e-95
3.582046048606791077e-95
3.582046048606791077e-95
3.582046048606791077e-95
3.582046048606791077e-95
3.582046048606791077e-95
3.582046048606791077e-95
3.582046048606791077e-95
3.582046048606791077e-95
3.582046048606791077e-95
3.582046048606791077e-95
3.582046048606791077e-95
3.582046048606791077e-95
3.582046048606791077e-95
3.582046048606791077e-95
3.582046048606791077e-95
3.582046048606791077e-95
3.582046048606791077e-95
3.582046048606791077e-95
3.582046048606789746e-95
3.582046048606763134e-95
3.582046048606248187e-95
3.582046048598532631e-95
3.582046048502382575e-95
3.582046047412715432e-95
3.582046037643461946e-95
3.582045963845680922e-95
3.582045475544563625e-95
3.582042863069324592e-95
3.582031385867779649e-95
3.581993462954973739e-95
3.581924651181550914e-95
3.581891749414130921e-95
3.581890728673084928e-95
3.581890728454935674e-95
3.581890728454935674e-95
3.581890728454935674e-95
3.581890728454935674e-95
3.581890728454935674e-95
3.581890728454935674e-95
3.581890728454935674e-95
3.581890728454935674e-95
3.581890728454935674e-95
3.581890728454935674e-95
3.581890728454935674e-95
3.581890728454935674e-95
3.581890728454935674e-95
3.581890728454935674e-95
3.581890728454935674e-95
3.581890728454935674e-95
3.581890728454935674e-95
3.581890728454935674e-95
3.581890728454935674e-95
3.581890728454935674e-95
3.581890728454935674e-95
3.581890728454935674e-95
3.581890728454935674e-95
3.581890728454935674e-95
3.581890728454935674e-95
3.581890728454935674e-95
3.581890728454935674e-95
3.581890728454933678e-95
3.581890728454888437e-95
3.581890728454217808e-95
3.581890728445864889e-95
3.581890728351203123e-95
3.581890727502523201e-95
3.581890721091522641e-95
3.581890678671555155e-95
3.581890451718971813e-95
3.581889454660758327e-95
3.581886160144429668e-95
3.581880182025590865e-95
3.581877323564517020e-95
3.581877234883148481e-95
3.581877234864195903e-95
3.581877234864195903e-95
3.581877234864195903e-95
3.581877234864195903e-95
3.581877234864195903e-95
3.581877234864195903e-95
3.581877234864195903e-95
3.581877234864195903e-95
3.581877234864195903e-95
3.581877234864195903e-95
3.581877234864195903e-95
3.581877234864195903e-95
3.581877234864195903e-95
3.581877234864195903e-95
3.581877234864195903e-95
3.581877234864195903e-95
3.581877234864195903e-95
3.581877234864195903e-95
3.581877234864195903e-95
3.581877234864195903e-95
3.581877234864195903e-95
3.581877234864195903e-95
3.581877234864195903e-95
3.581877234864195903e-95
3.581877234864195903e-95
3.581877234864195903e-95
3.581877234864195903e-95
3.581877234864193242e-95
3.581877234864149331e-95
3.581877234863611099e-95
3.581877234857504253e-95
3.581877234802754873e-95
3.581877234389177903e-95
3.581877231652643665e-95
3.581877217011807763e-95
3.581877152691016522e-95
3.581876940159659480e-95
3.581876554506452777e-95
3.581876370104427218e-95
3.581876364383503565e-95
3.581876364382280732e-95
3.581876364382280732e-95
3.581876364382280732e-95
3.581876364382280732e-95
3.581876364382280732e-95
3.581876364382280732e-95
3.581876364382280732e-95
3.581876364382280732e-95
3.581876364382280732e-95
3.581876364382280732e-95
3.581876364382280732e-95
3.581876364382280732e-95
3.581876364382280732e-95
3.581876364382280732e-95
3.581876364382280732e-95
3.581876364382280732e-95
3.581876364382280732e-95
3.581876364382280732e-95
3.581876364382280732e-95
3.581876364382280732e-95
3.581876364382280732e-95
3.581876364382280732e-95
3.581876364382280732e-95
3.581876364382280732e-95
3.581876364382280732e-95
3.581876364382280732e-95
3.581876364382280732e-95
3.581876364382280732e-95
3.581876364382278736e-95
3.581876364382252789e-95
3.581876364381960055e-95
3.581876364379330764e-95
3.581876364359469378e-95
3.581876364228052104e-95
3.581876363524951829e-95
3.581876360436058773e-95
3.581876350229614604e-95
3.581876331709294276e-95
3.581876322853709155e-95
3.581876322578972280e-95
3.581876322578913068e-95
3.581876322578913068e-95
3.581876322578913068e-95
3.581876322578913068e-95
3.581876322578913068e-95
3.581876322578913068e-95
3.581876322578913068e-95
3.581876322578913068e-95
3.581876322578913068e-95
3.581876322578913068e-95
3.581876322578913068e-95
3.581876322578913068e-95
3.581876322578913068e-95
3.581876322578913068e-95
3.581876322578913068e-95
3.581876322578913068e-95
3.581876322578913068e-95
3.581876322578913068e-95
3.581876322578913068e-95
3.581876322578913068e-95
3.581876322578913068e-95
3.581876322578913068e-95
3.581876322578913068e-95
3.581876322578913068e-95
3.581876322578913068e-95
3.581876322578913068e-95
3.581876322578913068e-95
3.581876322578913068e-95
3.581876322578912403e-95
3.581876322578901758e-95
3.581876322578807284e-95
3.581876322578095407e-95
3.581876322573386369e-95
3.581876322548188561e-95
3.581876322437489589e-95
3.581876322071712210e-95
3.581876321407982761e-95
3.581876321090616390e-95
3.581876321080770523e-95
3.581876321080768527e-95
3.581876321080768527e-95
3.581876321080768527e-95
3.581876321080768527e-95
3.581876321080768527e-95
3.581876321080768527e-95
3.581876321080768527e-95
3.581876321080768527e-95
3.581876321080768527e-95
3.581876321080768527e-95
3.581876321080768527e-95
3.581876321080768527e-95
3.581876321080768527e-95
3.581876321080768527e-95
3.581876321080768527e-95
3.581876321080768527e-95
3.581876321080768527e-95
3.581876321080768527e-95
3.581876321080768527e-95
3.581876321080768527e-95
3.581876321080768527e-95
3.581876321080768527e-95
3.581876321080768527e-95
3.581876321080768527e-95
3.581876321080768527e-95
3.581876321080768527e-95
3.581876321080768527e-95
3.581876321080768527e-95
3.581876321080768527e-95
3.581876321080768527e-95
3.581876321080765866e-95
3.581876321080747237e-95
3.581876321080620164e-95
3.581876321079944213e-95
3.581876321076976947e-95
3.581876321067170333e-95
3.581876321049377383e-95
3.581876321040868782e-95
3.581876321040604656e-95
3.581876321040604656e-95
3.581876321040604656e-95
3.581876321040604656e-95
3.581876321040604656e-95
3.581876321040604656e-95
3.581876321040604656e-95
3.581876321040604656e-95
3.581876321040604656e-95
3.581876321040604656e-95
3.581876321040604656e-95
3.581876321040604656e-95
3.581876321040604656e-95
3.581876321040604656e-95
3.581876321040604656e-95
3.581876321040604656e-95
3.581876321040604656e-95
3.581876321040604656e-95
3.581876321040604656e-95
3.581876321040604656e-95
3.581876321040604656e-95
3.581876321040604656e-95
3.581876321040604656e-95
3.581876321040604656e-95
3.581876321040604656e-95
3.581876321040604656e-95
3.581876321040604656e-95
3.581876321040604656e-95
3.581876321040604656e-95
3.581876321040604656e-95
3.581876321040604656e-95
3.581876321040604656e-95
3.581876321040602660e-95
3.581876321040588688e-95
3.581876321040529476e-95
3.581876321040331880e-95
3.581876321039973945e-95
3.581876321039802962e-95
3.581876321039798304e-95
3.581876321039798304e-95
3.581876321039798304e-95
3.581876321039798304e-95
3.581876321039798304e-95
3.581876321039798304e-95
3.581876321039798304e-95
3.581876321039798304e-95
3.581876321039798304e-95
3.581876321039798304e-95
3.581876321039798304e-95
3.581876321039798304e-95
3.581876321039798304e-95
3.581876321039798304e-95
3.581876321039798304e-95
3.581876321039798304e-95
3.581876321039798304e-95
3.581876321039798304e-95
3.581876321039798304e-95
3.581876321039798304e-95
3.581876321039798304e-95
3.581876321039798304e-95
3.581876321039798304e-95
3.581876321039798304e-95
3.581876321039798304e-95
3.581876321039798304e-95
3.581876321039798304e-95
3.581876321039798304e-95
3.581876321039798304e-95
3.581876321039798304e-95
3.581876321039798304e-95
3.581876321039798304e-95
3.581876321039798304e-95
3.581876321039797639e-95
3.581876321039796974e-95
3.581876321039794313e-95
3.581876321039788990e-95
3.581876321039786329e-95
3.581876321039786329e-95
3.581876321039786329e-95
3.581876321039786329e-95
3.581876321039786329e-95
3.581876321039786329e-95
3.581876321039786329e-95
3.581876321039786329e-95
3.581876321039786329e-95
3.581876321039786329e-95
3.581876321039786329e-95
3.581876321039786329e-95
3.581876321039786329e-95
3.581876321039786329e-95
3.581876321039786329e-95
3.581876321039786329e-95
3.581876321039786329e-95
3.581876321039786329e-95
3.581876321039786329e-95
3.581876321039786329e-95
3.581876321039786329e-95
3.581876321039786329e-95
3.581876321039786329e-95
3.581876321039786329e-95
3.581876321039786329e-95
3.581876321039786329e-95
3.581876321039786329e-95
3.581876321039786329e-95
3.581876321039786329e-95
3.581876321039786329e-95
3.581876321039786329e-95
3.581876321039786329e-95
3.581876321039786329e-95
3.581876321039786329e-95
3.581876321039786329e-95
3.581876321039786329e-95
3.581876321039786329e-95
3.581876321039786329e-95
3.581876321039786329e-95
3.581876321039786329e-95
3.581876321039786329e-95
3.581876321039786329e-95
3.581876321039786329e-95
3.581876321039786329e-95
3.581876321039786329e-95
3.581876321039786329e-95
3.581876321039786329e-95
3.581876321039786329e-95
3.581876321039786329e-95
3.581876321039786329e-95
3.581876321039786329e-95
3.581876321039786329e-95
3.581876321039786329e-95
3.581876321039786329e-95
3.581876321039786329e-95
3.581876321039786329e-95
3.581876321039786329e-95
3.581876321039786329e-95
3.581876321039786329e-95
3.581876321039786329e-95
3.581876321039786329e-95
3.581876321039786329e-95
3.581876321039786329e-95
3.581876321039786329e-95
3.581876321039786329e-95
3.581876321039786329e-95
3.581876321039786329e-95
3.581876321039786329e-95
3.581876321039786329e-95
3.581876321039786329e-95
3.581876321039786329e-95
3.581876321039786329e-95
3.581876321039786329e-95
3.581876321039786329e-95
3.581876321039786329e-95
3.581876321039786329e-95
3.581876321039786329e-95
3.581876321039786329e-95
3.581876321039786329e-95
3.581876321039786329e-95
3.581876321039786329e-95
3.581876321039786329e-95
3.581876321039786329e-95
3.581876321039786329e-95
3.581876321039786329e-95
3.581876321039786329e-95
3.581876321039786329e-95
3.581876321039786329e-95
3.581876321039786329e-95
3.581876321039786329e-95
3.581876321039786329e-95
3.581876321039786329e-95
3.581876321039786329e-95
3.581876321039786329e-95
3.581876321039786329e-95
3.581876321039786329e-95
3.581876321039786329e-95
3.581876321039786329e-95
3.581876321039786329e-95
3.581876321039786329e-95
3.581876321039786329e-95
3.581876321039786329e-95
3.581876321039786329e-95
3.581876321039786329e-95
3.581876321039786329e-95
3.581876321039786329e-95
3.581876321039786329e-95
3.581876321039786329e-95
3.581876321039786329e-95
3.581876321039786329e-95
3.581876321039786329e-95
3.581876321039786329e-95
3.581876321039786329e-95
3.581876321039786329e-95
3.581876321039786329e-95
3.581876321039786329e-95
3.581876321039786329e-95
3.581876321039786329e-95
3.581876321039786329e-95
3.581876321039786329e-95
3.581876321039786329e-95
3.581876321039786329e-95
3.581876321039786329e-95
3.581876321039786329e-95
3.581876321039786329e-95
3.581876321039786329e-95
3.581876321039786329e-95
3.581876321039786329e-95
3.581876321039786329e-95
3.581876321039786329e-95
3.581876321039786329e-95
3.581876321039786329e-95
3.581876321039786329e-95
3.581876321039786329e-95
3.581876321039786329e-95
3.581876321039786329e-95
3.581876321039786329e-95
3.581876321039786329e-95
3.581876321039786329e-95
3.581876321039786329e-95
3.581876321039786329e-95
3.581876321039786329e-95
3.581876321039786329e-95
3.581876321039786329e-95
3.581876321039786329e-95
3.581876321039786329e-95
3.581876321039786329e-95
3.581876321039786329e-95
3.581876321039786329e-95
3.581876321039786329e-95
3.581876321039786329e-95
3.581876321039786329e-95
3.581876321039786329e-95
3.581876321039786329e-95
3.581876321039786329e-95
3.581876321039786329e-95
3.581876321039786329e-95
3.581876321039786329e-95
3.581876321039786329e-95
3.581876321039786329e-95
3.581876321039786329e-95
3.581876321039786329e-95
3.581876321039786329e-95
3.581876321039786329e-95
3.581876321039786329e-95
3.581876321039786329e-95
3.581876321039786329e-95
3.581876321039786329e-95
3.581876321039786329e-95
3.581876321039786329e-95
3.581876321039786329e-95
3.581876321039786329e-95
3.581876321039786329e-95
3.581876321039786329e-95
3.581876321039786329e-95
3.581876321039786329e-95
3.581876321039786329e-95
3.581876321039786329e-95
3.581876321039786329e-95
3.581876321039786329e-95
3.581876321039786329e-95
3.581876321039786329e-95
3.581876321039786329e-95
3.581876321039786329e-95
3.581876321039786329e-95
3.581876321039786329e-95
3.581876321039786329e-95
3.581876321039786329e-95
3.581876321039786329e-95
3.581876321039786329e-95
3.581876321039786329e-95
3.581876321039786329e-95
3.581876321039786329e-95
3.581876321039786329e-95
3.581876321039786329e-95
3.581876321039786329e-95
3.581876321039786329e-95
3.581876321039786329e-95
3.581876321039786329e-95
3.581876321039786329e-95
3.581876321039786329e-95
3.581876321039786329e-95
3.581876321039786329e-95
3.581876321039786329e-95
3.581876321039786329e-95
3.581876321039786329e-95
3.581876321039786329e-95
3.581876321039786329e-95
3.581876321039786329e-95
3.581876321039786329e-95
3.581876321039786329e-95
3.581876321039786329e-95
3.581876321039786329e-95
3.581876321039786329e-95
3.581876321039786329e-95
3.581876321039786329e-95
3.581876321039786329e-95
3.581876321039786329e-95
3.581876321039786329e-95
3.581876321039786329e-95
3.581876321039786329e-95
3.581876321039786329e-95
3.581876321039786329e-95
3.581876321039786329e-95
3.581876321039786329e-95
3.581876321039786329e-95
3.581876321039786329e-95
3.581876321039786329e-95
3.581876321039786329e-95
3.581876321039786329e-95
3.581876321039786329e-95
3.581876321039786329e-95
3.581876321039786329e-95
3.581876321039786329e-95
3.581876321039786329e-95
3.581876321039786329e-95
3.581876321039786329e-95
3.581876321039786329e-95
3.581876321039786329e-95
3.581876321039786329e-95
3.581876321039786329e-95
3.581876321039786329e-95
3.581876321039786329e-95
3.581876321039786329e-95
3.581876321039786329e-95
3.581876321039786329e-95
3.581876321039786329e-95
3.581876321039786329e-95
3.581876321039786329e-95
3.581876321039786329e-95
3.581876321039786329e-95
3.581876321039786329e-95
3.581876321039786329e-95
3.581876321039786329e-95
3.581876321039786329e-95
3.581876321039786329e-95
3.581876321039786329e-95
3.581876321039786329e-95
3.581876321039786329e-95
3.581876321039786329e-95
3.581876321039786329e-95
3.581876321039786329e-95
3.581876321039786329e-95
3.581876321039786329e-95
3.581876321039786329e-95
3.581876321039786329e-95
3.581876321039786329e-95
3.581876321039786329e-95
3.581876321039786329e-95
3.581876321039786329e-95
3.581876321039786329e-95
3.581876321039786329e-95
3.581876321039786329e-95
3.581876321039786329e-95
3.581876321039786329e-95
3.581876321039786329e-95
3.581876321039786329e-95
3.581876321039786329e-95
3.581876321039786329e-95
3.581876321039786329e-95
3.581876321039786329e-95
3.581876321039786329e-95
3.581876321039786329e-95
3.581876321039786329e-95
3.581876321039786329e-95
3.581876321039786329e-95
3.581876321039786329e-95
3.581876321039786329e-95
3.581876321039786329e-95
3.581876321039786329e-95
3.581876321039786329e-95
3.581876321039786329e-95
3.581876321039786329e-95
3.581876321039786329e-95
3.581876321039786329e-95
3.581876321039786329e-95
3.581876321039786329e-95
3.581876321039786329e-95
3.581876321039786329e-95
3.581876321039786329e-95
3.581876321039786329e-95
3.581876321039786329e-95
3.581876321039786329e-95
3.581876321039786329e-95
3.581876321039786329e-95
3.581876321039786329e-95
3.581876321039786329e-95
3.581876321039786329e-95
3.581876321039786329e-95
3.581876321039786329e-95
3.581876321039786329e-95
3.581876321039786329e-95
3.581876321039786329e-95
3.581876321039786329e-95
3.581876321039786329e-95
3.581876321039786329e-95
3.581876321039786329e-95
3.581876321039786329e-95
3.581876321039786329e-95
3.581876321039786329e-95
3.581876321039786329e-95
3.581876321039786329e-95
3.581876321039786329e-95
3.581876321039786329e-95
3.581876321039786329e-95
3.581876321039786329e-95
3.581876321039786329e-95
3.581876321039786329e-95
3.581876321039786329e-95
3.581876321039786329e-95
3.581876321039786329e-95
3.581876321039786329e-95
3.581876321039786329e-95
3.581876321039786329e-95
3.581876321039786329e-95
3.581876321039786329e-95
3.581876321039786329e-95
3.581876321039786329e-95
3.581876321039786329e-95
3.581876321039786329e-95
3.581876321039786329e-95
3.581876321039786329e-95
3.581876321039786329e-95
3.581876321039786329e-95
3.581876321039786329e-95
3.581876321039786329e-95
3.581876321039786329e-95
3.581876321039786329e-95
3.581876321039786329e-95
3.581876321039786329e-95
3.581876321039786329e-95
3.581876321039786329e-95
3.581876321039786329e-95
3.581876321039786329e-95
3.581876321039786329e-95
3.581876321039786329e-95
3.581876321039786329e-95
3.581876321039786329e-95
3.581876321039786329e-95
3.581876321039786329e-95
3.581876321039786329e-95
3.581876321039786329e-95
3.581876321039786329e-95
3.581876321039786329e-95
3.581876321039786329e-95
3.581876321039786329e-95
3.581876321039786329e-95
3.581876321039786329e-95
3.581876321039786329e-95
3.581876321039786329e-95
3.581876321039786329e-95
3.581876321039786329e-95
3.581876321039786329e-95
3.581876321039786329e-95
3.581876321039786329e-95
3.581876321039786329e-95
3.581876321039786329e-95
3.581876321039786329e-95
3.581876321039786329e-95
3.581876321039786329e-95
3.581876321039786329e-95
3.581876321039786329e-95
3.581876321039786329e-95
3.581876321039786329e-95
3.581876321039786329e-95
3.581876321039786329e-95
3.581876321039786329e-95
3.581876321039786329e-95
3.581876321039786329e-95
3.581876321039786329e-95
3.581876321039786329e-95
3.581876321039786329e-95
3.581876321039786329e-95
3.581876321039786329e-95
3.581876321039786329e-95
3.581876321039786329e-95
3.581876321039786329e-95
3.581876321039786329e-95
3.581876321039786329e-95
3.581876321039786329e-95
3.581876321039786329e-95
3.581876321039786329e-95
3.581876321039786329e-95
3.581876321039786329e-95
3.581876321039786329e-95
3.581876321039786329e-95
3.581876321039786329e-95
3.581876321039786329e-95
3.581876321039786329e-95
3.581876321039786329e-95
3.581876321039786329e-95
3.581876321039786329e-95
3.581876321039786329e-95
3.581876321039786329e-95
3.581876321039786329e-95
3.581876321039786329e-95
3.581876321039786329e-95
3.581876321039786329e-95
3.581876321039786329e-95
3.581876321039786329e-95
3.581876321039786329e-95
3.581876321039786329e-95
3.581876321039786329e-95
3.581876321039786329e-95
3.581876321039786329e-95
3.581876321039786329e-95
3.581876321039786329e-95
3.581876321039786329e-95
3.581876321039786329e-95
3.581876321039786329e-95
3.581876321039786329e-95
3.581876321039786329e-95
3.581876321039786329e-95
3.581876321039786329e-95
3.581876321039786329e-95
3.581876321039786329e-95
3.581876321039786329e-95
3.581876321039786329e-95
3.581876321039786329e-95
3.581876321039786329e-95
3.581876321039786329e-95
3.581876321039786329e-95
3.581876321039786329e-95
3.581876321039786329e-95
3.581876321039786329e-95
3.581876321039786329e-95
3.581876321039786329e-95
3.581876321039786329e-95
3.581876321039786329e-95
3.581876321039786329e-95
3.581876321039786329e-95
3.581876321039786329e-95
3.581876321039786329e-95
3.581876321039786329e-95
3.581876321039786329e-95
3.581876321039786329e-95
3.581876321039786329e-95
3.581876321039786329e-95
3.581876321039786329e-95
3.581876321039786329e-95
3.581876321039786329e-95
3.581876321039786329e-95
3.581876321039786329e-95
3.581876321039786329e-95
3.581876321039786329e-95
3.581876321039786329e-95
3.581876321039786329e-95
3.581876321039786329e-95
3.581876321039786329e-95
3.581876321039786329e-95
3.581876321039786329e-95
3.581876321039786329e-95
3.581876321039786329e-95
3.581876321039786329e-95
3.581876321039786329e-95
3.581876321039786329e-95
3.581876321039786329e-95
3.581876321039786329e-95
3.581876321039786329e-95
3.581876321039786329e-95
3.581876321039786329e-95
3.581876321039786329e-95
3.581876321039786329e-95
3.581876321039786329e-95
3.581876321039786329e-95
3.581876321039786329e-95
3.581876321039786329e-95
3.581876321039786329e-95
3.581876321039786329e-95
3.581876321039786329e-95
3.581876321039786329e-95
3.581876321039786329e-95
3.581876321039786329e-95
3.581876321039786329e-95
3.581876321039786329e-95
3.581876321039786329e-95
3.581876321039786329e-95
3.581876321039786329e-95
3.581876321039786329e-95
3.581876321039786329e-95
3.581876321039786329e-95
3.581876321039786329e-95
3.581876321039786329e-95
3.581876321039786329e-95
3.581876321039786329e-95
3.581876321039786329e-95
3.581876321039786329e-95
3.581876321039786329e-95
3.581876321039786329e-95
3.581876321039786329e-95
3.581876321039786329e-95
3.581876321039786329e-95
3.581876321039786329e-95
3.581876321039786329e-95
3.581876321039786329e-95
3.581876321039786329e-95
3.581876321039786329e-95
3.581876321039786329e-95
3.581876321039786329e-95
3.581876321039786329e-95
3.581876321039786329e-95
3.581876321039786329e-95
3.581876321039786329e-95
3.581876321039786329e-95
3.581876321039786329e-95
3.581876321039786329e-95
3.581876321039786329e-95
3.581876321039786329e-95
3.581876321039786329e-95
3.581876321039786329e-95
3.581876321039786329e-95
3.581876321039786329e-95
3.581876321039786329e-95
3.581876321039786329e-95
3.581876321039786329e-95
3.581876321039786329e-95
3.581876321039786329e-95
3.581876321039786329e-95
3.581876321039786329e-95
3.581876321039786329e-95
3.581876321039786329e-95
3.581876321039786329e-95
3.581876321039786329e-95
3.581876321039786329e-95
3.581876321039786329e-95
3.581876321039786329e-95
3.581876321039786329e-95
3.581876321039786329e-95
3.581876321039786329e-95
3.581876321039786329e-95
3.581876321039786329e-95
3.581876321039786329e-95
3.581876321039786329e-95
3.581876321039786329e-95
3.581876321039786329e-95
3.581876321039786329e-95
3.581876321039786329e-95
3.581876321039786329e-95
3.581876321039786329e-95
3.581876321039786329e-95
3.581876321039786329e-95
3.581876321039786329e-95
3.581876321039786329e-95
3.581876321039786329e-95
3.581876321039786329e-95
3.581876321039786329e-95
3.581876321039786329e-95
3.581876321039786329e-95
3.581876321039786329e-95
3.581876321039786329e-95
3.581876321039786329e-95
3.581876321039786329e-95
3.581876321039786329e-95
3.581876321039786329e-95
3.581876321039786329e-95
3.581876321039786329e-95
3.581876321039786329e-95
3.581876321039786329e-95
3.581876321039786329e-95
3.581876321039786329e-95
3.581876321039786329e-95
3.581876321039786329e-95
3.581876321039786329e-95
3.581876321039786329e-95
3.581876321039786329e-95
3.581876321039786329e-95
3.581876321039786329e-95
3.581876321039786329e-95
3.581876321039786329e-95
3.581876321039786329e-95
3.581876321039786329e-95
3.581876321039786329e-95
3.581876321039786329e-95
3.581876321039786329e-95
3.581876321039786329e-95
3.581876321039786329e-95
3.581876321039786329e-95
3.581876321039786329e-95
3.581876321039786329e-95
3.581876321039786329e-95
3.581876321039786329e-95
3.581876321039786329e-95
3.581876321039786329e-95
3.581876321039786329e-95
3.581876321039786329e-95
3.581876321039786329e-95
3.581876321039786329e-95
3.581876321039786329e-95
3.581876321039786329e-95
3.581876321039786329e-95
3.581876321039786329e-95
3.581876321039786329e-95
3.581876321039786329e-95
3.581876321039786329e-95
3.581876321039786329e-95
3.581876321039786329e-95
3.581876321039786329e-95
3.581876321039786329e-95
3.581876321039786329e-95
3.581876321039786329e-95
3.581876321039786329e-95
3.581876321039786329e-95
3.581876321039786329e-95
3.581876321039786329e-95
3.581876321039786329e-95
3.581876321039786329e-95
3.581876321039786329e-95
3.581876321039786329e-95
3.581876321039786329e-95
3.581876321039786329e-95
3.581876321039786329e-95
3.581876321039786329e-95
3.581876321039786329e-95
3.581876321039786329e-95
3.581876321039786329e-95
3.581876321039786329e-95
3.581876321039786329e-95
3.581876321039786329e-95
3.581876321039786329e-95
3.581876321039786329e-95
3.581876321039786329e-95
3.581876321039786329e-95
3.581876321039786329e-95
3.581876321039786329e-95
3.581876321039786329e-95
3.581876321039786329e-95
3.581876321039786329e-95
3.581876321039786329e-95
3.581876321039786329e-95
3.581876321039786329e-95
3.581876321039786329e-95
3.581876321039786329e-95
3.581876321039786329e-95
3.581876321039786329e-95
3.581876321039786329e-95
3.581876321039786329e-95
3.581876321039786329e-95
3.581876321039786329e-95
3.581876321039786329e-95
3.581876321039786329e-95
3.581876321039786329e-95
3.581876321039786329e-95
3.581876321039786329e-95
3.581876321039786329e-95
3.581876321039786329e-95
