4.895536516072209599e-05
4.247326757922681828e-06
8.131191239968856881e-07
4.982174501100078067e-07
4.306689406167691555e-07
4.260690283486095095e-07
1.477579803285801463e-07
1.455921342885623213e-07
2.272180603688049044e-08
1.046255144557959403e-08
7.561856819048375527e-09
7.281518321301205830e-09
4.857640768231372568e-09
8.049896628257270001e-10
8.049031044587890212e-10
8.043474791420756295e-10
2.625604415472836427e-10
1.422280807207021626e-10
1.279638017935642318e-10
1.273814670148986900e-10
3.397725707678878705e-11
3.309044009763705293e-11
7.942009943945092012e-12
7.941669140037920914e-12
2.947914644935656135e-12
2.947907370797690052e-12
2.947907214615027836e-12
2.322978220073876968e-12
2.284473156105028785e-12
1.294884097220939083e-12
2.904935470305514403e-13
2.904687244781473261e-13
2.899025470869897330e-13
7.111959861072653346e-14
7.111947187042351063e-14
4.528701362291603379e-14
4.528700874501531345e-14
4.528700865307856054e-14
4.310654670281501436e-14
4.296085630467592054e-14
1.267778511982064355e-14
1.208771278685253535e-14
2.089664860200073301e-15
2.089480025457004654e-15
9.905730119969022729e-16
9.905719361573028166e-16
9.905718524135969556e-16
8.775219931018972663e-16
8.775219906683282296e-16
8.653883500949392599e-16
8.653883500338056952e-16
4.956786238185680379e-16
7.655747815826999033e-17
7.655521978765696400e-17
7.636333726701088118e-17
2.531152781138946960e-17
2.531140204115242805e-17
1.963163513831027940e-17
1.963163440318689951e-17
1.963163432114612033e-17
1.872736023385165131e-17
1.869128967930916824e-17
1.869128967927137379e-17
1.869128967761443001e-17
3.527508750105197252e-18
3.408239722207426075e-18
7.820933813362798779e-19
7.819669978378881520e-19
4.912873849488021574e-19
4.912871727183413377e-19
4.912870113355303525e-19
4.306887377165639831e-19
4.306887376446587145e-19
4.306887369507153888e-19
4.268412760500352622e-19
1.692664374311886431e-19
2.994132689207550528e-20
2.994104985842849835e-20
2.986543219588155922e-20
1.405982978989972930e-20
1.405982978989970823e-20
1.405982978989906124e-20
1.405964034968104409e-20
1.038463043885340884e-20
1.038463019535354198e-20
1.038463001550565978e-20
1.004844438628472349e-20
1.004010688678554407e-20
1.004010688673375160e-20
1.004010688639548458e-20
1.487988274768579776e-21
1.402362265357410034e-21
4.723356133557109627e-22
4.722168596334647176e-22
2.642799295458421720e-22
2.642798568458667021e-22
2.642796288699804464e-22
2.642796288699804464e-22
2.404422677550119402e-22
2.404422677550118932e-22
2.404422675794373769e-22
2.404422674264080898e-22
2.394758195438391971e-22
7.663170507146924939e-23
1.914704217964834356e-23
1.914690806872941780e-23
1.901952774938302368e-23
1.901952774938284442e-23
7.381889264069939327e-24
7.381889264069857042e-24
7.381754722416700689e-24
5.936871535274859499e-24
5.936871478964560721e-24
5.936871192009996682e-24
5.847178933656610690e-24
5.847178933656610690e-24
5.847178933656610690e-24
5.843836118182409119e-24
5.843836118044948279e-24
5.843836117992437477e-24
1.013240379970064953e-24
9.182152038267610040e-25
2.391812394466646047e-25
2.390553187536391823e-25
1.570943415299146566e-25
1.570943233545581375e-25
1.570941158186334327e-25
1.570941158186334327e-25
1.500047051126319895e-25
1.500047051126319665e-25
1.500047047790334656e-25
1.500047047517414025e-25
1.495589534767563108e-25
1.495589534767563108e-25
5.172659488910218792e-26
9.469169958113170999e-27
9.469169958113170999e-27
9.469146749860942275e-27
9.391719179038799422e-27
9.391719179038457909e-27
4.650097056104266552e-27
4.650097056104245745e-27
4.649876230429803060e-27
4.140779155328280109e-27
4.140779142776358749e-27
4.140778783131652323e-27
4.088992041872390806e-27
4.088992041872390806e-27
4.088992041872390806e-27
4.088992041543850036e-27
4.087835041158326593e-27
4.087835041141807683e-27
4.899267273459323232e-28
4.573143833725266352e-28
1.603448250333454765e-28
1.602040143320639380e-28
1.251199564624416618e-28
1.251199511793443280e-28
1.251194066257255413e-28
1.251194066257254964e-28
1.197819926697417891e-28
1.197819926697417891e-28
1.197819921217057530e-28
1.195806273287344230e-28
1.195806273175841006e-28
1.195806273175841006e-28
2.761637053534939074e-29
6.701699985613662268e-30
6.646432769023768800e-30
6.646427529761692417e-30
6.646427529761692417e-30
6.646427529760857243e-30
4.210005823674621006e-30
4.210005823674614700e-30
4.209555317436319826e-30
3.719477906773119392e-30
3.719477906773119392e-30
3.719477906773119392e-30
3.719477906773119392e-30
3.719477906773119392e-30
3.719477906773119392e-30
3.719477906773119392e-30
3.719477906773119392e-30
3.719477906773119392e-30
3.719477906773119392e-30
3.719477906773119392e-30
3.719477906773119392e-30
3.719477906773119392e-30
3.719477906773119392e-30
3.719477906773119392e-30
3.719477906773119392e-30
3.719477906773119392e-30
3.719477906773119392e-30
3.719477906773119392e-30
3.719477906773119392e-30
3.719477906773119392e-30
3.719477906773119392e-30
3.719477906773119392e-30
3.719477906773119392e-30
3.719477906773119392e-30
3.719477906773119392e-30
3.719477906773119392e-30
3.719477906773119392e-30
3.719477906773119392e-30
3.719477906773119392e-30
3.719477906773117990e-30
3.719477906773107481e-30
3.719477906773029008e-30
3.719477906772502820e-30
3.719477906769689714e-30
3.719477906757332363e-30
3.719477906716499927e-30
3.719477906642405570e-30
3.719477906606976541e-30
3.719477906605877923e-30
3.719477906605877923e-30
3.719477906605877923e-30
3.719477906605877923e-30
3.719477906605877923e-30
3.719477906605877923e-30
3.719477906605877923e-30
3.719477906605877923e-30
3.719477906605877923e-30
3.719477906605873019e-30
3.719477906605794546e-30
3.719477906604608347e-30
3.719477906589831654e-30
3.719477906422358271e-30
3.719477904920899897e-30
3.719477893578755094e-30
3.719477818530663199e-30
3.719477417013195748e-30
3.719475653049172638e-30
3.719469824499452422e-30
3.719459248227872413e-30
3.719454191150731643e-30
3.719454034259224903e-30
3.719454034225694633e-30
3.719454034225694633e-30
3.719454034225694633e-30
3.719454034225694633e-30
3.719454034225694633e-30
3.719454034225694633e-30
3.719454034225694633e-30
3.719454034225693933e-30
3.719454034225674314e-30
3.719454034224991882e-30
3.719454034207830880e-30
3.719454033856931732e-30
3.719454026951844374e-30
3.719453923571968719e-30
3.719452635300011864e-30
3.719438035321451385e-30
3.719307146496832709e-30
3.718318698529851379e-30
3.711791605045536161e-30
3.677256404907735178e-30
3.532849147862274655e-30
3.127082693087400399e-30
2.587759638095995613e-30
2.390613699934179425e-30
2.384976693865145264e-30
2.384975491988997019e-30
2.384975491988994917e-30
2.384975491988994917e-30
2.384975491988994917e-30
2.384975491988994917e-30
2.384975491988994917e-30
2.384975491988994917e-30
2.384975491988990013e-30
2.384975491988684880e-30
2.384975491975681531e-30
2.384975491543061459e-30
2.384975476460251649e-30
2.384975097166327570e-30
2.384967341578616292e-30
2.384814735077297272e-30
2.382532311852166773e-30
2.354451926002745919e-30
2.077022798915880280e-30
1.010027191313192415e-30
2.069456545133278855e-31
3.305295510802579327e-32
6.014414637068942021e-33
1.309235277202368591e-33
3.652017995814184872e-34
1.582049431659261871e-34
1.244709559629930113e-34
1.236529572915155718e-34
1.236527836213699888e-34
1.236527836213697108e-34
1.236527836213697108e-34
1.236527836213697108e-34
1.236527836213697108e-34
1.236527836213697108e-34
1.236527836213697108e-34
1.236527836213697108e-34
1.236527836213697108e-34
1.236527836213697108e-34
1.236527836213692618e-34
1.236527836213417858e-34
1.236527836201725688e-34
1.236527835812720394e-34
1.236527822250482765e-34
1.236527481195088894e-34
1.236520507504694686e-34
1.236383293151802101e-34
1.234332616424388145e-34
1.209337040822221874e-34
9.836028960974688811e-35
3.679128167762904956e-35
6.422487029139089445e-36
9.939328785326135347e-37
1.799899221185608696e-37
3.914799422405123866e-38
1.091822222571260796e-38
4.729585810225485121e-39
3.721075521832280285e-39
3.696620807639050114e-39
3.696615615634092955e-39
3.696615615634084472e-39
3.696615615634084472e-39
3.696615615634084472e-39
3.696615615634084472e-39
3.696615615634084472e-39
3.696615615634084472e-39
3.696615615634084472e-39
3.696615615634084472e-39
3.696615615634084472e-39
3.696615615634084472e-39
3.696615615634084472e-39
3.696615615634076641e-39
3.696615615633560490e-39
3.696615615611617196e-39
3.696615614881562217e-39
3.696615589429002023e-39
3.696614949362519712e-39
3.696601861648933500e-39
3.696344336579751888e-39
3.692493072463758289e-39
3.645164895834860524e-39
3.182826865059334972e-39
1.489300225289010321e-39
2.967089508643060392e-40
4.710779167554508261e-41
8.563951354420842241e-42
1.863926029595689460e-42
5.199120339997113361e-43
2.252236214125084764e-43
1.771990595135372268e-43
1.760345371817389910e-43
1.760342899408028794e-43
1.760342899408024811e-43
1.760342899408024811e-43
1.760342899408024811e-43
1.760342899408024811e-43
1.760342899408024811e-43
1.760342899408024811e-43
1.760342899408024811e-43
1.760342899408024811e-43
1.760342899408024811e-43
1.760342899408024811e-43
1.760342899408024811e-43
1.760342899408024811e-43
1.760342899408022421e-43
1.760342899407867095e-43
1.760342899401251980e-43
1.760342899181172505e-43
1.760342891508342228e-43
1.760342698556366570e-43
1.760338753179277708e-43
1.760261118472799993e-43
1.759099624713368217e-43
1.744753140473515844e-43
1.597133921496557365e-43
9.082178778491582975e-44
2.132758381942314584e-44
3.517695060810276135e-45
6.433587235654098105e-46
1.401727508168004092e-46
3.910716262500403095e-47
1.694183481051779566e-47
1.332941804122120969e-47
1.324182177212259816e-47
1.324180317446505668e-47
1.324180317446502751e-47
1.324180317446502751e-47
1.324180317446502751e-47
1.324180317446502751e-47
1.324180317446502751e-47
1.324180317446502751e-47
1.324180317446502751e-47
1.324180317446502751e-47
1.324180317446502751e-47
1.324180317446502751e-47
1.324180317446502751e-47
1.324180317446502751e-47
1.324180317446502751e-47
1.324180317446502751e-47
1.324180317446501293e-47
1.324180317446426665e-47
1.324180317443251226e-47
1.324180317337604603e-47
1.324180313654347712e-47
1.324180221029892968e-47
1.324178327093795779e-47
1.324141058757871487e-47
1.323583344690649697e-47
1.316672568213509977e-47
1.243114037923888569e-47
8.282638441020733368e-48
2.352394944135015562e-48
4.100041939500330266e-49
7.567935732958689288e-50
1.651546669088702621e-50
4.609193067318313776e-51
1.996917116281077872e-51
1.571143446945698339e-51
1.560818882596958164e-51
1.560816690577044712e-51
1.560816690577041448e-51
1.560816690577041448e-51
1.560816690577041448e-51
1.560816690577041448e-51
1.560816690577041448e-51
1.560816690577041448e-51
1.560816690577041448e-51
1.560816690577041448e-51
1.560816690577041448e-51
1.560816690577041448e-51
1.560816690577041448e-51
1.560816690577041448e-51
1.560816690577041448e-51
1.560816690577041448e-51
1.560816690577041448e-51
1.560816690577040558e-51
1.560816690576983881e-51
1.560816690574576755e-51
1.560816690494494104e-51
1.560816687702493032e-51
1.560816617490831289e-51
1.560815181838962468e-51
1.560786931191568124e-51
1.560364097434335443e-51
1.555114089006499663e-51
1.497993775782579315e-51
1.126901690065481010e-51
3.924648744181437876e-52
7.387798077417872461e-53
1.382700487499061714e-53
3.024936900321936930e-54
8.446309359806048381e-55
3.659735207608311584e-55
2.879474335402911352e-55
2.860553482867569660e-55
2.860549465758267260e-55
2.860549465758260740e-55
2.860549465758260740e-55
2.860549465758260740e-55
2.860549465758260740e-55
2.860549465758260740e-55
2.860549465758260740e-55
2.860549465758260740e-55
2.860549465758260740e-55
2.860549465758260740e-55
2.860549465758260740e-55
2.860549465758260740e-55
2.860549465758260740e-55
2.860549465758260740e-55
2.860549465758260740e-55
2.860549465758260740e-55
2.860549465758260740e-55
2.860549465758260740e-55
2.860549465758259653e-55
2.860549465758192279e-55
2.860549465755333944e-55
2.860549465660244967e-55
2.860549462345063005e-55
2.860549378976743801e-55
2.860547674303739849e-55
2.860514129654416398e-55
2.860012008288156099e-55
2.853769556204163654e-55
2.784882015403056458e-55
2.289416036607966219e-55
9.767265671780581830e-56
2.037451549719732189e-56
3.892650851106009239e-57
8.547959257592468379e-58
2.388595485527638998e-58
1.035136584054622351e-58
8.144660839087412100e-59
8.091148093271350262e-59
8.091136731907465738e-59
8.091136731907448051e-59
8.091136731907448051e-59
8.091136731907448051e-59
8.091136731907448051e-59
8.091136731907448051e-59
8.091136731907448051e-59
8.091136731907448051e-59
8.091136731907448051e-59
8.091136731907448051e-59
8.091136731907448051e-59
8.091136731907448051e-59
8.091136731907448051e-59
8.091136731907448051e-59
8.091136731907448051e-59
8.091136731907448051e-59
8.091136731907448051e-59
8.091136731907448051e-59
8.091136731907448051e-59
8.091136731907448051e-59
8.091136731907446283e-59
8.091136731907322475e-59
8.091136731902048249e-59
8.091136731726550250e-59
8.091136725608040000e-59
8.091136571743223164e-59
8.091133425592990958e-59
8.091071515210253632e-59
8.090144734050428962e-59
8.078613396253712301e-59
7.950189045512809197e-59
6.958464010673504078e-59
3.582563337959691609e-59
8.509416747406579807e-60
1.675294709611109212e-60
3.699591013619239705e-61
1.034978668083586610e-61
4.486377879341165271e-62
3.530116486996957848e-62
3.506926107757715974e-62
3.506921184171837136e-62
3.506921184171828931e-62
3.506921184171828931e-62
3.506921184171828931e-62
3.506921184171828931e-62
3.506921184171828931e-62
3.506921184171828931e-62
3.506921184171828931e-62
3.506921184171828931e-62
3.506921184171828931e-62
3.506921184171828931e-62
3.506921184171828931e-62
3.506921184171828931e-62
3.506921184171828931e-62
3.506921184171828931e-62
3.506921184171828931e-62
3.506921184171828931e-62
3.506921184171828931e-62
3.506921184171828931e-62
3.506921184171828931e-62
3.506921184171828931e-62
3.506921184171828931e-62
3.506921184171793523e-62
3.506921184170291262e-62
3.506921184120319368e-62
3.506921182378123926e-62
3.506921138566364994e-62
3.506920242725481707e-62
3.506902614195089907e-62
3.506638708950109216e-62
3.503353371581307741e-62
3.466546198513678209e-62
3.168132225559724669e-62
1.919747867894408268e-62
5.321854789514374067e-63
1.093458921915173335e-63
2.435003568269339506e-64
6.823748057392005571e-65
2.959045864814296336e-65
2.328475527339732139e-65
2.313182544152726939e-65
2.313179297270561586e-65
2.313179297270556525e-65
2.313179297270556525e-65
2.313179297270556525e-65
2.313179297270556525e-65
2.313179297270556525e-65
2.313179297270556525e-65
2.313179297270556525e-65
2.313179297270556525e-65
2.313179297270556525e-65
2.313179297270556525e-65
2.313179297270556525e-65
2.313179297270556525e-65
2.313179297270556525e-65
2.313179297270556525e-65
2.313179297270556525e-65
2.313179297270556525e-65
2.313179297270556525e-65
2.313179297270556525e-65
2.313179297270556525e-65
2.313179297270556525e-65
2.313179297270556104e-65
2.313179297270540501e-65
2.313179297269885620e-65
2.313179297248089837e-65
2.313179296488205679e-65
2.313179277379071059e-65
2.313178886645028846e-65
2.313171197691125874e-65
2.313056088240605624e-65
2.311622607540188957e-65
2.295500213045564491e-65
2.160412271606460277e-65
1.495560114005543357e-65
4.925667810096934796e-66
1.073585320991245089e-66
2.420325699130824343e-67
6.799962981931276570e-68
2.950395696134581600e-68
2.321882484072323542e-68
2.306637953926077876e-68
2.306634717323839604e-68
2.306634717323834662e-68
2.306634717323834662e-68
2.306634717323834662e-68
2.306634717323834662e-68
2.306634717323834662e-68
2.306634717323834662e-68
2.306634717323834662e-68
2.306634717323834662e-68
2.306634717323834662e-68
2.306634717323834662e-68
2.306634717323834662e-68
2.306634717323834662e-68
2.306634717323834662e-68
2.306634717323834662e-68
2.306634717323834662e-68
2.306634717323834662e-68
2.306634717323834662e-68
2.306634717323834662e-68
2.306634717323834662e-68
2.306634717323834662e-68
2.306634717323834662e-68
2.306634717323834662e-68
2.306634717323824367e-68
2.306634717323389913e-68
2.306634717308928571e-68
2.306634716804740953e-68
2.306634704125710729e-68
2.306634444871218718e-68
2.306629343196034614e-68
2.306552965906450280e-68
2.305601611335376183e-68
2.294874459451503957e-68
2.202982289673100533e-68
1.691370731979765524e-68
6.667744544021826144e-69
1.572211083244574986e-69
3.608184201092216636e-70
1.017557707650599064e-70
4.418713430691133564e-71
3.477884165838583753e-71
3.455061246500766060e-71
3.455056400896746435e-71
3.455056400896739196e-71
3.455056400896739196e-71
3.455056400896739196e-71
3.455056400896739196e-71
3.455056400896739196e-71
3.455056400896739196e-71
3.455056400896739196e-71
3.455056400896739196e-71
3.455056400896739196e-71
3.455056400896739196e-71
3.455056400896739196e-71
3.455056400896739196e-71
3.455056400896739196e-71
3.455056400896739196e-71
3.455056400896739196e-71
3.455056400896739196e-71
3.455056400896739196e-71
3.455056400896739196e-71
3.455056400896739196e-71
3.455056400896739196e-71
3.455056400896739196e-71
3.455056400896739196e-71
3.455056400896739196e-71
3.455056400896728740e-71
3.455056400896293209e-71
3.455056400881793183e-71
3.455056400376286539e-71
3.455056387664078990e-71
3.455056127731179146e-71
3.455051012702182785e-71
3.454974434597983730e-71
3.454020438140677913e-71
3.443245459271985042e-71
3.349565365005958532e-71
2.778515403652688576e-71
1.305659815183566747e-71
3.403666679952527113e-72
8.012416389434223856e-73
2.272120665821574106e-73
9.878767403942045329e-74
7.776952815666716281e-74
7.725955850944146931e-74
7.725945023569229141e-74
7.725945023569211861e-74
7.725945023569211861e-74
7.725945023569211861e-74
7.725945023569211861e-74
7.725945023569211861e-74
7.725945023569211861e-74
7.725945023569211861e-74
7.725945023569211861e-74
7.725945023569211861e-74
7.725945023569211861e-74
7.725945023569211861e-74
7.725945023569211861e-74
7.725945023569211861e-74
7.725945023569211861e-74
7.725945023569211861e-74
7.725945023569211861e-74
7.725945023569211861e-74
7.725945023569211861e-74
7.725945023569211861e-74
7.725945023569211861e-74
7.725945023569211861e-74
7.725945023569211861e-74
7.725945023569211861e-74
7.725945023569211861e-74
7.725945023569196152e-74
7.725945023568541082e-74
7.725945023546714860e-74
7.725945022785802231e-74
7.725945003650777984e-74
7.725944612387300824e-74
7.725936912996204442e-74
7.725821643008363322e-74
7.724385489903493648e-74
7.708146741343757674e-74
7.565554234376343373e-74
6.637950099067145612e-74
3.664800564204340003e-74
1.079045526097678839e-74
2.631997636200683091e-75
7.523704814434674188e-76
3.277065646160709185e-76
2.580595685668517262e-76
2.563691916773771967e-76
2.563688327839511633e-76
2.563688327839505803e-76
2.563688327839505803e-76
2.563688327839505803e-76
2.563688327839505803e-76
2.563688327839505803e-76
2.563688327839505803e-76
2.563688327839505803e-76
2.563688327839505803e-76
2.563688327839505803e-76
2.563688327839505803e-76
2.563688327839505803e-76
2.563688327839505803e-76
2.563688327839505803e-76
2.563688327839505803e-76
2.563688327839505803e-76
2.563688327839505803e-76
2.563688327839505803e-76
2.563688327839505803e-76
2.563688327839505803e-76
2.563688327839505803e-76
2.563688327839505803e-76
2.563688327839505803e-76
2.563688327839505803e-76
2.563688327839505803e-76
2.563688327839502121e-76
2.563688327839354848e-76
2.563688327834454039e-76
2.563688327663580768e-76
2.563688323366558292e-76
2.563688235503176666e-76
2.563686506502628667e-76
2.563660620962447937e-76
2.563338091109773348e-76
2.559688509961933808e-76
2.527427117236746054e-76
2.307712173520491992e-76
1.465019965207628754e-76
4.959991460447027897e-77
1.269883704832098927e-77
3.672018883215533744e-78
1.603595212827387361e-78
1.263328357424793550e-78
1.255066227806876399e-78
1.255064473609353679e-78
1.255064473609350802e-78
1.255064473609350802e-78
1.255064473609350802e-78
1.255064473609350802e-78
1.255064473609350802e-78
1.255064473609350802e-78
1.255064473609350802e-78
1.255064473609350802e-78
1.255064473609350802e-78
1.255064473609350802e-78
1.255064473609350802e-78
1.255064473609350802e-78
1.255064473609350802e-78
1.255064473609350802e-78
1.255064473609350802e-78
1.255064473609350802e-78
1.255064473609350802e-78
1.255064473609350802e-78
1.255064473609350802e-78
1.255064473609350802e-78
1.255064473609350802e-78
1.255064473609350802e-78
1.255064473609350802e-78
1.255064473609350802e-78
1.255064473609350802e-78
1.255064473609349843e-78
1.255064473609300704e-78
1.255064473607668814e-78
1.255064473550775825e-78
1.255064472120065119e-78
1.255064442865601422e-78
1.255063867187838442e-78
1.255055248462284547e-78
1.254947855797644687e-78
1.253732053322321859e-78
1.242936285229316090e-78
1.167024245924399468e-78
8.311450557408350534e-79
3.272465196788305958e-79
8.932633029027589852e-80
2.625466019478811055e-80
1.150896709343580644e-80
9.072526422607134853e-81
9.013328677493585416e-81
9.013316108566034587e-81
9.013316108566015861e-81
9.013316108566015861e-81
9.013316108566015861e-81
9.013316108566015861e-81
9.013316108566015861e-81
9.013316108566015861e-81
9.013316108566015861e-81
9.013316108566015861e-81
9.013316108566015861e-81
9.013316108566015861e-81
9.013316108566015861e-81
9.013316108566015861e-81
9.013316108566015861e-81
9.013316108566015861e-81
9.013316108566015861e-81
9.013316108566015861e-81
9.013316108566015861e-81
9.013316108566015861e-81
9.013316108566015861e-81
9.013316108566015861e-81
9.013316108566015861e-81
9.013316108566015861e-81
9.013316108566015861e-81
9.013316108566015861e-81
9.013316108566015861e-81
9.013316108566015861e-81
9.013316108566010243e-81
9.013316108565768668e-81
9.013316108557763002e-81
9.013316108278611495e-81
9.013316101258671884e-81
9.013315957718405561e-81
9.013313133091301306e-81
9.013270844255630982e-81
9.012743893524562184e-81
9.006776241612451992e-81
8.953625087883464790e-81
8.571519741596726053e-81
6.684089378481724118e-81
3.068786739606352691e-81
9.089396704503055625e-82
2.733191001719276868e-82
1.204617917871098625e-82
9.504529648633242263e-83
9.442718918628618311e-83
9.442705794623253427e-83
9.442705794623232944e-83
9.442705794623232944e-83
9.442705794623232944e-83
9.442705794623232944e-83
9.442705794623232944e-83
9.442705794623232944e-83
9.442705794623232944e-83
9.442705794623232944e-83
9.442705794623232944e-83
9.442705794623232944e-83
9.442705794623232944e-83
9.442705794623232944e-83
9.442705794623232944e-83
9.442705794623232944e-83
9.442705794623232944e-83
9.442705794623232944e-83
9.442705794623232944e-83
9.442705794623232944e-83
9.442705794623232944e-83
9.442705794623232944e-83
9.442705794623232944e-83
9.442705794623232944e-83
9.442705794623232944e-83
9.442705794623232944e-83
9.442705794623232944e-83
9.442705794623232944e-83
9.442705794623227092e-83
9.442705794623054455e-83
9.442705794617300382e-83
9.442705794416675920e-83
9.442705789371531770e-83
9.442705686210885465e-83
9.442703656185455966e-83
9.442673263661619726e-83
9.442294542422366929e-83
9.438004600587897602e-83
9.399717190927168967e-83
9.120228973129907333e-83
7.620892711561094782e-83
4.054647296001891925e-83
1.326848671483960368e-83
4.116868539435099916e-84
1.828454367764393035e-84
1.444517898714030674e-84
1.435168608718912860e-84
1.435166623562519127e-84
1.435166623562515698e-84
1.435166623562515698e-84
1.435166623562515698e-84
1.435166623562515698e-84
1.435166623562515698e-84
1.435166623562515698e-84
1.435166623562515698e-84
1.435166623562515698e-84
1.435166623562515698e-84
1.435166623562515698e-84
1.435166623562515698e-84
1.435166623562515698e-84
1.435166623562515698e-84
1.435166623562515698e-84
1.435166623562515698e-84
1.435166623562515698e-84
1.435166623562515698e-84
1.435166623562515698e-84
1.435166623562515698e-84
1.435166623562515698e-84
1.435166623562515698e-84
1.435166623562515698e-84
1.435166623562515698e-84
1.435166623562515698e-84
1.435166623562515698e-84
1.435166623562515698e-84
1.435166623562515698e-84
1.435166623562515470e-84
1.435166623562497410e-84
1.435166623561895285e-84
1.435166623540905236e-84
1.435166623013058800e-84
1.435166612219911159e-84
1.435166399829173903e-84
1.435163220018041281e-84
1.435123595856572962e-84
1.434674686410179290e-84
1.430662565701209319e-84
1.401064679107513533e-84
1.232367368793844393e-84
7.495279977829604504e-85
2.754335544453420730e-85
8.913674115594323208e-86
4.001948594807318757e-86
3.167403910190603965e-86
3.147043743315018159e-86
3.147039420001157587e-86
3.147039420001150444e-86
3.147039420001150444e-86
3.147039420001150444e-86
3.147039420001150444e-86
3.147039420001150444e-86
3.147039420001150444e-86
3.147039420001150444e-86
3.147039420001150444e-86
3.147039420001150444e-86
3.147039420001150444e-86
3.147039420001150444e-86
3.147039420001150444e-86
3.147039420001150444e-86
3.147039420001150444e-86
3.147039420001150444e-86
3.147039420001150444e-86
3.147039420001150444e-86
3.147039420001150444e-86
3.147039420001150444e-86
3.147039420001150444e-86
3.147039420001150444e-86
3.147039420001150444e-86
3.147039420001150444e-86
3.147039420001150444e-86
3.147039420001150444e-86
3.147039420001150444e-86
3.147039420001150444e-86
3.147039420001149729e-86
3.147039420001122583e-86
3.147039420000211408e-86
3.147039419968442431e-86
3.147039419169535678e-86
3.147039402833888445e-86
3.147039081376200860e-86
3.147034268664050850e-86
3.146974296094201399e-86
3.146294784115497185e-86
3.140215803562718134e-86
3.095042697790086106e-86
2.826047575947025146e-86
1.929057308117699016e-86
8.056467998526856266e-87
2.755039740292962069e-87
1.255687335477504385e-87
9.964013849716771155e-88
9.900589069605712273e-88
9.900575601026347212e-88
9.900575601026327120e-88
9.900575601026327120e-88
9.900575601026327120e-88
9.900575601026327120e-88
9.900575601026327120e-88
9.900575601026327120e-88
9.900575601026327120e-88
9.900575601026327120e-88
9.900575601026327120e-88
9.900575601026327120e-88
9.900575601026327120e-88
9.900575601026327120e-88
9.900575601026327120e-88
9.900575601026327120e-88
9.900575601026327120e-88
9.900575601026327120e-88
9.900575601026327120e-88
9.900575601026327120e-88
9.900575601026327120e-88
9.900575601026327120e-88
9.900575601026327120e-88
9.900575601026327120e-88
9.900575601026327120e-88
9.900575601026327120e-88
9.900575601026327120e-88
9.900575601026327120e-88
9.900575601026327120e-88
9.900575601026326004e-88
9.900575601026265729e-88
9.900575601024283361e-88
9.900575600955185085e-88
9.900575599217552922e-88
9.900575563687313247e-88
9.900574864512717361e-88
9.900564396796781480e-88
9.900433954793534082e-88
9.898955890193138564e-88
9.885724209468150461e-88
9.786902390628858120e-88
9.179721181353159271e-88
6.892078767982970836e-88
3.290051964442978100e-88
1.206515188923418017e-88
5.613947759614126410e-89
4.470884531861869990e-89
4.442819790217723892e-89
4.442813829996115605e-89
4.442813829996105141e-89
4.442813829996105141e-89
4.442813829996105141e-89
4.442813829996105141e-89
4.442813829996105141e-89
4.442813829996105141e-89
4.442813829996105141e-89
4.442813829996105141e-89
4.442813829996105141e-89
4.442813829996105141e-89
4.442813829996105141e-89
4.442813829996105141e-89
4.442813829996105141e-89
4.442813829996105141e-89
4.442813829996105141e-89
4.442813829996105141e-89
4.442813829996105141e-89
4.442813829996105141e-89
4.442813829996105141e-89
4.442813829996105141e-89
4.442813829996105141e-89
4.442813829996105141e-89
4.442813829996105141e-89
4.442813829996105141e-89
4.442813829996105141e-89
4.442813829996105141e-89
4.442813829996105141e-89
4.442813829996105141e-89
4.442813829996105141e-89
4.442813829996087002e-89
4.442813829995471698e-89
4.442813829974028825e-89
4.442813829434792572e-89
4.442813818408755833e-89
4.442813601435141229e-89
4.442810353006243624e-89
4.442769872978364853e-89
4.442311162645524193e-89
4.438202890598131255e-89
4.407412451990307433e-89
4.213973043094046490e-89
3.412634726082365992e-89
1.859311482100230817e-89
7.425407778115892735e-90
3.553000045354577149e-90
2.843852443539017665e-90
2.826351235754479477e-90
2.826347518492068869e-90
2.826347518492063201e-90
2.826347518492063201e-90
2.826347518492063201e-90
2.826347518492063201e-90
2.826347518492063201e-90
2.826347518492063201e-90
2.826347518492063201e-90
2.826347518492063201e-90
2.826347518492063201e-90
2.826347518492063201e-90
2.826347518492063201e-90
2.826347518492063201e-90
2.826347518492063201e-90
2.826347518492063201e-90
2.826347518492063201e-90
2.826347518492063201e-90
2.826347518492063201e-90
2.826347518492063201e-90
2.826347518492063201e-90
2.826347518492063201e-90
2.826347518492063201e-90
2.826347518492063201e-90
2.826347518492063201e-90
2.826347518492063201e-90
2.826347518492063201e-90
2.826347518492063201e-90
2.826347518492063201e-90
2.826347518492063201e-90
2.826347518492063201e-90
2.826347518492054917e-90
2.826347518491784587e-90
2.826347518482365789e-90
2.826347518245511929e-90
2.826347513402439463e-90
2.826347418099016353e-90
2.826345991259777740e-90
2.826328210766509644e-90
2.826126719312704903e-90
2.824321560083599913e-90
2.810759379722494497e-90
2.724202954111107786e-90
2.338862063711938758e-90
1.442470054553314388e-90
6.364635289398739584e-91
3.160314234885959549e-91
2.547139739658901323e-91
2.531899187959975613e-91
2.531895950305724601e-91
2.531895950305719151e-91
2.531895950305719151e-91
2.531895950305719151e-91
2.531895950305719151e-91
2.531895950305719151e-91
2.531895950305719151e-91
2.531895950305719151e-91
2.531895950305719151e-91
2.531895950305719151e-91
2.531895950305719151e-91
2.531895950305719151e-91
2.531895950305719151e-91
2.531895950305719151e-91
2.531895950305719151e-91
2.531895950305719151e-91
2.531895950305719151e-91
2.531895950305719151e-91
2.531895950305719151e-91
2.531895950305719151e-91
2.531895950305719151e-91
2.531895950305719151e-91
2.531895950305719151e-91
2.531895950305719151e-91
2.531895950305719151e-91
2.531895950305719151e-91
2.531895950305719151e-91
2.531895950305719151e-91
2.531895950305719151e-91
2.531895950305719151e-91
2.531895950305714246e-91
2.531895950305547470e-91
2.531895950299746289e-91
2.531895950153855096e-91
2.531895947170753230e-91
2.531895888468385672e-91
2.531895009603254276e-91
2.531884057641525423e-91
2.531759945214248736e-91
2.530647776956487384e-91
2.522277827117249351e-91
2.468261286924966081e-91
2.214526734749612621e-91
1.525554478505767256e-91
7.522463596112487993e-92
3.918334403734745245e-92
3.187992312658451946e-92
3.169663326956832668e-92
3.169659432288619671e-92
3.169659432288613539e-92
3.169659432288613539e-92
3.169659432288613539e-92
3.169659432288613539e-92
3.169659432288613539e-92
3.169659432288613539e-92
3.169659432288613539e-92
3.169659432288613539e-92
3.169659432288613539e-92
3.169659432288613539e-92
3.169659432288613539e-92
3.169659432288613539e-92
3.169659432288613539e-92
3.169659432288613539e-92
3.169659432288613539e-92
3.169659432288613539e-92
3.169659432288613539e-92
3.169659432288613539e-92
3.169659432288613539e-92
3.169659432288613539e-92
3.169659432288613539e-92
3.169659432288613539e-92
3.169659432288613539e-92
3.169659432288613539e-92
3.169659432288613539e-92
3.169659432288613539e-92
3.169659432288613539e-92
3.169659432288613539e-92
3.169659432288613539e-92
3.169659432288613539e-92
3.169659432288609451e-92
3.169659432288467065e-92
3.169659432283511481e-92
3.169659432158903138e-92
3.169659429610965858e-92
3.169659379471899331e-92
3.169658628812530524e-92
3.169649274470675308e-92
3.169543265174746278e-92
3.168593171208314467e-92
3.161434440628721537e-92
3.114870047364430566e-92
2.887343020540174490e-92
2.185879843491569081e-92
1.212527893805097389e-92
6.706416380510132119e-93
5.525639693176321723e-93
5.495620813510611496e-93
5.495614432861383368e-93
5.495614432861373149e-93
5.495614432861373149e-93
5.495614432861373149e-93
5.495614432861373149e-93
5.495614432861373149e-93
5.495614432861373149e-93
5.495614432861373149e-93
5.495614432861373149e-93
5.495614432861373149e-93
5.495614432861373149e-93
5.495614432861373149e-93
5.495614432861373149e-93
5.495614432861373149e-93
5.495614432861373149e-93
5.495614432861373149e-93
5.495614432861373149e-93
5.495614432861373149e-93
5.495614432861373149e-93
5.495614432861373149e-93
5.495614432861373149e-93
5.495614432861373149e-93
5.495614432861373149e-93
5.495614432861373149e-93
5.495614432861373149e-93
5.495614432861373149e-93
5.495614432861373149e-93
5.495614432861373149e-93
5.495614432861373149e-93
5.495614432861373149e-93
5.495614432861368891e-93
5.495614432861201979e-93
5.495614432855415412e-93
5.495614432709901338e-93
5.495614429734477323e-93
5.495614371183227280e-93
5.495613494580371918e-93
5.495602570782378994e-93
5.495478773949622993e-93
5.494369140888860661e-93
5.486001332559378683e-93
5.431269533341678693e-93
5.156058107012553589e-93
4.217244422756888355e-93
2.633086659922440380e-93
1.565801652872536740e-93
1.311596517215765574e-93
1.305023475910480839e-93
1.305022078188923829e-93
1.305022078188921274e-93
1.305022078188921274e-93
1.305022078188921274e-93
1.305022078188921274e-93
1.305022078188921274e-93
1.305022078188921274e-93
1.305022078188921274e-93
1.305022078188921274e-93
1.305022078188921274e-93
1.305022078188921274e-93
1.305022078188921274e-93
1.305022078188921274e-93
1.305022078188921274e-93
1.305022078188921274e-93
1.305022078188921274e-93
1.305022078188921274e-93
1.305022078188921274e-93
1.305022078188921274e-93
1.305022078188921274e-93
1.305022078188921274e-93
1.305022078188921274e-93
1.305022078188921274e-93
1.305022078188921274e-93
1.305022078188921274e-93
1.305022078188921274e-93
1.305022078188921274e-93
1.305022078188921274e-93
1.305022078188921274e-93
1.305022078188921274e-93
1.305022078188920635e-93
1.305022078188894662e-93
1.305022078187987716e-93
1.305022078165181019e-93
1.305022077698842445e-93
1.305022068522092081e-93
1.305021931131926850e-93
1.305020219041326495e-93
1.305000816159616265e-93
1.304826888268587543e-93
1.303514518304220874e-93
1.294896982757051278e-93
1.250661395496733282e-93
1.087456230944422039e-93
7.598281061797851464e-94
4.912598555338545700e-94
4.202364007177517016e-94
4.183599331317630683e-94
4.183595338920205669e-94
4.183595338920199282e-94
4.183595338920199282e-94
4.183595338920199282e-94
4.183595338920199282e-94
4.183595338920199282e-94
4.183595338920199282e-94
4.183595338920199282e-94
4.183595338920199282e-94
4.183595338920199282e-94
4.183595338920199282e-94
4.183595338920199282e-94
4.183595338920199282e-94
4.183595338920199282e-94
4.183595338920199282e-94
4.183595338920199282e-94
4.183595338920199282e-94
4.183595338920199282e-94
4.183595338920199282e-94
4.183595338920199282e-94
4.183595338920199282e-94
4.183595338920199282e-94
4.183595338920199282e-94
4.183595338920199282e-94
4.183595338920199282e-94
4.183595338920199282e-94
4.183595338920199282e-94
4.183595338920199282e-94
4.183595338920199282e-94
4.183595338920197686e-94
4.183595338920144993e-94
4.183595338918284797e-94
4.183595338871505786e-94
4.183595337914990236e-94
4.183595319092411044e-94
4.183595037289236129e-94
4.183591525590905963e-94
4.183551727776266337e-94
4.183194960187083268e-94
4.180501871629120622e-94
4.162769396391617447e-94
4.070396929166951275e-94
3.708834589183454417e-94
2.867271149377561748e-94
2.031018810674158625e-94
1.782445925280139222e-94
1.775703583821055587e-94
1.775702148327663971e-94
1.775702148327661842e-94
1.775702148327661842e-94
1.775702148327661842e-94
1.775702148327661842e-94
1.775702148327661842e-94
1.775702148327661842e-94
1.775702148327661842e-94
1.775702148327661842e-94
1.775702148327661842e-94
1.775702148327661842e-94
1.775702148327661842e-94
1.775702148327661842e-94
1.775702148327661842e-94
1.775702148327661842e-94
1.775702148327661842e-94
1.775702148327661842e-94
1.775702148327661842e-94
1.775702148327661842e-94
1.775702148327661842e-94
1.775702148327661842e-94
1.775702148327661842e-94
1.775702148327661842e-94
1.775702148327661842e-94
1.775702148327661842e-94
1.775702148327661842e-94
1.775702148327661842e-94
1.775702148327661842e-94
1.775702148327661310e-94
1.775702148327647472e-94
1.775702148327165524e-94
1.775702148315044975e-94
1.775702148067207495e-94
1.775702143190185269e-94
1.775702070173605750e-94
1.775701160275091433e-94
1.775690848421665767e-94
1.775598404377449012e-94
1.774900384924831695e-94
1.770295560880707600e-94
1.746059450337358703e-94
1.646999921896827772e-94
1.386993878373730473e-94
1.078147756795719530e-94
9.744010843906417304e-95
9.715008070993684753e-95
9.715001891095065038e-95
9.715001891095053063e-95
9.715001891095053063e-95
9.715001891095053063e-95
9.715001891095053063e-95
9.715001891095053063e-95
9.715001891095053063e-95
9.715001891095053063e-95
9.715001891095053063e-95
9.715001891095053063e-95
9.715001891095053063e-95
9.715001891095053063e-95
9.715001891095053063e-95
9.715001891095053063e-95
9.715001891095053063e-95
9.715001891095053063e-95
9.715001891095053063e-95
9.715001891095053063e-95
9.715001891095053063e-95
9.715001891095053063e-95
9.715001891095053063e-95
9.715001891095053063e-95
9.715001891095053063e-95
9.715001891095053063e-95
9.715001891095053063e-95
9.715001891095053063e-95
9.715001891095053063e-95
9.715001891095053063e-95
9.715001891095053063e-95
9.715001891095010483e-95
9.715001891093510883e-95
9.715001891055778706e-95
9.715001890284273640e-95
9.715001875102343520e-95
9.715001647805325823e-95
9.714998815335373748e-95
9.714966714948261665e-95
9.714678933159679833e-95
9.712505555329224376e-95
9.698149334573038911e-95
9.622056877292425772e-95
9.301438512532761717e-95
8.378910245593648539e-95
7.100943323315604932e-95
6.618278215719212912e-95
6.604351122684923614e-95
6.604348152509407407e-95
6.604348152509402085e-95
6.604348152509402085e-95
6.604348152509402085e-95
6.604348152509402085e-95
6.604348152509402085e-95
6.604348152509402085e-95
6.604348152509402085e-95
6.604348152509402085e-95
6.604348152509402085e-95
6.604348152509402085e-95
6.604348152509402085e-95
6.604348152509402085e-95
6.604348152509402085e-95
6.604348152509402085e-95
6.604348152509402085e-95
6.604348152509402085e-95
6.604348152509402085e-95
6.604348152509402085e-95
6.604348152509402085e-95
6.604348152509402085e-95
6.604348152509402085e-95
6.604348152509402085e-95
6.604348152509402085e-95
6.604348152509402085e-95
6.604348152509402085e-95
6.604348152509402085e-95
6.604348152509402085e-95
6.604348152509386117e-95
6.604348152508863187e-95
6.604348152495707421e-95
6.604348152226694841e-95
6.604348146933004899e-95
6.604348067678250486e-95
6.604347080042126379e-95
6.604335887140529529e-95
6.604235540534392350e-95
6.603477612087132940e-95
6.598466972321282092e-95
6.571788014604294151e-95
6.457092002200087809e-95
6.105026098808579032e-95
5.555389653422771862e-95
5.326109280171318329e-95
5.319298338400160902e-95
5.319296884655871234e-95
5.319296884655867907e-95
5.319296884655867907e-95
5.319296884655867907e-95
5.319296884655867907e-95
5.319296884655867907e-95
5.319296884655867907e-95
5.319296884655867907e-95
5.319296884655867907e-95
5.319296884655867907e-95
5.319296884655867907e-95
5.319296884655867907e-95
5.319296884655867907e-95
5.319296884655867907e-95
5.319296884655867907e-95
5.319296884655867907e-95
5.319296884655867907e-95
5.319296884655867907e-95
5.319296884655867907e-95
5.319296884655867907e-95
5.319296884655867907e-95
5.319296884655867907e-95
5.319296884655867907e-95
5.319296884655867907e-95
5.319296884655867907e-95
5.319296884655867907e-95
5.319296884655867907e-95
5.319296884655867907e-95
5.319296884655863250e-95
5.319296884655676299e-95
5.319296884650990547e-95
5.319296884555159839e-95
5.319296882669381279e-95
5.319296854436358494e-95
5.319296502609430622e-95
5.319292515343128906e-95
5.319256768364899127e-95
5.318986748116313030e-95
5.317200783222777959e-95
5.307665964641597044e-95
5.266179107753872896e-95
5.133592395360309700e-95
4.909308196765519809e-95
4.808849556689976215e-95
4.805798621162462929e-95
4.805797969543000086e-95
4.805797969542998755e-95
4.805797969542998755e-95
4.805797969542998755e-95
4.805797969542998755e-95
4.805797969542998755e-95
4.805797969542998755e-95
4.805797969542998755e-95
4.805797969542998755e-95
4.805797969542998755e-95
4.805797969542998755e-95
4.805797969542998755e-95
4.805797969542998755e-95
4.805797969542998755e-95
4.805797969542998755e-95
4.805797969542998755e-95
4.805797969542998755e-95
4.805797969542998755e-95
4.805797969542998755e-95
4.805797969542998755e-95
4.805797969542998755e-95
4.805797969542998755e-95
4.805797969542998755e-95
4.805797969542998755e-95
4.805797969542998755e-95
4.805797969542998755e-95
4.805797969542998755e-95
4.805797969542998090e-95
4.805797969542936217e-95
4.805797969541402686e-95
4.805797969510040816e-95
4.805797968892911410e-95
4.805797959653521774e-95
4.805797844516510002e-95
4.805796539664236680e-95
4.805784841236161560e-95
4.805696472136918609e-95
4.805111838114734594e-95
4.801986381220457259e-95
4.788303510697308681e-95
4.743641342009007651e-95
4.664690820230522888e-95
4.627861616187930123e-95
4.626728318684889488e-95
4.626728076540594694e-95
4.626728076540594694e-95
4.626728076540594694e-95
4.626728076540594694e-95
4.626728076540594694e-95
4.626728076540594694e-95
4.626728076540594694e-95
4.626728076540594694e-95
4.626728076540594694e-95
4.626728076540594694e-95
4.626728076540594694e-95
4.626728076540594694e-95
4.626728076540594694e-95
4.626728076540594694e-95
4.626728076540594694e-95
4.626728076540594694e-95
4.626728076540594694e-95
4.626728076540594694e-95
4.626728076540594694e-95
4.626728076540594694e-95
4.626728076540594694e-95
4.626728076540594694e-95
4.626728076540594694e-95
4.626728076540594694e-95
4.626728076540594694e-95
4.626728076540594694e-95
4.626728076540594029e-95
4.626728076540577396e-95
4.626728076540158918e-95
4.626728076531625701e-95
4.626728076363686442e-95
4.626728073849388434e-95
4.626728042517349960e-95
4.626727687430060324e-95
4.626724503949997453e-95
4.626700455807312253e-95
4.626541341648651292e-95
4.625690245093495312e-95
4.621954875150824864e-95
4.609655099965238155e-95
4.587502647949684729e-95
4.576985409752683529e-95
4.576659892144437788e-95
4.576659822581119984e-95
4.576659822581119984e-95
4.576659822581119984e-95
4.576659822581119984e-95
4.576659822581119984e-95
4.576659822581119984e-95
4.576659822581119984e-95
4.576659822581119984e-95
4.576659822581119984e-95
4.576659822581119984e-95
4.576659822581119984e-95
4.576659822581119984e-95
4.576659822581119984e-95
4.576659822581119984e-95
4.576659822581119984e-95
4.576659822581119984e-95
4.576659822581119984e-95
4.576659822581119984e-95
4.576659822581119984e-95
4.576659822581119984e-95
4.576659822581119984e-95
4.576659822581119984e-95
4.576659822581119984e-95
4.576659822581119984e-95
4.576659822581119984e-95
4.576659822581119984e-95
4.576659822581119984e-95
4.576659822581115992e-95
4.576659822581027506e-95
4.576659822579226522e-95
4.576659822543792978e-95
4.576659822013284447e-95
4.576659815402342735e-95
4.576659740480249410e-95
4.576659068777433717e-95
4.576653994682533503e-95
4.576620420967653407e-95
4.576440805386032160e-95
4.575651876925685667e-95
4.573047000604944973e-95
4.568327833031151930e-95
4.566074779224671485e-95
4.566004915595813802e-95
4.566004900665078697e-95
4.566004900665078697e-95
4.566004900665078697e-95
4.566004900665078697e-95
4.566004900665078697e-95
4.566004900665078697e-95
4.566004900665078697e-95
4.566004900665078697e-95
4.566004900665078697e-95
4.566004900665078697e-95
4.566004900665078697e-95
4.566004900665078697e-95
4.566004900665078697e-95
4.566004900665078697e-95
4.566004900665078697e-95
4.566004900665078697e-95
4.566004900665078697e-95
4.566004900665078697e-95
4.566004900665078697e-95
4.566004900665078697e-95
4.566004900665078697e-95
4.566004900665078697e-95
4.566004900665078697e-95
4.566004900665078697e-95
4.566004900665078697e-95
4.566004900665078697e-95
4.566004900665077366e-95
4.566004900665064060e-95
4.566004900664779309e-95
4.566004900659178096e-95
4.566004900575308262e-95
4.566004899530177383e-95
4.566004887685648161e-95
4.566004781495291287e-95
4.566003979324283560e-95
4.565998671569384896e-95
4.565970274567141975e-95
4.565845523731851116e-95
4.565433365422753020e-95
4.564685664827841913e-95
4.564328234503081292e-95
4.564317146411692826e-95
4.564317144041998461e-95
4.564317144041998461e-95
4.564317144041998461e-95
4.564317144041998461e-95
4.564317144041998461e-95
4.564317144041998461e-95
4.564317144041998461e-95
4.564317144041998461e-95
4.564317144041998461e-95
4.564317144041998461e-95
4.564317144041998461e-95
4.564317144041998461e-95
4.564317144041998461e-95
4.564317144041998461e-95
4.564317144041998461e-95
4.564317144041998461e-95
4.564317144041998461e-95
4.564317144041998461e-95
4.564317144041998461e-95
4.564317144041998461e-95
4.564317144041998461e-95
4.564317144041998461e-95
4.564317144041998461e-95
4.564317144041998461e-95
4.564317144041998461e-95
4.564317144041998461e-95
4.564317144041998461e-95
4.564317144041996465e-95
4.564317144041963199e-95
4.564317144041306542e-95
4.564317144031474647e-95
4.564317143908959171e-95
4.564317142520482377e-95
4.564317130072297532e-95
4.564317036037638923e-95
4.564316413834258370e-95
4.564313084964288582e-95
4.564298460476756512e-95
4.564250138317095838e-95
4.564162456932522975e-95
4.564120532820139271e-95
4.564119232170792324e-95
4.564119231892822061e-95
4.564119231892822061e-95
4.564119231892822061e-95
4.564119231892822061e-95
4.564119231892822061e-95
4.564119231892822061e-95
4.564119231892822061e-95
4.564119231892822061e-95
4.564119231892822061e-95
4.564119231892822061e-95
4.564119231892822061e-95
4.564119231892822061e-95
4.564119231892822061e-95
4.564119231892822061e-95
4.564119231892822061e-95
4.564119231892822061e-95
4.564119231892822061e-95
4.564119231892822061e-95
4.564119231892822061e-95
4.564119231892822061e-95
4.564119231892822061e-95
4.564119231892822061e-95
4.564119231892822061e-95
4.564119231892822061e-95
4.564119231892822061e-95
4.564119231892822061e-95
4.564119231892819400e-95
4.564119231892761518e-95
4.564119231891907265e-95
4.564119231881264361e-95
4.564119231760644342e-95
4.564119230679238306e-95
4.564119222510208627e-95
4.564119168457809548e-95
4.564118879270134719e-95
4.564117608797941129e-95
4.564113410857112793e-95
4.564105793414473858e-95
4.564102151104266405e-95
4.564102038104632714e-95
4.564102038080482763e-95
4.564102038080482763e-95
4.564102038080482763e-95
4.564102038080482763e-95
4.564102038080482763e-95
4.564102038080482763e-95
4.564102038080482763e-95
4.564102038080482763e-95
4.564102038080482763e-95
4.564102038080482763e-95
4.564102038080482763e-95
4.564102038080482763e-95
4.564102038080482763e-95
4.564102038080482763e-95
4.564102038080482763e-95
4.564102038080482763e-95
4.564102038080482763e-95
4.564102038080482763e-95
4.564102038080482763e-95
4.564102038080482763e-95
4.564102038080482763e-95
4.564102038080482763e-95
4.564102038080482763e-95
4.564102038080482763e-95
4.564102038080482763e-95
4.564102038080482763e-95
4.564102038080482763e-95
4.564102038080480102e-95
4.564102038080424216e-95
4.564102038079738286e-95
4.564102038071956864e-95
4.564102038002194184e-95
4.564102037475205123e-95
4.564102033988256692e-95
4.564102015332601102e-95
4.564101933373718852e-95
4.564101662561869153e-95
4.564101171154578137e-95
4.564100936185704122e-95
4.564100928895985729e-95
4.564100928894426916e-95
4.564100928894426916e-95
4.564100928894426916e-95
4.564100928894426916e-95
4.564100928894426916e-95
4.564100928894426916e-95
4.564100928894426916e-95
4.564100928894426916e-95
4.564100928894426916e-95
4.564100928894426916e-95
4.564100928894426916e-95
4.564100928894426916e-95
4.564100928894426916e-95
4.564100928894426916e-95
4.564100928894426916e-95
4.564100928894426916e-95
4.564100928894426916e-95
4.564100928894426916e-95
4.564100928894426916e-95
4.564100928894426916e-95
4.564100928894426916e-95
4.564100928894426916e-95
4.564100928894426916e-95
4.564100928894426916e-95
4.564100928894426916e-95
4.564100928894426916e-95
4.564100928894426916e-95
4.564100928894424921e-95
4.564100928894391655e-95
4.564100928894018418e-95
4.564100928890667936e-95
4.564100928865360353e-95
4.564100928697906102e-95
4.564100927802000748e-95
4.564100923866069745e-95
4.564100910860807365e-95
4.564100887261832715e-95
4.564100875977862576e-95
4.564100875627787089e-95
4.564100875627711910e-95
4.564100875627711910e-95
4.564100875627711910e-95
4.564100875627711910e-95
4.564100875627711910e-95
4.564100875627711910e-95
4.564100875627711910e-95
4.564100875627711910e-95
4.564100875627711910e-95
4.564100875627711910e-95
4.564100875627711910e-95
4.564100875627711910e-95
4.564100875627711910e-95
4.564100875627711910e-95
4.564100875627711910e-95
4.564100875627711910e-95
4.564100875627711910e-95
4.564100875627711910e-95
4.564100875627711910e-95
4.564100875627711910e-95
4.564100875627711910e-95
4.564100875627711910e-95
4.564100875627711910e-95
4.564100875627711910e-95
4.564100875627711910e-95
4.564100875627711910e-95
4.564100875627711910e-95
4.564100875627711910e-95
4.564100875627710579e-95
4.564100875627697938e-95
4.564100875627576853e-95
4.564100875626670040e-95
4.564100875620669643e-95
4.564100875588561965e-95
4.564100875447507066e-95
4.564100874981426125e-95
4.564100874135687521e-95
4.564100873731293107e-95
4.564100873718748093e-95
4.564100873718744767e-95
4.564100873718744767e-95
4.564100873718744767e-95
4.564100873718744767e-95
4.564100873718744767e-95
4.564100873718744767e-95
4.564100873718744767e-95
4.564100873718744767e-95
4.564100873718744767e-95
4.564100873718744767e-95
4.564100873718744767e-95
4.564100873718744767e-95
4.564100873718744767e-95
4.564100873718744767e-95
4.564100873718744767e-95
4.564100873718744767e-95
4.564100873718744767e-95
4.564100873718744767e-95
4.564100873718744767e-95
4.564100873718744767e-95
4.564100873718744767e-95
4.564100873718744767e-95
4.564100873718744767e-95
4.564100873718744767e-95
4.564100873718744767e-95
4.564100873718744767e-95
4.564100873718744767e-95
4.564100873718744767e-95
4.564100873718744767e-95
4.564100873718742105e-95
4.564100873718717489e-95
4.564100873718556485e-95
4.564100873717694913e-95
4.564100873713913978e-95
4.564100873701418197e-95
4.564100873678745891e-95
4.564100873667904061e-95
4.564100873667567416e-95
4.564100873667567416e-95
4.564100873667567416e-95
4.564100873667567416e-95
4.564100873667567416e-95
4.564100873667567416e-95
4.564100873667567416e-95
4.564100873667567416e-95
4.564100873667567416e-95
4.564100873667567416e-95
4.564100873667567416e-95
4.564100873667567416e-95
4.564100873667567416e-95
4.564100873667567416e-95
4.564100873667567416e-95
4.564100873667567416e-95
4.564100873667567416e-95
4.564100873667567416e-95
4.564100873667567416e-95
4.564100873667567416e-95
4.564100873667567416e-95
4.564100873667567416e-95
4.564100873667567416e-95
4.564100873667567416e-95
4.564100873667567416e-95
4.564100873667567416e-95
4.564100873667567416e-95
4.564100873667567416e-95
4.564100873667567416e-95
4.564100873667567416e-95
4.564100873667567416e-95
4.564100873667567416e-95
4.564100873667564089e-95
4.564100873667547457e-95
4.564100873667470946e-95
4.564100873667220126e-95
4.564100873666763726e-95
4.564100873666546171e-95
4.564100873666539518e-95
4.564100873666539518e-95
4.564100873666539518e-95
4.564100873666539518e-95
4.564100873666539518e-95
4.564100873666539518e-95
4.564100873666539518e-95
4.564100873666539518e-95
4.564100873666539518e-95
4.564100873666539518e-95
4.564100873666539518e-95
4.564100873666539518e-95
4.564100873666539518e-95
4.564100873666539518e-95
4.564100873666539518e-95
4.564100873666539518e-95
4.564100873666539518e-95
4.564100873666539518e-95
4.564100873666539518e-95
4.564100873666539518e-95
4.564100873666539518e-95
4.564100873666539518e-95
4.564100873666539518e-95
4.564100873666539518e-95
4.564100873666539518e-95
4.564100873666539518e-95
4.564100873666539518e-95
4.564100873666539518e-95
4.564100873666539518e-95
4.564100873666539518e-95
4.564100873666539518e-95
4.564100873666539518e-95
4.564100873666538852e-95
4.564100873666537522e-95
4.564100873666534861e-95
4.564100873666527542e-95
4.564100873666524881e-95
4.564100873666524881e-95
4.564100873666524881e-95
4.564100873666524881e-95
4.564100873666524881e-95
4.564100873666524881e-95
4.564100873666524881e-95
4.564100873666524881e-95
4.564100873666524881e-95
4.564100873666524881e-95
4.564100873666524881e-95
4.564100873666524881e-95
4.564100873666524881e-95
4.564100873666524881e-95
4.564100873666524881e-95
4.564100873666524881e-95
4.564100873666524881e-95
4.564100873666524881e-95
4.564100873666524881e-95
4.564100873666524881e-95
4.564100873666524881e-95
4.564100873666524881e-95
4.564100873666524881e-95
4.564100873666524881e-95
4.564100873666524881e-95
4.564100873666524881e-95
4.564100873666524881e-95
4.564100873666524881e-95
4.564100873666524881e-95
4.564100873666524881e-95
4.564100873666524881e-95
4.564100873666524881e-95
4.564100873666524881e-95
4.564100873666524881e-95
4.564100873666524881e-95
4.564100873666524881e-95
4.564100873666524881e-95
4.564100873666524881e-95
4.564100873666524881e-95
4.564100873666524881e-95
4.564100873666524881e-95
4.564100873666524881e-95
4.564100873666524881e-95
4.564100873666524881e-95
4.564100873666524881e-95
4.564100873666524881e-95
4.564100873666524881e-95
4.564100873666524881e-95
4.564100873666524881e-95
4.564100873666524881e-95
4.564100873666524881e-95
4.564100873666524881e-95
4.564100873666524881e-95
4.564100873666524881e-95
4.564100873666524881e-95
4.564100873666524881e-95
4.564100873666524881e-95
4.564100873666524881e-95
4.564100873666524881e-95
4.564100873666524881e-95
4.564100873666524881e-95
4.564100873666524881e-95
4.564100873666524881e-95
4.564100873666524881e-95
4.564100873666524881e-95
4.564100873666524881e-95
4.564100873666524881e-95
4.564100873666524881e-95
4.564100873666524881e-95
4.564100873666524881e-95
4.564100873666524881e-95
4.564100873666524881e-95
4.564100873666524881e-95
4.564100873666524881e-95
4.564100873666524881e-95
4.564100873666524881e-95
4.564100873666524881e-95
4.564100873666524881e-95
4.564100873666524881e-95
4.564100873666524881e-95
4.564100873666524881e-95
4.564100873666524881e-95
4.564100873666524881e-95
4.564100873666524881e-95
4.564100873666524881e-95
4.564100873666524881e-95
4.564100873666524881e-95
4.564100873666524881e-95
4.564100873666524881e-95
4.564100873666524881e-95
4.564100873666524881e-95
4.564100873666524881e-95
4.564100873666524881e-95
4.564100873666524881e-95
4.564100873666524881e-95
4.564100873666524881e-95
4.564100873666524881e-95
4.564100873666524881e-95
4.564100873666524881e-95
4.564100873666524881e-95
4.564100873666524881e-95
4.564100873666524881e-95
4.564100873666524881e-95
4.564100873666524881e-95
4.564100873666524881e-95
4.564100873666524881e-95
4.564100873666524881e-95
4.564100873666524881e-95
4.564100873666524881e-95
4.564100873666524881e-95
4.564100873666524881e-95
4.564100873666524881e-95
4.564100873666524881e-95
4.564100873666524881e-95
4.564100873666524881e-95
4.564100873666524881e-95
4.564100873666524881e-95
4.564100873666524881e-95
4.564100873666524881e-95
4.564100873666524881e-95
4.564100873666524881e-95
4.564100873666524881e-95
4.564100873666524881e-95
4.564100873666524881e-95
4.564100873666524881e-95
4.564100873666524881e-95
4.564100873666524881e-95
4.564100873666524881e-95
4.564100873666524881e-95
4.564100873666524881e-95
4.564100873666524881e-95
4.564100873666524881e-95
4.564100873666524881e-95
4.564100873666524881e-95
4.564100873666524881e-95
4.564100873666524881e-95
4.564100873666524881e-95
4.564100873666524881e-95
4.564100873666524881e-95
4.564100873666524881e-95
4.564100873666524881e-95
4.564100873666524881e-95
4.564100873666524881e-95
4.564100873666524881e-95
4.564100873666524881e-95
4.564100873666524881e-95
4.564100873666524881e-95
4.564100873666524881e-95
4.564100873666524881e-95
4.564100873666524881e-95
4.564100873666524881e-95
4.564100873666524881e-95
4.564100873666524881e-95
4.564100873666524881e-95
4.564100873666524881e-95
4.564100873666524881e-95
4.564100873666524881e-95
4.564100873666524881e-95
4.564100873666524881e-95
4.564100873666524881e-95
4.564100873666524881e-95
4.564100873666524881e-95
4.564100873666524881e-95
4.564100873666524881e-95
4.564100873666524881e-95
4.564100873666524881e-95
4.564100873666524881e-95
4.564100873666524881e-95
4.564100873666524881e-95
4.564100873666524881e-95
4.564100873666524881e-95
4.564100873666524881e-95
4.564100873666524881e-95
4.564100873666524881e-95
4.564100873666524881e-95
4.564100873666524881e-95
4.564100873666524881e-95
4.564100873666524881e-95
4.564100873666524881e-95
4.564100873666524881e-95
4.564100873666524881e-95
4.564100873666524881e-95
4.564100873666524881e-95
4.564100873666524881e-95
4.564100873666524881e-95
4.564100873666524881e-95
4.564100873666524881e-95
4.564100873666524881e-95
4.564100873666524881e-95
4.564100873666524881e-95
4.564100873666524881e-95
4.564100873666524881e-95
4.564100873666524881e-95
4.564100873666524881e-95
4.564100873666524881e-95
4.564100873666524881e-95
4.564100873666524881e-95
4.564100873666524881e-95
4.564100873666524881e-95
4.564100873666524881e-95
4.564100873666524881e-95
4.564100873666524881e-95
4.564100873666524881e-95
4.564100873666524881e-95
4.564100873666524881e-95
4.564100873666524881e-95
4.564100873666524881e-95
4.564100873666524881e-95
4.564100873666524881e-95
4.564100873666524881e-95
4.564100873666524881e-95
4.564100873666524881e-95
4.564100873666524881e-95
4.564100873666524881e-95
4.564100873666524881e-95
4.564100873666524881e-95
4.564100873666524881e-95
4.564100873666524881e-95
4.564100873666524881e-95
4.564100873666524881e-95
4.564100873666524881e-95
4.564100873666524881e-95
4.564100873666524881e-95
4.564100873666524881e-95
4.564100873666524881e-95
4.564100873666524881e-95
4.564100873666524881e-95
4.564100873666524881e-95
4.564100873666524881e-95
4.564100873666524881e-95
4.564100873666524881e-95
4.564100873666524881e-95
4.564100873666524881e-95
4.564100873666524881e-95
4.564100873666524881e-95
4.564100873666524881e-95
4.564100873666524881e-95
4.564100873666524881e-95
4.564100873666524881e-95
4.564100873666524881e-95
4.564100873666524881e-95
4.564100873666524881e-95
4.564100873666524881e-95
4.564100873666524881e-95
4.564100873666524881e-95
4.564100873666524881e-95
4.564100873666524881e-95
4.564100873666524881e-95
4.564100873666524881e-95
4.564100873666524881e-95
4.564100873666524881e-95
4.564100873666524881e-95
4.564100873666524881e-95
4.564100873666524881e-95
4.564100873666524881e-95
4.564100873666524881e-95
4.564100873666524881e-95
4.564100873666524881e-95
4.564100873666524881e-95
4.564100873666524881e-95
4.564100873666524881e-95
4.564100873666524881e-95
4.564100873666524881e-95
4.564100873666524881e-95
4.564100873666524881e-95
4.564100873666524881e-95
4.564100873666524881e-95
4.564100873666524881e-95
4.564100873666524881e-95
4.564100873666524881e-95
4.564100873666524881e-95
4.564100873666524881e-95
4.564100873666524881e-95
4.564100873666524881e-95
4.564100873666524881e-95
4.564100873666524881e-95
4.564100873666524881e-95
4.564100873666524881e-95
4.564100873666524881e-95
4.564100873666524881e-95
4.564100873666524881e-95
4.564100873666524881e-95
4.564100873666524881e-95
4.564100873666524881e-95
4.564100873666524881e-95
4.564100873666524881e-95
4.564100873666524881e-95
4.564100873666524881e-95
4.564100873666524881e-95
4.564100873666524881e-95
4.564100873666524881e-95
4.564100873666524881e-95
4.564100873666524881e-95
4.564100873666524881e-95
4.564100873666524881e-95
4.564100873666524881e-95
4.564100873666524881e-95
4.564100873666524881e-95
4.564100873666524881e-95
4.564100873666524881e-95
4.564100873666524881e-95
4.564100873666524881e-95
4.564100873666524881e-95
4.564100873666524881e-95
4.564100873666524881e-95
4.564100873666524881e-95
4.564100873666524881e-95
4.564100873666524881e-95
4.564100873666524881e-95
4.564100873666524881e-95
4.564100873666524881e-95
4.564100873666524881e-95
4.564100873666524881e-95
4.564100873666524881e-95
4.564100873666524881e-95
4.564100873666524881e-95
4.564100873666524881e-95
4.564100873666524881e-95
4.564100873666524881e-95
4.564100873666524881e-95
4.564100873666524881e-95
4.564100873666524881e-95
4.564100873666524881e-95
4.564100873666524881e-95
4.564100873666524881e-95
4.564100873666524881e-95
4.564100873666524881e-95
4.564100873666524881e-95
4.564100873666524881e-95
4.564100873666524881e-95
4.564100873666524881e-95
4.564100873666524881e-95
4.564100873666524881e-95
4.564100873666524881e-95
4.564100873666524881e-95
4.564100873666524881e-95
4.564100873666524881e-95
4.564100873666524881e-95
4.564100873666524881e-95
4.564100873666524881e-95
4.564100873666524881e-95
4.564100873666524881e-95
4.564100873666524881e-95
4.564100873666524881e-95
4.564100873666524881e-95
4.564100873666524881e-95
4.564100873666524881e-95
4.564100873666524881e-95
4.564100873666524881e-95
4.564100873666524881e-95
4.564100873666524881e-95
4.564100873666524881e-95
4.564100873666524881e-95
4.564100873666524881e-95
4.564100873666524881e-95
4.564100873666524881e-95
4.564100873666524881e-95
4.564100873666524881e-95
4.564100873666524881e-95
4.564100873666524881e-95
4.564100873666524881e-95
4.564100873666524881e-95
4.564100873666524881e-95
4.564100873666524881e-95
4.564100873666524881e-95
4.564100873666524881e-95
4.564100873666524881e-95
4.564100873666524881e-95
4.564100873666524881e-95
4.564100873666524881e-95
4.564100873666524881e-95
4.564100873666524881e-95
4.564100873666524881e-95
4.564100873666524881e-95
4.564100873666524881e-95
4.564100873666524881e-95
4.564100873666524881e-95
4.564100873666524881e-95
4.564100873666524881e-95
4.564100873666524881e-95
4.564100873666524881e-95
4.564100873666524881e-95
4.564100873666524881e-95
4.564100873666524881e-95
4.564100873666524881e-95
4.564100873666524881e-95
4.564100873666524881e-95
4.564100873666524881e-95
4.564100873666524881e-95
4.564100873666524881e-95
4.564100873666524881e-95
4.564100873666524881e-95
4.564100873666524881e-95
4.564100873666524881e-95
4.564100873666524881e-95
4.564100873666524881e-95
4.564100873666524881e-95
4.564100873666524881e-95
4.564100873666524881e-95
4.564100873666524881e-95
4.564100873666524881e-95
4.564100873666524881e-95
4.564100873666524881e-95
4.564100873666524881e-95
4.564100873666524881e-95
4.564100873666524881e-95
4.564100873666524881e-95
4.564100873666524881e-95
4.564100873666524881e-95
4.564100873666524881e-95
4.564100873666524881e-95
4.564100873666524881e-95
4.564100873666524881e-95
4.564100873666524881e-95
4.564100873666524881e-95
4.564100873666524881e-95
4.564100873666524881e-95
4.564100873666524881e-95
4.564100873666524881e-95
4.564100873666524881e-95
4.564100873666524881e-95
4.564100873666524881e-95
4.564100873666524881e-95
4.564100873666524881e-95
4.564100873666524881e-95
4.564100873666524881e-95
4.564100873666524881e-95
4.564100873666524881e-95
4.564100873666524881e-95
4.564100873666524881e-95
4.564100873666524881e-95
4.564100873666524881e-95
4.564100873666524881e-95
4.564100873666524881e-95
4.564100873666524881e-95
4.564100873666524881e-95
4.564100873666524881e-95
4.564100873666524881e-95
4.564100873666524881e-95
4.564100873666524881e-95
4.564100873666524881e-95
4.564100873666524881e-95
4.564100873666524881e-95
4.564100873666524881e-95
4.564100873666524881e-95
4.564100873666524881e-95
4.564100873666524881e-95
4.564100873666524881e-95
4.564100873666524881e-95
4.564100873666524881e-95
4.564100873666524881e-95
4.564100873666524881e-95
4.564100873666524881e-95
4.564100873666524881e-95
4.564100873666524881e-95
4.564100873666524881e-95
4.564100873666524881e-95
4.564100873666524881e-95
4.564100873666524881e-95
4.564100873666524881e-95
4.564100873666524881e-95
4.564100873666524881e-95
4.564100873666524881e-95
4.564100873666524881e-95
4.564100873666524881e-95
4.564100873666524881e-95
4.564100873666524881e-95
4.564100873666524881e-95
4.564100873666524881e-95
4.564100873666524881e-95
4.564100873666524881e-95
4.564100873666524881e-95
4.564100873666524881e-95
4.564100873666524881e-95
4.564100873666524881e-95
4.564100873666524881e-95
4.564100873666524881e-95
4.564100873666524881e-95
4.564100873666524881e-95
4.564100873666524881e-95
4.564100873666524881e-95
4.564100873666524881e-95
4.564100873666524881e-95
4.564100873666524881e-95
4.564100873666524881e-95
4.564100873666524881e-95
4.564100873666524881e-95
4.564100873666524881e-95
4.564100873666524881e-95
4.564100873666524881e-95
4.564100873666524881e-95
4.564100873666524881e-95
4.564100873666524881e-95
4.564100873666524881e-95
4.564100873666524881e-95
4.564100873666524881e-95
4.564100873666524881e-95
4.564100873666524881e-95
4.564100873666524881e-95
4.564100873666524881e-95
4.564100873666524881e-95
4.564100873666524881e-95
4.564100873666524881e-95
4.564100873666524881e-95
4.564100873666524881e-95
4.564100873666524881e-95
4.564100873666524881e-95
4.564100873666524881e-95
4.564100873666524881e-95
4.564100873666524881e-95
4.564100873666524881e-95
4.564100873666524881e-95
4.564100873666524881e-95
4.564100873666524881e-95
4.564100873666524881e-95
4.564100873666524881e-95
4.564100873666524881e-95
4.564100873666524881e-95
4.564100873666524881e-95
4.564100873666524881e-95
4.564100873666524881e-95
4.564100873666524881e-95
4.564100873666524881e-95
4.564100873666524881e-95
4.564100873666524881e-95
4.564100873666524881e-95
4.564100873666524881e-95
4.564100873666524881e-95
4.564100873666524881e-95
4.564100873666524881e-95
4.564100873666524881e-95
4.564100873666524881e-95
4.564100873666524881e-95
4.564100873666524881e-95
4.564100873666524881e-95
4.564100873666524881e-95
4.564100873666524881e-95
4.564100873666524881e-95
4.564100873666524881e-95
4.564100873666524881e-95
4.564100873666524881e-95
4.564100873666524881e-95
4.564100873666524881e-95
4.564100873666524881e-95
4.564100873666524881e-95
4.564100873666524881e-95
4.564100873666524881e-95
4.564100873666524881e-95
4.564100873666524881e-95
4.564100873666524881e-95
4.564100873666524881e-95
4.564100873666524881e-95
4.564100873666524881e-95
4.564100873666524881e-95
4.564100873666524881e-95
4.564100873666524881e-95
4.564100873666524881e-95
4.564100873666524881e-95
4.564100873666524881e-95
4.564100873666524881e-95
4.564100873666524881e-95
4.564100873666524881e-95
4.564100873666524881e-95
4.564100873666524881e-95
4.564100873666524881e-95
4.564100873666524881e-95
4.564100873666524881e-95
4.564100873666524881e-95
4.564100873666524881e-95
4.564100873666524881e-95
4.564100873666524881e-95
4.564100873666524881e-95
4.564100873666524881e-95
4.564100873666524881e-95
4.564100873666524881e-95
4.564100873666524881e-95
4.564100873666524881e-95
4.564100873666524881e-95
4.564100873666524881e-95
4.564100873666524881e-95
4.564100873666524881e-95
4.564100873666524881e-95
4.564100873666524881e-95
4.564100873666524881e-95
4.564100873666524881e-95
4.564100873666524881e-95
4.564100873666524881e-95
4.564100873666524881e-95
4.564100873666524881e-95
4.564100873666524881e-95
4.564100873666524881e-95
4.564100873666524881e-95
4.564100873666524881e-95
4.564100873666524881e-95
4.564100873666524881e-95
4.564100873666524881e-95
4.564100873666524881e-95
4.564100873666524881e-95
4.564100873666524881e-95
4.564100873666524881e-95
4.564100873666524881e-95
4.564100873666524881e-95
4.564100873666524881e-95
4.564100873666524881e-95
4.564100873666524881e-95
4.564100873666524881e-95
4.564100873666524881e-95
4.564100873666524881e-95
4.564100873666524881e-95
4.564100873666524881e-95
4.564100873666524881e-95
4.564100873666524881e-95
4.564100873666524881e-95
4.564100873666524881e-95
4.564100873666524881e-95
4.564100873666524881e-95
4.564100873666524881e-95
4.564100873666524881e-95
4.564100873666524881e-95
4.564100873666524881e-95
4.564100873666524881e-95
4.564100873666524881e-95
4.564100873666524881e-95
4.564100873666524881e-95
4.564100873666524881e-95
4.564100873666524881e-95
4.564100873666524881e-95
4.564100873666524881e-95
4.564100873666524881e-95
4.564100873666524881e-95
4.564100873666524881e-95
4.564100873666524881e-95
4.564100873666524881e-95
4.564100873666524881e-95
4.564100873666524881e-95
4.564100873666524881e-95
4.564100873666524881e-95
4.564100873666524881e-95
4.564100873666524881e-95
4.564100873666524881e-95
4.564100873666524881e-95
4.564100873666524881e-95
4.564100873666524881e-95
4.564100873666524881e-95
4.564100873666524881e-95
4.564100873666524881e-95
4.564100873666524881e-95
4.564100873666524881e-95
4.564100873666524881e-95
4.564100873666524881e-95
4.564100873666524881e-95
4.564100873666524881e-95
4.564100873666524881e-95
4.564100873666524881e-95
4.564100873666524881e-95
4.564100873666524881e-95
4.564100873666524881e-95
4.564100873666524881e-95
4.564100873666524881e-95
4.564100873666524881e-95
4.564100873666524881e-95
4.564100873666524881e-95
