1.278240089740000790e-04
1.143116031799666033e-05
2.349507255977426332e-06
1.461107472367878135e-06
1.264046392895291625e-06
1.250550372902463959e-06
4.337363681702214071e-07
4.273794545097130716e-07
6.674211996000277490e-08
3.073984497348640914e-08
2.221782118104841874e-08
2.139414935274167359e-08
2.137335861793258155e-08
1.426319261458008260e-08
2.364922267926886983e-09
2.363289760326911891e-09
7.714409876702043845e-10
4.178869295038604444e-10
3.759763893090727076e-10
3.742654044495526556e-10
9.983015708745961510e-11
9.722455893292395291e-11
2.333478828292129237e-11
2.333378695113300675e-11
8.661404934262965445e-12
8.661383561780360170e-12
6.825250484138521462e-12
6.825250199188356022e-12
6.712116682372697936e-12
6.707608885274486814e-12
3.803110400505606644e-12
8.534396502173898166e-13
8.517761381283046873e-13
2.089597958299498733e-13
2.089594234483790816e-13
1.330598780821215307e-13
1.330598637501348739e-13
1.266533471970630128e-13
1.266533469523247860e-13
1.262252872269576350e-13
3.724918928063442704e-14
3.551547035321459514e-14
6.139741380297524018e-15
6.139198308754259608e-15
2.910448573739730462e-15
2.910445412765436143e-15
2.578288317560931064e-15
2.578288124466538212e-15
2.578288117316355821e-15
2.542637704400401277e-15
2.542637704220781593e-15
1.456376386449074050e-15
1.456098271928752736e-15
2.249304468674688504e-16
2.243666679215695296e-16
7.436897545727036110e-17
7.436860592589550412e-17
5.768061899172012775e-17
5.768061683181997998e-17
5.502372711520958082e-17
5.502372689585665570e-17
5.491774632425745484e-17
5.491774631938911686e-17
5.491774631927806620e-17
1.036433729392800947e-17
1.001390742360818493e-17
2.297904888053398155e-18
2.297533554826888054e-18
1.443474283574601249e-18
1.443473660010427201e-18
1.443473185844094637e-18
1.265426583635673148e-18
1.265426581596765842e-18
1.254122178025289210e-18
1.254122177817778925e-18
4.973295814010617956e-19
4.973035686142645644e-19
8.797118920195848662e-20
8.774901343556484945e-20
4.130983891489768069e-20
4.130983891489579087e-20
4.130983891489572466e-20
4.130928231179261660e-20
3.051156500685041043e-20
3.051156429141214776e-20
2.952380164638738553e-20
2.952380115162761062e-20
2.949930435711367016e-20
2.949930435611978799e-20
2.949930435596762147e-20
4.371927459755181233e-21
4.120345704601788239e-21
1.387791203241370873e-21
1.387442287414519152e-21
7.764931354874609662e-22
7.764929218842863977e-22
7.764922520577467082e-22
7.064545942389447459e-22
7.064545942389445578e-22
7.064545942389445578e-22
7.064545937893221064e-22
7.036150283747084117e-22
7.036150278629834652e-22
2.251551718321988804e-22
5.625681391294179563e-23
5.625641987542211670e-23
5.588215784296792923e-23
2.168907169882017229e-23
2.168907169881993131e-23
2.168907169881985197e-23
2.168867639573992114e-23
1.744339799595787709e-23
1.744339783050997419e-23
1.717986881519985967e-23
1.717986799736787349e-23
1.717986799736787349e-23
1.717986799736787349e-23
1.717004631596596436e-23
1.717004631581167485e-23
1.717004631540779850e-23
2.977048620368228376e-24
2.697850736894586062e-24
7.027495083976939501e-25
7.023795349611258075e-25
4.615661811001893620e-25
4.615661276983302070e-25
4.615655179273908287e-25
4.407357910642067375e-25
4.407357910642067375e-25
4.407357910642066456e-25
4.407357909840185536e-25
4.394261084542376635e-25
4.394261074798929877e-25
1.519803108868375803e-25
1.519803108868375803e-25
2.782180804979953481e-26
2.782173986055575061e-26
2.782173986055575061e-26
2.759424631859749453e-26
1.366266613442982620e-26
1.366266613442958227e-26
1.366266613442951913e-26
1.366201731625918636e-26
1.216621555487530971e-26
1.216621551799592794e-26
1.216621446130711228e-26
1.201405743157660839e-26
1.201405743157660839e-26
1.201405743157660839e-26
1.201065799500644018e-26
1.201065799404168534e-26
1.201065799399315171e-26
1.439476472275828227e-27
1.343656629766324488e-27
4.711165776504179689e-28
4.707028551890256063e-28
3.676207552822257899e-28
3.676207397597121287e-28
3.676191397814330015e-28
3.519370359410147037e-28
3.519370359410146140e-28
3.519370359410146140e-28
3.519370359081427977e-28
3.513453966522213704e-28
3.513453950474205585e-28
8.114094091302268997e-29
1.969057598837737502e-29
1.969057598837737502e-29
1.969057598837737502e-29
1.969056033758643371e-29
1.952817741870792123e-29
1.236961364437924978e-29
1.236961364437826607e-29
1.236961364437824645e-29
1.236828999107573787e-29
1.092837078914695534e-29
1.092837077001659406e-29
1.092836724335838489e-29
1.084110396490071012e-29
1.084110396490071012e-29
1.084110396490071012e-29
1.083983537809468821e-29
1.083983537607008238e-29
1.083983537605463727e-29
1.119638902296595624e-30
9.977666176174316051e-31
4.744584541013539549e-31
4.738606800626012122e-31
3.551749013821290305e-31
3.551748920670574382e-31
3.551748920670574382e-31
3.551711747322924728e-31
3.551711747322924728e-31
3.551711747322919036e-31
3.446723360450276760e-31
3.446723360450276760e-31
3.446723296567763696e-31
3.446723296444592626e-31
3.444120644613655556e-31
6.528131682797597972e-32
6.528131682797597972e-32
2.166212431580981106e-32
2.166212431580981106e-32
2.166211213822150230e-32
2.123435636604311344e-32
2.123435636603564168e-32
1.216916145622321117e-32
1.216916145622320706e-32
1.216733580039973577e-32
1.114519205008226989e-32
1.114519204230922215e-32
1.114518291246930054e-32
1.110341717548322312e-32
1.110341717548322312e-32
1.110341717548322312e-32
1.110341717548322312e-32
1.110341717548322312e-32
1.110256162923078269e-32
1.110256162044545282e-32
1.110256162044115450e-32
1.365436523607080174e-33
1.142514293595049484e-33
4.579088361254781166e-34
4.566844487167244160e-34
3.719337260164164340e-34
3.719337220258305865e-34
3.719279126384150987e-34
3.719279126384150987e-34
3.719279126384150987e-34
3.719279126384135164e-34
3.665701125447196506e-34
3.665701125447196506e-34
3.665700945593667241e-34
3.665700945556700981e-34
3.663807901704560936e-34
3.663807901704560936e-34
3.663807901704560936e-34
3.663807901704560936e-34
3.663807901704560936e-34
3.663807901704560936e-34
3.663807901704560936e-34
3.663807901704560936e-34
3.663807901704560936e-34
3.663807901704560936e-34
3.663807901704560936e-34
3.663807901704560936e-34
3.663807901704560936e-34
3.663807901704560936e-34
3.663807901704560936e-34
3.663807901704560936e-34
3.663807901704560936e-34
3.663807901704560936e-34
3.663807901704560936e-34
3.663807901704560936e-34
3.663807901704560936e-34
3.663807901704560936e-34
3.663807901704560936e-34
3.663807901704560936e-34
3.663807901704560936e-34
3.663807901704560936e-34
3.663807901704560936e-34
3.663807901704560936e-34
3.663807901704560936e-34
3.663807901704560936e-34
3.663807901704560936e-34
3.663807901704560936e-34
3.663807901704560936e-34
3.663807901704560936e-34
3.663807901704560936e-34
3.663807901704560509e-34
3.663807901704558798e-34
3.663807901704556232e-34
3.663807901704554522e-34
3.663807901704554522e-34
3.663807901704554522e-34
3.663807901704554522e-34
3.663807901704554522e-34
3.663807901704554522e-34
3.663807901704554522e-34
3.663807901704554522e-34
3.663807901704554522e-34
3.663807901704554522e-34
3.663807901704554522e-34
3.663807901704554522e-34
3.663807901704554522e-34
3.663807901704554094e-34
3.663807901704548535e-34
3.663807901704498500e-34
3.663807901704123886e-34
3.663807901701645271e-34
3.663807901688385364e-34
3.663807901630131923e-34
3.663807901437650527e-34
3.663807901088378339e-34
3.663807900921372453e-34
3.663807900916190711e-34
3.663807900916189428e-34
3.663807900916189428e-34
3.663807900916189428e-34
3.663807900916189428e-34
3.663807900916189428e-34
3.663807900916189428e-34
3.663807900916189428e-34
3.663807900916189428e-34
3.663807900916189428e-34
3.663807900916189428e-34
3.663807900916189000e-34
3.663807900916177026e-34
3.663807900915948665e-34
3.663807900912534369e-34
3.663807900869989942e-34
3.663807900387833879e-34
3.663807896065133453e-34
3.663807863411079632e-34
3.663807647347506261e-34
3.663806491378385206e-34
3.663801412930180519e-34
3.663784632615333994e-34
3.663754183932465926e-34
3.663739624917734349e-34
3.663739173237932039e-34
3.663739173141401186e-34
3.663739173141401186e-34
3.663739173141401186e-34
3.663739173141401186e-34
3.663739173141401186e-34
3.663739173141401186e-34
3.663739173141401186e-34
3.663739173141401186e-34
3.663739173141401186e-34
3.663739173141399903e-34
3.663739173141365264e-34
3.663739173140153326e-34
3.663739173109689795e-34
3.663739172486781239e-34
3.663739160229007168e-34
3.663738976711135446e-34
3.663736689797390619e-34
3.663710772306107611e-34
3.663478429257252380e-34
3.661724241402744842e-34
3.650159424163261539e-34
3.589506365277373869e-34
3.345297642090703829e-34
2.731299058843484584e-34
2.048913022245809124e-34
1.830265851091325831e-34
1.824226371279323648e-34
1.824225084806909052e-34
1.824225084806906914e-34
1.824225084806906914e-34
1.824225084806906914e-34
1.824225084806906914e-34
1.824225084806906914e-34
1.824225084806906914e-34
1.824225084806906914e-34
1.824225084806906914e-34
1.824225084806906914e-34
1.824225084806903707e-34
1.824225084806699935e-34
1.824225084798038467e-34
1.824225084509880433e-34
1.824225074463561292e-34
1.824224821824441101e-34
1.824219656000276100e-34
1.824118007327231078e-34
1.822597522336161886e-34
1.803860359371211291e-34
1.615625413185789865e-34
8.347134383607490871e-35
1.794594408894418526e-35
2.897228120598931232e-36
5.280745486477211437e-37
1.149864421263369007e-37
3.207652737651581050e-38
1.389568871201286626e-38
1.093273858635242062e-38
1.086089132855870185e-38
1.086087607459217168e-38
1.086087607459214819e-38
1.086087607459214819e-38
1.086087607459214819e-38
1.086087607459214819e-38
1.086087607459214819e-38
1.086087607459214819e-38
1.086087607459214819e-38
1.086087607459214819e-38
1.086087607459214819e-38
1.086087607459214819e-38
1.086087607459214819e-38
1.086087607459212339e-38
1.086087607459060691e-38
1.086087607452613821e-38
1.086087607238125758e-38
1.086087599760234113e-38
1.086087411710477155e-38
1.086083566576532510e-38
1.086007906425447642e-38
1.084876415672292266e-38
1.070971522477747564e-38
9.351372759518274694e-39
4.375729903771521077e-39
8.717722749458555358e-40
1.384095383586957317e-40
2.516214149937052437e-41
5.476487555795181581e-42
1.527577688054888454e-42
6.617399813944105015e-43
5.206367860322539077e-43
5.172152488926165720e-43
5.172145224625412405e-43
5.172145224625401254e-43
5.172145224625401254e-43
5.172145224625401254e-43
5.172145224625401254e-43
5.172145224625401254e-43
5.172145224625401254e-43
5.172145224625401254e-43
5.172145224625401254e-43
5.172145224625401254e-43
5.172145224625401254e-43
5.172145224625401254e-43
5.172145224625401254e-43
5.172145224625393288e-43
5.172145224624936867e-43
5.172145224605501146e-43
5.172145223958875494e-43
5.172145201414976898e-43
5.172144634493815666e-43
5.172133042398181020e-43
5.171904940261977265e-43
5.168492301511411373e-43
5.126340229961872339e-43
4.692613347669201300e-43
2.668477127170224799e-43
6.266356456936519087e-44
1.033550323732197056e-44
1.890282146511938457e-45
4.118480695017649542e-46
1.149025708417654124e-46
4.977759172077377649e-47
3.916378223210676196e-47
3.890641156545698313e-47
3.890635692281559271e-47
3.890635692281550034e-47
3.890635692281550034e-47
3.890635692281550034e-47
3.890635692281550034e-47
3.890635692281550034e-47
3.890635692281550034e-47
3.890635692281550034e-47
3.890635692281550034e-47
3.890635692281550034e-47
3.890635692281550034e-47
3.890635692281550034e-47
3.890635692281550034e-47
3.890635692281550034e-47
3.890635692281550034e-47
3.890635692281546631e-47
3.890635692281327367e-47
3.890635692271997219e-47
3.890635691961592245e-47
3.890635681139643730e-47
3.890635408995430937e-47
3.890629844333819968e-47
3.890520344505112032e-47
3.888881698901162813e-47
3.868576825562472963e-47
3.652451091290556080e-47
2.433560469093866674e-47
6.911680842412848056e-48
1.204652364901002752e-48
2.223570346999562894e-49
4.852485974581394572e-50
1.354248422519065315e-50
5.867234926217527630e-51
4.616249533273102937e-51
4.585914451235385702e-51
4.585908010759869941e-51
4.585908010759859852e-51
4.585908010759859852e-51
4.585908010759859852e-51
4.585908010759859852e-51
4.585908010759859852e-51
4.585908010759859852e-51
4.585908010759859852e-51
4.585908010759859852e-51
4.585908010759859852e-51
4.585908010759859852e-51
4.585908010759859852e-51
4.585908010759859852e-51
4.585908010759859852e-51
4.585908010759859852e-51
4.585908010759859852e-51
4.585908010759856885e-51
4.585908010759691306e-51
4.585908010752618295e-51
4.585908010517324061e-51
4.585908002314015845e-51
4.585907796021871848e-51
4.585903577866436602e-51
4.585820573327225155e-51
4.584578225826574261e-51
4.569152932227959579e-51
4.401325086990191459e-51
3.311002194562340427e-51
1.153119275570169819e-51
2.170643265775265517e-52
4.062576521884344620e-53
8.887707600115998267e-54
2.481649381912387927e-54
1.075283798997947782e-54
8.460317282114454794e-55
8.404725046500835100e-55
8.404713243645418966e-55
8.404713243645400130e-55
8.404713243645400130e-55
8.404713243645400130e-55
8.404713243645400130e-55
8.404713243645400130e-55
8.404713243645400130e-55
8.404713243645400130e-55
8.404713243645400130e-55
8.404713243645400130e-55
8.404713243645400130e-55
8.404713243645400130e-55
8.404713243645400130e-55
8.404713243645400130e-55
8.404713243645400130e-55
8.404713243645400130e-55
8.404713243645400130e-55
8.404713243645400130e-55
8.404713243645397232e-55
8.404713243645198732e-55
8.404713243636800857e-55
8.404713243357415046e-55
8.404713233616925231e-55
8.404712988668595481e-55
8.404707980089668776e-55
8.404609420997508526e-55
8.403134114890258598e-55
8.384792876491415523e-55
8.182391193379896177e-55
6.726639589150608336e-55
2.869765691118962584e-55
5.986331027726548344e-56
1.143717825991373052e-56
2.511515610494254756e-57
7.018043334413815481e-58
3.041382874558886187e-58
2.393020629032635881e-58
2.377297800644318681e-58
2.377294462509228313e-58
2.377294462509223007e-58
2.377294462509223007e-58
2.377294462509223007e-58
2.377294462509223007e-58
2.377294462509223007e-58
2.377294462509223007e-58
2.377294462509223007e-58
2.377294462509223007e-58
2.377294462509223007e-58
2.377294462509223007e-58
2.377294462509223007e-58
2.377294462509223007e-58
2.377294462509223007e-58
2.377294462509223007e-58
2.377294462509223007e-58
2.377294462509223007e-58
2.377294462509223007e-58
2.377294462509223007e-58
2.377294462509223007e-58
2.377294462509222300e-58
2.377294462509185865e-58
2.377294462507636495e-58
2.377294462456072538e-58
2.377294460658364951e-58
2.377294415450627907e-58
2.377293491065616362e-58
2.377275300888520994e-58
2.377002999011515246e-58
2.373614923096130925e-58
2.335881968137684740e-58
2.044498629581811986e-58
1.052609573551519314e-58
2.500191256565741143e-59
4.922261195418695004e-60
1.086994018472422681e-60
3.040918894309973952e-61
1.318163521724010421e-61
1.037199920680610581e-61
1.030386247648546663e-61
1.030384801026911944e-61
1.030384801026909698e-61
1.030384801026909698e-61
1.030384801026909698e-61
1.030384801026909698e-61
1.030384801026909698e-61
1.030384801026909698e-61
1.030384801026909698e-61
1.030384801026909698e-61
1.030384801026909698e-61
1.030384801026909698e-61
1.030384801026909698e-61
1.030384801026909698e-61
1.030384801026909698e-61
1.030384801026909698e-61
1.030384801026909698e-61
1.030384801026909698e-61
1.030384801026909698e-61
1.030384801026909698e-61
1.030384801026909698e-61
1.030384801026909698e-61
1.030384801026909698e-61
1.030384801026899162e-61
1.030384801026457854e-61
1.030384801011775331e-61
1.030384800499892867e-61
1.030384787627356325e-61
1.030384524416185849e-61
1.030379344895795550e-61
1.030301805670059164e-61
1.029336525438972882e-61
1.018522038968953093e-61
9.308436435908082457e-62
5.640500373404723799e-62
1.563638873076879385e-62
3.212742444209606679e-63
7.154397077741924947e-64
2.004917109659547891e-64
8.694110088379985616e-65
6.841402092988763534e-65
6.796469068803985131e-65
6.796459528988694355e-65
6.796459528988678331e-65
6.796459528988678331e-65
6.796459528988678331e-65
6.796459528988678331e-65
6.796459528988678331e-65
6.796459528988678331e-65
6.796459528988678331e-65
6.796459528988678331e-65
6.796459528988678331e-65
6.796459528988678331e-65
6.796459528988678331e-65
6.796459528988678331e-65
6.796459528988678331e-65
6.796459528988678331e-65
6.796459528988678331e-65
6.796459528988678331e-65
6.796459528988678331e-65
6.796459528988678331e-65
6.796459528988678331e-65
6.796459528988678331e-65
6.796459528988677488e-65
6.796459528988632789e-65
6.796459528986708205e-65
6.796459528922668991e-65
6.796459526690017853e-65
6.796459470544581614e-65
6.796458322510745266e-65
6.796435731238168484e-65
6.796097522815333380e-65
6.791885746591387887e-65
6.744515790521662764e-65
6.347607635616158919e-65
4.394174632291591840e-65
1.447233336562692323e-65
3.154350894305054492e-66
7.111271348712005033e-67
1.997928706168580852e-67
8.668694626024787149e-68
6.822030766350709513e-68
6.777240104295389463e-68
6.777230594684029374e-68
6.777230594684014549e-68
6.777230594684014549e-68
6.777230594684014549e-68
6.777230594684014549e-68
6.777230594684014549e-68
6.777230594684014549e-68
6.777230594684014549e-68
6.777230594684014549e-68
6.777230594684014549e-68
6.777230594684014549e-68
6.777230594684014549e-68
6.777230594684014549e-68
6.777230594684014549e-68
6.777230594684014549e-68
6.777230594684014549e-68
6.777230594684014549e-68
6.777230594684014549e-68
6.777230594684014549e-68
6.777230594684014549e-68
6.777230594684014549e-68
6.777230594684014549e-68
6.777230594684014549e-68
6.777230594683984899e-68
6.777230594682708305e-68
6.777230594640218306e-68
6.777230593158841005e-68
6.777230555905993085e-68
6.777229794178329292e-68
6.777214804709524323e-68
6.776990397047650596e-68
6.774195177996687670e-68
6.742677234823809868e-68
6.472684582863450373e-68
4.969494903391358846e-68
1.959080992837495268e-68
4.619386405069230500e-69
1.060137358344657984e-69
2.989733561344812135e-70
1.298282715798421221e-70
1.021853299807904909e-70
1.015147591876147120e-70
1.015146168166724670e-70
1.015146168166722418e-70
1.015146168166722418e-70
1.015146168166722418e-70
1.015146168166722418e-70
1.015146168166722418e-70
1.015146168166722418e-70
1.015146168166722418e-70
1.015146168166722418e-70
1.015146168166722418e-70
1.015146168166722418e-70
1.015146168166722418e-70
1.015146168166722418e-70
1.015146168166722418e-70
1.015146168166722418e-70
1.015146168166722418e-70
1.015146168166722418e-70
1.015146168166722418e-70
1.015146168166722418e-70
1.015146168166722418e-70
1.015146168166722418e-70
1.015146168166722418e-70
1.015146168166722418e-70
1.015146168166722418e-70
1.015146168166719362e-70
1.015146168166591477e-70
1.015146168162331230e-70
1.015146168013805855e-70
1.015146164278773136e-70
1.015146087906680583e-70
1.015144585036254427e-70
1.015122085267792413e-70
1.014841787137832168e-70
1.011675940552001542e-70
9.841513569582369565e-71
8.163685155698678982e-71
3.836219744397978606e-71
1.000047115576398989e-71
2.354165273070311092e-72
6.675823256959122967e-73
2.902526532915433114e-73
2.284982626850443560e-73
2.269998971789758105e-73
2.269995790548445960e-73
2.269995790548440933e-73
2.269995790548440933e-73
2.269995790548440933e-73
2.269995790548440933e-73
2.269995790548440933e-73
2.269995790548440933e-73
2.269995790548440933e-73
2.269995790548440933e-73
2.269995790548440933e-73
2.269995790548440933e-73
2.269995790548440933e-73
2.269995790548440933e-73
2.269995790548440933e-73
2.269995790548440933e-73
2.269995790548440933e-73
2.269995790548440933e-73
2.269995790548440933e-73
2.269995790548440933e-73
2.269995790548440933e-73
2.269995790548440933e-73
2.269995790548440933e-73
2.269995790548440933e-73
2.269995790548440933e-73
2.269995790548440933e-73
2.269995790548436221e-73
2.269995790548243627e-73
2.269995790541830859e-73
2.269995790318263673e-73
2.269995784696113464e-73
2.269995669737173593e-73
2.269993407543316039e-73
2.269959539532816595e-73
2.269537576718857624e-73
2.264766394583607861e-73
2.222870627840209133e-73
1.950326948584976494e-73
1.076772074945489997e-73
3.170393776527648814e-74
7.733194498126077297e-75
2.210574655397397378e-75
9.628498778391643205e-76
7.582168039902470179e-76
7.532502291416793951e-76
7.532491746602354222e-76
7.532491746602338267e-76
7.532491746602338267e-76
7.532491746602338267e-76
7.532491746602338267e-76
7.532491746602338267e-76
7.532491746602338267e-76
7.532491746602338267e-76
7.532491746602338267e-76
7.532491746602338267e-76
7.532491746602338267e-76
7.532491746602338267e-76
7.532491746602338267e-76
7.532491746602338267e-76
7.532491746602338267e-76
7.532491746602338267e-76
7.532491746602338267e-76
7.532491746602338267e-76
7.532491746602338267e-76
7.532491746602338267e-76
7.532491746602338267e-76
7.532491746602338267e-76
7.532491746602338267e-76
7.532491746602338267e-76
7.532491746602338267e-76
7.532491746602327222e-76
7.532491746601893994e-76
7.532491746587495623e-76
7.532491746085443862e-76
7.532491733460162424e-76
7.532491475304680091e-76
7.532486395247867044e-76
7.532410339740007884e-76
7.531462699799955824e-76
7.520739695924589656e-76
7.425950999577415030e-76
6.780396318777897604e-76
4.304443202670362357e-76
1.457318127688344390e-76
3.731104292951870663e-77
1.078892922779671899e-77
4.711597573833280224e-78
3.711843722271171315e-78
3.687568375505924031e-78
3.687563221416709003e-78
3.687563221416700853e-78
3.687563221416700853e-78
3.687563221416700853e-78
3.687563221416700853e-78
3.687563221416700853e-78
3.687563221416700853e-78
3.687563221416700853e-78
3.687563221416700853e-78
3.687563221416700853e-78
3.687563221416700853e-78
3.687563221416700853e-78
3.687563221416700853e-78
3.687563221416700853e-78
3.687563221416700853e-78
3.687563221416700853e-78
3.687563221416700853e-78
3.687563221416700853e-78
3.687563221416700853e-78
3.687563221416700853e-78
3.687563221416700853e-78
3.687563221416700853e-78
3.687563221416700853e-78
3.687563221416700853e-78
3.687563221416700853e-78
3.687563221416700853e-78
3.687563221416697497e-78
3.687563221416553196e-78
3.687563221411758201e-78
3.687563221244599254e-78
3.687563217040960737e-78
3.687563131087062216e-78
3.687561439661489857e-78
3.687536116583643527e-78
3.687220581207809145e-78
3.683648375487082860e-78
3.651928827843267430e-78
3.428888139424673242e-78
2.442025890827830336e-78
9.614981984422585219e-79
2.624538397898029848e-79
7.714003651674421077e-80
3.381503075152675786e-80
2.665641125600899638e-80
2.648247961164992442e-80
2.648244268230011777e-80
2.648244268230006533e-80
2.648244268230006533e-80
2.648244268230006533e-80
2.648244268230006533e-80
2.648244268230006533e-80
2.648244268230006533e-80
2.648244268230006533e-80
2.648244268230006533e-80
2.648244268230006533e-80
2.648244268230006533e-80
2.648244268230006533e-80
2.648244268230006533e-80
2.648244268230006533e-80
2.648244268230006533e-80
2.648244268230006533e-80
2.648244268230006533e-80
2.648244268230006533e-80
2.648244268230006533e-80
2.648244268230006533e-80
2.648244268230006533e-80
2.648244268230006533e-80
2.648244268230006533e-80
2.648244268230006533e-80
2.648244268230006533e-80
2.648244268230006533e-80
2.648244268230006533e-80
2.648244268230004660e-80
2.648244268229933874e-80
2.648244268227581799e-80
2.648244268145562949e-80
2.648244266083001742e-80
2.648244223908769743e-80
2.648243393991960798e-80
2.648230968912742207e-80
2.648076143071022704e-80
2.646322759545949533e-80
2.630706172208151892e-80
2.518438025726280417e-80
1.963883344563787967e-80
9.016544849524568832e-81
2.670597861478812067e-81
8.030515425284987686e-82
3.539343853010429818e-82
2.792569999879838518e-82
2.774409102217068787e-82
2.774405246192098135e-82
2.774405246192091698e-82
2.774405246192091698e-82
2.774405246192091698e-82
2.774405246192091698e-82
2.774405246192091698e-82
2.774405246192091698e-82
2.774405246192091698e-82
2.774405246192091698e-82
2.774405246192091698e-82
2.774405246192091698e-82
2.774405246192091698e-82
2.774405246192091698e-82
2.774405246192091698e-82
2.774405246192091698e-82
2.774405246192091698e-82
2.774405246192091698e-82
2.774405246192091698e-82
2.774405246192091698e-82
2.774405246192091698e-82
2.774405246192091698e-82
2.774405246192091698e-82
2.774405246192091698e-82
2.774405246192091698e-82
2.774405246192091698e-82
2.774405246192091698e-82
2.774405246192091698e-82
2.774405246192090527e-82
2.774405246192039614e-82
2.774405246190348944e-82
2.774405246131403127e-82
2.774405244649065011e-82
2.774405214338956540e-82
2.774404617887756896e-82
2.774395688119170179e-82
2.774284414272893637e-82
2.773023966537861275e-82
2.761774564879459911e-82
2.679656833524626007e-82
2.239129882841575085e-82
1.191314753859179988e-82
3.898475707211197172e-83
1.209596266379032503e-83
5.372266700543524480e-84
4.244205128886461749e-84
4.216735545723766685e-84
4.216729713043566172e-84
4.216729713043556114e-84
4.216729713043556114e-84
4.216729713043556114e-84
4.216729713043556114e-84
4.216729713043556114e-84
4.216729713043556114e-84
4.216729713043556114e-84
4.216729713043556114e-84
4.216729713043556114e-84
4.216729713043556114e-84
4.216729713043556114e-84
4.216729713043556114e-84
4.216729713043556114e-84
4.216729713043556114e-84
4.216729713043556114e-84
4.216729713043556114e-84
4.216729713043556114e-84
4.216729713043556114e-84
4.216729713043556114e-84
4.216729713043556114e-84
4.216729713043556114e-84
4.216729713043556114e-84
4.216729713043556114e-84
4.216729713043556114e-84
4.216729713043556114e-84
4.216729713043556114e-84
4.216729713043556114e-84
4.216729713043556114e-84
4.216729713043502165e-84
4.216729713041733734e-84
4.216729712980061792e-84
4.216729711429171462e-84
4.216729679717322786e-84
4.216729055682233194e-84
4.216719712931458233e-84
4.216603291342303080e-84
4.215284329648242057e-84
4.203496131450156697e-84
4.116533206174537041e-84
3.620875803590584647e-84
2.202223022135227838e-84
8.092641188351063017e-85
2.618967991487474452e-85
1.175831103701935316e-85
9.306296538695440541e-86
9.246475386769755454e-86
9.246462684240503689e-86
9.246462684240483687e-86
9.246462684240483687e-86
9.246462684240483687e-86
9.246462684240483687e-86
9.246462684240483687e-86
9.246462684240483687e-86
9.246462684240483687e-86
9.246462684240483687e-86
9.246462684240483687e-86
9.246462684240483687e-86
9.246462684240483687e-86
9.246462684240483687e-86
9.246462684240483687e-86
9.246462684240483687e-86
9.246462684240483687e-86
9.246462684240483687e-86
9.246462684240483687e-86
9.246462684240483687e-86
9.246462684240483687e-86
9.246462684240483687e-86
9.246462684240483687e-86
9.246462684240483687e-86
9.246462684240483687e-86
9.246462684240483687e-86
9.246462684240483687e-86
9.246462684240483687e-86
9.246462684240483687e-86
9.246462684240482258e-86
9.246462684240402249e-86
9.246462684237724801e-86
9.246462684144382736e-86
9.246462681797076679e-86
9.246462633800552979e-86
9.246461689310791372e-86
9.246447548857697594e-86
9.246271340664795642e-86
9.244274834960210395e-86
9.226413899859665687e-86
9.093688699722917916e-86
8.303341638749758786e-86
5.667852872101989868e-86
2.367108280935640558e-86
8.094710218853615436e-87
3.689393280800360214e-87
2.927573187075864630e-87
2.908938057854863161e-87
2.908934100589005543e-87
2.908934100588999293e-87
2.908934100588999293e-87
2.908934100588999293e-87
2.908934100588999293e-87
2.908934100588999293e-87
2.908934100588999293e-87
2.908934100588999293e-87
2.908934100588999293e-87
2.908934100588999293e-87
2.908934100588999293e-87
2.908934100588999293e-87
2.908934100588999293e-87
2.908934100588999293e-87
2.908934100588999293e-87
2.908934100588999293e-87
2.908934100588999293e-87
2.908934100588999293e-87
2.908934100588999293e-87
2.908934100588999293e-87
2.908934100588999293e-87
2.908934100588999293e-87
2.908934100588999293e-87
2.908934100588999293e-87
2.908934100588999293e-87
2.908934100588999293e-87
2.908934100588999293e-87
2.908934100588999293e-87
2.908934100588998846e-87
2.908934100588981433e-87
2.908934100588399224e-87
2.908934100568096911e-87
2.908934100057555250e-87
2.908934089618250467e-87
2.908933884190515183e-87
2.908930808622278643e-87
2.908892482851466236e-87
2.908458205826348530e-87
2.904570544257961306e-87
2.875535246686571181e-87
2.697136515534429937e-87
2.024993673100458427e-87
9.666654483286698851e-88
3.544918313208057572e-88
1.649460065248515574e-88
1.313611349342222553e-88
1.305365517252983695e-88
1.305363766052590794e-88
1.305363766052587724e-88
1.305363766052587724e-88
1.305363766052587724e-88
1.305363766052587724e-88
1.305363766052587724e-88
1.305363766052587724e-88
1.305363766052587724e-88
1.305363766052587724e-88
1.305363766052587724e-88
1.305363766052587724e-88
1.305363766052587724e-88
1.305363766052587724e-88
1.305363766052587724e-88
1.305363766052587724e-88
1.305363766052587724e-88
1.305363766052587724e-88
1.305363766052587724e-88
1.305363766052587724e-88
1.305363766052587724e-88
1.305363766052587724e-88
1.305363766052587724e-88
1.305363766052587724e-88
1.305363766052587724e-88
1.305363766052587724e-88
1.305363766052587724e-88
1.305363766052587724e-88
1.305363766052587724e-88
1.305363766052587724e-88
1.305363766052587724e-88
1.305363766052582422e-88
1.305363766052401598e-88
1.305363766046101494e-88
1.305363765887665750e-88
1.305363762648054674e-88
1.305363698898029197e-88
1.305362744462047445e-88
1.305350850837046801e-88
1.305216075023673484e-88
1.304009004532548015e-88
1.294962322758903700e-88
1.238126991601210022e-88
1.002682058861922521e-88
5.462929421333199807e-89
2.181693546615712158e-89
1.043923445244414389e-89
8.355654947169371661e-90
8.304233835733527423e-90
8.304222913872192361e-90
8.304222913872174920e-90
8.304222913872174920e-90
8.304222913872174920e-90
8.304222913872174920e-90
8.304222913872174920e-90
8.304222913872174920e-90
8.304222913872174920e-90
8.304222913872174920e-90
8.304222913872174920e-90
8.304222913872174920e-90
8.304222913872174920e-90
8.304222913872174920e-90
8.304222913872174920e-90
8.304222913872174920e-90
8.304222913872174920e-90
8.304222913872174920e-90
8.304222913872174920e-90
8.304222913872174920e-90
8.304222913872174920e-90
8.304222913872174920e-90
8.304222913872174920e-90
8.304222913872174920e-90
8.304222913872174920e-90
8.304222913872174920e-90
8.304222913872174920e-90
8.304222913872174920e-90
8.304222913872174920e-90
8.304222913872174920e-90
8.304222913872174920e-90
8.304222913872150504e-90
8.304222913871355212e-90
8.304222913843682206e-90
8.304222913147770734e-90
8.304222898918114883e-90
8.304222618902701085e-90
8.304218426640064010e-90
8.304166184946978759e-90
8.303574173548277362e-90
8.298270351376573615e-90
8.258422679361757092e-90
8.004107225157300328e-90
6.871919257906920738e-90
4.238188262845681527e-90
1.870023054944893632e-90
9.285466034402694465e-91
7.483869571069256539e-91
7.439090598274786107e-91
7.439081085572458584e-91
7.439081085572443323e-91
7.439081085572443323e-91
7.439081085572443323e-91
7.439081085572443323e-91
7.439081085572443323e-91
7.439081085572443323e-91
7.439081085572443323e-91
7.439081085572443323e-91
7.439081085572443323e-91
7.439081085572443323e-91
7.439081085572443323e-91
7.439081085572443323e-91
7.439081085572443323e-91
7.439081085572443323e-91
7.439081085572443323e-91
7.439081085572443323e-91
7.439081085572443323e-91
7.439081085572443323e-91
7.439081085572443323e-91
7.439081085572443323e-91
7.439081085572443323e-91
7.439081085572443323e-91
7.439081085572443323e-91
7.439081085572443323e-91
7.439081085572443323e-91
7.439081085572443323e-91
7.439081085572443323e-91
7.439081085572443323e-91
7.439081085572428063e-91
7.439081085571939726e-91
7.439081085554893716e-91
7.439081085126244013e-91
7.439081076361454552e-91
7.439080903885301856e-91
7.439078321650839750e-91
7.439046143183419729e-91
7.438681482696434234e-91
7.435413769483618655e-91
7.410821631118395781e-91
7.252113125579707139e-91
6.506603853124830375e-91
4.482302467718809270e-91
2.210209967277313879e-91
1.151264029876555008e-91
9.366788280215162303e-92
9.312935036034973889e-92
9.312923592929409306e-92
9.312923592929390230e-92
9.312923592929390230e-92
9.312923592929390230e-92
9.312923592929390230e-92
9.312923592929390230e-92
9.312923592929390230e-92
9.312923592929390230e-92
9.312923592929390230e-92
9.312923592929390230e-92
9.312923592929390230e-92
9.312923592929390230e-92
9.312923592929390230e-92
9.312923592929390230e-92
9.312923592929390230e-92
9.312923592929390230e-92
9.312923592929390230e-92
9.312923592929390230e-92
9.312923592929390230e-92
9.312923592929390230e-92
9.312923592929390230e-92
9.312923592929390230e-92
9.312923592929390230e-92
9.312923592929390230e-92
9.312923592929390230e-92
9.312923592929390230e-92
9.312923592929390230e-92
9.312923592929390230e-92
9.312923592929390230e-92
9.312923592929377967e-92
9.312923592928961028e-92
9.312923592914400849e-92
9.312923592548283068e-92
9.312923585062070244e-92
9.312923437746151283e-92
9.312921232198995190e-92
9.312893747772726128e-92
9.312582276936751916e-92
9.309790761726837859e-92
9.288757362923492143e-92
9.151944356389112368e-92
8.483436631377553642e-92
6.422435091413895395e-92
3.562584520681167926e-92
1.970443344727578742e-92
1.623513862101359262e-92
1.614693875644005090e-92
1.614692000915820770e-92
1.614692000915817705e-92
1.614692000915817705e-92
1.614692000915817705e-92
1.614692000915817705e-92
1.614692000915817705e-92
1.614692000915817705e-92
1.614692000915817705e-92
1.614692000915817705e-92
1.614692000915817705e-92
1.614692000915817705e-92
1.614692000915817705e-92
1.614692000915817705e-92
1.614692000915817705e-92
1.614692000915817705e-92
1.614692000915817705e-92
1.614692000915817705e-92
1.614692000915817705e-92
1.614692000915817705e-92
1.614692000915817705e-92
1.614692000915817705e-92
1.614692000915817705e-92
1.614692000915817705e-92
1.614692000915817705e-92
1.614692000915817705e-92
1.614692000915817705e-92
1.614692000915817705e-92
1.614692000915817705e-92
1.614692000915817705e-92
1.614692000915816342e-92
1.614692000915767290e-92
1.614692000914067172e-92
1.614692000871312827e-92
1.614691999997089973e-92
1.614691982793874883e-92
1.614691725235118726e-92
1.614688515663294869e-92
1.614652142340887954e-92
1.614326115897611607e-92
1.611867531268017071e-92
1.595786527137867735e-92
1.514925379747857603e-92
1.239088170853881840e-92
7.736394209302709205e-93
4.600554560006970321e-93
3.853662644369076122e-93
3.834350086424929252e-93
3.834345979714305505e-93
3.834345979714298267e-93
3.834345979714298267e-93
3.834345979714298267e-93
3.834345979714298267e-93
3.834345979714298267e-93
3.834345979714298267e-93
3.834345979714298267e-93
3.834345979714298267e-93
3.834345979714298267e-93
3.834345979714298267e-93
3.834345979714298267e-93
3.834345979714298267e-93
3.834345979714298267e-93
3.834345979714298267e-93
3.834345979714298267e-93
3.834345979714298267e-93
3.834345979714298267e-93
3.834345979714298267e-93
3.834345979714298267e-93
3.834345979714298267e-93
3.834345979714298267e-93
3.834345979714298267e-93
3.834345979714298267e-93
3.834345979714298267e-93
3.834345979714298267e-93
3.834345979714298267e-93
3.834345979714298267e-93
3.834345979714295712e-93
3.834345979714219920e-93
3.834345979711554863e-93
3.834345979644545646e-93
3.834345978274374194e-93
3.834345951311738105e-93
3.834345547639312510e-93
3.834340517266401389e-93
3.834283508758481185e-93
3.833772483143763780e-93
3.829916547998398317e-93
3.804596966565576391e-93
3.674626333112930989e-93
3.195105659073289511e-93
2.232486249004765101e-93
1.443393398121939067e-93
1.234716086840374208e-93
1.229202750273390857e-93
1.229201577248560816e-93
1.229201577248558900e-93
1.229201577248558900e-93
1.229201577248558900e-93
1.229201577248558900e-93
1.229201577248558900e-93
1.229201577248558900e-93
1.229201577248558900e-93
1.229201577248558900e-93
1.229201577248558900e-93
1.229201577248558900e-93
1.229201577248558900e-93
1.229201577248558900e-93
1.229201577248558900e-93
1.229201577248558900e-93
1.229201577248558900e-93
1.229201577248558900e-93
1.229201577248558900e-93
1.229201577248558900e-93
1.229201577248558900e-93
1.229201577248558900e-93
1.229201577248558900e-93
1.229201577248558900e-93
1.229201577248558900e-93
1.229201577248558900e-93
1.229201577248558900e-93
1.229201577248558900e-93
1.229201577248558262e-93
1.229201577248542933e-93
1.229201577247996424e-93
1.229201577234251942e-93
1.229201576953213819e-93
1.229201571422864446e-93
1.229201488624964623e-93
1.229200456836568162e-93
1.229188763655807920e-93
1.229083940113422013e-93
1.228292671256149409e-93
1.223082610348087159e-93
1.195942226728622145e-93
1.089709916340757563e-93
8.424462534476054036e-94
5.967430698368001249e-94
5.237087158817122073e-94
5.217277172227948586e-94
5.217272954538142723e-94
5.217272954538136336e-94
5.217272954538136336e-94
5.217272954538136336e-94
5.217272954538136336e-94
5.217272954538136336e-94
5.217272954538136336e-94
5.217272954538136336e-94
5.217272954538136336e-94
5.217272954538136336e-94
5.217272954538136336e-94
5.217272954538136336e-94
5.217272954538136336e-94
5.217272954538136336e-94
5.217272954538136336e-94
5.217272954538136336e-94
5.217272954538136336e-94
5.217272954538136336e-94
5.217272954538136336e-94
5.217272954538136336e-94
5.217272954538136336e-94
5.217272954538136336e-94
5.217272954538136336e-94
5.217272954538136336e-94
5.217272954538136336e-94
5.217272954538136336e-94
5.217272954538136336e-94
5.217272954538135272e-94
5.217272954538094821e-94
5.217272954536677985e-94
5.217272954501066538e-94
5.217272953772883020e-94
5.217272939443478160e-94
5.217272724910074041e-94
5.217270051494988425e-94
5.217239753759504762e-94
5.216968139619625472e-94
5.214917256246357575e-94
5.201387608851132995e-94
5.130178366816878526e-94
4.839126965483146075e-94
4.075191133019870317e-94
3.167755998844641196e-94
2.862933082134140437e-94
2.854411642721189513e-94
2.854409826976473501e-94
2.854409826976469776e-94
2.854409826976469776e-94
2.854409826976469776e-94
2.854409826976469776e-94
2.854409826976469776e-94
2.854409826976469776e-94
2.854409826976469776e-94
2.854409826976469776e-94
2.854409826976469776e-94
2.854409826976469776e-94
2.854409826976469776e-94
2.854409826976469776e-94
2.854409826976469776e-94
2.854409826976469776e-94
2.854409826976469776e-94
2.854409826976469776e-94
2.854409826976469776e-94
2.854409826976469776e-94
2.854409826976469776e-94
2.854409826976469776e-94
2.854409826976469776e-94
2.854409826976469776e-94
2.854409826976469776e-94
2.854409826976469776e-94
2.854409826976469776e-94
2.854409826976469776e-94
2.854409826976457534e-94
2.854409826976016835e-94
2.854409826964930704e-94
2.854409826738250761e-94
2.854409822277577437e-94
2.854409755494385000e-94
2.854408923273233003e-94
2.854399491709405411e-94
2.854314937205498797e-94
2.853676366970873239e-94
2.849458299072990573e-94
2.827101220787739644e-94
2.732898849924798622e-94
2.461846535130266098e-94
2.086361138174759120e-94
1.944547061172402503e-94
1.940455077283574833e-94
1.940454204602511358e-94
1.940454204602509762e-94
1.940454204602509762e-94
1.940454204602509762e-94
1.940454204602509762e-94
1.940454204602509762e-94
1.940454204602509762e-94
1.940454204602509762e-94
1.940454204602509762e-94
1.940454204602509762e-94
1.940454204602509762e-94
1.940454204602509762e-94
1.940454204602509762e-94
1.940454204602509762e-94
1.940454204602509762e-94
1.940454204602509762e-94
1.940454204602509762e-94
1.940454204602509762e-94
1.940454204602509762e-94
1.940454204602509762e-94
1.940454204602509762e-94
1.940454204602509762e-94
1.940454204602509762e-94
1.940454204602509762e-94
1.940454204602509762e-94
1.940454204602509762e-94
1.940454204602505238e-94
1.940454204602351685e-94
1.940454204598485990e-94
1.940454204519446546e-94
1.940454202964082742e-94
1.940454179677875201e-94
1.940453889495918315e-94
1.940450600857514800e-94
1.940421117555105623e-94
1.940198427077815642e-94
1.938726227736280236e-94
1.930887559258957231e-94
1.897188191148522622e-94
1.793746072901976900e-94
1.632254836095143493e-94
1.564888904736790171e-94
1.562887750301568155e-94
1.562887323170206248e-94
1.562887323170205450e-94
1.562887323170205450e-94
1.562887323170205450e-94
1.562887323170205450e-94
1.562887323170205450e-94
1.562887323170205450e-94
1.562887323170205450e-94
1.562887323170205450e-94
1.562887323170205450e-94
1.562887323170205450e-94
1.562887323170205450e-94
1.562887323170205450e-94
1.562887323170205450e-94
1.562887323170205450e-94
1.562887323170205450e-94
1.562887323170205450e-94
1.562887323170205450e-94
1.562887323170205450e-94
1.562887323170205450e-94
1.562887323170205450e-94
1.562887323170205450e-94
1.562887323170205450e-94
1.562887323170205450e-94
1.562887323170205450e-94
1.562887323170205450e-94
1.562887323170204119e-94
1.562887323170149298e-94
1.562887323168772380e-94
1.562887323140616089e-94
1.562887322586546669e-94
1.562887314291271009e-94
1.562887210919367128e-94
1.562886039402136270e-94
1.562875536416435563e-94
1.562796200513088620e-94
1.562271457872800264e-94
1.559469988540971685e-94
1.547280542432964668e-94
1.508324624665250497e-94
1.442426642587518703e-94
1.412910422966484334e-94
1.412014013429067193e-94
1.412013821973726368e-94
1.412013821973726102e-94
1.412013821973726102e-94
1.412013821973726102e-94
1.412013821973726102e-94
1.412013821973726102e-94
1.412013821973726102e-94
1.412013821973726102e-94
1.412013821973726102e-94
1.412013821973726102e-94
1.412013821973726102e-94
1.412013821973726102e-94
1.412013821973726102e-94
1.412013821973726102e-94
1.412013821973726102e-94
1.412013821973726102e-94
1.412013821973726102e-94
1.412013821973726102e-94
1.412013821973726102e-94
1.412013821973726102e-94
1.412013821973726102e-94
1.412013821973726102e-94
1.412013821973726102e-94
1.412013821973726102e-94
1.412013821973726102e-94
1.412013821973725570e-94
1.412013821973707474e-94
1.412013821973256928e-94
1.412013821964042437e-94
1.412013821782720677e-94
1.412013819068052792e-94
1.412013785239112471e-94
1.412013401854405726e-94
1.412009964684919548e-94
1.411984000549440480e-94
1.411812226512048255e-94
1.410893921505747166e-94
1.406873693767209982e-94
1.393751294551331159e-94
1.370554475061672272e-94
1.359733515568575669e-94
1.359400536165603711e-94
1.359400465020063824e-94
1.359400465020063824e-94
1.359400465020063824e-94
1.359400465020063824e-94
1.359400465020063824e-94
1.359400465020063824e-94
1.359400465020063824e-94
1.359400465020063824e-94
1.359400465020063824e-94
1.359400465020063824e-94
1.359400465020063824e-94
1.359400465020063824e-94
1.359400465020063824e-94
1.359400465020063824e-94
1.359400465020063824e-94
1.359400465020063824e-94
1.359400465020063824e-94
1.359400465020063824e-94
1.359400465020063824e-94
1.359400465020063824e-94
1.359400465020063824e-94
1.359400465020063824e-94
1.359400465020063824e-94
1.359400465020063824e-94
1.359400465020063824e-94
1.359400465020063558e-94
1.359400465020058768e-94
1.359400465019935819e-94
1.359400465017428679e-94
1.359400464968085578e-94
1.359400464229347908e-94
1.359400455023536277e-94
1.359400350693690430e-94
1.359399415340627540e-94
1.359392349644133536e-94
1.359345599574171126e-94
1.359095534942380370e-94
1.357998028550588093e-94
1.354384174476970117e-94
1.347875459663154218e-94
1.344785341061150672e-94
1.344689699220804379e-94
1.344689678782082998e-94
1.344689678782082998e-94
1.344689678782082998e-94
1.344689678782082998e-94
1.344689678782082998e-94
1.344689678782082998e-94
1.344689678782082998e-94
1.344689678782082998e-94
1.344689678782082998e-94
1.344689678782082998e-94
1.344689678782082998e-94
1.344689678782082998e-94
1.344689678782082998e-94
1.344689678782082998e-94
1.344689678782082998e-94
1.344689678782082998e-94
1.344689678782082998e-94
1.344689678782082998e-94
1.344689678782082998e-94
1.344689678782082998e-94
1.344689678782082998e-94
1.344689678782082998e-94
1.344689678782082998e-94
1.344689678782082998e-94
1.344689678782082998e-94
1.344689678782081668e-94
1.344689678782055854e-94
1.344689678781526802e-94
1.344689678771115824e-94
1.344689678615244689e-94
1.344689676672853093e-94
1.344689654659644878e-94
1.344689457303520851e-94
1.344687966460131665e-94
1.344678102011029570e-94
1.344625328322768193e-94
1.344393529587653487e-94
1.343628178777501188e-94
1.342241618234457601e-94
1.341579638031260944e-94
1.341559111073984397e-94
1.341559106687115887e-94
1.341559106687115887e-94
1.341559106687115887e-94
1.341559106687115887e-94
1.341559106687115887e-94
1.341559106687115887e-94
1.341559106687115887e-94
1.341559106687115887e-94
1.341559106687115887e-94
1.341559106687115887e-94
1.341559106687115887e-94
1.341559106687115887e-94
1.341559106687115887e-94
1.341559106687115887e-94
1.341559106687115887e-94
1.341559106687115887e-94
1.341559106687115887e-94
1.341559106687115887e-94
1.341559106687115887e-94
1.341559106687115887e-94
1.341559106687115887e-94
1.341559106687115887e-94
1.341559106687115887e-94
1.341559106687115887e-94
1.341559106687115887e-94
1.341559106687115355e-94
1.341559106687111629e-94
1.341559106687027800e-94
1.341559106685382099e-94
1.341559106660739955e-94
1.341559106353665205e-94
1.341559102873569162e-94
1.341559071673287001e-94
1.341558835983697664e-94
1.341557276487578937e-94
1.341548933032459962e-94
1.341512279410137643e-94
1.341391181263071168e-94
1.341171495878582630e-94
1.341066477614778702e-94
1.341063219771149212e-94
1.341063219074898264e-94
1.341063219074898264e-94
1.341063219074898264e-94
1.341063219074898264e-94
1.341063219074898264e-94
1.341063219074898264e-94
1.341063219074898264e-94
1.341063219074898264e-94
1.341063219074898264e-94
1.341063219074898264e-94
1.341063219074898264e-94
1.341063219074898264e-94
1.341063219074898264e-94
1.341063219074898264e-94
1.341063219074898264e-94
1.341063219074898264e-94
1.341063219074898264e-94
1.341063219074898264e-94
1.341063219074898264e-94
1.341063219074898264e-94
1.341063219074898264e-94
1.341063219074898264e-94
1.341063219074898264e-94
1.341063219074898264e-94
1.341063219074898264e-94
1.341063219074897732e-94
1.341063219074887885e-94
1.341063219074694946e-94
1.341063219071806187e-94
1.341063219035809128e-94
1.341063218627854528e-94
1.341063214970395563e-94
1.341063187341635826e-94
1.341063004529170811e-94
1.341062026458423884e-94
1.341057729569818523e-94
1.341043531811656366e-94
1.341017769736818430e-94
1.341005451818642413e-94
1.341005069668816939e-94
1.341005069587145277e-94
1.341005069587145277e-94
1.341005069587145277e-94
1.341005069587145277e-94
1.341005069587145277e-94
1.341005069587145277e-94
1.341005069587145277e-94
1.341005069587145277e-94
1.341005069587145277e-94
1.341005069587145277e-94
1.341005069587145277e-94
1.341005069587145277e-94
1.341005069587145277e-94
1.341005069587145277e-94
1.341005069587145277e-94
1.341005069587145277e-94
1.341005069587145277e-94
1.341005069587145277e-94
1.341005069587145277e-94
1.341005069587145277e-94
1.341005069587145277e-94
1.341005069587145277e-94
1.341005069587145277e-94
1.341005069587145277e-94
1.341005069587145277e-94
1.341005069587144479e-94
1.341005069587127447e-94
1.341005069586876494e-94
1.341005069583749288e-94
1.341005069548309490e-94
1.341005069230576535e-94
1.341005066830395976e-94
1.341005050949009462e-94
1.341004965981435492e-94
1.341004592698099773e-94
1.341003359281607510e-94
1.341001121165406561e-94
1.341000051001327864e-94
1.341000017800380733e-94
1.341000017793285109e-94
1.341000017793285109e-94
1.341000017793285109e-94
1.341000017793285109e-94
1.341000017793285109e-94
1.341000017793285109e-94
1.341000017793285109e-94
1.341000017793285109e-94
1.341000017793285109e-94
1.341000017793285109e-94
1.341000017793285109e-94
1.341000017793285109e-94
1.341000017793285109e-94
1.341000017793285109e-94
1.341000017793285109e-94
1.341000017793285109e-94
1.341000017793285109e-94
1.341000017793285109e-94
1.341000017793285109e-94
1.341000017793285109e-94
1.341000017793285109e-94
1.341000017793285109e-94
1.341000017793285109e-94
1.341000017793285109e-94
1.341000017793285109e-94
1.341000017793284311e-94
1.341000017793267811e-94
1.341000017793066357e-94
1.341000017790780098e-94
1.341000017770282812e-94
1.341000017615445828e-94
1.341000016590929063e-94
1.341000011109624361e-94
1.340999987028904401e-94
1.340999907460417121e-94
1.340999763077758547e-94
1.340999694040462581e-94
1.340999691898636396e-94
1.340999691898178400e-94
1.340999691898178400e-94
1.340999691898178400e-94
1.340999691898178400e-94
1.340999691898178400e-94
1.340999691898178400e-94
1.340999691898178400e-94
1.340999691898178400e-94
1.340999691898178400e-94
1.340999691898178400e-94
1.340999691898178400e-94
1.340999691898178400e-94
1.340999691898178400e-94
1.340999691898178400e-94
1.340999691898178400e-94
1.340999691898178400e-94
1.340999691898178400e-94
1.340999691898178400e-94
1.340999691898178400e-94
1.340999691898178400e-94
1.340999691898178400e-94
1.340999691898178400e-94
1.340999691898178400e-94
1.340999691898178400e-94
1.340999691898178400e-94
1.340999691898178400e-94
1.340999691898177867e-94
1.340999691898168021e-94
1.340999691898058378e-94
1.340999691897073991e-94
1.340999691889638263e-94
1.340999691840437537e-94
1.340999691577207532e-94
1.340999690420773316e-94
1.340999686599636778e-94
1.340999679665912436e-94
1.340999676350516674e-94
1.340999676247659533e-94
1.340999676247637445e-94
1.340999676247637445e-94
1.340999676247637445e-94
1.340999676247637445e-94
1.340999676247637445e-94
1.340999676247637445e-94
1.340999676247637445e-94
1.340999676247637445e-94
1.340999676247637445e-94
1.340999676247637445e-94
1.340999676247637445e-94
1.340999676247637445e-94
1.340999676247637445e-94
1.340999676247637445e-94
1.340999676247637445e-94
1.340999676247637445e-94
1.340999676247637445e-94
1.340999676247637445e-94
1.340999676247637445e-94
1.340999676247637445e-94
1.340999676247637445e-94
1.340999676247637445e-94
1.340999676247637445e-94
1.340999676247637445e-94
1.340999676247637445e-94
1.340999676247637445e-94
1.340999676247637179e-94
1.340999676247633187e-94
1.340999676247597793e-94
1.340999676247331404e-94
1.340999676245568343e-94
1.340999676236134567e-94
1.340999676194690513e-94
1.340999676057749202e-94
1.340999675809258924e-94
1.340999675690441885e-94
1.340999675686755822e-94
1.340999675686755024e-94
1.340999675686755024e-94
1.340999675686755024e-94
1.340999675686755024e-94
1.340999675686755024e-94
1.340999675686755024e-94
1.340999675686755024e-94
1.340999675686755024e-94
1.340999675686755024e-94
1.340999675686755024e-94
1.340999675686755024e-94
1.340999675686755024e-94
1.340999675686755024e-94
1.340999675686755024e-94
1.340999675686755024e-94
1.340999675686755024e-94
1.340999675686755024e-94
1.340999675686755024e-94
1.340999675686755024e-94
1.340999675686755024e-94
1.340999675686755024e-94
1.340999675686755024e-94
1.340999675686755024e-94
1.340999675686755024e-94
1.340999675686755024e-94
1.340999675686755024e-94
1.340999675686755024e-94
1.340999675686755024e-94
1.340999675686753960e-94
1.340999675686747040e-94
1.340999675686699671e-94
1.340999675686446588e-94
1.340999675685335527e-94
1.340999675681664101e-94
1.340999675675002523e-94
1.340999675671817036e-94
1.340999675671718305e-94
1.340999675671718305e-94
1.340999675671718305e-94
1.340999675671718305e-94
1.340999675671718305e-94
1.340999675671718305e-94
1.340999675671718305e-94
1.340999675671718305e-94
1.340999675671718305e-94
1.340999675671718305e-94
1.340999675671718305e-94
1.340999675671718305e-94
1.340999675671718305e-94
1.340999675671718305e-94
1.340999675671718305e-94
1.340999675671718305e-94
1.340999675671718305e-94
1.340999675671718305e-94
1.340999675671718305e-94
1.340999675671718305e-94
1.340999675671718305e-94
1.340999675671718305e-94
1.340999675671718305e-94
1.340999675671718305e-94
1.340999675671718305e-94
1.340999675671718305e-94
1.340999675671718305e-94
1.340999675671718305e-94
1.340999675671718305e-94
1.340999675671718305e-94
1.340999675671717507e-94
1.340999675671712450e-94
1.340999675671690096e-94
1.340999675671616114e-94
1.340999675671482254e-94
1.340999675671418119e-94
1.340999675671416256e-94
1.340999675671416256e-94
1.340999675671416256e-94
1.340999675671416256e-94
1.340999675671416256e-94
1.340999675671416256e-94
1.340999675671416256e-94
1.340999675671416256e-94
1.340999675671416256e-94
1.340999675671416256e-94
1.340999675671416256e-94
1.340999675671416256e-94
1.340999675671416256e-94
1.340999675671416256e-94
1.340999675671416256e-94
1.340999675671416256e-94
1.340999675671416256e-94
1.340999675671416256e-94
1.340999675671416256e-94
1.340999675671416256e-94
1.340999675671416256e-94
1.340999675671416256e-94
1.340999675671416256e-94
1.340999675671416256e-94
1.340999675671416256e-94
1.340999675671416256e-94
1.340999675671416256e-94
1.340999675671416256e-94
1.340999675671416256e-94
1.340999675671416256e-94
1.340999675671416256e-94
1.340999675671415990e-94
1.340999675671415724e-94
1.340999675671414925e-94
1.340999675671412796e-94
1.340999675671411998e-94
1.340999675671411998e-94
1.340999675671411998e-94
1.340999675671411998e-94
1.340999675671411998e-94
1.340999675671411998e-94
1.340999675671411998e-94
1.340999675671411998e-94
1.340999675671411998e-94
1.340999675671411998e-94
1.340999675671411998e-94
1.340999675671411998e-94
1.340999675671411998e-94
1.340999675671411998e-94
1.340999675671411998e-94
1.340999675671411998e-94
1.340999675671411998e-94
1.340999675671411998e-94
1.340999675671411998e-94
1.340999675671411998e-94
1.340999675671411998e-94
1.340999675671411998e-94
1.340999675671411998e-94
1.340999675671411998e-94
1.340999675671411998e-94
1.340999675671411998e-94
1.340999675671411998e-94
1.340999675671411998e-94
1.340999675671411998e-94
1.340999675671411998e-94
1.340999675671411998e-94
1.340999675671411998e-94
1.340999675671411998e-94
1.340999675671411998e-94
1.340999675671411998e-94
1.340999675671411998e-94
1.340999675671411998e-94
1.340999675671411998e-94
1.340999675671411998e-94
1.340999675671411998e-94
1.340999675671411998e-94
1.340999675671411998e-94
1.340999675671411998e-94
1.340999675671411998e-94
1.340999675671411998e-94
1.340999675671411998e-94
1.340999675671411998e-94
1.340999675671411998e-94
1.340999675671411998e-94
1.340999675671411998e-94
1.340999675671411998e-94
1.340999675671411998e-94
1.340999675671411998e-94
1.340999675671411998e-94
1.340999675671411998e-94
1.340999675671411998e-94
1.340999675671411998e-94
1.340999675671411998e-94
1.340999675671411998e-94
1.340999675671411998e-94
1.340999675671411998e-94
1.340999675671411998e-94
1.340999675671411998e-94
1.340999675671411998e-94
1.340999675671411998e-94
1.340999675671411998e-94
1.340999675671411998e-94
1.340999675671411998e-94
1.340999675671411998e-94
1.340999675671411998e-94
1.340999675671411998e-94
1.340999675671411998e-94
1.340999675671411998e-94
1.340999675671411998e-94
1.340999675671411998e-94
1.340999675671411998e-94
1.340999675671411998e-94
1.340999675671411998e-94
1.340999675671411998e-94
1.340999675671411998e-94
1.340999675671411998e-94
1.340999675671411998e-94
1.340999675671411998e-94
1.340999675671411998e-94
1.340999675671411998e-94
1.340999675671411998e-94
1.340999675671411998e-94
1.340999675671411998e-94
1.340999675671411998e-94
1.340999675671411998e-94
1.340999675671411998e-94
1.340999675671411998e-94
1.340999675671411998e-94
1.340999675671411998e-94
1.340999675671411998e-94
1.340999675671411998e-94
1.340999675671411998e-94
1.340999675671411998e-94
1.340999675671411998e-94
1.340999675671411998e-94
1.340999675671411998e-94
1.340999675671411998e-94
1.340999675671411998e-94
1.340999675671411998e-94
1.340999675671411998e-94
1.340999675671411998e-94
1.340999675671411998e-94
1.340999675671411998e-94
1.340999675671411998e-94
1.340999675671411998e-94
1.340999675671411998e-94
1.340999675671411998e-94
1.340999675671411998e-94
1.340999675671411998e-94
1.340999675671411998e-94
1.340999675671411998e-94
1.340999675671411998e-94
1.340999675671411998e-94
1.340999675671411998e-94
1.340999675671411998e-94
1.340999675671411998e-94
1.340999675671411998e-94
1.340999675671411998e-94
1.340999675671411998e-94
1.340999675671411998e-94
1.340999675671411998e-94
1.340999675671411998e-94
1.340999675671411998e-94
1.340999675671411998e-94
1.340999675671411998e-94
1.340999675671411998e-94
1.340999675671411998e-94
1.340999675671411998e-94
1.340999675671411998e-94
1.340999675671411998e-94
1.340999675671411998e-94
1.340999675671411998e-94
1.340999675671411998e-94
1.340999675671411998e-94
1.340999675671411998e-94
1.340999675671411998e-94
1.340999675671411998e-94
1.340999675671411998e-94
1.340999675671411998e-94
1.340999675671411998e-94
1.340999675671411998e-94
1.340999675671411998e-94
1.340999675671411998e-94
1.340999675671411998e-94
1.340999675671411998e-94
1.340999675671411998e-94
1.340999675671411998e-94
1.340999675671411998e-94
1.340999675671411998e-94
1.340999675671411998e-94
1.340999675671411998e-94
1.340999675671411998e-94
1.340999675671411998e-94
1.340999675671411998e-94
1.340999675671411998e-94
1.340999675671411998e-94
1.340999675671411998e-94
1.340999675671411998e-94
1.340999675671411998e-94
1.340999675671411998e-94
1.340999675671411998e-94
1.340999675671411998e-94
1.340999675671411998e-94
1.340999675671411998e-94
1.340999675671411998e-94
1.340999675671411998e-94
1.340999675671411998e-94
1.340999675671411998e-94
1.340999675671411998e-94
1.340999675671411998e-94
1.340999675671411998e-94
1.340999675671411998e-94
1.340999675671411998e-94
1.340999675671411998e-94
1.340999675671411998e-94
1.340999675671411998e-94
1.340999675671411998e-94
1.340999675671411998e-94
1.340999675671411998e-94
1.340999675671411998e-94
1.340999675671411998e-94
1.340999675671411998e-94
1.340999675671411998e-94
1.340999675671411998e-94
1.340999675671411998e-94
1.340999675671411998e-94
1.340999675671411998e-94
1.340999675671411998e-94
1.340999675671411998e-94
1.340999675671411998e-94
1.340999675671411998e-94
1.340999675671411998e-94
1.340999675671411998e-94
1.340999675671411998e-94
1.340999675671411998e-94
1.340999675671411998e-94
1.340999675671411998e-94
1.340999675671411998e-94
1.340999675671411998e-94
1.340999675671411998e-94
1.340999675671411998e-94
1.340999675671411998e-94
1.340999675671411998e-94
1.340999675671411998e-94
1.340999675671411998e-94
1.340999675671411998e-94
1.340999675671411998e-94
1.340999675671411998e-94
1.340999675671411998e-94
1.340999675671411998e-94
1.340999675671411998e-94
1.340999675671411998e-94
1.340999675671411998e-94
1.340999675671411998e-94
1.340999675671411998e-94
1.340999675671411998e-94
1.340999675671411998e-94
1.340999675671411998e-94
1.340999675671411998e-94
1.340999675671411998e-94
1.340999675671411998e-94
1.340999675671411998e-94
1.340999675671411998e-94
1.340999675671411998e-94
1.340999675671411998e-94
1.340999675671411998e-94
1.340999675671411998e-94
1.340999675671411998e-94
1.340999675671411998e-94
1.340999675671411998e-94
1.340999675671411998e-94
1.340999675671411998e-94
1.340999675671411998e-94
1.340999675671411998e-94
1.340999675671411998e-94
1.340999675671411998e-94
1.340999675671411998e-94
1.340999675671411998e-94
1.340999675671411998e-94
1.340999675671411998e-94
1.340999675671411998e-94
1.340999675671411998e-94
1.340999675671411998e-94
1.340999675671411998e-94
1.340999675671411998e-94
1.340999675671411998e-94
1.340999675671411998e-94
1.340999675671411998e-94
1.340999675671411998e-94
1.340999675671411998e-94
1.340999675671411998e-94
1.340999675671411998e-94
1.340999675671411998e-94
1.340999675671411998e-94
1.340999675671411998e-94
1.340999675671411998e-94
1.340999675671411998e-94
1.340999675671411998e-94
1.340999675671411998e-94
1.340999675671411998e-94
1.340999675671411998e-94
1.340999675671411998e-94
1.340999675671411998e-94
1.340999675671411998e-94
1.340999675671411998e-94
1.340999675671411998e-94
1.340999675671411998e-94
1.340999675671411998e-94
1.340999675671411998e-94
1.340999675671411998e-94
1.340999675671411998e-94
1.340999675671411998e-94
1.340999675671411998e-94
1.340999675671411998e-94
1.340999675671411998e-94
1.340999675671411998e-94
1.340999675671411998e-94
1.340999675671411998e-94
1.340999675671411998e-94
1.340999675671411998e-94
1.340999675671411998e-94
1.340999675671411998e-94
1.340999675671411998e-94
1.340999675671411998e-94
1.340999675671411998e-94
1.340999675671411998e-94
1.340999675671411998e-94
1.340999675671411998e-94
1.340999675671411998e-94
1.340999675671411998e-94
1.340999675671411998e-94
1.340999675671411998e-94
1.340999675671411998e-94
1.340999675671411998e-94
1.340999675671411998e-94
1.340999675671411998e-94
1.340999675671411998e-94
1.340999675671411998e-94
1.340999675671411998e-94
1.340999675671411998e-94
1.340999675671411998e-94
1.340999675671411998e-94
1.340999675671411998e-94
1.340999675671411998e-94
1.340999675671411998e-94
1.340999675671411998e-94
1.340999675671411998e-94
1.340999675671411998e-94
1.340999675671411998e-94
1.340999675671411998e-94
1.340999675671411998e-94
1.340999675671411998e-94
1.340999675671411998e-94
1.340999675671411998e-94
1.340999675671411998e-94
1.340999675671411998e-94
1.340999675671411998e-94
1.340999675671411998e-94
1.340999675671411998e-94
1.340999675671411998e-94
1.340999675671411998e-94
1.340999675671411998e-94
1.340999675671411998e-94
1.340999675671411998e-94
1.340999675671411998e-94
1.340999675671411998e-94
1.340999675671411998e-94
1.340999675671411998e-94
1.340999675671411998e-94
1.340999675671411998e-94
1.340999675671411998e-94
1.340999675671411998e-94
1.340999675671411998e-94
1.340999675671411998e-94
1.340999675671411998e-94
1.340999675671411998e-94
1.340999675671411998e-94
1.340999675671411998e-94
1.340999675671411998e-94
1.340999675671411998e-94
1.340999675671411998e-94
1.340999675671411998e-94
1.340999675671411998e-94
1.340999675671411998e-94
1.340999675671411998e-94
1.340999675671411998e-94
1.340999675671411998e-94
1.340999675671411998e-94
1.340999675671411998e-94
1.340999675671411998e-94
1.340999675671411998e-94
1.340999675671411998e-94
1.340999675671411998e-94
1.340999675671411998e-94
1.340999675671411998e-94
1.340999675671411998e-94
1.340999675671411998e-94
1.340999675671411998e-94
1.340999675671411998e-94
1.340999675671411998e-94
1.340999675671411998e-94
1.340999675671411998e-94
1.340999675671411998e-94
1.340999675671411998e-94
1.340999675671411998e-94
1.340999675671411998e-94
1.340999675671411998e-94
1.340999675671411998e-94
1.340999675671411998e-94
1.340999675671411998e-94
1.340999675671411998e-94
1.340999675671411998e-94
1.340999675671411998e-94
1.340999675671411998e-94
1.340999675671411998e-94
1.340999675671411998e-94
1.340999675671411998e-94
1.340999675671411998e-94
1.340999675671411998e-94
1.340999675671411998e-94
1.340999675671411998e-94
1.340999675671411998e-94
1.340999675671411998e-94
1.340999675671411998e-94
1.340999675671411998e-94
1.340999675671411998e-94
1.340999675671411998e-94
1.340999675671411998e-94
1.340999675671411998e-94
1.340999675671411998e-94
1.340999675671411998e-94
1.340999675671411998e-94
1.340999675671411998e-94
1.340999675671411998e-94
1.340999675671411998e-94
1.340999675671411998e-94
1.340999675671411998e-94
1.340999675671411998e-94
1.340999675671411998e-94
1.340999675671411998e-94
1.340999675671411998e-94
1.340999675671411998e-94
1.340999675671411998e-94
1.340999675671411998e-94
1.340999675671411998e-94
1.340999675671411998e-94
1.340999675671411998e-94
1.340999675671411998e-94
1.340999675671411998e-94
1.340999675671411998e-94
1.340999675671411998e-94
1.340999675671411998e-94
1.340999675671411998e-94
1.340999675671411998e-94
1.340999675671411998e-94
1.340999675671411998e-94
1.340999675671411998e-94
1.340999675671411998e-94
1.340999675671411998e-94
1.340999675671411998e-94
1.340999675671411998e-94
1.340999675671411998e-94
1.340999675671411998e-94
1.340999675671411998e-94
1.340999675671411998e-94
1.340999675671411998e-94
1.340999675671411998e-94
1.340999675671411998e-94
1.340999675671411998e-94
1.340999675671411998e-94
1.340999675671411998e-94
1.340999675671411998e-94
1.340999675671411998e-94
1.340999675671411998e-94
1.340999675671411998e-94
1.340999675671411998e-94
1.340999675671411998e-94
1.340999675671411998e-94
1.340999675671411998e-94
1.340999675671411998e-94
1.340999675671411998e-94
1.340999675671411998e-94
1.340999675671411998e-94
1.340999675671411998e-94
1.340999675671411998e-94
1.340999675671411998e-94
1.340999675671411998e-94
1.340999675671411998e-94
1.340999675671411998e-94
1.340999675671411998e-94
1.340999675671411998e-94
1.340999675671411998e-94
1.340999675671411998e-94
1.340999675671411998e-94
1.340999675671411998e-94
1.340999675671411998e-94
1.340999675671411998e-94
1.340999675671411998e-94
1.340999675671411998e-94
1.340999675671411998e-94
1.340999675671411998e-94
1.340999675671411998e-94
1.340999675671411998e-94
1.340999675671411998e-94
1.340999675671411998e-94
1.340999675671411998e-94
1.340999675671411998e-94
1.340999675671411998e-94
1.340999675671411998e-94
1.340999675671411998e-94
1.340999675671411998e-94
1.340999675671411998e-94
1.340999675671411998e-94
1.340999675671411998e-94
1.340999675671411998e-94
1.340999675671411998e-94
1.340999675671411998e-94
1.340999675671411998e-94
1.340999675671411998e-94
1.340999675671411998e-94
1.340999675671411998e-94
1.340999675671411998e-94
1.340999675671411998e-94
1.340999675671411998e-94
1.340999675671411998e-94
1.340999675671411998e-94
1.340999675671411998e-94
1.340999675671411998e-94
1.340999675671411998e-94
1.340999675671411998e-94
1.340999675671411998e-94
1.340999675671411998e-94
1.340999675671411998e-94
1.340999675671411998e-94
1.340999675671411998e-94
1.340999675671411998e-94
1.340999675671411998e-94
1.340999675671411998e-94
1.340999675671411998e-94
1.340999675671411998e-94
1.340999675671411998e-94
1.340999675671411998e-94
1.340999675671411998e-94
1.340999675671411998e-94
1.340999675671411998e-94
1.340999675671411998e-94
1.340999675671411998e-94
1.340999675671411998e-94
1.340999675671411998e-94
1.340999675671411998e-94
1.340999675671411998e-94
1.340999675671411998e-94
1.340999675671411998e-94
1.340999675671411998e-94
1.340999675671411998e-94
1.340999675671411998e-94
1.340999675671411998e-94
1.340999675671411998e-94
1.340999675671411998e-94
1.340999675671411998e-94
1.340999675671411998e-94
1.340999675671411998e-94
1.340999675671411998e-94
1.340999675671411998e-94
1.340999675671411998e-94
1.340999675671411998e-94
1.340999675671411998e-94
1.340999675671411998e-94
1.340999675671411998e-94
1.340999675671411998e-94
1.340999675671411998e-94
1.340999675671411998e-94
1.340999675671411998e-94
1.340999675671411998e-94
1.340999675671411998e-94
1.340999675671411998e-94
1.340999675671411998e-94
1.340999675671411998e-94
1.340999675671411998e-94
1.340999675671411998e-94
1.340999675671411998e-94
1.340999675671411998e-94
1.340999675671411998e-94
1.340999675671411998e-94
1.340999675671411998e-94
1.340999675671411998e-94
1.340999675671411998e-94
1.340999675671411998e-94
1.340999675671411998e-94
1.340999675671411998e-94
1.340999675671411998e-94
1.340999675671411998e-94
1.340999675671411998e-94
1.340999675671411998e-94
1.340999675671411998e-94
1.340999675671411998e-94
1.340999675671411998e-94
1.340999675671411998e-94
1.340999675671411998e-94
1.340999675671411998e-94
1.340999675671411998e-94
1.340999675671411998e-94
1.340999675671411998e-94
1.340999675671411998e-94
1.340999675671411998e-94
1.340999675671411998e-94
1.340999675671411998e-94
1.340999675671411998e-94
1.340999675671411998e-94
1.340999675671411998e-94
1.340999675671411998e-94
1.340999675671411998e-94
1.340999675671411998e-94
1.340999675671411998e-94
1.340999675671411998e-94
1.340999675671411998e-94
1.340999675671411998e-94
1.340999675671411998e-94
1.340999675671411998e-94
1.340999675671411998e-94
1.340999675671411998e-94
1.340999675671411998e-94
1.340999675671411998e-94
1.340999675671411998e-94
1.340999675671411998e-94
1.340999675671411998e-94
1.340999675671411998e-94
1.340999675671411998e-94
1.340999675671411998e-94
1.340999675671411998e-94
1.340999675671411998e-94
1.340999675671411998e-94
1.340999675671411998e-94
1.340999675671411998e-94
1.340999675671411998e-94
1.340999675671411998e-94
1.340999675671411998e-94
1.340999675671411998e-94
1.340999675671411998e-94
1.340999675671411998e-94
1.340999675671411998e-94
1.340999675671411998e-94
1.340999675671411998e-94
1.340999675671411998e-94
1.340999675671411998e-94
1.340999675671411998e-94
1.340999675671411998e-94
1.340999675671411998e-94
1.340999675671411998e-94
1.340999675671411998e-94
1.340999675671411998e-94
1.340999675671411998e-94
1.340999675671411998e-94
1.340999675671411998e-94
1.340999675671411998e-94
1.340999675671411998e-94
1.340999675671411998e-94
1.340999675671411998e-94
1.340999675671411998e-94
1.340999675671411998e-94
1.340999675671411998e-94
1.340999675671411998e-94
1.340999675671411998e-94
1.340999675671411998e-94
1.340999675671411998e-94
1.340999675671411998e-94
1.340999675671411998e-94
1.340999675671411998e-94
1.340999675671411998e-94
1.340999675671411998e-94
1.340999675671411998e-94
