1.870012797188045229e-04
1.817829069876774221e-05
4.617445401370029609e-06
3.049053207990969192e-06
2.654334312394696281e-06
2.626189162437045936e-06
9.131701922183300201e-07
1.431870238272183595e-07
1.428653119294821474e-07
6.644920898279043995e-08
4.810655465129035516e-08
4.632445451717327476e-08
4.627943886244095403e-08
5.420812884929476595e-09
5.121879884307915665e-09
1.671588022442790167e-09
1.671211476385054499e-09
9.053659516849887233e-10
8.145674115832434952e-10
8.108605019099665320e-10
2.162859884374256136e-10
5.087449754065252421e-11
5.055580410753278069e-11
5.055546802100552032e-11
1.876556716238869570e-11
1.876526825440171629e-11
1.478720588209292996e-11
1.478720526473589186e-11
1.454209651896241842e-11
1.453233017794446959e-11
2.048023374941497491e-12
1.849014605202395189e-12
4.529371901229654671e-13
4.527206051146659933e-13
2.882804160924329253e-13
2.882800889583874356e-13
2.882800579075068153e-13
2.744000575016021222e-13
2.744000569713659704e-13
2.734726467145170740e-13
8.070200990891658362e-14
1.340992001972934181e-14
1.330202023936929299e-14
1.330198976264661322e-14
6.305872654832380830e-15
6.305608231386486787e-15
5.585975248596807521e-15
5.585974830249296066e-15
5.585974814758111037e-15
5.508736624291047815e-15
5.508736623901893264e-15
5.506900292568095217e-15
5.217475926728411868e-16
4.873217243780214197e-16
1.612576343871037032e-16
1.611236622911154742e-16
1.249680842736303256e-16
1.249676026598515938e-16
1.249675979803327716e-16
1.192113293372366129e-16
1.192113288619988237e-16
1.189817172837462804e-16
1.189817172731988157e-16
1.189817172729582131e-16
2.245479343705031514e-17
5.017440931891715419e-18
4.978512193872420175e-18
4.978508770181379325e-18
3.127666829612443813e-18
3.127349289022692700e-18
2.741603242170700410e-18
2.741602452666056957e-18
2.741602448248674318e-18
2.717110959798633684e-18
2.717110959349053457e-18
2.716752606423758841e-18
2.133687530361480289e-19
1.905934577311498602e-19
1.905934577311312509e-19
8.960612442469607378e-20
8.949958626831338300e-20
8.949958626831322652e-20
6.610530791386575223e-20
6.610465003597917971e-20
6.610464848595065298e-20
6.396461719115096779e-20
6.396461611923211827e-20
6.391154273450131454e-20
6.391154273234802856e-20
6.391154273201834547e-20
9.471973484313793485e-21
3.066138425181856241e-21
3.006710792864412981e-21
3.006709314613505514e-21
1.682542877736013707e-21
1.682306130316526861e-21
1.682306130316526297e-21
1.530566208558048417e-21
1.530565007333780035e-21
1.530565007333780035e-21
1.530565006359652944e-21
1.524412962767488446e-21
1.524412961658813896e-21
1.524279428215232280e-21
1.468286051367732232e-22
1.218820125190871121e-22
1.218820125190836091e-22
4.711197692668039213e-23
4.699032953353421235e-23
4.699032953353404191e-23
3.779244435438825639e-23
3.779189037672128607e-23
3.779189001827111098e-23
3.722094279457117720e-23
3.722094102270214545e-23
3.722094102270214545e-23
3.719966191716651139e-23
3.719966191716651139e-23
3.719966191683223606e-23
3.719966191595722158e-23
6.449907015433389498e-24
1.560663499641573822e-24
1.522537775599382001e-24
1.522537507400467116e-24
1.000349439733824722e-24
1.000003353912189128e-24
1.000003353912188761e-24
9.548747162833645661e-25
9.548735117352565966e-25
9.548735117352565966e-25
9.548735115615256947e-25
9.520360266514606636e-25
9.520360245405000105e-25
9.520360245405000105e-25
9.519991718953667303e-25
3.292676319158038625e-25
6.027702533321931583e-26
6.027702533321875334e-26
2.972109615926288252e-26
2.960076820615812586e-26
2.960076820615812586e-26
2.960076820615758633e-26
2.635975681642019248e-26
2.635864208659081378e-26
2.635864200669000615e-26
2.602898704029030596e-26
2.602898480783327168e-26
2.602898480783327168e-26
2.602898480783327168e-26
2.602161977871267683e-26
2.602161977860752518e-26
2.602161977651733781e-26
3.118689205665301702e-27
2.911091294703630002e-27
1.020694824560356367e-27
7.970132025008074060e-28
7.970131688244190470e-28
7.964665313735111188e-28
7.964665313735111188e-28
7.624902729558498145e-28
7.624870959702411601e-28
7.624870959702409807e-28
7.624870958990228225e-28
7.612052833813281463e-28
7.612052799044565301e-28
7.612052799044565301e-28
7.611944842321511104e-28
1.757948480555460712e-28
4.266046660786627782e-29
4.230865685894403369e-29
2.679931300994809538e-29
2.679931300994805615e-29
2.679931300994805615e-29
2.679931300994592057e-29
2.367903572267472881e-29
2.367679685777446351e-29
2.367679681632769271e-29
2.348773695688254790e-29
2.348772943775670391e-29
2.348772943775670391e-29
2.348772943775670391e-29
2.348498098854298768e-29
2.348498098850952468e-29
2.348498098412312978e-29
2.425747017118491809e-30
2.161705342232507708e-30
1.027935147146333431e-30
1.026640043351314326e-30
7.695020741203426008e-31
7.695020539388295935e-31
7.695020539388295935e-31
7.695020539388295935e-31
7.467553882035677028e-31
7.467478035369366423e-31
7.467478035369355037e-31
7.467478035369355037e-31
7.467478035102499640e-31
7.461839275019687391e-31
7.461839136824350129e-31
7.461839136824350129e-31
7.461772443893866541e-31
1.414346098265123537e-31
4.693192045756309376e-32
4.600516872868999969e-32
2.636502451167329650e-32
2.636502451167329650e-32
2.636502451167328556e-32
2.636502451166797048e-32
2.414986835126046054e-32
2.414654967351074698e-32
2.414654965667009804e-32
2.405606219917015311e-32
2.405604256694158552e-32
2.405604256694158552e-32
2.405604256694158552e-32
2.405604256694158552e-32
2.405418898828724793e-32
2.405418898827793695e-32
2.405418898827793695e-32
2.405418896924413276e-32
2.958278394409615736e-33
2.475307560338115793e-33
9.920796705662628977e-34
9.894269812943113895e-34
8.058108061442550083e-34
8.058107974984749234e-34
8.058107974984749234e-34
7.942025274975828275e-34
7.942025274975828275e-34
7.941903012178419556e-34
7.941903012178387055e-34
7.941903012178387055e-34
7.941903012098298195e-34
7.937801648776003574e-34
7.937801259517760225e-34
7.937801259517760225e-34
7.937771774959803316e-34
1.707849093182084776e-34
4.403580351796694506e-35
4.297190261557996366e-35
4.297190261557996366e-35
2.879530493110458166e-35
2.879530493110457632e-35
2.879530493107834580e-35
2.878491728075326067e-35
2.752198602141002136e-35
2.752198602141002136e-35
2.752198601560499023e-35
2.744633538540276154e-35
2.744629896511759275e-35
2.744629896511759275e-35
2.744629896511759275e-35
2.744629896511759275e-35
2.744535631038086053e-35
2.744535631038086053e-35
2.744535631037658410e-35
2.744535624870038417e-35
2.581444150495350703e-36
2.271307539951665803e-36
1.152565958404269967e-36
1.147882770051894819e-36
1.023858893788029378e-36
1.023858890084507612e-36
1.023858890084507612e-36
1.023814146050466440e-36
1.011735151975306189e-36
1.011735151975306189e-36
1.011735151975283637e-36
1.011735151975283637e-36
1.011735151970698843e-36
1.011475058581802328e-36
1.011474968507277894e-36
1.011474968507277894e-36
1.011474968507277894e-36
1.011474968507277894e-36
1.555520140630853308e-37
5.448593503446020072e-38
5.448593134840996347e-38
5.448593134840996347e-38
5.317945780929845446e-38
4.157310697222381598e-38
4.157310697222381598e-38
4.157310697208773467e-38
4.154475511192235080e-38
3.984808179531735926e-38
3.984808179531735926e-38
3.984808179102488347e-38
3.978605339234406362e-38
3.978588486495606348e-38
3.978588486495606348e-38
3.978588486495606348e-38
3.978588486495604782e-38
3.978588486495604782e-38
3.978535927268753597e-38
3.978535927268556271e-38
3.978535908797966279e-38
3.657047819155669477e-39
2.975655811655440633e-39
1.880114752901602952e-39
1.870133228597200664e-39
1.659573056079964958e-39
1.659573052647738331e-39
1.659573052647738331e-39
1.659573052647738331e-39
1.659419078227875305e-39
1.646968541906494090e-39
1.646968541906345639e-39
1.646968541906345639e-39
1.646968541906345639e-39
1.646968541903676137e-39
1.646785636582103309e-39
1.646785110805709503e-39
1.646785110805709503e-39
1.646785110805709503e-39
2.243989436343828315e-40
2.243989436343828315e-40
1.008018527016231880e-40
1.008018482514390320e-40
1.008018482514390320e-40
9.565526448006311392e-41
7.231051218702552189e-41
7.231051218643882564e-41
7.231051218643882564e-41
7.224174136991959845e-41
7.224174136991959845e-41
7.021092170317538993e-41
7.021092170024723092e-41
7.021023425530430486e-41
7.015909747558417270e-41
7.015909747558417270e-41
7.015909747558417270e-41
7.015909747558417270e-41
7.015909747558417270e-41
7.015909747558417270e-41
7.015909747558417270e-41
7.015909747558417270e-41
7.015909747558417270e-41
7.015909747558417270e-41
7.015909747558417270e-41
7.015909747558417270e-41
7.015909747558417270e-41
7.015909747558417270e-41
7.015909747558417270e-41
7.015909747558417270e-41
7.015909747558417270e-41
7.015909747558417270e-41
7.015909747558417270e-41
7.015909747558417270e-41
7.015909747558417270e-41
7.015909747558417270e-41
7.015909747558417270e-41
7.015909747558417270e-41
7.015909747558417270e-41
7.015909747558417270e-41
7.015909747558417270e-41
7.015909747558417270e-41
7.015909747558417270e-41
7.015909747558417270e-41
7.015909747558417270e-41
7.015909747558417270e-41
7.015909747558417270e-41
7.015909747558417270e-41
7.015909747558417270e-41
7.015909747558417270e-41
7.015909747558417270e-41
7.015909747558417270e-41
7.015909747558417270e-41
7.015909747558417270e-41
7.015909747558417270e-41
7.015909747558417270e-41
7.015909747558417270e-41
7.015909747558417270e-41
7.015909747558417270e-41
7.015909747558417270e-41
7.015909747558417270e-41
7.015909747558417270e-41
7.015909747558417270e-41
7.015909747558417270e-41
7.015909747558417270e-41
7.015909747558417270e-41
7.015909747558417270e-41
7.015909747558417270e-41
7.015909747558417270e-41
7.015909747558417270e-41
7.015909747558417270e-41
7.015909747558417270e-41
7.015909747558417270e-41
7.015909747558417270e-41
7.015909747558417270e-41
7.015909747558417270e-41
7.015909747558417270e-41
7.015909747558417270e-41
7.015909747558417270e-41
7.015909747558417270e-41
7.015909747558417270e-41
7.015909747558417270e-41
7.015909747558417270e-41
7.015909747558417270e-41
7.015909747558417270e-41
7.015909747558417270e-41
7.015909747558417270e-41
7.015909747558417270e-41
7.015909747558417270e-41
7.015909747558417270e-41
7.015909747558417270e-41
7.015909747558417270e-41
7.015909747558416250e-41
7.015909747558409113e-41
7.015909747558373428e-41
7.015909747558178689e-41
7.015909747557319184e-41
7.015909747554479657e-41
7.015909747549325686e-41
7.015909747546861364e-41
7.015909747546784895e-41
7.015909747546784895e-41
7.015909747546784895e-41
7.015909747546784895e-41
7.015909747546784895e-41
7.015909747546784895e-41
7.015909747546784895e-41
7.015909747546784895e-41
7.015909747546784895e-41
7.015909747546784895e-41
7.015909747546784895e-41
7.015909747546784895e-41
7.015909747546784895e-41
7.015909747546784895e-41
7.015909747546784895e-41
7.015909747546781837e-41
7.015909747546751249e-41
7.015909747546363809e-41
7.015909747541977581e-41
7.015909747502647328e-41
7.015909747205551235e-41
7.015909745239740050e-41
7.015909734722382776e-41
7.015909688517046455e-41
7.015909535843499650e-41
7.015909258806502687e-41
7.015909126339850934e-41
7.015909122230181554e-41
7.015909122229302677e-41
7.015909122229302677e-41
7.015909122229302677e-41
7.015909122229302677e-41
7.015909122229302677e-41
7.015909122229302677e-41
7.015909122229302677e-41
7.015909122229302677e-41
7.015909122229302677e-41
7.015909122229302677e-41
7.015909122229302677e-41
7.015909122229302677e-41
7.015909122229302677e-41
7.015909122229302677e-41
7.015909122229296560e-41
7.015909122229124251e-41
7.015909122225596508e-41
7.015909122156194797e-41
7.015909121117138960e-41
7.015909108168905933e-41
7.015908961426026874e-41
7.015907645824759008e-41
7.015897707674722356e-41
7.015831950167227669e-41
7.015480159480945671e-41
7.013935074275153488e-41
7.008834577091373284e-41
6.999598280069347640e-41
6.995190494728750353e-41
6.995053835537638748e-41
6.995053806331976688e-41
6.995053806331976688e-41
6.995053806331976688e-41
6.995053806331976688e-41
6.995053806331976688e-41
6.995053806331976688e-41
6.995053806331976688e-41
6.995053806331976688e-41
6.995053806331976688e-41
6.995053806331976688e-41
6.995053806331976688e-41
6.995053806331976688e-41
6.995053806331976688e-41
6.995053806331973629e-41
6.995053806331850260e-41
6.995053806327743396e-41
6.995053806184570060e-41
6.995053802584111989e-41
6.995053728963735663e-41
6.995052280240359405e-41
6.995030590676928869e-41
6.994760316598200736e-41
6.991698747928194633e-41
6.964369961987492322e-41
6.764630590634483300e-41
5.685665005326910336e-41
3.067773510110657812e-41
1.014873463458050382e-41
3.160477466750701334e-42
1.404978345260141128e-42
1.110134360024766971e-42
1.102953436783180498e-42
1.102951912035381359e-42
1.102951912035378810e-42
1.102951912035378810e-42
1.102951912035378810e-42
1.102951912035378810e-42
1.102951912035378810e-42
1.102951912035378810e-42
1.102951912035378810e-42
1.102951912035378810e-42
1.102951912035378810e-42
1.102951912035378810e-42
1.102951912035378810e-42
1.102951912035378810e-42
1.102951912035377217e-42
1.102951912035281472e-42
1.102951912031201723e-42
1.102951911895477780e-42
1.102951907163603063e-42
1.102951788169106480e-42
1.102949355034248254e-42
1.102901477266444084e-42
1.102185169490856467e-42
1.093336287127205831e-42
1.002153160685257501e-42
5.734121963066091733e-43
1.355011684210967396e-43
2.238517861962634847e-44
4.095140518408795248e-45
8.922756420676869827e-46
2.489405994452444214e-46
1.078451800670618043e-46
8.484995728501814477e-47
8.429235373934456668e-47
8.429223535393870605e-47
8.429223535393852130e-47
8.429223535393852130e-47
8.429223535393852130e-47
8.429223535393852130e-47
8.429223535393852130e-47
8.429223535393852130e-47
8.429223535393852130e-47
8.429223535393852130e-47
8.429223535393852130e-47
8.429223535393852130e-47
8.429223535393852130e-47
8.429223535393852130e-47
8.429223535393852130e-47
8.429223535393852130e-47
8.429223535393843379e-47
8.429223535393368874e-47
8.429223535373154770e-47
8.429223534700650039e-47
8.429223511254478329e-47
8.429222921643466872e-47
8.429210865587856855e-47
8.428973629954049614e-47
8.425423440577183089e-47
8.381432143166460859e-47
7.913187304105538995e-47
5.272412025479398901e-47
1.497445790237098301e-47
2.609932332758042897e-48
4.817463102154620313e-49
1.051312466605742676e-49
2.934038879187689700e-50
1.271162299669426849e-50
1.000130802086871461e-50
9.935585728980510279e-51
9.935571775406518890e-51
9.935571775406495151e-51
9.935571775406495151e-51
9.935571775406495151e-51
9.935571775406495151e-51
9.935571775406495151e-51
9.935571775406495151e-51
9.935571775406495151e-51
9.935571775406495151e-51
9.935571775406495151e-51
9.935571775406495151e-51
9.935571775406495151e-51
9.935571775406495151e-51
9.935571775406495151e-51
9.935571775406495151e-51
9.935571775406495151e-51
9.935571775406491590e-51
9.935571775406129571e-51
9.935571775390808473e-51
9.935571774881031797e-51
9.935571757108202573e-51
9.935571310167183113e-51
9.935562171347568599e-51
9.935382338355941379e-51
9.932690737754271000e-51
9.899271159488735491e-51
9.535664737786962679e-51
7.173432148379900490e-51
2.498283720991673246e-51
4.702794281573265252e-52
8.801751046297285171e-53
1.925561013981781067e-53
5.376602736256824553e-54
2.329649731377465967e-54
1.832965018352688129e-54
1.820920715547732479e-54
1.820918158407099484e-54
1.820918158407095137e-54
1.820918158407095137e-54
1.820918158407095137e-54
1.820918158407095137e-54
1.820918158407095137e-54
1.820918158407095137e-54
1.820918158407095137e-54
1.820918158407095137e-54
1.820918158407095137e-54
1.820918158407095137e-54
1.820918158407095137e-54
1.820918158407095137e-54
1.820918158407095137e-54
1.820918158407095137e-54
1.820918158407095137e-54
1.820918158407095137e-54
1.820918158407095137e-54
1.820918158407094558e-54
1.820918158407051670e-54
1.820918158405232420e-54
1.820918158344702233e-54
1.820918156234382139e-54
1.820918103165246938e-54
1.820917018034552518e-54
1.820895664772949601e-54
1.820576033204087636e-54
1.816602323086924990e-54
1.772751106586639133e-54
1.457356106968356706e-54
6.217473821945383524e-55
1.296964995071668372e-55
2.477915066306690675e-56
5.441309236492657838e-57
1.520490012408743715e-57
6.589290011934693071e-58
5.184584637843539220e-58
5.150520437336220320e-58
5.150513205119456356e-58
5.150513205119445036e-58
5.150513205119445036e-58
5.150513205119445036e-58
5.150513205119445036e-58
5.150513205119445036e-58
5.150513205119445036e-58
5.150513205119445036e-58
5.150513205119445036e-58
5.150513205119445036e-58
5.150513205119445036e-58
5.150513205119445036e-58
5.150513205119445036e-58
5.150513205119445036e-58
5.150513205119445036e-58
5.150513205119445036e-58
5.150513205119445036e-58
5.150513205119445036e-58
5.150513205119445036e-58
5.150513205119445036e-58
5.150513205119443621e-58
5.150513205119364384e-58
5.150513205116007416e-58
5.150513205004291465e-58
5.150513201109479267e-58
5.150513103164925406e-58
5.150511100444065724e-58
5.150471690623864345e-58
5.149881736608737409e-58
5.142541320847319766e-58
5.060791211280949569e-58
4.429496368908014151e-58
2.280525022840419175e-58
5.416774524715012045e-59
1.066429577230071678e-59
2.355020437863129160e-60
6.588284778280797767e-61
2.855859352812474121e-61
2.247139330891197959e-61
2.232377208032437987e-61
2.232374073862923036e-61
2.232374073862917855e-61
2.232374073862917855e-61
2.232374073862917855e-61
2.232374073862917855e-61
2.232374073862917855e-61
2.232374073862917855e-61
2.232374073862917855e-61
2.232374073862917855e-61
2.232374073862917855e-61
2.232374073862917855e-61
2.232374073862917855e-61
2.232374073862917855e-61
2.232374073862917855e-61
2.232374073862917855e-61
2.232374073862917855e-61
2.232374073862917855e-61
2.232374073862917855e-61
2.232374073862917855e-61
2.232374073862917855e-61
2.232374073862917855e-61
2.232374073862917855e-61
2.232374073862895401e-61
2.232374073861938859e-61
2.232374073830128741e-61
2.232374072721112738e-61
2.232374044832195444e-61
2.232373474573596304e-61
2.232362252914442914e-61
2.232194260765229226e-61
2.230102938610882607e-61
2.206672877148647592e-61
2.016713770138332687e-61
1.222039259959344823e-61
3.387692518040057558e-62
6.960548070298255340e-63
1.550031651724119874e-63
4.343741261893150494e-64
1.883617260004852124e-64
1.482219909109544205e-64
1.472484971428943270e-64
1.472482904585924832e-64
1.472482904585921290e-64
1.472482904585921290e-64
1.472482904585921290e-64
1.472482904585921290e-64
1.472482904585921290e-64
1.472482904585921290e-64
1.472482904585921290e-64
1.472482904585921290e-64
1.472482904585921290e-64
1.472482904585921290e-64
1.472482904585921290e-64
1.472482904585921290e-64
1.472482904585921290e-64
1.472482904585921290e-64
1.472482904585921290e-64
1.472482904585921290e-64
1.472482904585921290e-64
1.472482904585921290e-64
1.472482904585921290e-64
1.472482904585921290e-64
1.472482904585921121e-64
1.472482904585911338e-64
1.472482904585494373e-64
1.472482904571619997e-64
1.472482904087906341e-64
1.472482891923750087e-64
1.472482643197160771e-64
1.472477748698411924e-64
1.472404474353337429e-64
1.471491974475827718e-64
1.461229064764359864e-64
1.375237164084851139e-64
9.520172963903887404e-65
3.135494793937964799e-65
6.834040204489595769e-66
1.540688272502407936e-66
4.328600577795927508e-67
1.878110888095984735e-67
1.478023025836419125e-67
1.468318931538463721e-67
1.468316871239259787e-67
1.468316871239256492e-67
1.468316871239256492e-67
1.468316871239256492e-67
1.468316871239256492e-67
1.468316871239256492e-67
1.468316871239256492e-67
1.468316871239256492e-67
1.468316871239256492e-67
1.468316871239256492e-67
1.468316871239256492e-67
1.468316871239256492e-67
1.468316871239256492e-67
1.468316871239256492e-67
1.468316871239256492e-67
1.468316871239256492e-67
1.468316871239256492e-67
1.468316871239256492e-67
1.468316871239256492e-67
1.468316871239256492e-67
1.468316871239256492e-67
1.468316871239256492e-67
1.468316871239256492e-67
1.468316871239250233e-67
1.468316871238973665e-67
1.468316871229768020e-67
1.468316870908821016e-67
1.468316862837827435e-67
1.468316697806172600e-67
1.468313450271707017e-67
1.468264831362941711e-67
1.467659234838816086e-67
1.460830733571086243e-67
1.402335635839723407e-67
1.076662968190953473e-67
4.244435295094995717e-68
1.000810419326251503e-68
2.296834300295864946e-69
6.477389499003007346e-70
2.812786710755298911e-70
2.213890200543498934e-70
2.199361988831880189e-70
2.199358904302682893e-70
2.199358904302678067e-70
2.199358904302678067e-70
2.199358904302678067e-70
2.199358904302678067e-70
2.199358904302678067e-70
2.199358904302678067e-70
2.199358904302678067e-70
2.199358904302678067e-70
2.199358904302678067e-70
2.199358904302678067e-70
2.199358904302678067e-70
2.199358904302678067e-70
2.199358904302678067e-70
2.199358904302678067e-70
2.199358904302678067e-70
2.199358904302678067e-70
2.199358904302678067e-70
2.199358904302678067e-70
2.199358904302678067e-70
2.199358904302678067e-70
2.199358904302678067e-70
2.199358904302678067e-70
2.199358904302678067e-70
2.199358904302671632e-70
2.199358904302394308e-70
2.199358904293164094e-70
2.199358903971377722e-70
2.199358895879264694e-70
2.199358730415760769e-70
2.199355474380760575e-70
2.199306727640967656e-70
2.198699449391470974e-70
2.191840503264749930e-70
2.132207280077300909e-70
1.768698361097558365e-70
8.311339113795238501e-71
2.166646141547503630e-71
5.100402797045265273e-72
1.446346524684173945e-72
6.288451629257307661e-73
4.950515545575191152e-73
4.918052796652805040e-73
4.918045904353325566e-73
4.918045904353314884e-73
4.918045904353314884e-73
4.918045904353314884e-73
4.918045904353314884e-73
4.918045904353314884e-73
4.918045904353314884e-73
4.918045904353314884e-73
4.918045904353314884e-73
4.918045904353314884e-73
4.918045904353314884e-73
4.918045904353314884e-73
4.918045904353314884e-73
4.918045904353314884e-73
4.918045904353314884e-73
4.918045904353314884e-73
4.918045904353314884e-73
4.918045904353314884e-73
4.918045904353314884e-73
4.918045904353314884e-73
4.918045904353314884e-73
4.918045904353314884e-73
4.918045904353314884e-73
4.918045904353314884e-73
4.918045904353314884e-73
4.918045904353304830e-73
4.918045904352887596e-73
4.918045904338993841e-73
4.918045903854625135e-73
4.918045891673988893e-73
4.918045642610380722e-73
4.918040741467707706e-73
4.917967364930615101e-73
4.917053163900983343e-73
4.906716187569621846e-73
4.815947162842781507e-73
4.225469272487426840e-73
2.332874146796652852e-73
6.868797815731592706e-74
1.675430663238710004e-74
4.789307396740924969e-75
2.086056686946504406e-75
1.642710115587996038e-75
1.631949812333530183e-75
1.631947527753017828e-75
1.631947527753014146e-75
1.631947527753014146e-75
1.631947527753014146e-75
1.631947527753014146e-75
1.631947527753014146e-75
1.631947527753014146e-75
1.631947527753014146e-75
1.631947527753014146e-75
1.631947527753014146e-75
1.631947527753014146e-75
1.631947527753014146e-75
1.631947527753014146e-75
1.631947527753014146e-75
1.631947527753014146e-75
1.631947527753014146e-75
1.631947527753014146e-75
1.631947527753014146e-75
1.631947527753014146e-75
1.631947527753014146e-75
1.631947527753014146e-75
1.631947527753014146e-75
1.631947527753014146e-75
1.631947527753014146e-75
1.631947527753014146e-75
1.631947527753011937e-75
1.631947527752918174e-75
1.631947527749798445e-75
1.631947527641026924e-75
1.631947524905704100e-75
1.631947468975181358e-75
1.631946368358488012e-75
1.631929890597582484e-75
1.631724580228930052e-75
1.629401394189943067e-75
1.608865005453443224e-75
1.469002739313508336e-75
9.325765867741900192e-76
3.157343938283641969e-76
8.083601856474650096e-77
2.337469057081545699e-77
1.020788375354359387e-77
8.041872981405311203e-78
7.989279372979837022e-78
7.989268206418444231e-78
7.989268206418426013e-78
7.989268206418426013e-78
7.989268206418426013e-78
7.989268206418426013e-78
7.989268206418426013e-78
7.989268206418426013e-78
7.989268206418426013e-78
7.989268206418426013e-78
7.989268206418426013e-78
7.989268206418426013e-78
7.989268206418426013e-78
7.989268206418426013e-78
7.989268206418426013e-78
7.989268206418426013e-78
7.989268206418426013e-78
7.989268206418426013e-78
7.989268206418426013e-78
7.989268206418426013e-78
7.989268206418426013e-78
7.989268206418426013e-78
7.989268206418426013e-78
7.989268206418426013e-78
7.989268206418426013e-78
7.989268206418426013e-78
7.989268206418426013e-78
7.989268206418419302e-78
7.989268206418106731e-78
7.989268206407718053e-78
7.989268206045560230e-78
7.989268196938192774e-78
7.989268010715284549e-78
7.989264346167250855e-78
7.989209482603271815e-78
7.988525861307910273e-78
7.980786520209800991e-78
7.912064722562803511e-78
7.428837243133782966e-78
5.290756696869864654e-78
2.083128213973280931e-78
5.686178085591023445e-79
1.671272881793227978e-79
7.326175413433160280e-80
5.775228956292421609e-80
5.737545899137020620e-80
5.737537898230661265e-80
5.737537898230650029e-80
5.737537898230650029e-80
5.737537898230650029e-80
5.737537898230650029e-80
5.737537898230650029e-80
5.737537898230650029e-80
5.737537898230650029e-80
5.737537898230650029e-80
5.737537898230650029e-80
5.737537898230650029e-80
5.737537898230650029e-80
5.737537898230650029e-80
5.737537898230650029e-80
5.737537898230650029e-80
5.737537898230650029e-80
5.737537898230650029e-80
5.737537898230650029e-80
5.737537898230650029e-80
5.737537898230650029e-80
5.737537898230650029e-80
5.737537898230650029e-80
5.737537898230650029e-80
5.737537898230650029e-80
5.737537898230650029e-80
5.737537898230650029e-80
5.737537898230650029e-80
5.737537898230646284e-80
5.737537898230492725e-80
5.737537898225396814e-80
5.737537898047699106e-80
5.737537893579069737e-80
5.737537802206737641e-80
5.737536004155402210e-80
5.737509084673781663e-80
5.737173647665515790e-80
5.733374864998098306e-80
5.699540840408089544e-80
5.456306954119204901e-80
4.254839801718794200e-80
1.953474171769659051e-80
5.785967942983423485e-81
1.739846552209989780e-81
7.668144413690961844e-82
6.050225955357733909e-82
6.010879570337264664e-82
6.010871216089255473e-82
6.010871216089241428e-82
6.010871216089241428e-82
6.010871216089241428e-82
6.010871216089241428e-82
6.010871216089241428e-82
6.010871216089241428e-82
6.010871216089241428e-82
6.010871216089241428e-82
6.010871216089241428e-82
6.010871216089241428e-82
6.010871216089241428e-82
6.010871216089241428e-82
6.010871216089241428e-82
6.010871216089241428e-82
6.010871216089241428e-82
6.010871216089241428e-82
6.010871216089241428e-82
6.010871216089241428e-82
6.010871216089241428e-82
6.010871216089241428e-82
6.010871216089241428e-82
6.010871216089241428e-82
6.010871216089241428e-82
6.010871216089241428e-82
6.010871216089241428e-82
6.010871216089241428e-82
6.010871216089239087e-82
6.010871216089129068e-82
6.010871216085466826e-82
6.010871215957756548e-82
6.010871212746206157e-82
6.010871147078020844e-82
6.010869854840215286e-82
6.010850508103094438e-82
6.010609428412012424e-82
6.007878612854232054e-82
5.983506288472449099e-82
5.805594605091374955e-82
4.851173555244145764e-82
2.581035907823102966e-82
8.446219400450371365e-83
2.620643610246163989e-83
1.163925252800505484e-83
9.195257426584188794e-84
9.135743364254167694e-84
9.135730727495503118e-84
9.135730727495481173e-84
9.135730727495481173e-84
9.135730727495481173e-84
9.135730727495481173e-84
9.135730727495481173e-84
9.135730727495481173e-84
9.135730727495481173e-84
9.135730727495481173e-84
9.135730727495481173e-84
9.135730727495481173e-84
9.135730727495481173e-84
9.135730727495481173e-84
9.135730727495481173e-84
9.135730727495481173e-84
9.135730727495481173e-84
9.135730727495481173e-84
9.135730727495481173e-84
9.135730727495481173e-84
9.135730727495481173e-84
9.135730727495481173e-84
9.135730727495481173e-84
9.135730727495481173e-84
9.135730727495481173e-84
9.135730727495481173e-84
9.135730727495481173e-84
9.135730727495481173e-84
9.135730727495481173e-84
9.135730727495481173e-84
9.135730727495365960e-84
9.135730727491532837e-84
9.135730727357918526e-84
9.135730723997844659e-84
9.135730655292728096e-84
9.135729303293209022e-84
9.135709061811980393e-84
9.135456829309125134e-84
9.132599240680772496e-84
9.107059589854464140e-84
8.918650580347439970e-84
7.844786977212098640e-84
4.771213215275614264e-84
1.753306372526577892e-84
5.674109554650534686e-85
2.547489897492449651e-85
2.016250151978061576e-85
2.003289635819979538e-85
2.003286883761045212e-85
2.003286883761040925e-85
2.003286883761040925e-85
2.003286883761040925e-85
2.003286883761040925e-85
2.003286883761040925e-85
2.003286883761040925e-85
2.003286883761040925e-85
2.003286883761040925e-85
2.003286883761040925e-85
2.003286883761040925e-85
2.003286883761040925e-85
2.003286883761040925e-85
2.003286883761040925e-85
2.003286883761040925e-85
2.003286883761040925e-85
2.003286883761040925e-85
2.003286883761040925e-85
2.003286883761040925e-85
2.003286883761040925e-85
2.003286883761040925e-85
2.003286883761040925e-85
2.003286883761040925e-85
2.003286883761040925e-85
2.003286883761040925e-85
2.003286883761040925e-85
2.003286883761040925e-85
2.003286883761040925e-85
2.003286883761040354e-85
2.003286883761023209e-85
2.003286883760443143e-85
2.003286883740219981e-85
2.003286883231666029e-85
2.003286872833007628e-85
2.003286668205139099e-85
2.003283604613668275e-85
2.003245428332239607e-85
2.002812876574023486e-85
1.998943226282825026e-85
1.970187726838515389e-85
1.798955553526968498e-85
1.227965299326995629e-85
5.128444393900701115e-86
1.753754637101844100e-86
7.993233110712082876e-87
6.342716309141010290e-87
6.302342480553293769e-87
6.302333906962441033e-87
6.302333906962428532e-87
6.302333906962428532e-87
6.302333906962428532e-87
6.302333906962428532e-87
6.302333906962428532e-87
6.302333906962428532e-87
6.302333906962428532e-87
6.302333906962428532e-87
6.302333906962428532e-87
6.302333906962428532e-87
6.302333906962428532e-87
6.302333906962428532e-87
6.302333906962428532e-87
6.302333906962428532e-87
6.302333906962428532e-87
6.302333906962428532e-87
6.302333906962428532e-87
6.302333906962428532e-87
6.302333906962428532e-87
6.302333906962428532e-87
6.302333906962428532e-87
6.302333906962428532e-87
6.302333906962428532e-87
6.302333906962428532e-87
6.302333906962428532e-87
6.302333906962428532e-87
6.302333906962428532e-87
6.302333906962427639e-87
6.302333906962389241e-87
6.302333906961127490e-87
6.302333906917142121e-87
6.302333905811031253e-87
6.302333883193817315e-87
6.302333438125576624e-87
6.302326774771471598e-87
6.302243740300236645e-87
6.301302859989520993e-87
6.292880069897341644e-87
6.229973818309908292e-87
5.843465106382896601e-87
4.387238021233045764e-87
2.094323288539695342e-87
7.680221727339767426e-88
3.573627912468458609e-88
2.845996870762340659e-88
2.828131912200163226e-88
2.828128118147347196e-88
2.828128118147341057e-88
2.828128118147341057e-88
2.828128118147341057e-88
2.828128118147341057e-88
2.828128118147341057e-88
2.828128118147341057e-88
2.828128118147341057e-88
2.828128118147341057e-88
2.828128118147341057e-88
2.828128118147341057e-88
2.828128118147341057e-88
2.828128118147341057e-88
2.828128118147341057e-88
2.828128118147341057e-88
2.828128118147341057e-88
2.828128118147341057e-88
2.828128118147341057e-88
2.828128118147341057e-88
2.828128118147341057e-88
2.828128118147341057e-88
2.828128118147341057e-88
2.828128118147341057e-88
2.828128118147341057e-88
2.828128118147341057e-88
2.828128118147341057e-88
2.828128118147341057e-88
2.828128118147341057e-88
2.828128118147329336e-88
2.828128118146937551e-88
2.828128118133288116e-88
2.828128117790030250e-88
2.828128110771270052e-88
2.828127972654030987e-88
2.828125904826420865e-88
2.828100136763780999e-88
2.827808139025403528e-88
2.825192967618538356e-88
2.805592932926796001e-88
2.682456683605766963e-88
2.172354862280611745e-88
1.183567730751949840e-88
4.726735201960496032e-89
2.261706143121208896e-89
1.810289462307217646e-89
1.799148851934841032e-89
1.799146485665456885e-89
1.799146485665453048e-89
1.799146485665453048e-89
1.799146485665453048e-89
1.799146485665453048e-89
1.799146485665453048e-89
1.799146485665453048e-89
1.799146485665453048e-89
1.799146485665453048e-89
1.799146485665453048e-89
1.799146485665453048e-89
1.799146485665453048e-89
1.799146485665453048e-89
1.799146485665453048e-89
1.799146485665453048e-89
1.799146485665453048e-89
1.799146485665453048e-89
1.799146485665453048e-89
1.799146485665453048e-89
1.799146485665453048e-89
1.799146485665453048e-89
1.799146485665453048e-89
1.799146485665453048e-89
1.799146485665453048e-89
1.799146485665453048e-89
1.799146485665453048e-89
1.799146485665453048e-89
1.799146485665447816e-89
1.799146485665275852e-89
1.799146485659280470e-89
1.799146485508507848e-89
1.799146482425590269e-89
1.799146421759017100e-89
1.799145513486844326e-89
1.799134195093841505e-89
1.799005933215699054e-89
1.797856836771662565e-89
1.789223663046563742e-89
1.734125099288355202e-89
1.488831587358602115e-89
9.182221621182207673e-90
4.051487348439534940e-90
2.011737131436389107e-90
1.621413319177083464e-90
1.611711757408998306e-90
1.611709696440122614e-90
1.611709696440119343e-90
1.611709696440119343e-90
1.611709696440119343e-90
1.611709696440119343e-90
1.611709696440119343e-90
1.611709696440119343e-90
1.611709696440119343e-90
1.611709696440119343e-90
1.611709696440119343e-90
1.611709696440119343e-90
1.611709696440119343e-90
1.611709696440119343e-90
1.611709696440119343e-90
1.611709696440119343e-90
1.611709696440119343e-90
1.611709696440119343e-90
1.611709696440119343e-90
1.611709696440119343e-90
1.611709696440119343e-90
1.611709696440119343e-90
1.611709696440119343e-90
1.611709696440119343e-90
1.611709696440119343e-90
1.611709696440119343e-90
1.611709696440119343e-90
1.611709696440119343e-90
1.611709696440116073e-90
1.611709696440010122e-90
1.611709696436317074e-90
1.611709696343448258e-90
1.611709694444517965e-90
1.611709657076799536e-90
1.611709097624325026e-90
1.611702126017568857e-90
1.611623120716238741e-90
1.610915156249969567e-90
1.605587161111390465e-90
1.571202264060017494e-90
1.409684395202282753e-90
9.711105802584451658e-91
4.788517283859301221e-91
2.494264249536659857e-91
2.029355954326549150e-91
2.017688411678264109e-91
2.017685932479020873e-91
2.017685932479017058e-91
2.017685932479017058e-91
2.017685932479017058e-91
2.017685932479017058e-91
2.017685932479017058e-91
2.017685932479017058e-91
2.017685932479017058e-91
2.017685932479017058e-91
2.017685932479017058e-91
2.017685932479017058e-91
2.017685932479017058e-91
2.017685932479017058e-91
2.017685932479017058e-91
2.017685932479017058e-91
2.017685932479017058e-91
2.017685932479017058e-91
2.017685932479017058e-91
2.017685932479017058e-91
2.017685932479017058e-91
2.017685932479017058e-91
2.017685932479017058e-91
2.017685932479017058e-91
2.017685932479017058e-91
2.017685932479017058e-91
2.017685932479017058e-91
2.017685932479017058e-91
2.017685932479014333e-91
2.017685932478923860e-91
2.017685932475769563e-91
2.017685932396448336e-91
2.017685930774527257e-91
2.017685898857884386e-91
2.017685421016374647e-91
2.017679466394317199e-91
2.017611984865251587e-91
2.017007190794609665e-91
2.012450212263189987e-91
1.982809071550497089e-91
1.837973927242704319e-91
1.391448862099953185e-91
7.718496344266522931e-92
4.269052331130707961e-92
3.517414320067671961e-92
3.498305430767678632e-92
3.498301369086459493e-92
3.498301369086452680e-92
3.498301369086452680e-92
3.498301369086452680e-92
3.498301369086452680e-92
3.498301369086452680e-92
3.498301369086452680e-92
3.498301369086452680e-92
3.498301369086452680e-92
3.498301369086452680e-92
3.498301369086452680e-92
3.498301369086452680e-92
3.498301369086452680e-92
3.498301369086452680e-92
3.498301369086452680e-92
3.498301369086452680e-92
3.498301369086452680e-92
3.498301369086452680e-92
3.498301369086452680e-92
3.498301369086452680e-92
3.498301369086452680e-92
3.498301369086452680e-92
3.498301369086452680e-92
3.498301369086452680e-92
3.498301369086452680e-92
3.498301369086452680e-92
3.498301369086449955e-92
3.498301369086343677e-92
3.498301369082660030e-92
3.498301368990031350e-92
3.498301367095988622e-92
3.498301329824465150e-92
3.498300771812071245e-92
3.498293818133289270e-92
3.498215013727556158e-92
3.497508663072307190e-92
3.492182031138262370e-92
3.457341827103759626e-92
3.282152588252057534e-92
2.684539120809674307e-92
1.676123894764198760e-92
9.967304171136707471e-93
8.349129925179154295e-93
8.307288417412810695e-93
8.307279520043287456e-93
8.307279520043272127e-93
8.307279520043272127e-93
8.307279520043272127e-93
8.307279520043272127e-93
8.307279520043272127e-93
8.307279520043272127e-93
8.307279520043272127e-93
8.307279520043272127e-93
8.307279520043272127e-93
8.307279520043272127e-93
8.307279520043272127e-93
8.307279520043272127e-93
8.307279520043272127e-93
8.307279520043272127e-93
8.307279520043272127e-93
8.307279520043272127e-93
8.307279520043272127e-93
8.307279520043272127e-93
8.307279520043272127e-93
8.307279520043272127e-93
8.307279520043272127e-93
8.307279520043272127e-93
8.307279520043272127e-93
8.307279520043272127e-93
8.307279520043272127e-93
8.307279520043267018e-93
8.307279520043103512e-93
8.307279520037329719e-93
8.307279519892150320e-93
8.307279516923614833e-93
8.307279458507875214e-93
8.307278583933778467e-93
8.307267685409209341e-93
8.307144173964801380e-93
8.306037014452901483e-93
8.297682961054178242e-93
8.242826972208689805e-93
7.961239867862759516e-93
6.922337198160617154e-93
4.836779829794438469e-93
3.127175398104656877e-93
2.675066808144757929e-93
2.663121921535068325e-93
2.663119380125085905e-93
2.663119380125082073e-93
2.663119380125082073e-93
2.663119380125082073e-93
2.663119380125082073e-93
2.663119380125082073e-93
2.663119380125082073e-93
2.663119380125082073e-93
2.663119380125082073e-93
2.663119380125082073e-93
2.663119380125082073e-93
2.663119380125082073e-93
2.663119380125082073e-93
2.663119380125082073e-93
2.663119380125082073e-93
2.663119380125082073e-93
2.663119380125082073e-93
2.663119380125082073e-93
2.663119380125082073e-93
2.663119380125082073e-93
2.663119380125082073e-93
2.663119380125082073e-93
2.663119380125082073e-93
2.663119380125082073e-93
2.663119380125082073e-93
2.663119380125080795e-93
2.663119380125047157e-93
2.663119380123863445e-93
2.663119380094085402e-93
2.663119379485203532e-93
2.663119367503458255e-93
2.663119188118159862e-93
2.663116952703135025e-93
2.663091618911774203e-93
2.662864514088295103e-93
2.661150195242879592e-93
2.649862368711652106e-93
2.591061531697747813e-93
2.360904550267046685e-93
1.825196929288039611e-93
1.292870155434533277e-93
1.134638009436090738e-93
1.130346088551663160e-93
1.130345174770581973e-93
1.130345174770580696e-93
1.130345174770580696e-93
1.130345174770580696e-93
1.130345174770580696e-93
1.130345174770580696e-93
1.130345174770580696e-93
1.130345174770580696e-93
1.130345174770580696e-93
1.130345174770580696e-93
1.130345174770580696e-93
1.130345174770580696e-93
1.130345174770580696e-93
1.130345174770580696e-93
1.130345174770580696e-93
1.130345174770580696e-93
1.130345174770580696e-93
1.130345174770580696e-93
1.130345174770580696e-93
1.130345174770580696e-93
1.130345174770580696e-93
1.130345174770580696e-93
1.130345174770580696e-93
1.130345174770580696e-93
1.130345174770580270e-93
1.130345174770571541e-93
1.130345174770264755e-93
1.130345174762549119e-93
1.130345174604785107e-93
1.130345171500256344e-93
1.130345125020649246e-93
1.130344545813490952e-93
1.130337981675595785e-93
1.130279135275361785e-93
1.129834802355617791e-93
1.126903544630978972e-93
1.111475748570878854e-93
1.048418179995396258e-93
8.829081157178307925e-94
6.863082954151442277e-94
6.202670673510642070e-94
6.184208599537397656e-94
6.184204665646462373e-94
6.184204665646454922e-94
6.184204665646454922e-94
6.184204665646454922e-94
6.184204665646454922e-94
6.184204665646454922e-94
6.184204665646454922e-94
6.184204665646454922e-94
6.184204665646454922e-94
6.184204665646454922e-94
6.184204665646454922e-94
6.184204665646454922e-94
6.184204665646454922e-94
6.184204665646454922e-94
6.184204665646454922e-94
6.184204665646454922e-94
6.184204665646454922e-94
6.184204665646454922e-94
6.184204665646454922e-94
6.184204665646454922e-94
6.184204665646454922e-94
6.184204665646454922e-94
6.184204665646454922e-94
6.184204665646454922e-94
6.184204665646454922e-94
6.184204665646428310e-94
6.184204665645473462e-94
6.184204665621454311e-94
6.184204665130343352e-94
6.184204655466097676e-94
6.184204510777368167e-94
6.184202707733571533e-94
6.184182273834950960e-94
6.183999082776462951e-94
6.182615592225459219e-94
6.173476962261545188e-94
6.125039367023748951e-94
5.920945779655939368e-94
5.333698996119540654e-94
4.520193338386427625e-94
4.212946891725581541e-94
4.204081428322996593e-94
4.204079537621019303e-94
4.204079537621016109e-94
4.204079537621016109e-94
4.204079537621016109e-94
4.204079537621016109e-94
4.204079537621016109e-94
4.204079537621016109e-94
4.204079537621016109e-94
4.204079537621016109e-94
4.204079537621016109e-94
4.204079537621016109e-94
4.204079537621016109e-94
4.204079537621016109e-94
4.204079537621016109e-94
4.204079537621016109e-94
4.204079537621016109e-94
4.204079537621016109e-94
4.204079537621016109e-94
4.204079537621016109e-94
4.204079537621016109e-94
4.204079537621016109e-94
4.204079537621016109e-94
4.204079537621016109e-94
4.204079537621016109e-94
4.204079537621005997e-94
4.204079537620673344e-94
4.204079537612298469e-94
4.204079537441055566e-94
4.204079534071291246e-94
4.204079483620697069e-94
4.204078854928701199e-94
4.204071729948690623e-94
4.204007853074881051e-94
4.203525384343293603e-94
4.200335799599490971e-94
4.183352978943613193e-94
4.110341813017717269e-94
3.886229905807023991e-94
3.536352025383769813e-94
3.390400766712118201e-94
3.386065177450191216e-94
3.386064252051274802e-94
3.386064252051272673e-94
3.386064252051272673e-94
3.386064252051272673e-94
3.386064252051272673e-94
3.386064252051272673e-94
3.386064252051272673e-94
3.386064252051272673e-94
3.386064252051272673e-94
3.386064252051272673e-94
3.386064252051272673e-94
3.386064252051272673e-94
3.386064252051272673e-94
3.386064252051272673e-94
3.386064252051272673e-94
3.386064252051272673e-94
3.386064252051272673e-94
3.386064252051272673e-94
3.386064252051272673e-94
3.386064252051272673e-94
3.386064252051272673e-94
3.386064252051272673e-94
3.386064252051272673e-94
3.386064252051269480e-94
3.386064252051150789e-94
3.386064252048168088e-94
3.386064251987165894e-94
3.386064250786750147e-94
3.386064232814670224e-94
3.386064008854885501e-94
3.386061470711183649e-94
3.386038715529863653e-94
3.385866830799439382e-94
3.384729952747217634e-94
3.378660445997056136e-94
3.352251473893484709e-94
3.267851761512721519e-94
3.125080879640629857e-94
3.061132689241497457e-94
3.059190578479673774e-94
3.059190163683241768e-94
3.059190163683241235e-94
3.059190163683241235e-94
3.059190163683241235e-94
3.059190163683241235e-94
3.059190163683241235e-94
3.059190163683241235e-94
3.059190163683241235e-94
3.059190163683241235e-94
3.059190163683241235e-94
3.059190163683241235e-94
3.059190163683241235e-94
3.059190163683241235e-94
3.059190163683241235e-94
3.059190163683241235e-94
3.059190163683241235e-94
3.059190163683241235e-94
3.059190163683241235e-94
3.059190163683241235e-94
3.059190163683241235e-94
3.059190163683241235e-94
3.059190163683241235e-94
3.059190163683241235e-94
3.059190163683240703e-94
3.059190163683201317e-94
3.059190163682225180e-94
3.059190163662261203e-94
3.059190163269419699e-94
3.059190157387972157e-94
3.059190084096082535e-94
3.059189253476222027e-94
3.059181806697076088e-94
3.059125554253488195e-94
3.058753398232499552e-94
3.056763849972546852e-94
3.048053849431399048e-94
3.019623593310372934e-94
2.969366661751228325e-94
2.945922576199272411e-94
2.945201161650470546e-94
2.945201007510523753e-94
2.945201007510523753e-94
2.945201007510523753e-94
2.945201007510523753e-94
2.945201007510523753e-94
2.945201007510523753e-94
2.945201007510523753e-94
2.945201007510523753e-94
2.945201007510523753e-94
2.945201007510523753e-94
2.945201007510523753e-94
2.945201007510523753e-94
2.945201007510523753e-94
2.945201007510523753e-94
2.945201007510523753e-94
2.945201007510523753e-94
2.945201007510523753e-94
2.945201007510523753e-94
2.945201007510523753e-94
2.945201007510523753e-94
2.945201007510523753e-94
2.945201007510523753e-94
2.945201007510523221e-94
2.945201007510512576e-94
2.945201007510246454e-94
2.945201007504814361e-94
2.945201007397910828e-94
2.945201005797402803e-94
2.945200985852606361e-94
2.945200759817397805e-94
2.945198733333772424e-94
2.945183425190978378e-94
2.945082139104429524e-94
2.944540363060913122e-94
2.942162567103040009e-94
2.934332993013215729e-94
2.920231575571839163e-94
2.913536697458925291e-94
2.913329485197494214e-94
2.913329440916103166e-94
2.913329440916103166e-94
2.913329440916103166e-94
2.913329440916103166e-94
2.913329440916103166e-94
2.913329440916103166e-94
2.913329440916103166e-94
2.913329440916103166e-94
2.913329440916103166e-94
2.913329440916103166e-94
2.913329440916103166e-94
2.913329440916103166e-94
2.913329440916103166e-94
2.913329440916103166e-94
2.913329440916103166e-94
2.913329440916103166e-94
2.913329440916103166e-94
2.913329440916103166e-94
2.913329440916103166e-94
2.913329440916103166e-94
2.913329440916103166e-94
2.913329440916103166e-94
2.913329440916103166e-94
2.913329440916100505e-94
2.913329440916044619e-94
2.913329440914898163e-94
2.913329440892342153e-94
2.913329440554640697e-94
2.913329436346363797e-94
2.913329388653777948e-94
2.913328961073039210e-94
2.913325731095144881e-94
2.913304359331501695e-94
2.913190022810486670e-94
2.912687820636979782e-94
2.911029654382691868e-94
2.908025609869373514e-94
2.906591400589933180e-94
2.906546928032502312e-94
2.906546918528157931e-94
2.906546918528157931e-94
2.906546918528157931e-94
2.906546918528157931e-94
2.906546918528157931e-94
2.906546918528157931e-94
2.906546918528157931e-94
2.906546918528157931e-94
2.906546918528157931e-94
2.906546918528157931e-94
2.906546918528157931e-94
2.906546918528157931e-94
2.906546918528157931e-94
2.906546918528157931e-94
2.906546918528157931e-94
2.906546918528157931e-94
2.906546918528157931e-94
2.906546918528157931e-94
2.906546918528157931e-94
2.906546918528157931e-94
2.906546918528157931e-94
2.906546918528157931e-94
2.906546918528157398e-94
2.906546918528148882e-94
2.906546918527967919e-94
2.906546918524402410e-94
2.906546918471013981e-94
2.906546917805722658e-94
2.906546910265941336e-94
2.906546842669155498e-94
2.906546332037274668e-94
2.906542953320216501e-94
2.906524876857059036e-94
2.906445465169207724e-94
2.906183100697570810e-94
2.905707142631953250e-94
2.905479615935941578e-94
2.905472557674166132e-94
2.905472556165707748e-94
2.905472556165707748e-94
2.905472556165707748e-94
2.905472556165707748e-94
2.905472556165707748e-94
2.905472556165707748e-94
2.905472556165707748e-94
2.905472556165707748e-94
2.905472556165707748e-94
2.905472556165707748e-94
2.905472556165707748e-94
2.905472556165707748e-94
2.905472556165707748e-94
2.905472556165707748e-94
2.905472556165707748e-94
2.905472556165707748e-94
2.905472556165707748e-94
2.905472556165707748e-94
2.905472556165707748e-94
2.905472556165707748e-94
2.905472556165707748e-94
2.905472556165707748e-94
2.905472556165707748e-94
2.905472556165706683e-94
2.905472556165685393e-94
2.905472556165267049e-94
2.905472556159008912e-94
2.905472556081019588e-94
2.905472555197167719e-94
2.905472547273121489e-94
2.905472487414196200e-94
2.905472091342935635e-94
2.905469972309565108e-94
2.905460662911065539e-94
2.905429902842403221e-94
2.905374088172097593e-94
2.905347400859597504e-94
2.905346572915161661e-94
2.905346572738216817e-94
2.905346572738216817e-94
2.905346572738216817e-94
2.905346572738216817e-94
2.905346572738216817e-94
2.905346572738216817e-94
2.905346572738216817e-94
2.905346572738216817e-94
2.905346572738216817e-94
2.905346572738216817e-94
2.905346572738216817e-94
2.905346572738216817e-94
2.905346572738216817e-94
2.905346572738216817e-94
2.905346572738216817e-94
2.905346572738216817e-94
2.905346572738216817e-94
2.905346572738216817e-94
2.905346572738216817e-94
2.905346572738216817e-94
2.905346572738216817e-94
2.905346572738216817e-94
2.905346572738214688e-94
2.905346572738177963e-94
2.905346572737634009e-94
2.905346572730859062e-94
2.905346572654076869e-94
2.905346571965694631e-94
2.905346566765597307e-94
2.905346532357874367e-94
2.905346348271881241e-94
2.905345539537086444e-94
2.905342867285907231e-94
2.905338018308538339e-94
2.905335699750906602e-94
2.905335627819591628e-94
2.905335627804218264e-94
2.905335627804218264e-94
2.905335627804218264e-94
2.905335627804218264e-94
2.905335627804218264e-94
2.905335627804218264e-94
2.905335627804218264e-94
2.905335627804218264e-94
2.905335627804218264e-94
2.905335627804218264e-94
2.905335627804218264e-94
2.905335627804218264e-94
2.905335627804218264e-94
2.905335627804218264e-94
2.905335627804218264e-94
2.905335627804218264e-94
2.905335627804218264e-94
2.905335627804218264e-94
2.905335627804218264e-94
2.905335627804218264e-94
2.905335627804218264e-94
2.905335627804218264e-94
2.905335627804218264e-94
2.905335627804216668e-94
2.905335627804181007e-94
2.905335627803744566e-94
2.905335627798790962e-94
2.905335627754382570e-94
2.905335627418921333e-94
2.905335625199261239e-94
2.905335613323772924e-94
2.905335561151832483e-94
2.905335388763198584e-94
2.905335075951806898e-94
2.905334926379462510e-94
2.905334921739101684e-94
2.905334921738109579e-94
2.905334921738109579e-94
2.905334921738109579e-94
2.905334921738109579e-94
2.905334921738109579e-94
2.905334921738109579e-94
2.905334921738109579e-94
2.905334921738109579e-94
2.905334921738109579e-94
2.905334921738109579e-94
2.905334921738109579e-94
2.905334921738109579e-94
2.905334921738109579e-94
2.905334921738109579e-94
2.905334921738109579e-94
2.905334921738109579e-94
2.905334921738109579e-94
2.905334921738109579e-94
2.905334921738109579e-94
2.905334921738109579e-94
2.905334921738109579e-94
2.905334921738109579e-94
2.905334921738109579e-94
2.905334921738108515e-94
2.905334921738087225e-94
2.905334921737849844e-94
2.905334921735717138e-94
2.905334921719607147e-94
2.905334921613011784e-94
2.905334921042712352e-94
2.905334918537246284e-94
2.905334910258585981e-94
2.905334895236366347e-94
2.905334888053415897e-94
2.905334887830570779e-94
2.905334887830522877e-94
2.905334887830522877e-94
2.905334887830522877e-94
2.905334887830522877e-94
2.905334887830522877e-94
2.905334887830522877e-94
2.905334887830522877e-94
2.905334887830522877e-94
2.905334887830522877e-94
2.905334887830522877e-94
2.905334887830522877e-94
2.905334887830522877e-94
2.905334887830522877e-94
2.905334887830522877e-94
2.905334887830522877e-94
2.905334887830522877e-94
2.905334887830522877e-94
2.905334887830522877e-94
2.905334887830522877e-94
2.905334887830522877e-94
2.905334887830522877e-94
2.905334887830522877e-94
2.905334887830522877e-94
2.905334887830522877e-94
2.905334887830522345e-94
2.905334887830513829e-94
2.905334887830437185e-94
2.905334887829859700e-94
2.905334887826040310e-94
2.905334887805601570e-94
2.905334887715811310e-94
2.905334887419121458e-94
2.905334886880756726e-94
2.905334886623334312e-94
2.905334886615348508e-94
2.905334886615346379e-94
2.905334886615346379e-94
2.905334886615346379e-94
2.905334886615346379e-94
2.905334886615346379e-94
2.905334886615346379e-94
2.905334886615346379e-94
2.905334886615346379e-94
2.905334886615346379e-94
2.905334886615346379e-94
2.905334886615346379e-94
2.905334886615346379e-94
2.905334886615346379e-94
2.905334886615346379e-94
2.905334886615346379e-94
2.905334886615346379e-94
2.905334886615346379e-94
2.905334886615346379e-94
2.905334886615346379e-94
2.905334886615346379e-94
2.905334886615346379e-94
2.905334886615346379e-94
2.905334886615346379e-94
2.905334886615346379e-94
2.905334886615346379e-94
2.905334886615344783e-94
2.905334886615328815e-94
2.905334886615226624e-94
2.905334886614677880e-94
2.905334886612271068e-94
2.905334886604317199e-94
2.905334886589884312e-94
2.905334886582983223e-94
2.905334886582768729e-94
2.905334886582768729e-94
2.905334886582768729e-94
2.905334886582768729e-94
2.905334886582768729e-94
2.905334886582768729e-94
2.905334886582768729e-94
2.905334886582768729e-94
2.905334886582768729e-94
2.905334886582768729e-94
2.905334886582768729e-94
2.905334886582768729e-94
2.905334886582768729e-94
2.905334886582768729e-94
2.905334886582768729e-94
2.905334886582768729e-94
2.905334886582768729e-94
2.905334886582768729e-94
2.905334886582768729e-94
2.905334886582768729e-94
2.905334886582768729e-94
2.905334886582768729e-94
2.905334886582768729e-94
2.905334886582768729e-94
2.905334886582768729e-94
2.905334886582768729e-94
2.905334886582768729e-94
2.905334886582768729e-94
2.905334886582767132e-94
2.905334886582755955e-94
2.905334886582707520e-94
2.905334886582547847e-94
2.905334886582257241e-94
2.905334886582118857e-94
2.905334886582114600e-94
2.905334886582114600e-94
2.905334886582114600e-94
2.905334886582114600e-94
2.905334886582114600e-94
2.905334886582114600e-94
2.905334886582114600e-94
2.905334886582114600e-94
2.905334886582114600e-94
2.905334886582114600e-94
2.905334886582114600e-94
2.905334886582114600e-94
2.905334886582114600e-94
2.905334886582114600e-94
2.905334886582114600e-94
2.905334886582114600e-94
2.905334886582114600e-94
2.905334886582114600e-94
2.905334886582114600e-94
2.905334886582114600e-94
2.905334886582114600e-94
2.905334886582114600e-94
2.905334886582114600e-94
2.905334886582114600e-94
2.905334886582114600e-94
2.905334886582114600e-94
2.905334886582114600e-94
2.905334886582114600e-94
2.905334886582114067e-94
2.905334886582113535e-94
2.905334886582111406e-94
2.905334886582107148e-94
2.905334886582105019e-94
2.905334886582105019e-94
2.905334886582105019e-94
2.905334886582105019e-94
2.905334886582105019e-94
2.905334886582105019e-94
2.905334886582105019e-94
2.905334886582105019e-94
2.905334886582105019e-94
2.905334886582105019e-94
2.905334886582105019e-94
2.905334886582105019e-94
2.905334886582105019e-94
2.905334886582105019e-94
2.905334886582105019e-94
2.905334886582105019e-94
2.905334886582105019e-94
2.905334886582105019e-94
2.905334886582105019e-94
2.905334886582105019e-94
2.905334886582105019e-94
2.905334886582105019e-94
2.905334886582105019e-94
2.905334886582105019e-94
2.905334886582105019e-94
2.905334886582105019e-94
2.905334886582105019e-94
2.905334886582105019e-94
2.905334886582105019e-94
2.905334886582105019e-94
2.905334886582105019e-94
2.905334886582105019e-94
2.905334886582105019e-94
2.905334886582105019e-94
2.905334886582105019e-94
2.905334886582105019e-94
2.905334886582105019e-94
2.905334886582105019e-94
2.905334886582105019e-94
2.905334886582105019e-94
2.905334886582105019e-94
2.905334886582105019e-94
2.905334886582105019e-94
2.905334886582105019e-94
2.905334886582105019e-94
2.905334886582105019e-94
2.905334886582105019e-94
2.905334886582105019e-94
2.905334886582105019e-94
2.905334886582105019e-94
2.905334886582105019e-94
2.905334886582105019e-94
2.905334886582105019e-94
2.905334886582105019e-94
2.905334886582105019e-94
2.905334886582105019e-94
2.905334886582105019e-94
2.905334886582105019e-94
2.905334886582105019e-94
2.905334886582105019e-94
2.905334886582105019e-94
2.905334886582105019e-94
2.905334886582105019e-94
2.905334886582105019e-94
2.905334886582105019e-94
2.905334886582105019e-94
2.905334886582105019e-94
2.905334886582105019e-94
2.905334886582105019e-94
2.905334886582105019e-94
2.905334886582105019e-94
2.905334886582105019e-94
2.905334886582105019e-94
2.905334886582105019e-94
2.905334886582105019e-94
2.905334886582105019e-94
2.905334886582105019e-94
2.905334886582105019e-94
2.905334886582105019e-94
2.905334886582105019e-94
2.905334886582105019e-94
2.905334886582105019e-94
2.905334886582105019e-94
2.905334886582105019e-94
2.905334886582105019e-94
2.905334886582105019e-94
2.905334886582105019e-94
2.905334886582105019e-94
2.905334886582105019e-94
2.905334886582105019e-94
2.905334886582105019e-94
2.905334886582105019e-94
2.905334886582105019e-94
2.905334886582105019e-94
2.905334886582105019e-94
2.905334886582105019e-94
2.905334886582105019e-94
2.905334886582105019e-94
2.905334886582105019e-94
2.905334886582105019e-94
2.905334886582105019e-94
2.905334886582105019e-94
2.905334886582105019e-94
2.905334886582105019e-94
2.905334886582105019e-94
2.905334886582105019e-94
2.905334886582105019e-94
2.905334886582105019e-94
2.905334886582105019e-94
2.905334886582105019e-94
2.905334886582105019e-94
2.905334886582105019e-94
2.905334886582105019e-94
2.905334886582105019e-94
2.905334886582105019e-94
2.905334886582105019e-94
2.905334886582105019e-94
2.905334886582105019e-94
2.905334886582105019e-94
2.905334886582105019e-94
2.905334886582105019e-94
2.905334886582105019e-94
2.905334886582105019e-94
2.905334886582105019e-94
2.905334886582105019e-94
2.905334886582105019e-94
2.905334886582105019e-94
2.905334886582105019e-94
2.905334886582105019e-94
2.905334886582105019e-94
2.905334886582105019e-94
2.905334886582105019e-94
2.905334886582105019e-94
2.905334886582105019e-94
2.905334886582105019e-94
2.905334886582105019e-94
2.905334886582105019e-94
2.905334886582105019e-94
2.905334886582105019e-94
2.905334886582105019e-94
2.905334886582105019e-94
2.905334886582105019e-94
2.905334886582105019e-94
2.905334886582105019e-94
2.905334886582105019e-94
2.905334886582105019e-94
2.905334886582105019e-94
2.905334886582105019e-94
2.905334886582105019e-94
2.905334886582105019e-94
2.905334886582105019e-94
2.905334886582105019e-94
2.905334886582105019e-94
2.905334886582105019e-94
2.905334886582105019e-94
2.905334886582105019e-94
2.905334886582105019e-94
2.905334886582105019e-94
2.905334886582105019e-94
2.905334886582105019e-94
2.905334886582105019e-94
2.905334886582105019e-94
2.905334886582105019e-94
2.905334886582105019e-94
2.905334886582105019e-94
2.905334886582105019e-94
2.905334886582105019e-94
2.905334886582105019e-94
2.905334886582105019e-94
2.905334886582105019e-94
2.905334886582105019e-94
2.905334886582105019e-94
2.905334886582105019e-94
2.905334886582105019e-94
2.905334886582105019e-94
2.905334886582105019e-94
2.905334886582105019e-94
2.905334886582105019e-94
2.905334886582105019e-94
2.905334886582105019e-94
2.905334886582105019e-94
2.905334886582105019e-94
2.905334886582105019e-94
2.905334886582105019e-94
2.905334886582105019e-94
2.905334886582105019e-94
2.905334886582105019e-94
2.905334886582105019e-94
2.905334886582105019e-94
2.905334886582105019e-94
2.905334886582105019e-94
2.905334886582105019e-94
2.905334886582105019e-94
2.905334886582105019e-94
2.905334886582105019e-94
2.905334886582105019e-94
2.905334886582105019e-94
2.905334886582105019e-94
2.905334886582105019e-94
2.905334886582105019e-94
2.905334886582105019e-94
2.905334886582105019e-94
2.905334886582105019e-94
2.905334886582105019e-94
2.905334886582105019e-94
2.905334886582105019e-94
2.905334886582105019e-94
2.905334886582105019e-94
2.905334886582105019e-94
2.905334886582105019e-94
2.905334886582105019e-94
2.905334886582105019e-94
2.905334886582105019e-94
2.905334886582105019e-94
2.905334886582105019e-94
2.905334886582105019e-94
2.905334886582105019e-94
2.905334886582105019e-94
2.905334886582105019e-94
2.905334886582105019e-94
2.905334886582105019e-94
2.905334886582105019e-94
2.905334886582105019e-94
2.905334886582105019e-94
2.905334886582105019e-94
2.905334886582105019e-94
2.905334886582105019e-94
2.905334886582105019e-94
2.905334886582105019e-94
2.905334886582105019e-94
2.905334886582105019e-94
2.905334886582105019e-94
2.905334886582105019e-94
2.905334886582105019e-94
2.905334886582105019e-94
2.905334886582105019e-94
2.905334886582105019e-94
2.905334886582105019e-94
2.905334886582105019e-94
2.905334886582105019e-94
2.905334886582105019e-94
2.905334886582105019e-94
2.905334886582105019e-94
2.905334886582105019e-94
2.905334886582105019e-94
2.905334886582105019e-94
2.905334886582105019e-94
2.905334886582105019e-94
2.905334886582105019e-94
2.905334886582105019e-94
2.905334886582105019e-94
2.905334886582105019e-94
2.905334886582105019e-94
2.905334886582105019e-94
2.905334886582105019e-94
2.905334886582105019e-94
2.905334886582105019e-94
2.905334886582105019e-94
2.905334886582105019e-94
2.905334886582105019e-94
2.905334886582105019e-94
2.905334886582105019e-94
2.905334886582105019e-94
2.905334886582105019e-94
2.905334886582105019e-94
2.905334886582105019e-94
2.905334886582105019e-94
2.905334886582105019e-94
2.905334886582105019e-94
2.905334886582105019e-94
2.905334886582105019e-94
2.905334886582105019e-94
2.905334886582105019e-94
2.905334886582105019e-94
2.905334886582105019e-94
2.905334886582105019e-94
2.905334886582105019e-94
2.905334886582105019e-94
2.905334886582105019e-94
2.905334886582105019e-94
2.905334886582105019e-94
2.905334886582105019e-94
2.905334886582105019e-94
2.905334886582105019e-94
2.905334886582105019e-94
2.905334886582105019e-94
2.905334886582105019e-94
2.905334886582105019e-94
2.905334886582105019e-94
2.905334886582105019e-94
2.905334886582105019e-94
2.905334886582105019e-94
2.905334886582105019e-94
2.905334886582105019e-94
2.905334886582105019e-94
2.905334886582105019e-94
2.905334886582105019e-94
2.905334886582105019e-94
2.905334886582105019e-94
2.905334886582105019e-94
2.905334886582105019e-94
2.905334886582105019e-94
2.905334886582105019e-94
2.905334886582105019e-94
2.905334886582105019e-94
2.905334886582105019e-94
2.905334886582105019e-94
2.905334886582105019e-94
2.905334886582105019e-94
2.905334886582105019e-94
2.905334886582105019e-94
2.905334886582105019e-94
2.905334886582105019e-94
2.905334886582105019e-94
2.905334886582105019e-94
2.905334886582105019e-94
2.905334886582105019e-94
2.905334886582105019e-94
2.905334886582105019e-94
2.905334886582105019e-94
2.905334886582105019e-94
2.905334886582105019e-94
2.905334886582105019e-94
2.905334886582105019e-94
2.905334886582105019e-94
2.905334886582105019e-94
2.905334886582105019e-94
2.905334886582105019e-94
2.905334886582105019e-94
2.905334886582105019e-94
2.905334886582105019e-94
2.905334886582105019e-94
2.905334886582105019e-94
2.905334886582105019e-94
2.905334886582105019e-94
2.905334886582105019e-94
2.905334886582105019e-94
2.905334886582105019e-94
2.905334886582105019e-94
2.905334886582105019e-94
2.905334886582105019e-94
2.905334886582105019e-94
2.905334886582105019e-94
2.905334886582105019e-94
2.905334886582105019e-94
2.905334886582105019e-94
2.905334886582105019e-94
2.905334886582105019e-94
2.905334886582105019e-94
2.905334886582105019e-94
2.905334886582105019e-94
2.905334886582105019e-94
2.905334886582105019e-94
2.905334886582105019e-94
2.905334886582105019e-94
2.905334886582105019e-94
2.905334886582105019e-94
2.905334886582105019e-94
2.905334886582105019e-94
2.905334886582105019e-94
2.905334886582105019e-94
2.905334886582105019e-94
2.905334886582105019e-94
2.905334886582105019e-94
2.905334886582105019e-94
2.905334886582105019e-94
2.905334886582105019e-94
2.905334886582105019e-94
2.905334886582105019e-94
2.905334886582105019e-94
2.905334886582105019e-94
2.905334886582105019e-94
2.905334886582105019e-94
2.905334886582105019e-94
2.905334886582105019e-94
2.905334886582105019e-94
2.905334886582105019e-94
2.905334886582105019e-94
2.905334886582105019e-94
2.905334886582105019e-94
2.905334886582105019e-94
2.905334886582105019e-94
2.905334886582105019e-94
2.905334886582105019e-94
2.905334886582105019e-94
2.905334886582105019e-94
2.905334886582105019e-94
2.905334886582105019e-94
2.905334886582105019e-94
2.905334886582105019e-94
2.905334886582105019e-94
2.905334886582105019e-94
2.905334886582105019e-94
2.905334886582105019e-94
2.905334886582105019e-94
2.905334886582105019e-94
2.905334886582105019e-94
2.905334886582105019e-94
2.905334886582105019e-94
2.905334886582105019e-94
2.905334886582105019e-94
2.905334886582105019e-94
2.905334886582105019e-94
2.905334886582105019e-94
2.905334886582105019e-94
2.905334886582105019e-94
2.905334886582105019e-94
2.905334886582105019e-94
2.905334886582105019e-94
2.905334886582105019e-94
2.905334886582105019e-94
2.905334886582105019e-94
2.905334886582105019e-94
2.905334886582105019e-94
2.905334886582105019e-94
2.905334886582105019e-94
2.905334886582105019e-94
2.905334886582105019e-94
2.905334886582105019e-94
2.905334886582105019e-94
2.905334886582105019e-94
2.905334886582105019e-94
2.905334886582105019e-94
2.905334886582105019e-94
2.905334886582105019e-94
2.905334886582105019e-94
2.905334886582105019e-94
2.905334886582105019e-94
2.905334886582105019e-94
2.905334886582105019e-94
2.905334886582105019e-94
2.905334886582105019e-94
2.905334886582105019e-94
2.905334886582105019e-94
2.905334886582105019e-94
2.905334886582105019e-94
2.905334886582105019e-94
2.905334886582105019e-94
2.905334886582105019e-94
2.905334886582105019e-94
2.905334886582105019e-94
2.905334886582105019e-94
2.905334886582105019e-94
2.905334886582105019e-94
2.905334886582105019e-94
2.905334886582105019e-94
2.905334886582105019e-94
2.905334886582105019e-94
2.905334886582105019e-94
2.905334886582105019e-94
2.905334886582105019e-94
2.905334886582105019e-94
2.905334886582105019e-94
2.905334886582105019e-94
2.905334886582105019e-94
2.905334886582105019e-94
2.905334886582105019e-94
2.905334886582105019e-94
2.905334886582105019e-94
2.905334886582105019e-94
2.905334886582105019e-94
2.905334886582105019e-94
2.905334886582105019e-94
2.905334886582105019e-94
2.905334886582105019e-94
2.905334886582105019e-94
2.905334886582105019e-94
2.905334886582105019e-94
2.905334886582105019e-94
2.905334886582105019e-94
2.905334886582105019e-94
2.905334886582105019e-94
2.905334886582105019e-94
2.905334886582105019e-94
2.905334886582105019e-94
2.905334886582105019e-94
2.905334886582105019e-94
2.905334886582105019e-94
2.905334886582105019e-94
2.905334886582105019e-94
2.905334886582105019e-94
2.905334886582105019e-94
2.905334886582105019e-94
2.905334886582105019e-94
2.905334886582105019e-94
2.905334886582105019e-94
2.905334886582105019e-94
2.905334886582105019e-94
2.905334886582105019e-94
2.905334886582105019e-94
2.905334886582105019e-94
2.905334886582105019e-94
2.905334886582105019e-94
2.905334886582105019e-94
2.905334886582105019e-94
2.905334886582105019e-94
2.905334886582105019e-94
2.905334886582105019e-94
2.905334886582105019e-94
2.905334886582105019e-94
2.905334886582105019e-94
2.905334886582105019e-94
2.905334886582105019e-94
2.905334886582105019e-94
2.905334886582105019e-94
2.905334886582105019e-94
2.905334886582105019e-94
2.905334886582105019e-94
2.905334886582105019e-94
2.905334886582105019e-94
2.905334886582105019e-94
2.905334886582105019e-94
2.905334886582105019e-94
2.905334886582105019e-94
2.905334886582105019e-94
2.905334886582105019e-94
2.905334886582105019e-94
2.905334886582105019e-94
2.905334886582105019e-94
2.905334886582105019e-94
2.905334886582105019e-94
2.905334886582105019e-94
2.905334886582105019e-94
2.905334886582105019e-94
2.905334886582105019e-94
2.905334886582105019e-94
2.905334886582105019e-94
2.905334886582105019e-94
2.905334886582105019e-94
2.905334886582105019e-94
2.905334886582105019e-94
2.905334886582105019e-94
2.905334886582105019e-94
2.905334886582105019e-94
2.905334886582105019e-94
2.905334886582105019e-94
2.905334886582105019e-94
2.905334886582105019e-94
2.905334886582105019e-94
2.905334886582105019e-94
2.905334886582105019e-94
2.905334886582105019e-94
2.905334886582105019e-94
2.905334886582105019e-94
2.905334886582105019e-94
2.905334886582105019e-94
2.905334886582105019e-94
2.905334886582105019e-94
2.905334886582105019e-94
2.905334886582105019e-94
2.905334886582105019e-94
2.905334886582105019e-94
2.905334886582105019e-94
2.905334886582105019e-94
2.905334886582105019e-94
2.905334886582105019e-94
2.905334886582105019e-94
2.905334886582105019e-94
2.905334886582105019e-94
2.905334886582105019e-94
2.905334886582105019e-94
2.905334886582105019e-94
2.905334886582105019e-94
2.905334886582105019e-94
2.905334886582105019e-94
2.905334886582105019e-94
2.905334886582105019e-94
2.905334886582105019e-94
2.905334886582105019e-94
2.905334886582105019e-94
2.905334886582105019e-94
2.905334886582105019e-94
2.905334886582105019e-94
2.905334886582105019e-94
2.905334886582105019e-94
2.905334886582105019e-94
2.905334886582105019e-94
2.905334886582105019e-94
2.905334886582105019e-94
2.905334886582105019e-94
2.905334886582105019e-94
2.905334886582105019e-94
2.905334886582105019e-94
2.905334886582105019e-94
2.905334886582105019e-94
2.905334886582105019e-94
2.905334886582105019e-94
2.905334886582105019e-94
2.905334886582105019e-94
2.905334886582105019e-94
2.905334886582105019e-94
2.905334886582105019e-94
2.905334886582105019e-94
2.905334886582105019e-94
2.905334886582105019e-94
2.905334886582105019e-94
2.905334886582105019e-94
2.905334886582105019e-94
