2.351265138295390358e-13
1.758030706281191824e-13
9.659329518260371908e-14
6.228473891985193342e-14
4.272629810574372667e-14
4.134078558704744134e-14
2.234704216117300772e-14
1.061069139555507981e-14
1.059343552060123708e-14
7.024772692985741759e-15
6.986114900157882762e-15
5.646834919816167993e-15
4.739098807058430230e-15
1.925226856724431106e-15
9.748538560463714827e-16
9.742876235886889248e-16
9.739063106706518307e-16
7.139554940520887537e-16
6.951187139574608310e-16
4.376315703240424026e-16
1.533068108614707965e-16
1.533067559935742671e-16
1.527305576419771317e-16
8.437073460782415536e-17
8.437021611918984109e-17
8.418574435783592287e-17
7.230733470134149862e-17
7.229887158586027170e-17
6.182306253132665514e-17
2.954079576096149591e-17
1.141319113368385110e-17
1.139869529644484106e-17
1.139869464459730688e-17
7.055888879443506518e-18
7.055516591486899687e-18
7.055515630973747246e-18
6.973994197117199423e-18
4.758558229907522669e-18
1.881602158157150417e-18
1.881597926273117076e-18
1.866870416417647383e-18
8.124911566459740314e-19
8.124883056675361042e-19
8.118047901396775972e-19
8.118047874790144309e-19
8.115198380263330987e-19
7.343516314302799169e-19
5.458149824319428516e-19
5.458149806036465776e-19
2.671716432116913882e-19
1.139987626031435802e-19
1.137325379153858987e-19
1.137325028028806159e-19
5.723237513409072633e-20
5.723053891870825485e-20
5.723053607375487440e-20
5.695834568634392505e-20
5.695834568528036635e-20
4.271296611805703875e-20
4.271296611804862484e-20
1.412290138039510260e-20
1.412282996193650179e-20
1.390888497191477479e-20
1.390888497121386569e-20
6.766310399708222792e-21
6.766298628568277939e-21
6.761620524993865874e-21
6.761620517981805468e-21
6.757566907489444256e-21
6.386118142592291327e-21
4.000919244146911741e-21
4.000919244146356532e-21
4.000919185634077790e-21
2.117277611728088976e-21
7.066045310784420867e-22
7.066045310784415225e-22
7.032769999420807374e-22
7.032764864997615572e-22
3.978098699920603866e-22
3.978036317975523380e-22
3.978036255699395140e-22
3.962940594727695698e-22
3.962940594695873655e-22
3.962940594691986061e-22
3.340489844653122035e-22
3.340489844653119214e-22
3.340154086751006861e-22
9.678227326957311083e-23
9.359268750698986904e-23
9.359268747819149172e-23
3.485530501082709340e-23
3.485529018718381255e-23
3.484623063125948732e-23
3.480161259761970260e-23
3.480161258525564730e-23
3.357445010632945202e-23
2.278678937989419117e-23
2.278678838329279490e-23
2.278678838329199556e-23
2.278678838329199556e-23
1.499600612085448520e-23
3.945534650194544997e-24
3.945534650194530303e-24
3.906314366840464925e-24
3.906308308508834626e-24
1.706747405464118781e-24
1.706740398404487099e-24
1.706740388543949348e-24
1.704130610229027999e-24
1.704130610221861524e-24
1.704130610218783933e-24
1.511758814961588870e-24
1.511758814961588686e-24
1.511379403549760934e-24
6.021861762157861882e-25
5.668836429525708920e-25
5.668836420142662300e-25
1.585565414293282727e-25
1.585565414293282727e-25
1.581310176326129662e-25
1.581309801116654324e-25
1.581147134872312621e-25
1.581147134683629247e-25
1.547000077035736884e-25
8.337274567643929814e-26
8.337273990004410178e-26
8.337273990004410178e-26
8.337273990004359669e-26
5.941373530005000262e-26
5.941373530005000262e-26
1.963157905744561235e-26
1.963157905744493220e-26
1.928370176193292416e-26
1.928355137329035929e-26
6.399630256832530807e-27
6.399614586595280842e-27
6.399614573267943600e-27
6.395519328016348624e-27
6.395519327902516374e-27
6.395519327899745525e-27
5.914432012568522846e-27
5.911024292262234999e-27
5.911024292262234999e-27
4.012115879619562768e-27
1.931676006421788274e-27
1.931676006421788274e-27
1.931675999721242679e-27
1.931675999721242679e-27
6.378551594650453031e-28
6.378551594650453031e-28
6.349066146183812318e-28
6.348551711951905310e-28
6.348550989015658271e-28
6.348545616984711615e-28
6.272192843274256818e-28
6.272192843037540961e-28
2.672636782573982355e-28
2.672636782573981458e-28
2.672636782573976077e-28
2.087758353160468997e-28
2.087758353160468997e-28
5.710941731119925787e-29
5.710941731119061466e-29
5.511073757576346339e-29
5.510979132806309997e-29
2.122729799715328125e-29
2.122729799599333963e-29
2.122727253003845194e-29
2.122727253003845194e-29
2.121650450254499974e-29
2.121650448801561980e-29
2.030489964233294375e-29
2.030489964232939847e-29
2.028461538721872765e-29
2.028461538721872765e-29
1.158139728299456669e-29
1.158139728299456669e-29
6.283881956330662920e-30
6.283881842461736152e-30
6.283881842461736152e-30
6.283881842461736152e-30
1.543550716348784518e-30
1.528959901019991911e-30
1.528914494231471285e-30
1.528914450826333679e-30
1.528911488544921099e-30
1.528911488544913217e-30
7.392103294130695913e-31
7.370126690949501804e-31
7.370126690911403126e-31
6.395933621191601101e-31
6.395933621191598474e-31
6.395933621172976969e-31
6.395933621172976969e-31
1.722276999942611159e-31
1.607934182410560110e-31
1.607877984620025549e-31
1.607877984620025549e-31
1.607877984620025549e-31
4.409500208989733696e-32
4.409500208018894962e-32
4.409500208018894962e-32
4.409498796933573315e-32
4.408626430651342917e-32
4.408626429584927416e-32
4.286521721619340652e-32
4.286521721619174795e-32
4.277197335270981513e-32
4.277197335270981513e-32
2.662607747970448374e-32
1.825964962159472193e-32
1.825964962159472193e-32
1.825964836574875288e-32
1.825964836574875288e-32
1.825964836574875288e-32
3.959319661072713920e-33
3.886590663402045719e-33
3.886590663401969770e-33
3.886590663401969770e-33
3.886575043528221499e-33
3.886529897212197180e-33
3.886529839856216962e-33
1.364403186707667885e-33
1.362692915273595200e-33
1.362692915271918671e-33
1.233922664346223814e-33
1.233922664346223814e-33
1.233922664329968102e-33
1.233922664329968102e-33
4.960399770347887568e-34
4.960399770347887568e-34
4.478247409753475092e-34
4.477620434771890599e-34
4.477620434771890599e-34
4.477620434771890599e-34
9.860379983385180850e-35
9.860379983385180850e-35
9.860379974899787944e-35
9.860378223715814984e-35
9.859569974306975510e-35
9.859569973490163647e-35
9.694141090532359458e-35
9.694141090532359458e-35
9.651910483879639099e-35
9.651910483879547156e-35
4.608705126143909508e-35
3.412210257370023249e-35
3.412209827744212012e-35
3.412209827744212012e-35
3.412209827744211478e-35
1.035742202902869577e-35
1.035742202902869577e-35
1.005601250319089818e-35
1.005601250318931056e-35
1.005583906927403326e-35
1.005583906927403326e-35
1.005575866578408864e-35
2.769627118578508871e-36
2.769627114144699585e-36
2.768119330886896029e-36
2.768119330886033060e-36
2.598318170580302586e-36
2.598318170580302586e-36
2.598318170580302586e-36
2.598318170440971696e-36
9.995226177335099152e-37
9.995226177335099152e-37
9.991901242042217781e-37
8.280636886578346623e-37
8.280636886578346623e-37
8.280636886578346623e-37
2.349482730989966731e-37
2.349482724950538313e-37
2.349482724950538313e-37
2.349482535934967543e-37
2.349343009027956678e-37
2.349343008966012432e-37
2.349343008966012432e-37
2.327940096081430924e-37
2.311420642602190920e-37
2.311420642602190920e-37
2.311420642602182985e-37
8.941151407172531553e-38
7.259543990891111462e-38
7.259540248536367931e-38
7.259540248536367931e-38
7.259540248536359579e-38
1.923574398497546792e-38
1.923574398497546792e-38
1.817169991218226678e-38
1.817169991217084489e-38
1.817104412053718300e-38
6.100556231832393019e-39
6.100550629394712092e-39
6.100550629394712092e-39
6.100550626259585188e-39
6.100550626259585188e-39
6.098147086051842201e-39
6.098147086051083960e-39
6.098147086051083960e-39
5.891250817837552438e-39
5.891250816905497523e-39
5.891250816905497523e-39
5.891250816905497523e-39
2.551749189100820684e-39
2.550127703807112113e-39
1.889982773794419965e-39
1.889982773794419965e-39
1.889982773794419965e-39
1.889982689404059895e-39
4.205883924592821797e-40
4.205883924592821797e-40
4.205883924592821797e-40
4.205883835350927545e-40
4.205790805170839258e-40
4.205790805134154812e-40
4.146053442635391629e-40
4.123793403854198647e-40
1.848817079761294046e-40
1.848817079761293230e-40
1.848817079761293230e-40
1.848814022362203767e-40
1.648067843123853099e-40
1.648067843123841068e-40
1.648067843123841068e-40
4.878761190252535567e-41
4.878761190252535567e-41
4.878761190241140754e-41
4.426831081890200012e-41
4.426831081890200012e-41
4.426528543064921499e-41
4.426528543064921499e-41
1.100640062306365481e-41
1.100639783548722453e-41
1.100639783352787824e-41
1.100471139444536305e-41
1.100471139444536305e-41
1.100471139444536305e-41
1.100471139444505846e-41
1.100471138745948807e-41
1.076957894665148469e-41
1.076957894665148469e-41
1.076957894665148469e-41
1.073610244419687675e-41
6.633856392374683623e-42
4.708713259236888752e-42
4.708713259236888752e-42
4.708713259236888752e-42
4.708712587392722164e-42
1.080168715262945716e-42
1.080168715262945716e-42
1.080168715262945716e-42
1.080168703871426029e-42
1.080159261975047500e-42
1.052901660106480046e-42
1.052901660103625225e-42
1.049775791341138570e-42
3.506555483101356401e-43
3.506546737929267579e-43
3.506546737929267579e-43
3.506546737929189916e-43
3.506546737929189916e-43
3.244408052773585454e-43
3.244408052773585454e-43
1.452797812516238003e-43
1.452797812516238003e-43
1.452797812494123497e-43
1.452797812494123497e-43
1.276086382482319198e-43
1.276086382482319198e-43
1.275790698850021710e-43
1.275790698850021710e-43
2.906246331277026423e-44
2.906246331277026423e-44
2.906245951745403919e-44
2.906245951574139569e-44
2.906063458926051927e-44
2.906063458926051927e-44
2.906063452564507351e-44
2.906063452564488433e-44
2.869813957154096535e-44
2.869813957154096535e-44
2.869813957154096535e-44
2.853107756216089210e-44
1.808502405436027541e-44
1.054785725601083071e-44
1.054785725601083071e-44
1.054785725601083071e-44
1.054785456124254672e-44
1.054785456124254672e-44
3.524024082450407797e-45
3.524024082450407174e-45
3.524024082450407174e-45
3.392919489603700519e-45
3.392901307731629979e-45
3.392901293642477581e-45
3.392901293639755012e-45
3.387856585394381944e-45
3.387759974413620337e-45
9.649128859574017253e-46
9.649128859572725977e-46
9.649128859572725977e-46
9.199966163233669903e-46
9.199966163233669903e-46
9.199966163233669903e-46
9.199966163233669903e-46
9.199966163233669903e-46
4.120880626353929449e-46
4.120880626353929449e-46
4.120880626121026880e-46
3.290509825384693287e-46
3.290509825384693287e-46
3.289120023114089191e-46
3.289120023114089191e-46
3.289120023114089191e-46
9.912855164163425058e-47
9.912854609836118737e-47
9.912854550485512647e-47
9.912439580798363790e-47
9.912439580615095990e-47
9.912439580615095990e-47
9.912439580615095990e-47
9.846509540072654105e-47
9.846509540072630769e-47
9.756725585475139095e-47
3.893736293468852895e-47
3.893736293468852895e-47
3.319051937798135957e-47
3.319051937798135957e-47
3.319048779958176851e-47
3.319048779958176851e-47
3.319048779958176851e-47
1.033345323500799298e-47
1.033345323500797961e-47
9.631926956817911057e-48
9.631926956817911057e-48
9.631908563780795881e-48
9.631908553336723926e-48
9.631356128895397655e-48
9.631356128878534742e-48
9.623406249961285137e-48
3.327103785914101337e-48
3.327103785913815103e-48
3.242259720725598445e-48
3.242259720725598445e-48
3.242259720725598445e-48
3.242259720725598445e-48
3.242259720725598445e-48
3.242259720725598445e-48
3.242259720725598445e-48
3.242259719569383476e-48
1.658958466789453271e-48
1.658958466789453271e-48
1.187629364124360807e-48
1.186800032921380970e-48
1.186800032921380970e-48
1.186800032921380970e-48
1.186800032921380970e-48
3.004369658435795242e-49
3.004369593900022900e-49
3.004369593900022900e-49
3.004369547057713784e-49
3.004321691862956640e-49
3.004321691844547013e-49
2.992451445717109317e-49
2.992451445717109317e-49
2.992451445717108178e-49
2.939600029409020399e-49
2.939600029409020399e-49
1.333925205647886031e-49
1.221310244265951246e-49
1.221310244265951246e-49
1.221307218995159089e-49
1.221307218995159089e-49
1.221307218995133071e-49
1.221307218995133071e-49
4.379885204255446022e-50
3.908515642573836684e-50
3.908515642573836684e-50
3.908515642551566254e-50
3.908098848967197269e-50
3.908096063357075676e-50
3.908096061476901512e-50
1.053158132206024741e-50
1.053038712918850214e-50
1.053038712918829324e-50
1.053038712918829324e-50
1.053038712918829324e-50
1.053038712918829324e-50
1.036262479188768880e-50
1.036262479188768880e-50
1.036262479188768880e-50
1.036262479188768880e-50
1.036262477790630684e-50
1.036262477790630684e-50
7.029427374033895395e-51
7.029427374033895395e-51
4.860639376836152488e-51
4.851718703792667042e-51
4.851718703792667042e-51
4.851718703792667042e-51
1.329187344926546530e-51
1.329187344926546530e-51
1.329187255550266015e-51
1.329187255550266015e-51
1.329187245524231196e-51
1.329178628383873160e-51
1.329178628381254016e-51
1.326256545610867213e-51
1.326256545610866916e-51
1.286217223803043234e-51
1.286217223803043234e-51
1.286217223803042937e-51
4.500714513846721820e-52
4.242704580987764009e-52
4.242687851962097592e-52
4.242687851962097592e-52
4.242687851961845366e-52
4.242687851961845366e-52
2.158257764370352287e-52
2.158257764370352287e-52
1.864289640051210929e-52
1.864289639991234920e-52
1.863680148087970830e-52
1.863679455368733267e-52
4.852643872852160406e-53
4.852643872852160406e-53
4.852643872641448750e-53
4.852643872641448750e-53
4.852643872641448750e-53
4.852410614442263869e-53
4.852410614442263869e-53
4.852410614442239759e-53
4.852410614442239759e-53
4.852410614442239759e-53
4.807386766024043346e-53
4.807386766024043346e-53
4.807386766024043346e-53
4.807386744733609908e-53
4.807386744733609908e-53
3.361842720346679876e-53
3.345223333980045805e-53
1.912657527811587155e-53
1.912657527811587155e-53
1.912657527811587155e-53
1.912657527811587155e-53
7.288920538890930051e-54
7.288919307347205766e-54
7.288919307347205766e-54
7.288919307347205766e-54
7.288919285431972084e-54
7.288890949112345539e-54
7.288890949112340902e-54
7.288890949108016200e-54
7.280798380210807078e-54
6.964977918170921531e-54
6.964977918170921531e-54
6.964977918170921531e-54
2.169409726085895657e-54
2.169381606821111571e-54
2.092382644525315919e-54
2.092382644524589437e-54
2.092382644524589437e-54
1.083565087854024370e-54
1.083565087854024370e-54
1.083565087854024370e-54
8.470341397326669418e-55
8.470341396450656349e-55
8.465427377230412007e-55
8.465427377230412007e-55
8.465427377230412007e-55
8.465427377230412007e-55
8.465427377230412007e-55
2.816434167416058518e-55
2.816434052421632452e-55
2.816434052421632452e-55
2.816434052382657534e-55
2.816434052382657534e-55
2.816348128859376246e-55
2.816348128859376246e-55
2.816348128859370813e-55
2.816348128859370813e-55
2.816348128859370813e-55
2.802334627286802815e-55
2.802334594137077586e-55
2.802334594137077586e-55
2.802334594137077586e-55
2.131581788142778281e-55
2.113913343204816203e-55
2.113913343204816203e-55
1.036233704067116611e-55
1.036233704067116611e-55
1.036233704067116611e-55
1.036232103853787250e-55
3.809857607890792828e-56
3.809857607890792828e-56
3.809857607890792828e-56
3.809857607890776075e-56
3.809857604603117218e-56
3.809851977321565237e-56
3.515613631571336409e-56
3.515613631570715189e-56
3.513553860751226589e-56
1.285379983181240843e-56
1.285379983181240843e-56
1.285341419335777882e-56
1.285341419335777882e-56
1.260066823497382754e-56
1.260066823495518642e-56
1.260066823495518642e-56
7.395229128994734279e-57
7.395229128994734279e-57
7.395229125934984452e-57
5.212420479967941118e-57
5.212420479967941118e-57
5.212420479967941118e-57
5.212420479967941118e-57
5.212420479967941118e-57
5.207484752536806701e-57
5.207484752536806701e-57
5.207484752536806701e-57
5.207484752536806701e-57
1.526358542616585761e-57
1.526358524071016281e-57
1.526358524063950587e-57
1.526340179939152743e-57
1.526340179939152743e-57
1.526340179939152743e-57
1.526340116715111043e-57
1.526340116715110194e-57
1.521830049558633637e-57
1.521830049558633637e-57
1.521830049558633637e-57
1.521830049558633637e-57
1.490457953044892620e-57
1.291596174981312801e-57
6.497655750119853942e-58
6.497655750119853942e-58
6.497655750119853942e-58
6.497655750119853942e-58
6.497631170296665936e-58
2.760357702272085741e-58
2.760357702272023837e-58
2.760357702272023837e-58
2.760357702272023837e-58
2.435801561191550015e-58
2.435801560362011961e-58
2.435800297328598452e-58
2.435800297328471814e-58
2.435081362949722994e-58
7.272538386590255780e-59
7.272210835195014073e-59
7.272210835166562969e-59
7.272210835166562969e-59
7.183070567793215488e-59
7.183070567793215488e-59
7.183070567793215488e-59
5.246425180152744486e-59
5.246425180152744486e-59
5.246425180152744486e-59
5.246425170252427008e-59
5.246425170252427008e-59
5.246425170252427008e-59
3.588948343416513036e-59
3.580705670579453307e-59
3.580705670579453307e-59
3.580705670579453307e-59
3.580705670579453307e-59
3.580705670579453307e-59
1.161849078428136501e-59
1.161849078428136501e-59
1.161849078428136501e-59
1.161849071795143188e-59
1.161843235519296131e-59
1.161843235517553753e-59
1.161843092404750518e-59
1.161843092404750518e-59
1.161843092404750518e-59
1.159941086344808520e-59
1.159941086344808299e-59
1.159941086344808299e-59
1.120443014259567859e-59
1.120443014259567859e-59
4.188659516948099032e-60
3.999424044016023910e-60
3.999424044016022804e-60
3.999424044016022804e-60
3.999399334974732012e-60
3.999399334974732012e-60
2.263840402893791963e-60
2.263840402893600447e-60
1.935118837742125058e-60
1.935118837742125058e-60
1.935118345669154276e-60
1.935118345446341680e-60
1.935118345446341680e-60
1.934300620996048597e-60
1.934051634616884270e-60
5.787843138490766210e-61
5.787843138490742720e-61
5.787843138374883337e-61
5.746587146103079648e-61
5.746587146103079648e-61
5.746587146103079648e-61
5.746587146103079648e-61
5.746587146103079648e-61
5.746587146103079648e-61
5.746587146103079648e-61
5.746587146103079648e-61
4.343825080695049886e-61
4.343825054181328437e-61
4.343825054181328437e-61
2.485855581475725263e-61
2.485855581475725263e-61
2.477176821697804081e-61
2.477176821697804081e-61
2.477176821697804081e-61
2.477176821697804081e-61
2.477176821697804081e-61
1.065456256931112925e-61
1.065456256931112925e-61
1.065455937592625093e-61
1.065455935218776052e-61
1.065455935218776052e-61
1.065452905576203311e-61
1.065452905575716058e-61
1.064573907310909907e-61
1.064573907310909907e-61
1.064573907310909907e-61
1.013595879143761041e-61
1.013595879143758968e-61
1.013595879143758968e-61
3.492430453377798046e-62
3.395072855088211828e-62
3.395072855088211828e-62
3.395010048913014099e-62
3.395010048913014099e-62
3.395010048910241889e-62
1.983474781142512346e-62
1.983474781142512346e-62
1.536480422653486602e-62
1.536480422653486602e-62
1.535348017387643381e-62
1.535347885561985639e-62
1.535347885243483095e-62
1.535347885196818422e-62
5.665365525415498228e-63
5.665233665619587797e-63
5.665233665619587797e-63
5.665233665619580240e-63
5.643457928515043332e-63
5.643457928515043332e-63
5.643457928515043332e-63
5.643457928515043332e-63
5.643457928515043332e-63
5.643457928515043332e-63
5.643457928515043332e-63
5.643457928515043332e-63
5.643457809770604782e-63
5.643457809770604782e-63
4.586235595028143112e-63
4.586235595028143112e-63
4.586235595028143112e-63
2.303830104142891768e-63
2.292260158811911928e-63
2.292260158811911928e-63
2.292260158811911928e-63
2.292260158811911928e-63
9.792878331747237258e-64
9.792878331747237258e-64
9.792878331747237258e-64
9.792868815867298308e-64
9.792868815867298308e-64
9.792868809195349375e-64
9.792857917060398751e-64
9.792857917058961639e-64
9.788272524406062283e-64
8.976851850651243136e-64
8.976851850651144630e-64
8.976851850651144630e-64
8.976851850651144630e-64
3.520516959429034104e-64
3.465510199145047956e-64
3.465510199145047956e-64
3.465366411668631103e-64
3.465366411668631103e-64
3.465366411657349433e-64
2.267906030070156382e-64
2.267906030070156382e-64
2.267906030070156382e-64
1.599811584761926825e-64
1.599811583844368326e-64
1.597904017160845811e-64
1.597903969655946983e-64
5.423668664457773669e-65
5.423668664437471926e-65
5.423668664437471926e-65
5.423617233931296832e-65
5.423617233931296832e-65
5.423617233931296832e-65
5.423617233931296832e-65
5.423617233931296832e-65
5.423617233931295988e-65
5.423617233931295988e-65
5.423617233931295988e-65
5.411278184013674371e-65
5.411278184013674371e-65
5.411277798915990878e-65
5.411277798915990878e-65
5.411277798915990878e-65
5.411277798915990878e-65
4.825592203448489497e-65
4.727889084317706485e-65
2.437627892047161540e-65
2.437627892047161540e-65
2.437627892047161540e-65
2.437627892047161540e-65
2.437627892047161540e-65
2.437627892047161118e-65
1.197050110728748300e-65
1.197046986486350363e-65
1.197046986486350363e-65
1.197046986486350363e-65
1.197046986486350363e-65
1.197046986138789277e-65
1.197046444678589564e-65
1.197046444678522094e-65
1.197046444678468118e-65
1.051166936201629278e-65
1.050942039305589406e-65
3.521746795624938408e-66
3.521746795624938408e-66
3.521746795624938408e-66
3.521515969641150809e-66
3.487337768350793081e-66
3.487337768320478463e-66
3.487337768320478463e-66
3.487337768320478463e-66
2.699672788832515268e-66
2.699672788832515268e-66
2.699672788832515268e-66
1.852492442423131632e-66
1.852492438083454824e-66
1.847500435798559099e-66
1.847500435798559099e-66
1.847500435798559099e-66
1.847500435798559099e-66
7.009789944121126859e-67
7.009789944121126859e-67
7.009789912248117059e-67
7.009789912239589738e-67
7.009789912239589738e-67
7.009761329913710219e-67
7.009761329913710219e-67
7.009761329913710219e-67
7.009761329913708902e-67
7.009761329913708902e-67
7.009761329913708902e-67
7.000980674822144677e-67
7.000979258436818134e-67
7.000979258436818134e-67
7.000979258436818134e-67
7.000979258436818134e-67
6.382342041179100376e-67
6.170606342096831128e-67
2.635973170066652277e-67
2.635973170066652277e-67
2.635973170066652277e-67
2.635973170066652277e-67
2.635973170066650630e-67
2.635949620036350580e-67
2.635949620036350580e-67
1.631800971713298451e-67
1.631800971713298451e-67
1.631800971712966042e-67
1.631800971712966042e-67
1.631800971550547010e-67
1.631800620754531155e-67
1.389904936551770619e-67
1.389904936551755630e-67
1.389774104836752501e-67
4.780407802042010043e-68
4.779576565066397441e-68
4.779576565066397441e-68
4.752672074054893215e-68
4.752672074054893215e-68
4.752672073856289736e-68
4.752672073856289736e-68
4.752672073856289736e-68
3.816037888399697766e-68
3.816037847936295117e-68
2.235679202875998804e-68
2.235679202875998804e-68
2.235679202875998804e-68
2.235679202875998804e-68
2.235679202875998804e-68
2.226563837944711689e-68
2.226563837944711689e-68
2.226563837944711689e-68
2.226563837944711689e-68
1.069243153816131389e-68
1.069243153816131389e-68
1.069243151951213484e-68
1.069243151950807856e-68
1.069240833395946127e-68
1.069240833395946127e-68
1.069240833395946127e-68
1.069240833395946127e-68
1.069240319817488371e-68
1.069240319817488371e-68
1.068560193087530482e-68
1.068560193087530482e-68
1.068560193087530482e-68
1.068560193087530482e-68
1.014921059211796970e-68
9.576533571514974346e-69
9.576533571514974346e-69
3.811283964205686891e-69
3.811283964205680713e-69
3.811283964205680713e-69
3.811187732406014218e-69
3.811187732406014218e-69
2.460087248525251925e-69
2.460087248525251925e-69
2.460087248525251925e-69
2.460087248522586005e-69
2.460087248522586005e-69
1.911617543578047807e-69
1.911617422513758909e-69
1.911617422513758909e-69
1.911617422468181920e-69
1.911531136116186315e-69
1.911531136116180396e-69
7.832791913446478948e-70
7.829990714462812827e-70
7.829990713278341810e-70
7.805906480547164690e-70
7.805906480547164690e-70
7.805906480547164690e-70
7.805906480547164690e-70
6.662833944847012398e-70
6.662833944847012398e-70
6.662833944847012398e-70
6.662833944847012398e-70
6.662833753091790244e-70
6.662833753091790244e-70
6.662833753091790244e-70
3.512059500023051186e-70
3.491403053897306954e-70
3.491403053897306954e-70
3.491403053897306954e-70
3.491403053897306954e-70
3.491403053897306954e-70
1.705060088009603219e-70
1.705060088009603219e-70
1.705060088009603219e-70
1.705060087039927554e-70
1.705057534290182810e-70
1.705056051646611432e-70
1.705056051646408104e-70
1.705056051646408104e-70
1.704452915683960286e-70
1.704452915683960286e-70
1.704452915683960286e-70
1.704452915683960286e-70
1.560589796910989832e-70
1.560589796910989832e-70
6.630769934463588694e-71
6.545687655946808475e-71
6.545687655946808475e-71
6.545687655946740109e-71
6.545687655946740109e-71
6.545331311897420091e-71
6.545331311897420091e-71
6.545331311897420091e-71
4.670556708814058809e-71
4.670556708792942563e-71
4.670556708792942563e-71
4.670556708792942563e-71
3.345807484015932016e-71
3.345807484015932016e-71
3.345807408183277037e-71
3.345807408155802350e-71
3.341110390231465863e-71
3.341110390231465863e-71
1.308130460257867805e-71
1.308130459743946513e-71
1.308120298375666033e-71
1.308120298375665631e-71
1.305773694116677634e-71
1.305773694116677634e-71
1.305773694116677634e-71
1.305773694116677634e-71
1.305773694116677634e-71
1.305773694116677634e-71
1.305773694116677634e-71
1.305773550157753219e-71
1.191965322133928472e-71
1.191965322133928472e-71
1.191965322133928472e-71
1.191965322133928472e-71
6.335957252089627585e-72
6.262859527277930814e-72
6.262859527277930814e-72
6.262859527277930814e-72
6.262859527277930814e-72
6.262859527277930814e-72
3.479794278454798636e-72
3.479794278454798636e-72
3.479780930011273910e-72
3.479780930011273910e-72
3.479780930011273407e-72
3.479780929216509115e-72
3.479779666508256162e-72
3.479779666508129986e-72
3.479147822487734509e-72
3.479147822487734509e-72
3.479147822487734509e-72
3.479147822487734509e-72
3.060538091761673432e-72
3.060538091761673432e-72
3.060538091761347186e-72
1.159916716627667531e-72
1.150794080944258269e-72
1.150794080944258269e-72
1.150794080944258269e-72
1.150692758903591835e-72
1.150692758883667419e-72
1.150692758883667419e-72
9.319019413561718140e-73
9.319019413561718140e-73
9.319019413561718140e-73
6.499551574478603961e-73
6.499551574478603961e-73
6.480199504620286190e-73
6.480199479968700758e-73
6.480199423990537640e-73
2.838733751930215619e-73
2.838733751927254768e-73
2.838733751927254768e-73
2.838723967360875206e-73
2.838723967360875206e-73
2.838723967360875206e-73
2.838723967360875206e-73
2.838723967360875206e-73
2.835942726687438404e-73
2.835942726687438404e-73
2.835942726687438404e-73
2.835942726687438404e-73
2.835942726687438404e-73
2.835941874189708008e-73
2.835941874189708008e-73
2.835941874189708008e-73
2.644737385507162973e-73
2.644737385507162973e-73
1.198334010732957397e-73
1.179409510855928805e-73
1.179409510855928805e-73
1.179409510855928805e-73
1.179409510855928805e-73
1.179409510855928805e-73
7.857040236646512207e-74
7.856977632373147200e-74
7.856977632373142487e-74
7.856977632373142487e-74
7.856977632373142487e-74
7.856977632373142487e-74
7.856977631766529342e-74
7.856976364996273157e-74
7.856976364996193040e-74
7.856317646220441547e-74
7.856317646217098651e-74
6.717139804570320753e-74
6.717139804570320753e-74
2.654493382259442284e-74
2.654493382259442284e-74
2.654493382259442284e-74
2.642438136260121706e-74
2.641854038185870794e-74
2.641854038185870794e-74
2.641854038185870794e-74
2.641854038185870794e-74
2.641854037980584680e-74
2.223923433598303693e-74
2.223923433598303693e-74
2.223923433598303693e-74
1.356859249027992749e-74
1.356859249027992749e-74
1.356859235459445545e-74
1.350738204437926758e-74
7.148350905869051810e-75
7.148350905869051810e-75
7.148350895670924609e-75
7.148350895670924609e-75
7.148350895670924609e-75
7.148350895670924609e-75
7.148350895668584935e-75
7.148338686326389245e-75
7.148338686326389245e-75
7.148338686326389245e-75
7.148338686326389245e-75
7.148338686326389245e-75
7.148338686326389245e-75
7.144730829841701798e-75
7.144730829841701798e-75
7.144730829841701798e-75
7.144725852078626525e-75
7.144725852078626525e-75
6.831806083228560476e-75
6.505054408554632130e-75
6.505054408554632130e-75
2.873978180245664589e-75
2.873978180245664589e-75
2.873978180245664589e-75
2.873978180245664589e-75
2.873978180245653298e-75
2.873886586087551221e-75
2.873886586087551221e-75
2.015786351357684864e-75
2.015786351357684864e-75
2.015786351357684864e-75
2.015786351357684864e-75
2.015786351353384989e-75
2.015786351303627154e-75
2.015786226466821887e-75
1.588977406863673706e-75
1.588977406863670269e-75
1.588924387557694710e-75
1.588924387557694710e-75
7.207730126098556965e-76
7.207730126098556965e-76
7.204571910501738453e-76
7.186377076723009166e-76
7.186377076723009166e-76
7.186377074815980991e-76
7.186377074815980991e-76
7.186377074815980991e-76
7.186377074815980991e-76
7.186377074815980991e-76
6.367784868426358888e-76
3.580069472007101937e-76
3.580069385108858825e-76
3.580069385108858825e-76
3.580069385108858825e-76
3.556718198163969736e-76
3.556718198163969736e-76
3.556718198163969736e-76
3.556718198163969736e-76
3.556718198163969736e-76
1.957837551278081517e-76
1.957837551278081517e-76
1.957837550324772691e-76
1.957837550324772691e-76
1.957837550324573566e-76
1.957836179123751661e-76
1.957836179123751661e-76
1.957836179123751661e-76
1.957836179123751661e-76
1.957832091793107171e-76
1.957832091793107171e-76
1.957299396952873495e-76
1.957299396952873495e-76
1.957299396952873495e-76
1.957299396952873495e-76
1.957299396952873495e-76
1.797613006325354578e-76
1.756229277053923086e-76
8.226532271536303941e-77
8.226532271536303941e-77
8.226532271536303941e-77
8.226532271536119850e-77
8.226532271536119850e-77
8.225986786996429070e-77
6.296625828290629080e-77
6.296625828290629080e-77
6.296625828290629080e-77
6.296625828237953740e-77
6.296625828237953740e-77
4.639874606180367511e-77
4.639874523759370588e-77
4.639874523729493385e-77
4.639874523729493385e-77
4.639806839731851455e-77
4.639806839731848387e-77
2.084160376559437101e-77
2.082710788390069667e-77
2.082710786916538147e-77
2.079715418042323015e-77
2.079715418042323015e-77
2.079715418042323015e-77
2.079715418042323015e-77
2.079715418042323015e-77
2.079715418042323015e-77
1.932695279359484960e-77
1.932695279359484960e-77
1.932695002423112093e-77
1.932695002423112093e-77
1.932695002423112093e-77
1.081960503485992764e-77
1.081960503485992764e-77
1.081960503485992764e-77
1.068869074276904162e-77
1.068869074276904162e-77
1.068869074276904162e-77
1.068869074276904162e-77
1.068869074276904162e-77
1.068869074276904162e-77
6.609484103195908843e-78
6.609484103195908843e-78
6.609484101964612321e-78
6.609484101964612321e-78
6.609482154566385617e-78
6.609448294830028143e-78
6.609448294829824876e-78
6.608539254298041263e-78
6.608539254298041263e-78
6.608539254298039345e-78
6.608539254298039345e-78
6.608539254298039345e-78
6.608539254298039345e-78
5.860496675953412290e-78
5.860496675953412290e-78
2.525784248473856751e-78
2.509434471078877626e-78
2.509434471078877626e-78
2.509434471078662373e-78
2.509155775181841819e-78
2.509155775181841819e-78
2.509155775181841819e-78
2.509155775181841819e-78
2.106567669205441305e-78
2.106567669151203253e-78
2.106567669151203253e-78
1.507449912246115169e-78
1.507449912246115169e-78
1.507449912246115169e-78
1.507449902386551867e-78
1.507449902383724344e-78
1.502780020270935298e-78
7.518581435009669556e-79
7.518559287642082634e-79
7.518559287642082634e-79
7.518559266643211215e-79
7.518559266643210017e-79
7.512711156637975862e-79
7.512711156637975862e-79
7.512711156637975862e-79
7.512711156637975862e-79
7.512711156637975862e-79
7.512711156637975862e-79
7.512711156637975862e-79
7.127304627286654831e-79
7.127304627286654831e-79
7.127301889707311781e-79
7.127301889707311781e-79
3.544283851954102664e-79
3.544283851954102664e-79
3.544283851954102664e-79
3.484782437775202282e-79
3.484782437775202282e-79
3.484782437775202282e-79
3.484782437775202282e-79
2.468966856402521642e-79
2.468966856402521642e-79
2.468966856402521642e-79
2.468940913035303204e-79
2.468940912881269610e-79
2.468940912881265415e-79
2.468940912881265415e-79
2.468940604926001278e-79
2.468940604925979705e-79
2.468782524625277495e-79
2.468782524625277495e-79
2.468782524625277495e-79
2.130754044003948815e-79
2.130754044003948815e-79
2.130754044002520492e-79
9.653949682670428569e-80
9.618090498607652966e-80
9.618090498607652966e-80
9.618090498607652966e-80
9.618090498607652966e-80
9.615563681659451298e-80
9.615563680423713461e-80
8.404341378980348955e-80
8.404341378980348955e-80
8.404341378980348955e-80
8.404341378980348955e-80
5.412353829465855718e-80
5.386776527174810677e-80
5.386776527174810677e-80
5.386776448823266971e-80
5.386776437535782733e-80
3.110082633823572036e-80
3.110082633822663416e-80
3.110082633822663416e-80
3.110078339038393602e-80
3.110078339038393602e-80
3.110078339038393602e-80
3.110078339038393602e-80
3.108830885575971997e-80
3.108830885575971997e-80
3.108830885575971997e-80
3.108830885575971997e-80
3.108830885575971997e-80
3.108830885575971997e-80
3.108830885575971997e-80
3.108828025619037209e-80
3.108828025619037209e-80
3.008054549325302359e-80
3.008054549325302359e-80
1.451106648151939956e-80
1.418123862235742005e-80
1.418123862235742005e-80
1.418123862235742005e-80
1.418123862235742005e-80
1.418123862235742005e-80
1.418123862235742005e-80
1.418123862235742005e-80
1.066677675435928558e-80
1.066647784624092393e-80
1.066647784624085839e-80
1.066647784624085839e-80
1.066647784624085839e-80
1.066647784602367917e-80
1.066647733070524254e-80
1.066647733070521445e-80
1.066647733070521445e-80
1.066614293613999086e-80
8.608966332542519438e-81
8.608966332517019283e-81
8.608966332517019283e-81
4.310366944788992889e-81
4.310366944788992889e-81
4.301444030001906273e-81
4.301444030001906273e-81
4.299293757259009314e-81
4.299293757259009314e-81
4.299293757259009314e-81
4.299293757259009314e-81
4.299293755463307404e-81
3.921018275386717287e-81
3.921018275386717287e-81
3.921018275386717287e-81
2.378423906930634269e-81
2.378423823058516140e-81
2.362026823496333480e-81
2.362026823496333480e-81
1.447631340841481139e-81
1.447631340225684564e-81
1.447631340225684564e-81
1.447631340225554414e-81
1.447631340225554414e-81
1.447630506004516770e-81
1.447630506004516770e-81
1.447630506004516770e-81
1.447630506004516770e-81
1.447630506004516770e-81
1.447630506004516770e-81
1.447630506004516770e-81
1.447324150292943888e-81
1.447324150292943888e-81
1.447320323990901996e-81
1.447320323990901996e-81
1.447320323990901996e-81
1.447320323990901996e-81
1.419726935886804271e-81
1.419726935886804271e-81
1.315374161894002401e-81
6.713307084663557108e-82
6.713307084663557108e-82
6.713307084663557108e-82
6.713307084663557108e-82
6.713307084663557108e-82
6.713307084663271526e-82
6.712803240908078271e-82
5.442089225539717596e-82
5.442089225539717596e-82
5.442089225539717596e-82
5.442089225539717596e-82
5.442089225539717596e-82
5.442089225465652306e-82
5.442089225428245712e-82
5.442089124096178213e-82
5.442089124096178213e-82
4.165075810350404207e-82
4.165075810350402451e-82
4.165030097406693431e-82
2.136526764853043261e-82
2.136526764853043261e-82
2.134762390440193574e-82
2.134762390440193574e-82
2.132279723474304810e-82
2.132279723474304810e-82
2.132279721048935455e-82
2.132279721048935455e-82
2.132279721048935455e-82
2.012296617676556441e-82
2.012296617676556441e-82
1.197363536137148726e-82
1.197363404924955469e-82
1.197363404924955469e-82
1.197363404924955469e-82
1.182950258194401970e-82
1.182950258194401970e-82
1.182950258194401970e-82
1.182950258194401970e-82
8.027544916475800882e-83
8.027544916475800882e-83
8.027544916475800882e-83
8.027544915222858469e-83
8.027542977405773315e-83
8.027542977405559714e-83
8.027542977405559714e-83
8.027542977405559714e-83
8.027542977405559714e-83
8.027542977405559714e-83
8.027492883680442549e-83
8.026648219761594890e-83
8.026648219761594890e-83
8.026648219761594890e-83
8.026648219761594890e-83
8.026648219761590501e-83
7.213072307102016884e-83
7.213072307102016884e-83
7.134750777659619174e-83
3.525092050237099608e-83
3.525092050237099608e-83
3.525092050236529761e-83
3.525092050236529761e-83
3.524629892584433299e-83
3.524629892584433299e-83
3.057507200388625682e-83
3.057507200388625682e-83
3.057507200388625682e-83
3.057507200260253019e-83
3.057507200260253019e-83
3.057507200260253019e-83
2.261101011230433291e-83
2.261100999655992870e-83
2.261100999652538305e-83
2.261100999652538305e-83
2.261090822692586624e-83
2.261090822692586259e-83
1.276245208825165296e-83
1.274052251073793539e-83
1.274052245728800636e-83
1.273259021295738295e-83
1.273259021295738295e-83
1.273259021295738295e-83
1.273259021295738295e-83
1.273259021295738295e-83
1.223875239246241938e-83
1.223874655843783344e-83
1.223874655843783344e-83
1.223874655843783344e-83
1.223874655843783344e-83
6.744709132625721935e-84
6.744709132625721935e-84
6.630275200537149511e-84
6.630275200537149511e-84
6.630275200537149511e-84
6.630275200537149511e-84
6.630275200537149511e-84
6.630275200537149511e-84
6.630275200537149511e-84
4.982184460959712160e-84
4.982184460959712160e-84
4.982184460701503994e-84
4.982184460701503994e-84
4.982183966810132620e-84
4.982119771189739842e-84
4.982119771189703266e-84
4.981873984337363632e-84
4.981873984337348087e-84
4.981873984337348087e-84
4.981873984337348087e-84
4.358041513376455295e-84
4.358041513376455295e-84
2.250555393029983192e-84
2.243665741321768089e-84
2.243665741321768089e-84
2.243665741321768089e-84
2.243665741321768089e-84
2.243665741320499830e-84
2.243013103611291795e-84
2.243013103611291795e-84
2.243013103611291795e-84
2.020393109985908777e-84
2.020393109985908777e-84
2.020393109639896319e-84
1.385724045719901907e-84
1.385724043394069783e-84
1.385724043394069783e-84
1.385724043393499661e-84
1.385724043393499661e-84
1.379241882795642480e-84
8.693168964459842163e-85
8.693168964459842163e-85
8.693159010856713441e-85
8.693158904955758706e-85
8.693158904955758706e-85
8.693158904955758706e-85
8.690368354696607224e-85
8.690368354696607224e-85
8.690368354696607224e-85
8.690368354696607224e-85
8.690368354696607224e-85
8.480966131333743652e-85
8.480956810922774525e-85
8.480956810922774525e-85
8.480956810922774525e-85
8.480956810922774525e-85
8.480956810922774525e-85
4.596499782029702215e-85
4.488547113624714286e-85
4.488547113624714286e-85
4.488547113624714286e-85
4.488547113624714286e-85
4.488547113624714286e-85
3.579970561408566191e-85
3.579970561408566191e-85
3.579970561408566191e-85
3.579855005435471783e-85
3.579855005435429493e-85
3.579855005376863390e-85
3.579854868953870535e-85
3.579854868953870535e-85
3.579854868953863677e-85
3.579854868953863677e-85
3.579770900360203378e-85
2.977169433386133186e-85
2.977169433386133186e-85
2.977169433386133186e-85
2.977169433372347044e-85
1.656574056015439173e-85
1.653750397435147320e-85
1.653750397435147320e-85
1.652858978908289396e-85
1.652858978908289396e-85
1.652858977922773663e-85
1.540703934713700064e-85
1.540703934713700064e-85
1.540703934713700064e-85
1.540703934713700064e-85
1.540703934713700064e-85
1.011689188733458753e-85
1.004640623058340184e-85
1.004640576002145925e-85
6.768800316121901539e-86
6.768800313683902290e-86
6.768800313683452239e-86
6.768797085095551919e-86
6.768797085095551919e-86
6.768797085095551919e-86
6.767677467607814056e-86
6.767677467607814056e-86
6.767677467607814056e-86
6.767677467607814056e-86
6.767677467607814056e-86
6.767677467607814056e-86
6.767677467607814056e-86
6.767656775778353643e-86
6.767656775778353643e-86
6.767656775778353643e-86
6.670763507297306365e-86
6.670763507297306365e-86
3.648547554097828565e-86
3.516444853461376314e-86
3.516444853461376314e-86
3.516444853461376314e-86
3.516444853461376314e-86
3.516444853461376314e-86
3.516444853461376314e-86
2.984445522869825056e-86
2.984243575069431964e-86
2.984243575069251587e-86
2.984243575069251587e-86
2.984243575069251587e-86
2.984243575055803983e-86
2.984243533406209257e-86
2.984243533406209257e-86
2.984243533406208900e-86
2.984212313970625178e-86
2.382376206186468136e-86
2.382376206148899926e-86
1.382725602078432367e-86
1.382725602078432367e-86
1.381422919792649295e-86
1.381422919792649295e-86
1.380151556585265752e-86
1.380151556585265752e-86
1.380151554299160061e-86
1.380151554299160061e-86
1.380151554299160061e-86
1.319561386705214120e-86
8.469106198056852167e-87
8.469106198056852167e-87
8.469106198056852167e-87
8.469105032196647285e-87
8.372340801541824338e-87
8.372340801541824338e-87
6.148071376283423382e-87
6.148071376283423382e-87
6.148071375618823541e-87
6.148071375618823541e-87
6.148071375618823541e-87
6.148071375618755676e-87
6.148070205438758535e-87
6.148070205438758535e-87
6.148070205438758535e-87
6.148070205438758535e-87
6.148070205438758535e-87
6.147575978868377273e-87
6.147533043085527083e-87
6.147533043085527083e-87
6.147533043085527083e-87
6.147533043085527083e-87
6.094328229110815691e-87
5.570956497953631753e-87
5.570956497953631753e-87
3.122764547594641173e-87
3.122764547594638941e-87
3.122764547594638941e-87
3.122764547594638941e-87
3.122764547594638941e-87
3.122764547593798220e-87
3.122312486513035731e-87
2.788863634727577944e-87
2.788863634727577944e-87
2.788863634727577944e-87
2.788863634556296372e-87
2.788863622537291933e-87
2.788863622535161333e-87
2.154900054507598749e-87
2.154900054507598749e-87
2.154892902970038524e-87
2.154892902970038524e-87
1.358468583092901203e-87
1.358468583092901203e-87
1.356051289274911208e-87
1.356051289274911208e-87
1.355380666821221679e-87
1.355380659134496860e-87
1.355380659134496860e-87
1.355380659134496860e-87
1.316112147765219184e-87
1.316112147765219184e-87
8.070196360531374609e-88
8.070193698377597567e-88
8.070193698377597567e-88
7.939286762505680830e-88
7.939286762505680830e-88
7.939286762505680830e-88
7.939286762505680830e-88
7.939286762505680830e-88
7.939286762505680830e-88
6.305233471083974283e-88
6.305233471083974283e-88
6.305233470957135052e-88
6.305233470957135052e-88
6.305233064280766827e-88
6.305233064280763478e-88
6.305233064280763478e-88
6.305233064280763478e-88
6.305140711315229168e-88
6.304912339377889491e-88
6.304912339377889491e-88
6.304912339377889491e-88
6.304912339377889491e-88
6.304912339377858238e-88
5.623776865271091144e-88
3.289659074662179078e-88
3.281457321204302026e-88
3.281457321204302026e-88
3.281457321201212389e-88
3.281457321201212389e-88
3.280475183112441346e-88
3.280475183112441346e-88
3.028726677924491426e-88
3.028726677924491426e-88
3.028726677220201347e-88
3.028726677220201347e-88
2.223587828532645840e-88
2.223587827146220552e-88
2.223587827146220552e-88
2.223587827146156092e-88
2.223585311055099708e-88
1.526151905643595776e-88
1.521589794560438822e-88
1.521589794560438822e-88
1.521589770198737197e-88
1.521218734696865639e-88
1.521218734696865639e-88
1.521218734696865639e-88
1.521218734696865639e-88
1.494443925338488004e-88
1.494443925338488004e-88
1.494442058683340034e-88
1.494442058683340034e-88
1.494442058683340034e-88
9.100278123713937312e-89
9.100278123713937312e-89
8.894200655129486927e-89
8.894200655129486927e-89
8.894200655129486927e-89
8.894200655129486927e-89
8.894200655129486927e-89
7.460930791559888765e-89
7.460930791559888765e-89
7.460930791559888765e-89
7.460930791559888765e-89
7.460676334998930576e-89
7.460676334990440491e-89
7.460676231672195104e-89
7.460676231672195104e-89
7.460676231672048603e-89
7.460570576489261500e-89
7.460570576489261500e-89
6.418125600646495566e-89
6.418125600646495566e-89
3.982224297414844513e-89
3.976938029948001234e-89
3.976938029932180514e-89
3.976938029932180514e-89
3.976938029932180514e-89
3.974778806395367951e-89
3.974778806395367951e-89
3.771557783067688002e-89
3.771557780321268032e-89
3.771557780321268032e-89
2.685826288398271872e-89
2.685826288398271872e-89
2.668281353559948257e-89
2.668281353464488160e-89
2.668281353464488160e-89
2.668281200279580548e-89
1.957868423306962691e-89
1.957868423306962342e-89
1.957868069342876931e-89
1.957868069342876931e-89
1.957665058281000966e-89
1.957665058281000966e-89
1.957665058281000966e-89
1.957665058281000966e-89
1.957665058281000966e-89
1.957658754976446776e-89
1.957658754976446776e-89
1.938027970150215991e-89
1.938027970150215991e-89
1.189621160462328502e-89
1.189621160462328502e-89
1.189621160462328502e-89
1.150141325264280850e-89
1.150141325264280850e-89
1.150141325264280676e-89
1.150141325264280676e-89
1.150141325264280676e-89
1.015213514120660248e-89
1.015142980881622488e-89
1.015142980881622488e-89
1.015142980881527436e-89
1.015142980881527436e-89
1.015142980881522553e-89
1.015142979966895797e-89
1.015142979966895797e-89
1.015142979966895797e-89
1.015139430464398414e-89
8.472647952758421279e-90
8.472647952577846503e-90
8.472647952577846503e-90
5.522139899833179800e-90
5.522139899833179800e-90
5.518778682120944053e-90
5.513599207610372373e-90
5.513599207610372373e-90
5.513599195608859136e-90
5.338308331214965657e-90
5.338308331214965657e-90
5.338308331214965657e-90
5.338308331214965657e-90
3.727284645510526570e-90
3.727284057310095755e-90
3.689133090096079445e-90
2.908490162495970266e-90
2.908490162495617966e-90
2.908490162495617966e-90
2.908490125145130635e-90
2.908490125145130635e-90
2.908490125145130635e-90
2.908490125145130635e-90
2.908490125145130635e-90
2.908490125145130635e-90
2.908408824322236741e-90
2.908408824322236741e-90
2.908408824322236741e-90
2.908387995366966856e-90
2.908387995366966856e-90
2.908387995366966856e-90
2.908387995366966856e-90
2.893997926940647879e-90
2.692428278202885884e-90
2.692428278202885884e-90
1.705897606612476362e-90
1.705897606612474618e-90
1.705897606612474618e-90
1.705897606612474618e-90
1.705897606612474618e-90
1.569936855598056790e-90
1.569726677644942827e-90
1.569726677644371865e-90
1.569726677644371865e-90
1.569726677637586816e-90
1.569726677637586816e-90
1.569726677510848785e-90
1.274703904553111962e-90
1.274703904553111962e-90
1.274703636943367303e-90
8.913543295982394659e-91
8.898242688523173977e-91
8.898242688523173977e-91
8.896658337446171526e-91
8.896658337446171526e-91
8.896658337446171526e-91
8.896658275955818309e-91
8.896658275955818309e-91
8.743581822142698886e-91
5.954396722965499343e-91
5.954394475554844039e-91
5.867489232219875819e-91
5.867489232219875819e-91
4.940869175249062092e-91
4.940869175249062092e-91
4.940869175249062092e-91
4.940869175249062092e-91
4.940869175249062092e-91
4.940869175249062092e-91
4.940869175249062092e-91
4.940869174914659230e-91
4.940869174914659230e-91
4.940869174914659230e-91
4.940857956114110099e-91
4.940857956114110099e-91
4.940783047880633431e-91
4.940783047880633431e-91
4.940783047880633431e-91
4.940783047880633431e-91
4.940783047880596370e-91
4.505745096533354083e-91
4.499455643220614458e-91
4.499455643220614458e-91
2.965911006978583790e-91
2.965911006978583790e-91
2.965911006974414940e-91
2.965061006431624798e-91
2.824573842552853430e-91
2.824573842552853430e-91
2.824573842552853430e-91
2.824573841745335502e-91
2.824573841745335502e-91
2.214375673253636772e-91
2.214375673253636499e-91
2.214375673253636499e-91
2.214375673253636499e-91
2.214375670748182077e-91
1.667168850683993869e-91
1.667168850683993869e-91
1.662375600147516015e-91
1.662375568005120066e-91
1.662349123194557931e-91
1.662349123194557931e-91
1.662349123194557931e-91
1.652539772343782274e-91
1.652537615185305098e-91
1.121383502157547691e-91
1.121383502157547691e-91
1.098242067730728416e-91
1.098242067730728416e-91
1.098242067730728416e-91
1.098242067730728416e-91
1.098242067730728416e-91
1.098242067730728416e-91
9.840978143754574392e-92
9.840978143754574392e-92
9.840978143754574392e-92
9.840978143754574392e-92
9.840978143754574392e-92
9.840978143754545779e-92
9.840641368948686971e-92
9.840641368948686971e-92
9.840641230882296701e-92
9.840641230882296701e-92
9.840641230881998303e-92
9.840641230881998303e-92
8.729834208783005074e-92
6.059324883667932688e-92
6.058780300069589662e-92
6.058780300069589662e-92
6.058780300069589662e-92
6.058780300035356346e-92
6.055600958049712025e-92
6.055600958049712025e-92
5.946002010526558837e-92
5.946002005169041843e-92
5.946002005169041843e-92
4.537708560589772920e-92
4.537708560589772920e-92
4.510965601301289468e-92
4.510965601301289468e-92
3.694685402093746354e-92
3.694685402093597156e-92
3.694685204238812402e-92
3.694685204238812402e-92
3.694685204238812402e-92
3.694684798968889948e-92
3.694684798968889948e-92
3.692355550457839723e-92
3.692355550457839723e-92
3.692343345651564103e-92
3.692343345651564103e-92
3.692343345651564103e-92
3.692343345651564103e-92
2.520463551515659406e-92
2.443878749493578745e-92
2.443878749493578745e-92
2.443878749493578745e-92
2.443878749493578745e-92
2.443878749493578064e-92
2.334540340225349814e-92
2.334540340225349814e-92
2.334370431212556398e-92
2.334370431212227002e-92
2.334370431212227002e-92
2.334370431212227002e-92
2.334370431212227002e-92
2.334370431212227002e-92
2.334370431210566398e-92
2.334370431210566398e-92
2.009807897118920822e-92
2.009807897118920822e-92
1.505173678333988067e-92
1.505173678302356365e-92
1.505172635676461156e-92
1.503691067340730502e-92
1.503691067340730502e-92
1.503691063070981393e-92
1.500407384007274734e-92
1.116329938023980355e-92
1.116329938023980355e-92
1.116329938023980355e-92
1.105659997529405816e-92
1.105659796721277975e-92
1.006735455201451507e-92
1.006735455201451507e-92
1.006735455201451507e-92
1.006735455201451507e-92
1.006735455195020796e-92
1.006735455195020796e-92
1.006735455195020796e-92
1.006735455195020796e-92
1.006735455195020796e-92
1.006735455195020796e-92
1.006727320901230544e-92
1.006727320901230544e-92
1.006721952354023403e-92
1.006721952354023403e-92
7.095225284855149761e-93
6.775445219388887945e-93
6.775445219388887945e-93
6.775445219388874319e-93
6.775445219388874319e-93
6.733638302042998230e-93
6.732570580705499499e-93
6.732570580701392271e-93
6.732570580701392271e-93
6.732570580701392271e-93
6.732570580701392271e-93
6.732570580701392271e-93
5.588974539605491297e-93
5.588974539605491297e-93
5.588974539062012967e-93
5.588974539062012967e-93
4.780263287324895278e-93
4.780263287100147384e-93
4.770386252036059787e-93
4.770386203334963695e-93
4.770386203334963695e-93
4.770386203334963695e-93
4.770386203334963695e-93
4.770283451145978906e-93
3.503858509327114197e-93
3.503856701327195803e-93
3.447980888194741627e-93
3.398190256545303493e-93
3.398190256545303493e-93
3.398190256545303493e-93
3.398190256545303493e-93
3.398190256545303493e-93
3.398190256545303493e-93
3.398190256545303493e-93
3.398190256545303493e-93
3.398190256545303493e-93
3.398190256545303493e-93
3.398120246391699719e-93
3.398120246391699719e-93
3.398120246391699719e-93
3.398120246391699719e-93
3.091152936720876601e-93
3.091152935639161064e-93
2.506242006630100632e-93
2.506242006630075085e-93
2.506242006630075085e-93
2.506242006630075085e-93
2.506242006630075085e-93
2.506242006630075085e-93
2.506242006630075085e-93
2.506242006630075085e-93
2.506242006630075085e-93
2.506242006630075085e-93
2.506242006630075085e-93
2.506242006630075085e-93
2.506242006630075085e-93
2.506242006630075085e-93
2.506242006630075085e-93
2.506242006630075085e-93
2.506242006630075085e-93
2.506242006630075085e-93
2.506242006630075085e-93
2.506242006630075085e-93
2.506242006630075085e-93
2.506242006630075085e-93
2.506242006630075085e-93
2.506242006630075085e-93
2.506242006630075085e-93
2.506242006630075085e-93
2.506242006630075085e-93
2.506242006630075085e-93
2.506242006630075085e-93
2.506242006630075085e-93
2.506242006630075085e-93
2.506242006630075085e-93
2.506242006630075085e-93
2.506242006630075085e-93
2.506242006630075085e-93
2.506242006630075085e-93
2.506242006630075085e-93
2.506242006630075085e-93
2.506242006630075085e-93
2.506242006630075085e-93
2.506242006630075085e-93
2.506242006630075085e-93
2.506242006630075085e-93
2.506242006630075085e-93
2.506242006630075085e-93
2.506242006630075085e-93
2.506242006630075085e-93
2.506242006630075085e-93
2.506242006630075085e-93
2.506242006630075085e-93
2.506242006630075085e-93
2.506242006630075085e-93
2.506242006630075085e-93
2.506242006630075085e-93
2.506242006630075085e-93
2.506242006630075085e-93
2.506242006630075085e-93
2.506242006630075085e-93
2.506242006630075085e-93
2.506242006630075085e-93
2.506242006630075085e-93
2.506242006630075085e-93
2.506242006630075085e-93
2.506242006630075085e-93
2.506242006630075085e-93
2.506242006630075085e-93
2.506242006630075085e-93
2.506242006630075085e-93
2.506242006630075085e-93
2.506242006630075085e-93
2.506242006630075085e-93
2.506242006630075085e-93
2.506242006630075085e-93
2.506242006630075085e-93
2.506242006630075085e-93
2.506242006630075085e-93
2.506242006630075085e-93
2.506242006630075085e-93
2.506242006630075085e-93
2.506242006630075085e-93
2.506242006630075085e-93
2.506242006630075085e-93
2.506242006630075085e-93
2.506242006630075085e-93
2.506242006630075085e-93
2.506242006630075085e-93
2.506242006630075085e-93
2.506242006630075085e-93
2.506242006630075085e-93
2.506242006630075085e-93
2.506242006630075085e-93
2.506242006630075085e-93
2.506242006630075085e-93
2.506242006630075085e-93
2.506242006630075085e-93
2.506242006630075085e-93
2.506242006630075085e-93
2.506242006630075085e-93
2.506242006630075085e-93
2.506242006630075085e-93
2.506242006630075085e-93
2.506242006630075085e-93
2.506242006630075085e-93
2.506242006630075085e-93
2.506242006630075085e-93
2.506242006630075085e-93
2.506242006630075085e-93
2.506242006630075085e-93
2.506242006630075085e-93
2.506242006630075085e-93
2.506242006630075085e-93
2.506242006630075085e-93
2.506242006630075085e-93
2.506242006630075085e-93
2.506242006630075085e-93
2.506242006630075085e-93
2.506242006630075085e-93
2.506242006630075085e-93
2.506242006630075085e-93
2.506242006630075085e-93
2.506242006630075085e-93
2.506242006630075085e-93
2.506242006630075085e-93
2.506242006630075085e-93
2.506242006630075085e-93
2.506242006630075085e-93
2.506242006630075085e-93
2.506242006630075085e-93
2.506242006630075085e-93
2.506242006630075085e-93
2.506242006630075085e-93
2.506242006630075085e-93
2.506242006630075085e-93
2.506242006630075085e-93
2.506242006630075085e-93
2.506242006630075085e-93
2.506242006630075085e-93
2.506242006630075085e-93
2.506242006630075085e-93
2.506242006630075085e-93
2.506242006630075085e-93
2.506242006630075085e-93
2.506242006630075085e-93
2.506242006630075085e-93
2.506242006630075085e-93
2.506242006630075085e-93
2.506242006630075085e-93
2.506242006630075085e-93
2.506242006630075085e-93
2.506242006630075085e-93
2.506242006630075085e-93
2.506242006630075085e-93
2.506242006630075085e-93
2.506242006630075085e-93
2.506242006630075085e-93
2.506242006630075085e-93
2.506242006630075085e-93
2.506242006630075085e-93
2.506242006630075085e-93
2.506242006630075085e-93
2.506242006630075085e-93
2.506242006630075085e-93
2.506242006630075085e-93
2.506242006630075085e-93
2.506242006630075085e-93
2.506242006630075085e-93
2.506242006630075085e-93
2.506242006630075085e-93
2.506242006630075085e-93
2.506242006630075085e-93
2.506242006630075085e-93
2.506242006630075085e-93
2.506242006630075085e-93
2.506242006630075085e-93
2.506242006630075085e-93
2.506242006630075085e-93
2.506242006630075085e-93
2.506242006630075085e-93
2.506242006630075085e-93
2.506242006630075085e-93
2.506242006630075085e-93
2.506242006630075085e-93
2.506242006630075085e-93
2.506242006630075085e-93
2.506242006630075085e-93
2.506242006630075085e-93
2.506242006630075085e-93
2.506242006630075085e-93
2.506242006630075085e-93
2.506242006630075085e-93
2.506242006630075085e-93
2.506242006630075085e-93
2.506242006630075085e-93
2.506242006630075085e-93
2.506242006630075085e-93
2.506242006630075085e-93
2.506242006630075085e-93
2.506242006630075085e-93
2.506242006630075085e-93
2.506242006630075085e-93
2.506242006630075085e-93
2.506242006630075085e-93
2.506242006630075085e-93
2.506242006630075085e-93
2.506242006630075085e-93
2.506242006630075085e-93
2.506242006630075085e-93
2.506242006630075085e-93
2.506242006630075085e-93
2.506242006630075085e-93
2.506242006630075085e-93
2.506242006630075085e-93
2.506242006630075085e-93
2.506242006630075085e-93
2.506242006630075085e-93
2.506242006630075085e-93
2.506242006630075085e-93
2.506242006630075085e-93
2.506242006630075085e-93
2.506242006630075085e-93
2.506242006630075085e-93
2.506242006630075085e-93
2.506242006630075085e-93
2.506242006630075085e-93
2.506242006630075085e-93
2.506242006630075085e-93
2.506242006630075085e-93
2.506242006630075085e-93
2.506242006630075085e-93
2.506242006630075085e-93
2.506242006630075085e-93
2.506242006630075085e-93
2.506242006630075085e-93
2.506242006630075085e-93
2.506242006630075085e-93
2.506242006630075085e-93
2.506242006630075085e-93
2.506242006630075085e-93
2.506242006630075085e-93
2.506242006630075085e-93
2.506242006630075085e-93
2.506242006630075085e-93
2.506242006630075085e-93
2.506242006630075085e-93
2.506242006630075085e-93
2.506242006630075085e-93
2.506242006630075085e-93
2.506242006630075085e-93
2.506242006630075085e-93
2.506242006630075085e-93
2.506242006630075085e-93
2.506242006630075085e-93
2.506242006630075085e-93
2.506242006630075085e-93
2.506242006630075085e-93
2.506242006630075085e-93
2.506242006630075085e-93
2.506242006630075085e-93
2.506242006630075085e-93
2.506242006630075085e-93
2.506242006630075085e-93
2.506242006630075085e-93
2.506242006630075085e-93
2.506242006630075085e-93
2.506242006630075085e-93
2.506242006630075085e-93
2.506242006630075085e-93
2.506242006630075085e-93
2.506242006630075085e-93
2.506242006630075085e-93
2.506242006630075085e-93
2.506242006630075085e-93
2.506242006630075085e-93
2.506242006630075085e-93
2.506242006630075085e-93
2.506242006630075085e-93
2.506242006630075085e-93
2.506242006630075085e-93
2.506242006630075085e-93
2.506242006630075085e-93
2.506242006630075085e-93
2.506242006630075085e-93
2.506242006630075085e-93
2.506242006630075085e-93
2.506242006630075085e-93
2.506242006630075085e-93
2.506242006630075085e-93
2.506242006630075085e-93
2.506242006630075085e-93
2.506242006630075085e-93
2.506242006630075085e-93
2.506242006630075085e-93
2.506242006630075085e-93
2.506242006630075085e-93
2.506242006630075085e-93
2.506242006630075085e-93
2.506242006630075085e-93
2.506242006630075085e-93
2.506242006630075085e-93
2.506242006630075085e-93
2.506242006630075085e-93
2.506242006630075085e-93
2.506242006630075085e-93
2.506242006630075085e-93
2.506242006630075085e-93
2.506242006630075085e-93
2.506242006630075085e-93
2.506242006630075085e-93
2.506242006630075085e-93
2.506242006630075085e-93
2.506242006630075085e-93
2.506242006630075085e-93
2.506242006630075085e-93
2.506242006630075085e-93
2.506242006630075085e-93
2.506242006630075085e-93
2.506242006630075085e-93
2.506242006630075085e-93
2.506242006630075085e-93
2.506242006630075085e-93
2.506242006630075085e-93
2.506242006630075085e-93
2.506242006630075085e-93
2.506242006630075085e-93
2.506242006630075085e-93
2.506242006630075085e-93
2.506242006630075085e-93
2.506242006630075085e-93
2.506242006630075085e-93
2.506242006630075085e-93
2.506242006630075085e-93
2.506242006630075085e-93
2.506242006630075085e-93
2.506242006630075085e-93
2.506242006630075085e-93
2.506242006630075085e-93
2.506242006630075085e-93
2.506242006630075085e-93
2.506242006630075085e-93
2.506242006630075085e-93
2.506242006630075085e-93
2.506242006630075085e-93
2.506242006630075085e-93
2.506242006630075085e-93
2.506242006630075085e-93
2.506242006630075085e-93
2.506242006630075085e-93
2.506242006630075085e-93
2.506242006630075085e-93
2.506242006630075085e-93
2.506242006630075085e-93
2.506242006630075085e-93
2.506242006630075085e-93
2.506242006630075085e-93
2.506242006630075085e-93
2.506242006630075085e-93
2.506242006630075085e-93
2.506242006630075085e-93
2.506242006630075085e-93
2.506242006630075085e-93
2.506242006630075085e-93
2.506242006630075085e-93
2.506242006630075085e-93
2.506242006630075085e-93
2.506242006630075085e-93
2.506242006630075085e-93
2.506242006630075085e-93
2.506242006630075085e-93
2.506242006630075085e-93
2.506242006630075085e-93
2.506242006630075085e-93
2.506242006630075085e-93
2.506242006630075085e-93
2.506242006630075085e-93
2.506242006630075085e-93
2.506242006630075085e-93
2.506242006630075085e-93
2.506242006630075085e-93
2.506242006630075085e-93
2.506242006630075085e-93
2.506242006630075085e-93
2.506242006630075085e-93
2.506242006630075085e-93
2.506242006630075085e-93
2.506242006630075085e-93
2.506242006630075085e-93
2.506242006630075085e-93
2.506242006630075085e-93
2.506242006630075085e-93
2.506242006630075085e-93
2.506242006630075085e-93
2.506242006630075085e-93
2.506242006630075085e-93
2.506242006630075085e-93
2.506242006630075085e-93
2.506242006630075085e-93
2.506242006630075085e-93
2.506242006630075085e-93
2.506242006630075085e-93
2.506242006630075085e-93
2.506242006630075085e-93
2.506242006630075085e-93
2.506242006630075085e-93
2.506242006630075085e-93
2.506242006630075085e-93
2.506242006630075085e-93
2.506242006630075085e-93
2.506242006630075085e-93
2.506242006630075085e-93
2.506242006630075085e-93
2.506242006630075085e-93
2.506242006630075085e-93
2.506242006630075085e-93
2.506242006630075085e-93
2.506242006630075085e-93
2.506242006630075085e-93
2.506242006630075085e-93
2.506242006630075085e-93
2.506242006630075085e-93
2.506242006630075085e-93
2.506242006630075085e-93
2.506242006630075085e-93
2.506242006630075085e-93
2.506242006630075085e-93
2.506242006630075085e-93
2.506242006630075085e-93
2.506242006630075085e-93
2.506242006630075085e-93
2.506242006630075085e-93
2.506242006630075085e-93
2.506242006630075085e-93
2.506242006630075085e-93
2.506242006630075085e-93
2.506242006630075085e-93
2.506242006630075085e-93
2.506242006630075085e-93
2.506242006630075085e-93
2.506242006630075085e-93
2.506242006630075085e-93
2.506242006630075085e-93
2.506242006630075085e-93
2.506242006630075085e-93
2.506242006630075085e-93
2.506242006630075085e-93
2.506242006630075085e-93
2.506242006630075085e-93
2.506242006630075085e-93
2.506242006630075085e-93
2.506242006630075085e-93
2.506242006630075085e-93
2.506242006630075085e-93
2.506242006630075085e-93
2.506242006630075085e-93
2.506242006630075085e-93
2.506242006630075085e-93
2.506242006630075085e-93
2.506242006630075085e-93
2.506242006630075085e-93
2.506242006630075085e-93
2.506242006630074659e-93
2.506242006630074659e-93
2.506242006630074659e-93
2.506242006630074659e-93
2.506242006630074659e-93
2.506242006630074659e-93
2.506242006630074659e-93
2.506242006630074659e-93
2.506242006630074659e-93
2.506242006630074659e-93
2.506242006630074659e-93
2.506242006630074659e-93
2.506242006630074659e-93
2.506242006630074659e-93
2.506242006630074659e-93
2.506242006630073807e-93
2.506242006630072956e-93
2.506242006630069123e-93
2.506242006630055072e-93
2.506242006630028673e-93
2.506242006630016751e-93
2.506242006630016325e-93
2.506242006630016325e-93
2.506242006630016325e-93
2.506242006630016325e-93
2.506242006630016325e-93
2.506242006630016325e-93
2.506242006630016325e-93
2.506242006630016325e-93
2.506242006630016325e-93
2.506242006630016325e-93
2.506242006630015899e-93
2.506242006630013344e-93
2.506242006629995461e-93
2.506242006629901786e-93
2.506242006629489189e-93
2.506242006628125791e-93
2.506242006625652342e-93
2.506242006624469055e-93
2.506242006624432436e-93
2.506242006624432436e-93
2.506242006624432436e-93
2.506242006624432436e-93
2.506242006624432436e-93
2.506242006624432436e-93
2.506242006624432436e-93
2.506242006624432436e-93
2.506242006624429456e-93
2.506242006624406463e-93
2.506242006624233164e-93
2.506242006623083515e-93
2.506242006616933317e-93
2.506242006589914433e-93
2.506242006500636512e-93
2.506242006338635191e-93
2.506242006261173534e-93
2.506242006258769916e-93
2.506242006258769490e-93
2.506242006258769490e-93
2.506242006258769490e-93
2.506242006258769490e-93
2.506242006258768639e-93
2.506242006258757994e-93
2.506242006258641326e-93
2.506242006257600254e-93
2.506242006249731545e-93
2.506242006197666489e-93
2.506242005919112034e-93
2.506242004695354789e-93
2.506242000651764918e-93
2.506241993314383375e-93
2.506241989805976901e-93
2.506241989697131526e-93
2.506241989697108107e-93
2.506241989697108107e-93
2.506241989697108107e-93
2.506241989697108107e-93
2.506241989696785354e-93
2.506241989693128192e-93
2.506241989660341049e-93
2.506241989412661912e-93
2.506241987773833633e-93
2.506241979005877220e-93
2.506241940486087686e-93
2.506241813207443393e-93
2.506241582251319379e-93
2.506241471818481625e-93
2.506241468392392161e-93
2.506241468391660218e-93
2.506241468391660218e-93
2.506241468391660218e-93
2.506241468391660218e-93
2.506241468384568160e-93
2.506241468304200019e-93
2.506241467583669758e-93
2.506241462140722250e-93
2.506241426126119142e-93
2.506241233443104016e-93
2.506240386939547478e-93
2.506237589892158522e-93
2.506232514466576107e-93
2.506230087633116580e-93
2.506230012342647377e-93
2.506230012326556121e-93
2.506230012326556121e-93
2.506230012326556121e-93
2.506230012326556121e-93
2.506230011088025885e-93
2.506229999984161219e-93
2.506229916104608664e-93
2.506229361095035680e-93
2.506226391722380847e-93
2.506213346620866948e-93
2.506170243431938843e-93
2.506092033414338030e-93
2.506054638619085362e-93
2.506053478493666736e-93
2.506053478245729567e-93
2.506053478245729567e-93
2.506053478245729567e-93
2.506053478245729567e-93
2.506053357747786683e-93
2.506052447496258914e-93
2.506046424609538123e-93
2.506014201836768715e-93
2.505872649081892814e-93
2.505405038410844676e-93
2.504556971074359935e-93
2.504151666198323686e-93
2.504139094040449023e-93
2.504139091353593334e-93
2.504139091353593334e-93
2.504139091353593334e-93
2.504139091353593334e-93
2.504132115406829086e-93
2.504085958316631059e-93
2.503839040497204471e-93
2.502754846385163451e-93
2.499179075511624336e-93
2.492716609334995255e-93
2.489638344501516951e-93
2.489542965413961539e-93
2.489542945030722013e-93
2.489542945030722013e-93
2.489542945030722013e-93
2.489542945030722013e-93
2.489542945030722013e-93
2.489294337116072919e-93
2.487965093898548245e-93
2.482142179711498586e-93
2.463094205329568881e-93
2.429266594482035153e-93
2.413417967107587656e-93
2.412929582926502336e-93
2.412929478572196054e-93
2.412929478572195628e-93
2.412929478572195628e-93
2.412929478572195628e-93
2.412929478572195628e-93
2.412022498623749818e-93
2.407181591484511095e-93
2.386142484404714387e-93
2.319166058905812610e-93
2.206768624721506162e-93
2.156788096867699334e-93
2.155273674810911142e-93
2.155273351382248374e-93
2.155273351382247523e-93
2.155273351382247523e-93
2.155273351382247523e-93
2.155273351382247523e-93
2.144562422730632158e-93
2.098740940358289626e-93
1.960341645331909718e-93
1.750836523256796126e-93
1.665716305526677853e-93
1.663207690168923718e-93
1.663207154845703385e-93
1.663207154845702533e-93
1.663207154845702533e-93
1.663207154845702533e-93
1.663207154845702533e-93
1.608837481531042599e-93
1.452000389732162349e-93
1.233757366989281847e-93
1.151033574477642140e-93
1.148644186574103795e-93
1.148643676984343414e-93
1.148643676984342563e-93
1.148643676984342563e-93
1.148643676984342563e-93
1.148643676984342563e-93
1.033961897656806432e-93
8.753719280921343820e-94
8.155589600002335097e-94
8.138337621614252864e-94
8.138333942394348197e-94
8.138333942394342874e-94
8.138333942394342874e-94
8.138333942394342874e-94
8.138333942394342874e-94
7.523462225055982588e-94
6.616385881107078542e-94
6.255745794626082296e-94
6.245184943017602641e-94
6.245182689807484666e-94
6.245182689807480408e-94
6.245182689807480408e-94
6.245182689807480408e-94
6.245182689807480408e-94
5.751352279813737906e-94
5.541818619315659532e-94
5.535561909589684527e-94
5.535560573941726509e-94
5.535560573941724380e-94
5.535560573941724380e-94
5.535560573941724380e-94
5.535560573941724380e-94
5.427106713042975175e-94
5.423809945415481141e-94
5.423809241272134059e-94
5.423809241272132994e-94
5.423809241272132994e-94
5.423809241272132994e-94
5.423809241272132994e-94
5.381562700095488609e-94
5.380262558403066697e-94
5.380262280609344844e-94
5.380262280609344844e-94
5.380262280609344844e-94
5.380262280609344844e-94
5.380262280609344844e-94
5.379880677723340751e-94
5.379880596174549001e-94
5.379880596174549001e-94
5.379880596174549001e-94
5.379880596174549001e-94
5.379880596174549001e-94
5.379798315163700023e-94
5.379798297579213668e-94
5.379798297579213668e-94
5.379798297579213668e-94
5.379798297579213668e-94
5.379798297579213668e-94
5.379798294786270910e-94
5.379798294786270910e-94
5.379798294786270910e-94
5.379798294786270910e-94
5.379798294786270910e-94
5.379798294786270910e-94
5.379798294786270910e-94
5.379798294786270910e-94
5.379798294786270910e-94
5.379798294786270910e-94
5.379798294786270910e-94
5.379798294786270910e-94
5.379798294786270910e-94
5.379798294786270910e-94
5.379798294786270910e-94
5.379798294786270910e-94
5.379798294786270910e-94
