8.762983116477682656e-05
1.045815255063413473e-05
4.186265823817666586e-06
3.214233762866169901e-06
2.880194774228683931e-06
2.851994224183910950e-06
2.088838674709696153e-07
1.920185513130687039e-07
1.038219244757425437e-07
1.037409580566357815e-07
7.872547533765729762e-08
7.596815857297349143e-08
7.589525208129784500e-08
9.154197370014565985e-09
3.040655114489106760e-09
2.990181770007156284e-09
1.677664260933027190e-09
1.677473140226467500e-09
1.513538703240788098e-09
1.506693688685911506e-09
1.506533194368291506e-09
1.151296689704122959e-10
9.543821517836479309e-11
3.565741485249764116e-11
3.557579139143488263e-11
2.808067741443599964e-11
2.808032715509798655e-11
2.761571566470973759e-11
2.761571453203844536e-11
2.759717285217033620e-11
3.890709640263930597e-12
8.824459710488727889e-13
8.614711304236841410e-13
8.614709847367546237e-13
5.486709593996942212e-13
5.485040451790759268e-13
5.221017026073509790e-13
5.221011387681794728e-13
5.203366256234712841e-13
5.203366246214144715e-13
5.203121164787675634e-13
2.890126771773956717e-14
2.551621312727527439e-14
1.204505729862115932e-14
1.199911554998215679e-14
1.062967789449470933e-14
1.062928303695028511e-14
1.062928300747308848e-14
1.048231059851921699e-14
1.048230982432923765e-14
1.047881555874902138e-14
1.047881555800901305e-14
9.928088567202903378e-16
3.136990176192302898e-16
3.068497897316533189e-16
3.068497749046890243e-16
2.379494090068889143e-16
2.377960821424887840e-16
2.268426586430744093e-16
2.268418246843026194e-16
2.268418246641547668e-16
2.264049072206633129e-16
2.264049063198350900e-16
2.264011853629007417e-16
4.272807419743133751e-17
9.547453947183728964e-18
5.980646476692049149e-18
5.951495232562928304e-18
5.951495232562611681e-18
5.217336719184554023e-18
5.216872358071058604e-18
5.216872349665417480e-18
5.170268581339763127e-18
5.170267105748476892e-18
5.169585212233672137e-18
5.169585212226477633e-18
5.169585211371217597e-18
4.060097145672284840e-19
3.626716389855156924e-19
1.705074266219509396e-19
1.705074212024829244e-19
1.258993488168629331e-19
1.257887867212948616e-19
1.217165385727896747e-19
1.217153664682607327e-19
1.217153664682605883e-19
1.217153664641563834e-19
1.216143755261679892e-19
1.216143734898456663e-19
1.216131025507952723e-19
1.802376046040501601e-20
5.834412701004230551e-21
5.834412701004226789e-21
5.721330669394606561e-21
3.201634465352038263e-21
3.201634465351603800e-21
2.912817849309497529e-21
2.912444960342240401e-21
2.912444958488615960e-21
2.900738495662464822e-21
2.900736228245412174e-21
2.900736228245412174e-21
2.900482133516816304e-21
2.900482133515778107e-21
2.900482131406501137e-21
2.793934876345747719e-22
2.319237489582352410e-22
8.964724231115565481e-23
8.941576500875189860e-23
7.191352682655180287e-23
7.191352614445324425e-23
7.191352614445324425e-23
7.082706497904474899e-23
7.082604245089380063e-23
7.082604245089360079e-23
7.082604245025681199e-23
7.078555140241517851e-23
7.078554803466000985e-23
7.078524338362204382e-23
1.227322611648081111e-23
2.969715193100893166e-24
2.969715193100893166e-24
2.897167509363982163e-24
1.903519539400119150e-24
1.903519539400118783e-24
1.903519539398914636e-24
1.817588196401279634e-24
1.816987752406816142e-24
1.816987752076230396e-24
1.811588417242570753e-24
1.811586138764631562e-24
1.811586138764631562e-24
1.811586138764631562e-24
1.811516013538770845e-24
1.811516013538510767e-24
1.811516009521970732e-24
1.303017454166897534e-25
1.146984153149075616e-25
5.655492473366554879e-26
5.632595813382246094e-26
5.015878468149231665e-26
5.015878452943983797e-26
5.015878452943983797e-26
4.953144633189799061e-26
4.952937788932836673e-26
4.952937788932758613e-26
4.952937788932758613e-26
4.952937788912737901e-26
4.951536330713549039e-26
4.951535906149801751e-26
4.951529075403490420e-26
5.934411139791661419e-27
1.988647722676134829e-27
1.988647722676134829e-27
1.942233743543630162e-27
1.516600179656163472e-27
1.516600179656163472e-27
1.516600179652432117e-27
1.515560008060945910e-27
1.450908128222942739e-27
1.450908128087423860e-27
1.448469004925064425e-27
1.448462979891899307e-27
1.448462979891899307e-27
1.448462979891898769e-27
1.448442437296935701e-27
1.448442437296870770e-27
1.448442430681076962e-27
9.980260291270453308e-29
8.117666539559959923e-29
5.126297767869114226e-29
5.099519620911403047e-29
4.505776219980959237e-29
4.505776212092749743e-29
4.505350188655385485e-29
4.469374846212482553e-29
4.469374846212482553e-29
4.469374846212171465e-29
4.469374846212171465e-29
4.469374846205802283e-29
4.468851855946298826e-29
4.468850425500804022e-29
4.468850425500804022e-29
4.615843885554019449e-30
4.615843503934370818e-30
2.062781079530897090e-30
2.062781079530897090e-30
1.956011061306882228e-30
1.465634591904539424e-30
1.465634591904539424e-30
1.465634591895561655e-30
1.464250527965415250e-30
1.420966930291018719e-30
1.420966930240238815e-30
1.419893934392316990e-30
1.419879523662611584e-30
1.419879523662611584e-30
1.419879523662609307e-30
1.419879523662609307e-30
1.419866832967140808e-30
1.419866832967124342e-30
1.419866806671030860e-30
1.221562499131765943e-31
8.930462102948510915e-32
5.074304799599670468e-32
5.016880833966893115e-32
4.595368823595880137e-32
4.595368820390469017e-32
4.595368820390469017e-32
4.594737324267032628e-32
4.577518876734581479e-32
4.577518876734581479e-32
4.577518876733739057e-32
4.577518876733739057e-32
4.577518876731966634e-32
4.577166167088223082e-32
4.577162431936239285e-32
4.577162431936239285e-32
5.629173670339336066e-33
2.019955878447379875e-33
2.019955849896718395e-33
2.019955849896718395e-33
1.887783346169662198e-33
1.536687163096765819e-33
1.536687163055942395e-33
1.536687163055942395e-33
1.536687163055942395e-33
1.533340787900182871e-33
1.511251937856746187e-33
1.511251937841506040e-33
1.511228673008782625e-33
1.510448243199751044e-33
1.510448243199744715e-33
1.510448243199744715e-33
1.510448243199744715e-33
1.510442632716501962e-33
1.510442558646868214e-33
1.510442558646861543e-33
1.050530382994375492e-34
8.379373157032542615e-35
5.569494976700044946e-35
5.479327863060743519e-35
5.238840735648354169e-35
5.238840734542978868e-35
5.238840734542978868e-35
5.237033786688889319e-35
5.237033786688889319e-35
5.237033786684329583e-35
5.222638571668654822e-35
5.222638571668654822e-35
5.222638571667841232e-35
5.222631641417101573e-35
5.222631641417101573e-35
5.222452267926298039e-35
4.912112893951389273e-36
4.912112893951389273e-36
4.912112893951389273e-36
2.335552245069137804e-36
2.335552234941498099e-36
2.193165434396442658e-36
1.955341255202861863e-36
1.955341255038341502e-36
1.955341255038341502e-36
1.955341255038341502e-36
1.948254605292450683e-36
1.925268038582166549e-36
1.925268038573441643e-36
1.925184894375945020e-36
1.924689974472791752e-36
1.924689974472791752e-36
1.924689974472748654e-36
1.924689974472748654e-36
1.924689974472748654e-36
1.924687557298938368e-36
1.924687385900645112e-36
1.924687385900642773e-36
1.473561948343497043e-37
1.036788054498665866e-37
8.061877485383305525e-38
7.910757810411307397e-38
7.910757810411307397e-38
7.587473751095814749e-38
7.587473750277948748e-38
7.587473750277948748e-38
7.587473750277948748e-38
7.582510599216481474e-38
7.582510599192692824e-38
7.570707496777002515e-38
7.570707496777002515e-38
7.570707496777002515e-38
7.570675428465347505e-38
7.570675428464971648e-38
7.570575415898049724e-38
7.570575415898046591e-38
7.570575415898046591e-38
6.958830291444892808e-39
4.054953743095344821e-39
4.054953743095344821e-39
4.054953732326989181e-39
3.577585010506602844e-39
3.577585009721712469e-39
3.172874439058966119e-39
3.172874439058966119e-39
3.172874439058966119e-39
3.157926227874368146e-39
3.134230287184022026e-39
3.134230287178941424e-39
3.133941676543997524e-39
3.133593634310308783e-39
3.133593634310026237e-39
3.133593634310026237e-39
3.133593634310026237e-39
3.133593634310026237e-39
3.133592633833993443e-39
3.133590373773147822e-39
3.133590373773146517e-39
3.134155150516637866e-40
1.918112612780529795e-40
1.431202715626489492e-40
1.375963912056283246e-40
1.375963912056283246e-40
1.337247793776925427e-40
1.337247793721103487e-40
1.337247793721103487e-40
1.336011757773784527e-40
1.336011757763259619e-40
1.336011757763259619e-40
1.335038680146749322e-40
1.335038680146749322e-40
1.335038680146749322e-40
1.335025618117031725e-40
1.335025618117013780e-40
1.335014647900504088e-40
1.335014647900501437e-40
1.486212772714673567e-41
7.493716143536143614e-42
7.493716143536143614e-42
6.380485956231527099e-42
6.380485956231527099e-42
6.380485950373145708e-42
6.380485944875566498e-42
5.859727027886481798e-42
5.859727027886481798e-42
5.859727027886481798e-42
5.799708238637155749e-42
5.778419352218789615e-42
5.777632648571100560e-42
5.777632648568416518e-42
5.777215380302374205e-42
5.777215380301006694e-42
5.777215380301006694e-42
5.777215380301006694e-42
5.777215380301006694e-42
5.777215380301006694e-42
5.777210925990621636e-42
5.777209238022560155e-42
5.777209238022558881e-42
4.952494727780167252e-43
3.394348575004698916e-43
2.748019765272964565e-43
2.748019765272964565e-43
2.605895323565444078e-43
2.568526403555949814e-43
2.568526403523935836e-43
2.568526403523935836e-43
2.568526403438270504e-43
2.563134604117500838e-43
2.563134604117500838e-43
2.563134604117500838e-43
2.561870972358173238e-43
2.561870972358173238e-43
2.561870972358173238e-43
2.561832398165028895e-43
2.561823521863931862e-43
2.561823521863919117e-43
2.561823521863905576e-43
2.361550594675295248e-44
1.466459993544591146e-44
1.466459993544591146e-44
1.466459989740712071e-44
1.268069515330280603e-44
1.268069514970574141e-44
1.268069514970574141e-44
1.268069514970574141e-44
1.211302267432323789e-44
1.193241325367727059e-44
1.193241325367727059e-44
1.193241325367727059e-44
1.190059449760164229e-44
1.189664524701831539e-44
1.189664524701609004e-44
1.189625649358199230e-44
1.189625649356921769e-44
1.189625649356921769e-44
1.189625649356921769e-44
1.189625649356921769e-44
1.189625649356921769e-44
1.189624134661040932e-44
1.189624023400906019e-44
1.189624023400906019e-44
1.241831787333592522e-45
7.136975250633437186e-46
7.136975250633437186e-46
6.309115844969874799e-46
5.966763851389510190e-46
5.897465592459767547e-46
5.897465592459767547e-46
5.897465591868218605e-46
5.897465591835229623e-46
5.877380059477512108e-46
5.877380059477512108e-46
5.877380059477512108e-46
5.875919752932644131e-46
5.875919752932644131e-46
5.875919752932644131e-46
5.875679542325017377e-46
5.875672283940759552e-46
5.875672283940750995e-46
5.875672283940750995e-46
5.875672283940594642e-46
5.980970420690125724e-47
4.241300392067403972e-47
4.241300366549442194e-47
3.285533255280278672e-47
3.285533255280278672e-47
3.285533255280278672e-47
3.285533254808272200e-47
3.285533254808272200e-47
3.150590794487132132e-47
3.150590794487132132e-47
3.094762739325966090e-47
3.094762739325966090e-47
3.090054351083413664e-47
3.088170941145661035e-47
3.088170941145472886e-47
3.088170941145472886e-47
3.088170941134194644e-47
3.088130219187474857e-47
3.088130219187474857e-47
3.088130219187474857e-47
3.088118136481429505e-47
3.088118136481429505e-47
3.088117989932901682e-47
4.469409192468705975e-48
4.469409192468705975e-48
2.190403277714687139e-48
2.190403277714687139e-48
1.917954541845055439e-48
1.724568983295959066e-48
1.724568983295959066e-48
1.711794516141012278e-48
1.711794515741321194e-48
1.704049158347498951e-48
1.704049158344041349e-48
1.704049158344041349e-48
1.703858308336177653e-48
1.703858308336177653e-48
1.703858308336177653e-48
1.703858308336177653e-48
1.703715404253806219e-48
1.703715404253806219e-48
1.703714211387793623e-48
1.703714211387793016e-48
1.703714211387621336e-48
2.187365197562376810e-49
2.187365117217195578e-49
2.187365117217195578e-49
1.430459698008607833e-49
1.034100175329566195e-49
1.034100175329566195e-49
1.034100175270863835e-49
1.034100175270863835e-49
1.004349902952979291e-49
1.004349902952979291e-49
9.685422066159070374e-50
9.685422066159070374e-50
9.678247655082185759e-50
9.669783873214993469e-50
9.669783873214993469e-50
9.669783873126314362e-50
9.669783873126143441e-50
9.669783873126143441e-50
9.669705829902003311e-50
9.669622008804428282e-50
9.669622008804428282e-50
9.669622008804428282e-50
9.669622008804428282e-50
9.669621828416157369e-50
9.669621828416157369e-50
1.284663517756436404e-50
7.162809737884325608e-51
7.162809737884325608e-51
6.499414164263785470e-51
5.659287106476912162e-51
5.659287106476910975e-51
5.637824815302567128e-51
5.637824810170247182e-51
5.584083182330018177e-51
5.584083182326603334e-51
5.584083182326603334e-51
5.584083182326603334e-51
5.583682571422689054e-51
5.583682571422689054e-51
5.583682571422689054e-51
5.582979378631082703e-51
5.582979378631082703e-51
5.582979378631082703e-51
5.582977770485246241e-51
5.582977770485245054e-51
5.582977770483763746e-51
5.582977770483763746e-51
5.582974067049422696e-51
6.310425216215763920e-52
4.725404737878744484e-52
3.537087195608985064e-52
3.537087195608985064e-52
3.537087195545803188e-52
3.482241800559558051e-52
3.482241800559558051e-52
3.316178565080904414e-52
3.316178565080904414e-52
3.316178565080904414e-52
3.314534174565278240e-52
3.308158891468209507e-52
3.308158891468209507e-52
3.308158891345344649e-52
3.308158891345344649e-52
3.308158891345323136e-52
3.308147423758714491e-52
3.308102469799372030e-52
3.308102469799372030e-52
3.308102469799372030e-52
3.308102469799372030e-52
3.308102469799372030e-52
3.308102450376584720e-52
5.600764637621923971e-53
2.522535175016439446e-53
2.522535175016439446e-53
2.522535175016439446e-53
2.389039356358560674e-53
2.086885811071219170e-53
2.086885811071218474e-53
2.086885806095637415e-53
2.081175180587665003e-53
2.052685842409090719e-53
2.052685842409090719e-53
2.052685842408586035e-53
2.052685842408586035e-53
2.052617878804688635e-53
2.052617878804688635e-53
2.052617878804688635e-53
2.052007057365249964e-53
2.052007057365249964e-53
2.052007057365249964e-53
2.052007057365249964e-53
2.052007057365249964e-53
2.052007057365249964e-53
2.052007057365249964e-53
2.052007057365249964e-53
2.052007057365249964e-53
2.052007057365249964e-53
2.052007057365249964e-53
2.052007057365249964e-53
2.052007057365249964e-53
2.052007057365249964e-53
2.052007057365249964e-53
2.052007057365249964e-53
2.052007057365249964e-53
2.052007057365249964e-53
2.052007057365249964e-53
2.052007057365249964e-53
2.052007057365249964e-53
2.052007057365249964e-53
2.052007057365249964e-53
2.052007057365249964e-53
2.052007057365249964e-53
2.052007057365249964e-53
2.052007057365249964e-53
2.052007057365249964e-53
2.052007057365249964e-53
2.052007057365249964e-53
2.052007057365249964e-53
2.052007057365249964e-53
2.052007057365249964e-53
2.052007057365249964e-53
2.052007057365249964e-53
2.052007057365249964e-53
2.052007057365249964e-53
2.052007057365249964e-53
2.052007057365249964e-53
2.052007057365249964e-53
2.052007057365249964e-53
2.052007057365249964e-53
2.052007057365249964e-53
2.052007057365249964e-53
2.052007057365249964e-53
2.052007057365249964e-53
2.052007057365249964e-53
2.052007057365249964e-53
2.052007057365249964e-53
2.052007057365249964e-53
2.052007057365249964e-53
2.052007057365249964e-53
2.052007057365249964e-53
2.052007057365249964e-53
2.052007057365249964e-53
2.052007057365249964e-53
2.052007057365249964e-53
2.052007057365249964e-53
2.052007057365249964e-53
2.052007057365249964e-53
2.052007057365249964e-53
2.052007057365249964e-53
2.052007057365249964e-53
2.052007057365249964e-53
2.052007057365249964e-53
2.052007057365249964e-53
2.052007057365249964e-53
2.052007057365249964e-53
2.052007057365249964e-53
2.052007057365249964e-53
2.052007057365249964e-53
2.052007057365249964e-53
2.052007057365249964e-53
2.052007057365249964e-53
2.052007057365249964e-53
2.052007057365249964e-53
2.052007057365249964e-53
2.052007057365249964e-53
2.052007057365249964e-53
2.052007057365249964e-53
2.052007057365249964e-53
2.052007057365249964e-53
2.052007057365249964e-53
2.052007057365249964e-53
2.052007057365249964e-53
2.052007057365249964e-53
2.052007057365249964e-53
2.052007057365249964e-53
2.052007057365249964e-53
2.052007057365249964e-53
2.052007057365249964e-53
2.052007057365249964e-53
2.052007057365249964e-53
2.052007057365249964e-53
2.052007057365249964e-53
2.052007057365249964e-53
2.052007057365249964e-53
2.052007057365249964e-53
2.052007057365249964e-53
2.052007057365249964e-53
2.052007057365249964e-53
2.052007057365249964e-53
2.052007057365249964e-53
2.052007057365249964e-53
2.052007057365249964e-53
2.052007057365249964e-53
2.052007057365249964e-53
2.052007057365249964e-53
2.052007057365249964e-53
2.052007057365249964e-53
2.052007057365249964e-53
2.052007057365249964e-53
2.052007057365249964e-53
2.052007057365249964e-53
2.052007057365249964e-53
2.052007057365249964e-53
2.052007057365249964e-53
2.052007057365249964e-53
2.052007057365249964e-53
2.052007057365249964e-53
2.052007057365249964e-53
2.052007057365249964e-53
2.052007057365249964e-53
2.052007057365249964e-53
2.052007057365249964e-53
2.052007057365249964e-53
2.052007057365249964e-53
2.052007057365249964e-53
2.052007057365249964e-53
2.052007057365249964e-53
2.052007057365249964e-53
2.052007057365249964e-53
2.052007057365249964e-53
2.052007057365249964e-53
2.052007057365249964e-53
2.052007057365249964e-53
2.052007057365249964e-53
2.052007057365249964e-53
2.052007057365249964e-53
2.052007057365249964e-53
2.052007057365249964e-53
2.052007057365249964e-53
2.052007057365249733e-53
2.052007057365249037e-53
2.052007057365248805e-53
2.052007057365248805e-53
2.052007057365248805e-53
2.052007057365248805e-53
2.052007057365248805e-53
2.052007057365248805e-53
2.052007057365248805e-53
2.052007057365248805e-53
2.052007057365248805e-53
2.052007057365248805e-53
2.052007057365248805e-53
2.052007057365248805e-53
2.052007057365248805e-53
2.052007057365248805e-53
2.052007057365248805e-53
2.052007057365248805e-53
2.052007057365248805e-53
2.052007057365248805e-53
2.052007057365248805e-53
2.052007057365248805e-53
2.052007057365248805e-53
2.052007057365248805e-53
2.052007057365248805e-53
2.052007057365248805e-53
2.052007057365248805e-53
2.052007057365247414e-53
2.052007057365238141e-53
2.052007057365176244e-53
2.052007057364844038e-53
2.052007057363384929e-53
2.052007057358563888e-53
2.052007057349815494e-53
2.052007057345632437e-53
2.052007057345502614e-53
2.052007057345502614e-53
2.052007057345502614e-53
2.052007057345502614e-53
2.052007057345502614e-53
2.052007057345502614e-53
2.052007057345502614e-53
2.052007057345502614e-53
2.052007057345502614e-53
2.052007057345502614e-53
2.052007057345502614e-53
2.052007057345502614e-53
2.052007057345502614e-53
2.052007057345502614e-53
2.052007057345502614e-53
2.052007057345502614e-53
2.052007057345502614e-53
2.052007057345502614e-53
2.052007057345502614e-53
2.052007057345502614e-53
2.052007057345502614e-53
2.052007057345501919e-53
2.052007057345488705e-53
2.052007057345326427e-53
2.052007057343484806e-53
2.052007057326974898e-53
2.052007057202257246e-53
2.052007056377031902e-53
2.052007051961964517e-53
2.052007032565487672e-53
2.052006968474861768e-53
2.052006852177871460e-53
2.052006796569874771e-53
2.052006794844681957e-53
2.052006794844312891e-53
2.052006794844312891e-53
2.052006794844312891e-53
2.052006794844312891e-53
2.052006794844312891e-53
2.052006794844312891e-53
2.052006794844312891e-53
2.052006794844312891e-53
2.052006794844312891e-53
2.052006794844312891e-53
2.052006794844312891e-53
2.052006794844312891e-53
2.052006794844312891e-53
2.052006794844312891e-53
2.052006794844312891e-53
2.052006794844312891e-53
2.052006794844312891e-53
2.052006794844312891e-53
2.052006794844312891e-53
2.052006794844312196e-53
2.052006794844294113e-53
2.052006794843918324e-53
2.052006794836530049e-53
2.052006794725908772e-53
2.052006793347402243e-53
2.052006777724730852e-53
2.052006637661995041e-53
2.052005579616571365e-53
2.051998578825978696e-53
2.051961124453927800e-53
2.051796594376337561e-53
2.051253134981859612e-53
2.050267724051994388e-53
2.049796879277948129e-53
2.049782275158478848e-53
2.049782272037369651e-53
2.049782272037369651e-53
2.049782272037369651e-53
2.049782272037369651e-53
2.049782272037369651e-53
2.049782272037369651e-53
2.049782272037369651e-53
2.049782272037369651e-53
2.049782272037369651e-53
2.049782272037369651e-53
2.049782272037369651e-53
2.049782272037369651e-53
2.049782272037369651e-53
2.049782272037369651e-53
2.049782272037369651e-53
2.049782272037369651e-53
2.049782272037369651e-53
2.049782272037369651e-53
2.049782272037366174e-53
2.049782272037251884e-53
2.049782272033276542e-53
2.049782271933305322e-53
2.049782269889146280e-53
2.049782229663577786e-53
2.049781627424638604e-53
2.049774122629748411e-53
2.049689074310159187e-53
2.048926901356610446e-53
2.043187643166623243e-53
2.006007897348624061e-53
1.828037374840925203e-53
1.315358768860198878e-53
6.827059248716122866e-54
3.645451760524926404e-54
2.981149795956949086e-54
2.964390719196377729e-54
2.964387157655674711e-54
2.964387157655668915e-54
2.964387157655668915e-54
2.964387157655668915e-54
2.964387157655668915e-54
2.964387157655668915e-54
2.964387157655668915e-54
2.964387157655668915e-54
2.964387157655668915e-54
2.964387157655668915e-54
2.964387157655668915e-54
2.964387157655668915e-54
2.964387157655668915e-54
2.964387157655668915e-54
2.964387157655668915e-54
2.964387157655668915e-54
2.964387157655668915e-54
2.964387157655668915e-54
2.964387157655668336e-54
2.964387157655608641e-54
2.964387157653074789e-54
2.964387157568769170e-54
2.964387154629551908e-54
2.964387080715774384e-54
2.964385569364292038e-54
2.964355828853594271e-54
2.963910638632346455e-54
2.958374077702123158e-54
2.897043574849495383e-54
2.442985270147070153e-54
1.118601353108715983e-54
2.438606846019881710e-55
4.704302528248491252e-56
1.034879854710986428e-56
2.892863538576637301e-57
1.253769475628031203e-57
9.865036475315452202e-58
9.800223466220966099e-58
9.800209705678460939e-58
9.800209705678439715e-58
9.800209705678439715e-58
9.800209705678439715e-58
9.800209705678439715e-58
9.800209705678439715e-58
9.800209705678439715e-58
9.800209705678439715e-58
9.800209705678439715e-58
9.800209705678439715e-58
9.800209705678439715e-58
9.800209705678439715e-58
9.800209705678439715e-58
9.800209705678439715e-58
9.800209705678439715e-58
9.800209705678439715e-58
9.800209705678439715e-58
9.800209705678439715e-58
9.800209705678439715e-58
9.800209705678439715e-58
9.800209705678436885e-58
9.800209705678288315e-58
9.800209705671898402e-58
9.800209705459341804e-58
9.800209698048786720e-58
9.800209511692343333e-58
9.800205701169731211e-58
9.800130717174649770e-58
9.799008227678353858e-58
9.785041816762801483e-58
9.629497961629660146e-58
8.428341372633376462e-58
4.339415776366619222e-58
1.030728258214213122e-58
2.029258426660676609e-59
4.481260509697581301e-60
1.253654727266346268e-60
5.434284980791206241e-61
4.275979337887387210e-61
4.247889165572316643e-61
4.247883201703664919e-61
4.247883201703655938e-61
4.247883201703655938e-61
4.247883201703655938e-61
4.247883201703655938e-61
4.247883201703655938e-61
4.247883201703655938e-61
4.247883201703655938e-61
4.247883201703655938e-61
4.247883201703655938e-61
4.247883201703655938e-61
4.247883201703655938e-61
4.247883201703655938e-61
4.247883201703655938e-61
4.247883201703655938e-61
4.247883201703655938e-61
4.247883201703655938e-61
4.247883201703655938e-61
4.247883201703655938e-61
4.247883201703655938e-61
4.247883201703655938e-61
4.247883201703655247e-61
4.247883201703612411e-61
4.247883201701792598e-61
4.247883201641262729e-61
4.247883199530966580e-61
4.247883146462414138e-61
4.247882061343255933e-61
4.247860708158329003e-61
4.247541043536594280e-61
4.243561561706417052e-61
4.198977563159272306e-61
3.837513015515046553e-61
2.325363008653867345e-61
6.446286292740679049e-62
1.324491095002916714e-62
2.949484868112306102e-63
8.265508068834360388e-64
3.584249779816634543e-64
2.820448981695892010e-64
2.801924810687931285e-64
2.801920877786172912e-64
2.801920877786166502e-64
2.801920877786166502e-64
2.801920877786166502e-64
2.801920877786166502e-64
2.801920877786166502e-64
2.801920877786166502e-64
2.801920877786166502e-64
2.801920877786166502e-64
2.801920877786166502e-64
2.801920877786166502e-64
2.801920877786166502e-64
2.801920877786166502e-64
2.801920877786166502e-64
2.801920877786166502e-64
2.801920877786166502e-64
2.801920877786166502e-64
2.801920877786166502e-64
2.801920877786166502e-64
2.801920877786166502e-64
2.801920877786166502e-64
2.801920877786165828e-64
2.801920877786147273e-64
2.801920877785354163e-64
2.801920877758953125e-64
2.801920876838516353e-64
2.801920853691895512e-64
2.801920380401359337e-64
2.801911066881868807e-64
2.801771636456817638e-64
2.800035281861613784e-64
2.780506456842695597e-64
2.616876372526614578e-64
1.811550497785079093e-64
5.966390711944861130e-65
1.300418488337120571e-65
2.931705776344536017e-66
8.236697548688644856e-67
3.573771954727883509e-67
2.812462923065865162e-67
2.793997442530141484e-67
2.793993522080310471e-67
2.793993522080304212e-67
2.793993522080304212e-67
2.793993522080304212e-67
2.793993522080304212e-67
2.793993522080304212e-67
2.793993522080304212e-67
2.793993522080304212e-67
2.793993522080304212e-67
2.793993522080304212e-67
2.793993522080304212e-67
2.793993522080304212e-67
2.793993522080304212e-67
2.793993522080304212e-67
2.793993522080304212e-67
2.793993522080304212e-67
2.793993522080304212e-67
2.793993522080304212e-67
2.793993522080304212e-67
2.793993522080304212e-67
2.793993522080304212e-67
2.793993522080304212e-67
2.793993522080304212e-67
2.793993522080292022e-67
2.793993522079765901e-67
2.793993522062249051e-67
2.793993521451533594e-67
2.793993506093606260e-67
2.793993192062361903e-67
2.793987012476444466e-67
2.793894497761942559e-67
2.792742135626395418e-67
2.779748490534344025e-67
2.668440824364887216e-67
2.048733088553550392e-67
8.076543252803209141e-68
1.904396716539815524e-68
4.370541728436559366e-69
1.232553044557142652e-69
5.352324149358221459e-70
4.212711166149753672e-70
4.185066091571665353e-70
4.185060222161073496e-70
4.185060222161064488e-70
4.185060222161064488e-70
4.185060222161064488e-70
4.185060222161064488e-70
4.185060222161064488e-70
4.185060222161064488e-70
4.185060222161064488e-70
4.185060222161064488e-70
4.185060222161064488e-70
4.185060222161064488e-70
4.185060222161064488e-70
4.185060222161064488e-70
4.185060222161064488e-70
4.185060222161064488e-70
4.185060222161064488e-70
4.185060222161064488e-70
4.185060222161064488e-70
4.185060222161064488e-70
4.185060222161064488e-70
4.185060222161064488e-70
4.185060222161064488e-70
4.185060222161064488e-70
4.185060222161064488e-70
4.185060222161052262e-70
4.185060222160524638e-70
4.185060222142961171e-70
4.185060221530647614e-70
4.185060206132533391e-70
4.185059891279543029e-70
4.185053695518344007e-70
4.184960937559982638e-70
4.183805375345566608e-70
4.170753798113342297e-70
4.057280444677117862e-70
3.365575823732028930e-70
1.581526991796919790e-70
4.122812590864579817e-71
9.705324956810951168e-72
2.752187146933980620e-72
1.196600914980397787e-72
9.420111309911722519e-73
9.358339418588621684e-73
9.358326303544808155e-73
9.358326303544788048e-73
9.358326303544788048e-73
9.358326303544788048e-73
9.358326303544788048e-73
9.358326303544788048e-73
9.358326303544788048e-73
9.358326303544788048e-73
9.358326303544788048e-73
9.358326303544788048e-73
9.358326303544788048e-73
9.358326303544788048e-73
9.358326303544788048e-73
9.358326303544788048e-73
9.358326303544788048e-73
9.358326303544788048e-73
9.358326303544788048e-73
9.358326303544788048e-73
9.358326303544788048e-73
9.358326303544788048e-73
9.358326303544788048e-73
9.358326303544788048e-73
9.358326303544788048e-73
9.358326303544788048e-73
9.358326303544788048e-73
9.358326303544769197e-73
9.358326303543974945e-73
9.358326303517537159e-73
9.358326302595854154e-73
9.358326279417875214e-73
9.358325805486040757e-73
9.358316479324128219e-73
9.358176854442520719e-73
9.356437262802117226e-73
9.336767499773823956e-73
9.164047242954668574e-73
8.040453669319498656e-73
4.439120316364235375e-73
1.307032356403845635e-73
3.188100955233764899e-74
9.113355641314551500e-75
3.969462575950469614e-75
3.125838510412943493e-75
3.105363217799011131e-75
3.105358870574459439e-75
3.105358870574452567e-75
3.105358870574452567e-75
3.105358870574452567e-75
3.105358870574452567e-75
3.105358870574452567e-75
3.105358870574452567e-75
3.105358870574452567e-75
3.105358870574452567e-75
3.105358870574452567e-75
3.105358870574452567e-75
3.105358870574452567e-75
3.105358870574452567e-75
3.105358870574452567e-75
3.105358870574452567e-75
3.105358870574452567e-75
3.105358870574452567e-75
3.105358870574452567e-75
3.105358870574452567e-75
3.105358870574452567e-75
3.105358870574452567e-75
3.105358870574452567e-75
3.105358870574452567e-75
3.105358870574452567e-75
3.105358870574452567e-75
3.105358870574448149e-75
3.105358870574269458e-75
3.105358870568333382e-75
3.105358870361356674e-75
3.105358865156435346e-75
3.105358758728782364e-75
3.105356664415237801e-75
3.105325309631995862e-75
3.104934633851265161e-75
3.100513948595474007e-75
3.061436186689573808e-75
2.795298629304809343e-75
1.774557653956363486e-75
6.007966456926099381e-76
1.538191902882969425e-76
4.447863762565801278e-77
1.942411862194194138e-77
1.530251504668445619e-77
1.520243705662527897e-77
1.520241580828249546e-77
1.520241580828246286e-77
1.520241580828246286e-77
1.520241580828246286e-77
1.520241580828246286e-77
1.520241580828246286e-77
1.520241580828246286e-77
1.520241580828246286e-77
1.520241580828246286e-77
1.520241580828246286e-77
1.520241580828246286e-77
1.520241580828246286e-77
1.520241580828246286e-77
1.520241580828246286e-77
1.520241580828246286e-77
1.520241580828246286e-77
1.520241580828246286e-77
1.520241580828246286e-77
1.520241580828246286e-77
1.520241580828246286e-77
1.520241580828246286e-77
1.520241580828246286e-77
1.520241580828246286e-77
1.520241580828246286e-77
1.520241580828246286e-77
1.520241580828246286e-77
1.520241580828244944e-77
1.520241580828185498e-77
1.520241580826208629e-77
1.520241580757295312e-77
1.520241579024295574e-77
1.520241543588783714e-77
1.520240846278573168e-77
1.520230406540028975e-77
1.520100323346938483e-77
1.518627639261041001e-77
1.505550880339829994e-77
1.413599716823171296e-77
1.006754075193682449e-77
3.963890117663678059e-78
1.081997016293070475e-78
3.180189301657859814e-79
1.394064663268527656e-79
1.098942102244805741e-79
1.091771564355697804e-79
1.091770041899545762e-79
1.091770041899543515e-79
1.091770041899543515e-79
1.091770041899543515e-79
1.091770041899543515e-79
1.091770041899543515e-79
1.091770041899543515e-79
1.091770041899543515e-79
1.091770041899543515e-79
1.091770041899543515e-79
1.091770041899543515e-79
1.091770041899543515e-79
1.091770041899543515e-79
1.091770041899543515e-79
1.091770041899543515e-79
1.091770041899543515e-79
1.091770041899543515e-79
1.091770041899543515e-79
1.091770041899543515e-79
1.091770041899543515e-79
1.091770041899543515e-79
1.091770041899543515e-79
1.091770041899543515e-79
1.091770041899543515e-79
1.091770041899543515e-79
1.091770041899543515e-79
1.091770041899542766e-79
1.091770041899513702e-79
1.091770041898543959e-79
1.091770041864730720e-79
1.091770041014415446e-79
1.091770023627589171e-79
1.091769681484562481e-79
1.091764559098602193e-79
1.091700730312968866e-79
1.090977877203231298e-79
1.084539754248844271e-79
1.038255882153307101e-79
8.096341516159570448e-80
3.717177326219205409e-80
1.100985575274100895e-80
3.310675026287584648e-81
1.459136392006901664e-81
1.151270032886339509e-81
1.143782987888232999e-81
1.143781398196302338e-81
1.143781398196299763e-81
1.143781398196299763e-81
1.143781398196299763e-81
1.143781398196299763e-81
1.143781398196299763e-81
1.143781398196299763e-81
1.143781398196299763e-81
1.143781398196299763e-81
1.143781398196299763e-81
1.143781398196299763e-81
1.143781398196299763e-81
1.143781398196299763e-81
1.143781398196299763e-81
1.143781398196299763e-81
1.143781398196299763e-81
1.143781398196299763e-81
1.143781398196299763e-81
1.143781398196299763e-81
1.143781398196299763e-81
1.143781398196299763e-81
1.143781398196299763e-81
1.143781398196299763e-81
1.143781398196299763e-81
1.143781398196299763e-81
1.143781398196299295e-81
1.143781398196278227e-81
1.143781398195581360e-81
1.143781398171279948e-81
1.143781397560168795e-81
1.143781385064467721e-81
1.143781139170401574e-81
1.143777457767616931e-81
1.143731583807548510e-81
1.143211949311215548e-81
1.138574250339380685e-81
1.104720243714121837e-81
9.231077946002168617e-82
4.911336066463705080e-82
1.607192749274235701e-82
4.986703765468021163e-83
2.214780528787124652e-83
1.749723795113367810e-83
1.738399134348391213e-83
1.738396729756947714e-83
1.738396729756943691e-83
1.738396729756943691e-83
1.738396729756943691e-83
1.738396729756943691e-83
1.738396729756943691e-83
1.738396729756943691e-83
1.738396729756943691e-83
1.738396729756943691e-83
1.738396729756943691e-83
1.738396729756943691e-83
1.738396729756943691e-83
1.738396729756943691e-83
1.738396729756943691e-83
1.738396729756943691e-83
1.738396729756943691e-83
1.738396729756943691e-83
1.738396729756943691e-83
1.738396729756943691e-83
1.738396729756943691e-83
1.738396729756943691e-83
1.738396729756943691e-83
1.738396729756943691e-83
1.738396729756943691e-83
1.738396729756943325e-83
1.738396729756921379e-83
1.738396729756192428e-83
1.738396729730767268e-83
1.738396729091394385e-83
1.738396716017809507e-83
1.738396458751958078e-83
1.738392607092378432e-83
1.738344610914384519e-83
1.737800853345921402e-83
1.732941029123873642e-83
1.697089533961258782e-83
1.492748903575005884e-83
9.078925044764397769e-84
3.336287107378209473e-84
1.079700550323821310e-84
4.847502886179956723e-85
3.836630889329521495e-85
3.811968911456900671e-85
3.811963674688880564e-85
3.811963674688871991e-85
3.811963674688871991e-85
3.811963674688871991e-85
3.811963674688871991e-85
3.811963674688871991e-85
3.811963674688871991e-85
3.811963674688871991e-85
3.811963674688871991e-85
3.811963674688871991e-85
3.811963674688871991e-85
3.811963674688871991e-85
3.811963674688871991e-85
3.811963674688871991e-85
3.811963674688871991e-85
3.811963674688871991e-85
3.811963674688871991e-85
3.811963674688871991e-85
3.811963674688871991e-85
3.811963674688871991e-85
3.811963674688871991e-85
3.811963674688871991e-85
3.811963674688871991e-85
3.811963674688871991e-85
3.811963674688871420e-85
3.811963674688838273e-85
3.811963674687734719e-85
3.811963674649253191e-85
3.811963673681548631e-85
3.811963653894413800e-85
3.811963264517331146e-85
3.811957434948189037e-85
3.811884791035217760e-85
3.811061707929593301e-85
3.803698326047861262e-85
3.748980791471161418e-85
3.423150861722813770e-85
2.336639426313598441e-85
9.758684038557899241e-86
3.337140089690136681e-86
1.520996044468154889e-86
1.206926694588505279e-86
1.199244142017924711e-86
1.199242510588240074e-86
1.199242510588237573e-86
1.199242510588237573e-86
1.199242510588237573e-86
1.199242510588237573e-86
1.199242510588237573e-86
1.199242510588237573e-86
1.199242510588237573e-86
1.199242510588237573e-86
1.199242510588237573e-86
1.199242510588237573e-86
1.199242510588237573e-86
1.199242510588237573e-86
1.199242510588237573e-86
1.199242510588237573e-86
1.199242510588237573e-86
1.199242510588237573e-86
1.199242510588237573e-86
1.199242510588237573e-86
1.199242510588237573e-86
1.199242510588237573e-86
1.199242510588237573e-86
1.199242510588237573e-86
1.199242510588237395e-86
1.199242510588230073e-86
1.199242510587990045e-86
1.199242510579620163e-86
1.199242510369143321e-86
1.199242506065416464e-86
1.199242421375401380e-86
1.199241153435995910e-86
1.199225353183388021e-86
1.199046317340057189e-86
1.197443582847499811e-86
1.185473437787101112e-86
1.111926449497015582e-86
8.348276078040329366e-87
3.985192716871278609e-87
1.461434529197848559e-87
6.800094334770741967e-88
5.415518255306627728e-88
5.381523836613590944e-88
5.381516617082712940e-88
5.381516617082700662e-88
5.381516617082700662e-88
5.381516617082700662e-88
5.381516617082700662e-88
5.381516617082700662e-88
5.381516617082700662e-88
5.381516617082700662e-88
5.381516617082700662e-88
5.381516617082700662e-88
5.381516617082700662e-88
5.381516617082700662e-88
5.381516617082700662e-88
5.381516617082700662e-88
5.381516617082700662e-88
5.381516617082700662e-88
5.381516617082700662e-88
5.381516617082700662e-88
5.381516617082700662e-88
5.381516617082700662e-88
5.381516617082700662e-88
5.381516617082700662e-88
5.381516617082700662e-88
5.381516617082678338e-88
5.381516617081932717e-88
5.381516617055959891e-88
5.381516616402790594e-88
5.381516603047110173e-88
5.381516340230086244e-88
5.381512405454791747e-88
5.381463372578100756e-88
5.380907743336572792e-88
5.375931452378515843e-88
5.338635436079895546e-88
5.104325056845572455e-88
4.133675456408179437e-88
2.252157308437979000e-88
8.994289852244571881e-89
4.303697952742712453e-89
3.444717642253734170e-89
3.423518680488641884e-89
3.423514177822044398e-89
3.423514177822037422e-89
3.423514177822037422e-89
3.423514177822037422e-89
3.423514177822037422e-89
3.423514177822037422e-89
3.423514177822037422e-89
3.423514177822037422e-89
3.423514177822037422e-89
3.423514177822037422e-89
3.423514177822037422e-89
3.423514177822037422e-89
3.423514177822037422e-89
3.423514177822037422e-89
3.423514177822037422e-89
3.423514177822037422e-89
3.423514177822037422e-89
3.423514177822037422e-89
3.423514177822037422e-89
3.423514177822037422e-89
3.423514177822037422e-89
3.423514177822037422e-89
3.423514177822026957e-89
3.423514177821699772e-89
3.423514177810291524e-89
3.423514177523392899e-89
3.423514171657049180e-89
3.423514056217380652e-89
3.423512327907493406e-89
3.423490790651230848e-89
3.423246726945582977e-89
3.421060163483859698e-89
3.404632489093275326e-89
3.299787933240398304e-89
2.833030044146858167e-89
1.747243270877649348e-89
7.709391363716068012e-90
3.828043267403059415e-90
3.085313803261051326e-90
3.066853141761456470e-90
3.066849220037337566e-90
3.066849220037331026e-90
3.066849220037331026e-90
3.066849220037331026e-90
3.066849220037331026e-90
3.066849220037331026e-90
3.066849220037331026e-90
3.066849220037331026e-90
3.066849220037331026e-90
3.066849220037331026e-90
3.066849220037331026e-90
3.066849220037331026e-90
3.066849220037331026e-90
3.066849220037331026e-90
3.066849220037331026e-90
3.066849220037331026e-90
3.066849220037331026e-90
3.066849220037331026e-90
3.066849220037331026e-90
3.066849220037331026e-90
3.066849220037331026e-90
3.066849220037331026e-90
3.066849220037324922e-90
3.066849220037123483e-90
3.066849220030096228e-90
3.066849219853380185e-90
3.066849216239991913e-90
3.066849145134656657e-90
3.066848080577938821e-90
3.066834814623908643e-90
3.066684479022343365e-90
3.065337325576541428e-90
3.055198925484263081e-90
2.989769465739752115e-90
2.682424444969232726e-90
1.847882240960548361e-90
9.111852171378184916e-91
4.746222216789095639e-91
3.861569325698800987e-91
3.839367688425239764e-91
3.839362970869539788e-91
3.839362970869532158e-91
3.839362970869532158e-91
3.839362970869532158e-91
3.839362970869532158e-91
3.839362970869532158e-91
3.839362970869532158e-91
3.839362970869532158e-91
3.839362970869532158e-91
3.839362970869532158e-91
3.839362970869532158e-91
3.839362970869532158e-91
3.839362970869532158e-91
3.839362970869532158e-91
3.839362970869532158e-91
3.839362970869532158e-91
3.839362970869532158e-91
3.839362970869532158e-91
3.839362970869532158e-91
3.839362970869532158e-91
3.839362970869532158e-91
3.839362970869532158e-91
3.839362970869527253e-91
3.839362970869355027e-91
3.839362970863352734e-91
3.839362970712416301e-91
3.839362967626136370e-91
3.839362906893405150e-91
3.839361997630487260e-91
3.839350666850476071e-91
3.839222259312046898e-91
3.838071424128807932e-91
3.829400156539067170e-91
3.772997375395213738e-91
3.497397153881716738e-91
2.647724876805455594e-91
1.468717632310544043e-91
8.123385893219508026e-92
6.693128041529076573e-92
6.656766603501554230e-92
6.656758874712736715e-92
6.656758874712724452e-92
6.656758874712724452e-92
6.656758874712724452e-92
6.656758874712724452e-92
6.656758874712724452e-92
6.656758874712724452e-92
6.656758874712724452e-92
6.656758874712724452e-92
6.656758874712724452e-92
6.656758874712724452e-92
6.656758874712724452e-92
6.656758874712724452e-92
6.656758874712724452e-92
6.656758874712724452e-92
6.656758874712724452e-92
6.656758874712724452e-92
6.656758874712724452e-92
6.656758874712724452e-92
6.656758874712724452e-92
6.656758874712724452e-92
6.656758874712719002e-92
6.656758874712517345e-92
6.656758874705507040e-92
6.656758874529247941e-92
6.656758870925160852e-92
6.656758800002870397e-92
6.656757738186415933e-92
6.656744506346715204e-92
6.656594553020261631e-92
6.655250470422192944e-92
6.645114664309942271e-92
6.578818821575260753e-92
6.245459171436034439e-92
5.108287632071549509e-92
3.189420074035337703e-92
1.896633065535519387e-92
1.588718033749036787e-92
1.580756203169880241e-92
1.580754510129822307e-92
1.580754510129819241e-92
1.580754510129819241e-92
1.580754510129819241e-92
1.580754510129819241e-92
1.580754510129819241e-92
1.580754510129819241e-92
1.580754510129819241e-92
1.580754510129819241e-92
1.580754510129819241e-92
1.580754510129819241e-92
1.580754510129819241e-92
1.580754510129819241e-92
1.580754510129819241e-92
1.580754510129819241e-92
1.580754510129819241e-92
1.580754510129819241e-92
1.580754510129819241e-92
1.580754510129819241e-92
1.580754510129819241e-92
1.580754510129819241e-92
1.580754510129818219e-92
1.580754510129787221e-92
1.580754510128688327e-92
1.580754510101063024e-92
1.580754509536193556e-92
1.580754498420527784e-92
1.580754332001792835e-92
1.580752258171024884e-92
1.580728755738931697e-92
1.580518079381208764e-92
1.578928424482028455e-92
1.568490127375747204e-92
1.514908195515230263e-92
1.317220122451689616e-92
9.203688779227053335e-93
5.950560111278402557e-93
5.090263198283930114e-93
5.067533815775854623e-93
5.067528979842163957e-93
5.067528979842155441e-93
5.067528979842155441e-93
5.067528979842155441e-93
5.067528979842155441e-93
5.067528979842155441e-93
5.067528979842155441e-93
5.067528979842155441e-93
5.067528979842155441e-93
5.067528979842155441e-93
5.067528979842155441e-93
5.067528979842155441e-93
5.067528979842155441e-93
5.067528979842155441e-93
5.067528979842155441e-93
5.067528979842155441e-93
5.067528979842155441e-93
5.067528979842155441e-93
5.067528979842155441e-93
5.067528979842155441e-93
5.067528979842153738e-93
5.067528979842089869e-93
5.067528979839837408e-93
5.067528979783174181e-93
5.067528978624560316e-93
5.067528955825040992e-93
5.067528614480900213e-93
5.067524360811121655e-93
5.067476154289534006e-93
5.067044006830043067e-93
5.063781907318220088e-93
5.042302814607122392e-93
4.930413371035524323e-93
4.492458098726894043e-93
3.473084384467824352e-93
2.460143930735020363e-93
2.159051162842632022e-93
2.150884261417429684e-93
2.150882522624890450e-93
2.150882522624887895e-93
2.150882522624887895e-93
2.150882522624887895e-93
2.150882522624887895e-93
2.150882522624887895e-93
2.150882522624887895e-93
2.150882522624887895e-93
2.150882522624887895e-93
2.150882522624887895e-93
2.150882522624887895e-93
2.150882522624887895e-93
2.150882522624887895e-93
2.150882522624887895e-93
2.150882522624887895e-93
2.150882522624887895e-93
2.150882522624887895e-93
2.150882522624887895e-93
2.150882522624887895e-93
2.150882522624887469e-93
2.150882522624870438e-93
2.150882522624286671e-93
2.150882522609605226e-93
2.150882522309403303e-93
2.150882516401936220e-93
2.150882427958001448e-93
2.150881325810992496e-93
2.150868835210961581e-93
2.150756859067206761e-93
2.149911358124100708e-93
2.144333600860250192e-93
2.114976748060816176e-93
1.994987363229095366e-93
1.680045775014335148e-93
1.305944901335577505e-93
1.180278046302074726e-93
1.176764982051721494e-93
1.176764233489472764e-93
1.176764233489471274e-93
1.176764233489471274e-93
1.176764233489471274e-93
1.176764233489471274e-93
1.176764233489471274e-93
1.176764233489471274e-93
1.176764233489471274e-93
1.176764233489471274e-93
1.176764233489471274e-93
1.176764233489471274e-93
1.176764233489471274e-93
1.176764233489471274e-93
1.176764233489471274e-93
1.176764233489471274e-93
1.176764233489471274e-93
1.176764233489471274e-93
1.176764233489471274e-93
1.176764233489471274e-93
1.176764233489471274e-93
1.176764233489466164e-93
1.176764233489284562e-93
1.176764233484714068e-93
1.176764233391262707e-93
1.176764231552297329e-93
1.176764204020135905e-93
1.176763860927116468e-93
1.176759972653304666e-93
1.176725114058355407e-93
1.176461855921567755e-93
1.174722907509273290e-93
1.165505937387195426e-93
1.126669895101409917e-93
1.014925370387312409e-93
8.601270715729918547e-94
8.016625399403830733e-94
7.999755711530424665e-94
7.999752113799457607e-94
7.999752113799451220e-94
7.999752113799451220e-94
7.999752113799451220e-94
7.999752113799451220e-94
7.999752113799451220e-94
7.999752113799451220e-94
7.999752113799451220e-94
7.999752113799451220e-94
7.999752113799451220e-94
7.999752113799451220e-94
7.999752113799451220e-94
7.999752113799451220e-94
7.999752113799451220e-94
7.999752113799451220e-94
7.999752113799451220e-94
7.999752113799451220e-94
7.999752113799451220e-94
7.999752113799451220e-94
7.999752113799433124e-94
7.999752113798799753e-94
7.999752113782863273e-94
7.999752113457013316e-94
7.999752107044840886e-94
7.999752011044696306e-94
7.999750814735234809e-94
7.999737256934201713e-94
7.999615708530631639e-94
7.998697640682290378e-94
7.992628324660068320e-94
7.960312486145506981e-94
7.821382852745382566e-94
7.394930477762275071e-94
6.729163741324303355e-94
6.451439716452277245e-94
6.443189720453796822e-94
6.443187959554206228e-94
6.443187959554201970e-94
6.443187959554201970e-94
6.443187959554201970e-94
6.443187959554201970e-94
6.443187959554201970e-94
6.443187959554201970e-94
6.443187959554201970e-94
6.443187959554201970e-94
6.443187959554201970e-94
6.443187959554201970e-94
6.443187959554201970e-94
6.443187959554201970e-94
6.443187959554201970e-94
6.443187959554201970e-94
6.443187959554201970e-94
6.443187959554201970e-94
6.443187959554201970e-94
6.443187959554195583e-94
6.443187959553969911e-94
6.443187959548294051e-94
6.443187959432215678e-94
6.443187957147999059e-94
6.443187922949744324e-94
6.443187496786835957e-94
6.443182667068401981e-94
6.443139367266807626e-94
6.442812295615750843e-94
6.440648981977175327e-94
6.429099593099105073e-94
6.378847158881752868e-94
6.218246777399878128e-94
5.946574547170956095e-94
5.824890438499551434e-94
5.821194884090291309e-94
5.821194094792990040e-94
5.821194094792988975e-94
5.821194094792988975e-94
5.821194094792988975e-94
5.821194094792988975e-94
5.821194094792988975e-94
5.821194094792988975e-94
5.821194094792988975e-94
5.821194094792988975e-94
5.821194094792988975e-94
5.821194094792988975e-94
5.821194094792988975e-94
5.821194094792988975e-94
5.821194094792988975e-94
5.821194094792988975e-94
5.821194094792988975e-94
5.821194094792988975e-94
5.821194094792988975e-94
5.821194094792987911e-94
5.821194094792913396e-94
5.821194094791055861e-94
5.821194094753067408e-94
5.821194094005547430e-94
5.821194082814007752e-94
5.821193943350197344e-94
5.821192362801370073e-94
5.821178192663369767e-94
5.821071152441967612e-94
5.820362993643132598e-94
5.816577172572042516e-94
5.800003307920644812e-94
5.745904664099853671e-94
5.650273030379420424e-94
5.605662344194238550e-94
5.604289597196932787e-94
5.604289303891024667e-94
5.604289303891024667e-94
5.604289303891024667e-94
5.604289303891024667e-94
5.604289303891024667e-94
5.604289303891024667e-94
5.604289303891024667e-94
5.604289303891024667e-94
5.604289303891024667e-94
5.604289303891024667e-94
5.604289303891024667e-94
5.604289303891024667e-94
5.604289303891024667e-94
5.604289303891024667e-94
5.604289303891024667e-94
5.604289303891024667e-94
5.604289303891024667e-94
5.604289303891023602e-94
5.604289303891004442e-94
5.604289303890496680e-94
5.604289303880161547e-94
5.604289303676738580e-94
5.604289300631205128e-94
5.604289262679157482e-94
5.604288832567020104e-94
5.604284976463318206e-94
5.604255847293286636e-94
5.604063114596934845e-94
5.603032193556896518e-94
5.598507593565397954e-94
5.583609052442490601e-94
5.556776105307514714e-94
5.544036725651124543e-94
5.543642430844959567e-94
5.543642346583910203e-94
5.543642346583910203e-94
5.543642346583910203e-94
5.543642346583910203e-94
5.543642346583910203e-94
5.543642346583910203e-94
5.543642346583910203e-94
5.543642346583910203e-94
5.543642346583910203e-94
5.543642346583910203e-94
5.543642346583910203e-94
5.543642346583910203e-94
5.543642346583910203e-94
5.543642346583910203e-94
5.543642346583910203e-94
5.543642346583910203e-94
5.543642346583910203e-94
5.543642346583910203e-94
5.543642346583905945e-94
5.543642346583798432e-94
5.543642346581617292e-94
5.543642346538697057e-94
5.543642345896099596e-94
5.543642337888361036e-94
5.543642247136304180e-94
5.543641433512325626e-94
5.543635287334010243e-94
5.543594619975115819e-94
5.543377054199423556e-94
5.542421436480225433e-94
5.539266187185091144e-94
5.533549927245117414e-94
5.530820835511204736e-94
5.530736210700439003e-94
5.530736192615053705e-94
5.530736192615053705e-94
5.530736192615053705e-94
5.530736192615053705e-94
5.530736192615053705e-94
5.530736192615053705e-94
5.530736192615053705e-94
5.530736192615053705e-94
5.530736192615053705e-94
5.530736192615053705e-94
5.530736192615053705e-94
5.530736192615053705e-94
5.530736192615053705e-94
5.530736192615053705e-94
5.530736192615053705e-94
5.530736192615053705e-94
5.530736192615053705e-94
5.530736192615052640e-94
5.530736192615036673e-94
5.530736192614691778e-94
5.530736192607906719e-94
5.530736192506317120e-94
5.530736191240364983e-94
5.530736176893256591e-94
5.530736048266401061e-94
5.530735076608174918e-94
5.530728647400856834e-94
5.530694250519669741e-94
5.530543141623641827e-94
5.530043900180233470e-94
5.529138221182623898e-94
5.528705270961041555e-94
5.528691840115108054e-94
5.528691837244731103e-94
5.528691837244731103e-94
5.528691837244731103e-94
5.528691837244731103e-94
5.528691837244731103e-94
5.528691837244731103e-94
5.528691837244731103e-94
5.528691837244731103e-94
5.528691837244731103e-94
5.528691837244731103e-94
5.528691837244731103e-94
5.528691837244731103e-94
5.528691837244731103e-94
5.528691837244731103e-94
5.528691837244731103e-94
5.528691837244731103e-94
5.528691837244731103e-94
5.528691837244731103e-94
5.528691837244728974e-94
5.528691837244688523e-94
5.528691837243893349e-94
5.528691837231983835e-94
5.528691837083582226e-94
5.528691835401740249e-94
5.528691820323432638e-94
5.528691706420601170e-94
5.528690952754578471e-94
5.528686920542168545e-94
5.528669206110350211e-94
5.528610674172003306e-94
5.528504466969508004e-94
5.528453684893986027e-94
5.528452109436101150e-94
5.528452109099400847e-94
5.528452109099400847e-94
5.528452109099400847e-94
5.528452109099400847e-94
5.528452109099400847e-94
5.528452109099400847e-94
5.528452109099400847e-94
5.528452109099400847e-94
5.528452109099400847e-94
5.528452109099400847e-94
5.528452109099400847e-94
5.528452109099400847e-94
5.528452109099400847e-94
5.528452109099400847e-94
5.528452109099400847e-94
5.528452109099400847e-94
5.528452109099400847e-94
5.528452109099396589e-94
5.528452109099327397e-94
5.528452109098292713e-94
5.528452109085400675e-94
5.528452108939295170e-94
5.528452107629404081e-94
5.528452097734374853e-94
5.528452032261480673e-94
5.528451681972601078e-94
5.528450143067870753e-94
5.528445058162404234e-94
5.528435831263482348e-94
5.528431419385412306e-94
5.528431282510578799e-94
5.528431282481325551e-94
5.528431282481325551e-94
5.528431282481325551e-94
5.528431282481325551e-94
5.528431282481325551e-94
5.528431282481325551e-94
5.528431282481325551e-94
5.528431282481325551e-94
5.528431282481325551e-94
5.528431282481325551e-94
5.528431282481325551e-94
5.528431282481325551e-94
5.528431282481325551e-94
5.528431282481325551e-94
5.528431282481325551e-94
5.528431282481325551e-94
5.528431282481325551e-94
5.528431282481325551e-94
5.528431282481322357e-94
5.528431282481254230e-94
5.528431282480423928e-94
5.528431282470997869e-94
5.528431282386495463e-94
5.528431281748162349e-94
5.528431277524470569e-94
5.528431254927143449e-94
5.528431155651526004e-94
5.528430827621019702e-94
5.528430232386421763e-94
5.528429947771997522e-94
5.528429938942066078e-94
5.528429938940178737e-94
5.528429938940178737e-94
5.528429938940178737e-94
5.528429938940178737e-94
5.528429938940178737e-94
5.528429938940178737e-94
5.528429938940178737e-94
5.528429938940178737e-94
5.528429938940178737e-94
5.528429938940178737e-94
5.528429938940178737e-94
5.528429938940178737e-94
5.528429938940178737e-94
5.528429938940178737e-94
5.528429938940178737e-94
5.528429938940178737e-94
5.528429938940178737e-94
5.528429938940178737e-94
5.528429938940175544e-94
5.528429938940135093e-94
5.528429938939683749e-94
5.528429938935624849e-94
5.528429938904970732e-94
5.528429938702135363e-94
5.528429937616937880e-94
5.528429932849401374e-94
5.528429917096313578e-94
5.528429888511214464e-94
5.528429874843103767e-94
5.528429874419062062e-94
5.528429874418970516e-94
5.528429874418970516e-94
5.528429874418970516e-94
5.528429874418970516e-94
5.528429874418970516e-94
5.528429874418970516e-94
5.528429874418970516e-94
5.528429874418970516e-94
5.528429874418970516e-94
5.528429874418970516e-94
5.528429874418970516e-94
5.528429874418970516e-94
5.528429874418970516e-94
5.528429874418970516e-94
5.528429874418970516e-94
5.528429874418970516e-94
5.528429874418970516e-94
5.528429874418970516e-94
5.528429874418970516e-94
5.528429874418969451e-94
5.528429874418953484e-94
5.528429874418807649e-94
5.528429874417709095e-94
5.528429874410440758e-94
5.528429874371549617e-94
5.528429874200691527e-94
5.528429873636133954e-94
5.528429872611703945e-94
5.528429872121866116e-94
5.528429872106670522e-94
5.528429872106666264e-94
5.528429872106666264e-94
5.528429872106666264e-94
5.528429872106666264e-94
5.528429872106666264e-94
5.528429872106666264e-94
5.528429872106666264e-94
5.528429872106666264e-94
5.528429872106666264e-94
5.528429872106666264e-94
5.528429872106666264e-94
5.528429872106666264e-94
5.528429872106666264e-94
5.528429872106666264e-94
5.528429872106666264e-94
5.528429872106666264e-94
5.528429872106666264e-94
5.528429872106666264e-94
5.528429872106666264e-94
5.528429872106666264e-94
5.528429872106663070e-94
5.528429872106633265e-94
5.528429872106438463e-94
5.528429872105395263e-94
5.528429872100814763e-94
5.528429872085678780e-94
5.528429872058216003e-94
5.528429872045083391e-94
5.528429872044675691e-94
5.528429872044675691e-94
5.528429872044675691e-94
5.528429872044675691e-94
5.528429872044675691e-94
5.528429872044675691e-94
5.528429872044675691e-94
5.528429872044675691e-94
5.528429872044675691e-94
5.528429872044675691e-94
5.528429872044675691e-94
5.528429872044675691e-94
5.528429872044675691e-94
5.528429872044675691e-94
5.528429872044675691e-94
5.528429872044675691e-94
5.528429872044675691e-94
5.528429872044675691e-94
5.528429872044675691e-94
5.528429872044675691e-94
5.528429872044675691e-94
5.528429872044675691e-94
5.528429872044675691e-94
5.528429872044672498e-94
5.528429872044651208e-94
5.528429872044559662e-94
5.528429872044255218e-94
5.528429872043702747e-94
5.528429872043438754e-94
5.528429872043431302e-94
5.528429872043431302e-94
5.528429872043431302e-94
5.528429872043431302e-94
5.528429872043431302e-94
5.528429872043431302e-94
5.528429872043431302e-94
5.528429872043431302e-94
5.528429872043431302e-94
5.528429872043431302e-94
5.528429872043431302e-94
5.528429872043431302e-94
5.528429872043431302e-94
5.528429872043431302e-94
5.528429872043431302e-94
5.528429872043431302e-94
5.528429872043431302e-94
5.528429872043431302e-94
5.528429872043431302e-94
5.528429872043431302e-94
5.528429872043431302e-94
5.528429872043431302e-94
5.528429872043431302e-94
5.528429872043430238e-94
5.528429872043429173e-94
5.528429872043424915e-94
5.528429872043416399e-94
5.528429872043413206e-94
5.528429872043413206e-94
5.528429872043413206e-94
5.528429872043413206e-94
5.528429872043413206e-94
5.528429872043413206e-94
5.528429872043413206e-94
5.528429872043413206e-94
5.528429872043413206e-94
5.528429872043413206e-94
5.528429872043413206e-94
5.528429872043413206e-94
5.528429872043413206e-94
5.528429872043413206e-94
5.528429872043413206e-94
5.528429872043413206e-94
5.528429872043413206e-94
5.528429872043413206e-94
5.528429872043413206e-94
5.528429872043413206e-94
5.528429872043413206e-94
5.528429872043413206e-94
5.528429872043413206e-94
5.528429872043413206e-94
5.528429872043413206e-94
5.528429872043413206e-94
5.528429872043413206e-94
5.528429872043413206e-94
5.528429872043413206e-94
5.528429872043413206e-94
5.528429872043413206e-94
5.528429872043413206e-94
5.528429872043413206e-94
5.528429872043413206e-94
5.528429872043413206e-94
5.528429872043413206e-94
5.528429872043413206e-94
5.528429872043413206e-94
5.528429872043413206e-94
5.528429872043413206e-94
5.528429872043413206e-94
5.528429872043413206e-94
5.528429872043413206e-94
5.528429872043413206e-94
5.528429872043413206e-94
5.528429872043413206e-94
5.528429872043413206e-94
5.528429872043413206e-94
5.528429872043413206e-94
5.528429872043413206e-94
5.528429872043413206e-94
5.528429872043413206e-94
5.528429872043413206e-94
5.528429872043413206e-94
5.528429872043413206e-94
5.528429872043413206e-94
5.528429872043413206e-94
5.528429872043413206e-94
5.528429872043413206e-94
5.528429872043413206e-94
5.528429872043413206e-94
5.528429872043413206e-94
5.528429872043413206e-94
5.528429872043413206e-94
5.528429872043413206e-94
5.528429872043413206e-94
5.528429872043413206e-94
5.528429872043413206e-94
5.528429872043413206e-94
5.528429872043413206e-94
5.528429872043413206e-94
5.528429872043413206e-94
5.528429872043413206e-94
5.528429872043413206e-94
5.528429872043413206e-94
5.528429872043413206e-94
5.528429872043413206e-94
5.528429872043413206e-94
5.528429872043413206e-94
5.528429872043413206e-94
5.528429872043413206e-94
5.528429872043413206e-94
5.528429872043413206e-94
5.528429872043413206e-94
5.528429872043413206e-94
5.528429872043413206e-94
5.528429872043413206e-94
5.528429872043413206e-94
5.528429872043413206e-94
5.528429872043413206e-94
5.528429872043413206e-94
5.528429872043413206e-94
5.528429872043413206e-94
5.528429872043413206e-94
5.528429872043413206e-94
5.528429872043413206e-94
5.528429872043413206e-94
5.528429872043413206e-94
5.528429872043413206e-94
5.528429872043413206e-94
5.528429872043413206e-94
5.528429872043413206e-94
5.528429872043413206e-94
5.528429872043413206e-94
5.528429872043413206e-94
5.528429872043413206e-94
5.528429872043413206e-94
5.528429872043413206e-94
5.528429872043413206e-94
5.528429872043413206e-94
5.528429872043413206e-94
5.528429872043413206e-94
5.528429872043413206e-94
5.528429872043413206e-94
5.528429872043413206e-94
5.528429872043413206e-94
5.528429872043413206e-94
5.528429872043413206e-94
5.528429872043413206e-94
5.528429872043413206e-94
5.528429872043413206e-94
5.528429872043413206e-94
5.528429872043413206e-94
5.528429872043413206e-94
5.528429872043413206e-94
5.528429872043413206e-94
5.528429872043413206e-94
5.528429872043413206e-94
5.528429872043413206e-94
5.528429872043413206e-94
5.528429872043413206e-94
5.528429872043413206e-94
5.528429872043413206e-94
5.528429872043413206e-94
5.528429872043413206e-94
5.528429872043413206e-94
5.528429872043413206e-94
5.528429872043413206e-94
5.528429872043413206e-94
5.528429872043413206e-94
5.528429872043413206e-94
5.528429872043413206e-94
5.528429872043413206e-94
5.528429872043413206e-94
5.528429872043413206e-94
5.528429872043413206e-94
5.528429872043413206e-94
5.528429872043413206e-94
5.528429872043413206e-94
5.528429872043413206e-94
5.528429872043413206e-94
5.528429872043413206e-94
5.528429872043413206e-94
5.528429872043413206e-94
5.528429872043413206e-94
5.528429872043413206e-94
5.528429872043413206e-94
5.528429872043413206e-94
5.528429872043413206e-94
5.528429872043413206e-94
5.528429872043413206e-94
5.528429872043413206e-94
5.528429872043413206e-94
5.528429872043413206e-94
5.528429872043413206e-94
5.528429872043413206e-94
5.528429872043413206e-94
5.528429872043413206e-94
5.528429872043413206e-94
5.528429872043413206e-94
5.528429872043413206e-94
5.528429872043413206e-94
5.528429872043413206e-94
5.528429872043413206e-94
5.528429872043413206e-94
5.528429872043413206e-94
5.528429872043413206e-94
5.528429872043413206e-94
5.528429872043413206e-94
5.528429872043413206e-94
5.528429872043413206e-94
5.528429872043413206e-94
5.528429872043413206e-94
5.528429872043413206e-94
5.528429872043413206e-94
5.528429872043413206e-94
5.528429872043413206e-94
5.528429872043413206e-94
5.528429872043413206e-94
5.528429872043413206e-94
5.528429872043413206e-94
5.528429872043413206e-94
5.528429872043413206e-94
5.528429872043413206e-94
5.528429872043413206e-94
5.528429872043413206e-94
5.528429872043413206e-94
5.528429872043413206e-94
5.528429872043413206e-94
5.528429872043413206e-94
5.528429872043413206e-94
5.528429872043413206e-94
5.528429872043413206e-94
5.528429872043413206e-94
5.528429872043413206e-94
5.528429872043413206e-94
5.528429872043413206e-94
5.528429872043413206e-94
5.528429872043413206e-94
5.528429872043413206e-94
5.528429872043413206e-94
5.528429872043413206e-94
5.528429872043413206e-94
5.528429872043413206e-94
5.528429872043413206e-94
5.528429872043413206e-94
5.528429872043413206e-94
5.528429872043413206e-94
5.528429872043413206e-94
5.528429872043413206e-94
5.528429872043413206e-94
5.528429872043413206e-94
5.528429872043413206e-94
5.528429872043413206e-94
5.528429872043413206e-94
5.528429872043413206e-94
5.528429872043413206e-94
5.528429872043413206e-94
5.528429872043413206e-94
5.528429872043413206e-94
5.528429872043413206e-94
5.528429872043413206e-94
5.528429872043413206e-94
5.528429872043413206e-94
5.528429872043413206e-94
5.528429872043413206e-94
5.528429872043413206e-94
5.528429872043413206e-94
5.528429872043413206e-94
5.528429872043413206e-94
5.528429872043413206e-94
5.528429872043413206e-94
5.528429872043413206e-94
5.528429872043413206e-94
5.528429872043413206e-94
5.528429872043413206e-94
5.528429872043413206e-94
5.528429872043413206e-94
5.528429872043413206e-94
5.528429872043413206e-94
5.528429872043413206e-94
5.528429872043413206e-94
5.528429872043413206e-94
5.528429872043413206e-94
5.528429872043413206e-94
5.528429872043413206e-94
5.528429872043413206e-94
5.528429872043413206e-94
5.528429872043413206e-94
5.528429872043413206e-94
5.528429872043413206e-94
5.528429872043413206e-94
5.528429872043413206e-94
5.528429872043413206e-94
5.528429872043413206e-94
5.528429872043413206e-94
5.528429872043413206e-94
5.528429872043413206e-94
5.528429872043413206e-94
5.528429872043413206e-94
5.528429872043413206e-94
5.528429872043413206e-94
5.528429872043413206e-94
5.528429872043413206e-94
5.528429872043413206e-94
5.528429872043413206e-94
5.528429872043413206e-94
5.528429872043413206e-94
5.528429872043413206e-94
5.528429872043413206e-94
5.528429872043413206e-94
5.528429872043413206e-94
5.528429872043413206e-94
5.528429872043413206e-94
5.528429872043413206e-94
5.528429872043413206e-94
5.528429872043413206e-94
5.528429872043413206e-94
5.528429872043413206e-94
5.528429872043413206e-94
5.528429872043413206e-94
5.528429872043413206e-94
5.528429872043413206e-94
5.528429872043413206e-94
5.528429872043413206e-94
5.528429872043413206e-94
5.528429872043413206e-94
5.528429872043413206e-94
5.528429872043413206e-94
5.528429872043413206e-94
5.528429872043413206e-94
5.528429872043413206e-94
5.528429872043413206e-94
5.528429872043413206e-94
5.528429872043413206e-94
5.528429872043413206e-94
5.528429872043413206e-94
5.528429872043413206e-94
5.528429872043413206e-94
5.528429872043413206e-94
5.528429872043413206e-94
5.528429872043413206e-94
5.528429872043413206e-94
5.528429872043413206e-94
5.528429872043413206e-94
5.528429872043413206e-94
5.528429872043413206e-94
5.528429872043413206e-94
5.528429872043413206e-94
5.528429872043413206e-94
5.528429872043413206e-94
5.528429872043413206e-94
5.528429872043413206e-94
5.528429872043413206e-94
5.528429872043413206e-94
5.528429872043413206e-94
5.528429872043413206e-94
5.528429872043413206e-94
5.528429872043413206e-94
5.528429872043413206e-94
5.528429872043413206e-94
5.528429872043413206e-94
5.528429872043413206e-94
5.528429872043413206e-94
5.528429872043413206e-94
5.528429872043413206e-94
5.528429872043413206e-94
5.528429872043413206e-94
5.528429872043413206e-94
5.528429872043413206e-94
5.528429872043413206e-94
5.528429872043413206e-94
5.528429872043413206e-94
5.528429872043413206e-94
5.528429872043413206e-94
5.528429872043413206e-94
5.528429872043413206e-94
5.528429872043413206e-94
5.528429872043413206e-94
5.528429872043413206e-94
5.528429872043413206e-94
5.528429872043413206e-94
5.528429872043413206e-94
5.528429872043413206e-94
5.528429872043413206e-94
5.528429872043413206e-94
5.528429872043413206e-94
5.528429872043413206e-94
5.528429872043413206e-94
5.528429872043413206e-94
5.528429872043413206e-94
5.528429872043413206e-94
5.528429872043413206e-94
5.528429872043413206e-94
5.528429872043413206e-94
5.528429872043413206e-94
5.528429872043413206e-94
5.528429872043413206e-94
5.528429872043413206e-94
5.528429872043413206e-94
5.528429872043413206e-94
5.528429872043413206e-94
5.528429872043413206e-94
5.528429872043413206e-94
5.528429872043413206e-94
5.528429872043413206e-94
5.528429872043413206e-94
5.528429872043413206e-94
5.528429872043413206e-94
5.528429872043413206e-94
5.528429872043413206e-94
5.528429872043413206e-94
5.528429872043413206e-94
5.528429872043413206e-94
5.528429872043413206e-94
5.528429872043413206e-94
5.528429872043413206e-94
5.528429872043413206e-94
5.528429872043413206e-94
5.528429872043413206e-94
5.528429872043413206e-94
5.528429872043413206e-94
5.528429872043413206e-94
5.528429872043413206e-94
5.528429872043413206e-94
5.528429872043413206e-94
5.528429872043413206e-94
5.528429872043413206e-94
5.528429872043413206e-94
5.528429872043413206e-94
5.528429872043413206e-94
5.528429872043413206e-94
5.528429872043413206e-94
5.528429872043413206e-94
5.528429872043413206e-94
5.528429872043413206e-94
5.528429872043413206e-94
5.528429872043413206e-94
5.528429872043413206e-94
5.528429872043413206e-94
5.528429872043413206e-94
5.528429872043413206e-94
5.528429872043413206e-94
5.528429872043413206e-94
5.528429872043413206e-94
5.528429872043413206e-94
5.528429872043413206e-94
5.528429872043413206e-94
5.528429872043413206e-94
5.528429872043413206e-94
5.528429872043413206e-94
5.528429872043413206e-94
5.528429872043413206e-94
5.528429872043413206e-94
5.528429872043413206e-94
5.528429872043413206e-94
5.528429872043413206e-94
5.528429872043413206e-94
5.528429872043413206e-94
5.528429872043413206e-94
5.528429872043413206e-94
5.528429872043413206e-94
5.528429872043413206e-94
5.528429872043413206e-94
5.528429872043413206e-94
5.528429872043413206e-94
5.528429872043413206e-94
5.528429872043413206e-94
5.528429872043413206e-94
5.528429872043413206e-94
5.528429872043413206e-94
5.528429872043413206e-94
5.528429872043413206e-94
5.528429872043413206e-94
5.528429872043413206e-94
5.528429872043413206e-94
5.528429872043413206e-94
5.528429872043413206e-94
5.528429872043413206e-94
5.528429872043413206e-94
5.528429872043413206e-94
5.528429872043413206e-94
5.528429872043413206e-94
5.528429872043413206e-94
5.528429872043413206e-94
5.528429872043413206e-94
5.528429872043413206e-94
5.528429872043413206e-94
5.528429872043413206e-94
5.528429872043413206e-94
5.528429872043413206e-94
5.528429872043413206e-94
5.528429872043413206e-94
5.528429872043413206e-94
5.528429872043413206e-94
5.528429872043413206e-94
5.528429872043413206e-94
5.528429872043413206e-94
5.528429872043413206e-94
5.528429872043413206e-94
5.528429872043413206e-94
5.528429872043413206e-94
5.528429872043413206e-94
5.528429872043413206e-94
5.528429872043413206e-94
5.528429872043413206e-94
5.528429872043413206e-94
5.528429872043413206e-94
5.528429872043413206e-94
5.528429872043413206e-94
5.528429872043413206e-94
5.528429872043413206e-94
5.528429872043413206e-94
5.528429872043413206e-94
5.528429872043413206e-94
5.528429872043413206e-94
5.528429872043413206e-94
5.528429872043413206e-94
5.528429872043413206e-94
5.528429872043413206e-94
5.528429872043413206e-94
5.528429872043413206e-94
5.528429872043413206e-94
5.528429872043413206e-94
5.528429872043413206e-94
5.528429872043413206e-94
5.528429872043413206e-94
5.528429872043413206e-94
5.528429872043413206e-94
5.528429872043413206e-94
5.528429872043413206e-94
5.528429872043413206e-94
5.528429872043413206e-94
5.528429872043413206e-94
