1.823389911283928194e-05
1.573430650640840620e-06
2.982616486186566862e-07
1.825220971133526548e-07
1.577707461545511359e-07
1.560856119623319759e-07
5.412941509074906297e-08
5.333598166302585155e-08
8.323829671291185683e-09
3.832811999435101753e-09
2.770182280936660309e-09
2.667484126390136211e-09
1.779529909717815573e-09
2.948968954879584526e-10
2.948651860202865384e-10
2.946616403245801504e-10
9.618540791795027953e-11
5.210330193258949061e-11
4.687777946174326979e-11
4.666444912187711434e-11
1.244710098977980702e-11
1.212222778197476114e-11
2.909446151309601076e-12
2.909321302483791452e-12
1.079928000422124525e-12
1.079925335641690042e-12
1.079925278426318940e-12
8.509911331857045553e-13
8.368853323921025821e-13
4.743629861510929049e-13
1.064183170700592633e-13
1.064092236692617970e-13
1.062018123661674407e-13
2.605368715490146463e-14
2.605364072533395335e-14
1.659027480693991192e-14
1.659027301998804711e-14
1.659027298630828079e-14
1.579149072916594961e-14
1.573811905484920727e-14
4.644332276631471499e-15
4.428167390127244058e-15
7.655199915320139915e-16
7.654522798651128981e-16
3.628828039358938199e-16
3.628824098168478974e-16
3.628823791384926054e-16
3.214681174588940055e-16
3.214681174358660710e-16
3.214681165443614937e-16
3.170231241417126806e-16
1.815850489402689485e-16
2.804577956381961669e-17
2.804495224079500901e-17
2.797465871747564161e-17
9.272530215195376769e-18
9.272484140998203939e-18
7.191779625083033640e-18
7.191779355780691710e-18
7.191779325726178986e-18
6.860510946364139722e-18
6.847296994627748302e-18
6.847296994613902406e-18
6.847296994006903984e-18
1.292254332233490468e-18
1.248561763647352821e-18
2.865091575500151684e-19
2.864628586929776808e-19
1.799763789537925790e-19
1.799763012060811136e-19
1.799762420857070790e-19
1.577768976878670033e-19
1.577768976615255057e-19
1.577768974073088920e-19
1.563674330036119348e-19
6.200843217345937808e-20
1.096859345506933812e-20
1.096849196760158407e-20
1.094079047656581134e-20
1.094079047656577824e-20
5.150625340311785575e-21
5.150625340311550100e-21
5.150555941492220744e-21
3.804266586965062206e-21
3.804266497762233665e-21
3.804266431877434911e-21
3.681109448699876174e-21
3.681109448680871158e-21
3.678055120368467077e-21
3.678055120244547780e-21
5.451040466802502391e-22
5.137361353716957548e-22
1.730336579913168962e-22
1.729901541978714736e-22
9.681531870552879943e-23
9.681529207289230403e-23
9.681520855706072818e-23
9.681520855706072818e-23
8.808271904334554929e-23
8.808271904334551402e-23
8.808271897902621297e-23
8.772867408411933308e-23
8.772867402850891703e-23
2.807297157295274800e-23
7.014255657160330702e-24
6.967590976944394385e-24
6.967542498779722594e-24
6.967542498779656472e-24
2.704253641122163474e-24
2.704253641122133719e-24
2.704204353637261202e-24
2.174891263173716683e-24
2.174891158051855099e-24
2.174891137423353794e-24
2.142033611720118438e-24
2.142033611720118438e-24
2.142033611720118438e-24
2.142033611669704057e-24
2.140809017179878293e-24
2.140809017160641695e-24
3.711866825478963514e-25
3.363755157325700559e-25
8.762075865997801917e-26
8.757462934532355294e-26
5.754935218951497380e-26
5.754934553122299126e-26
5.754926950329031609e-26
5.754926950329031609e-26
5.495216136074080225e-26
5.495216136074080225e-26
5.495216123853157670e-26
5.478886638734510685e-26
5.478886637740635951e-26
5.478886637740635951e-26
1.894932686846931547e-26
3.468900226161606910e-27
3.440535561642076935e-27
3.440527198088825437e-27
3.440527198088700598e-27
3.440527198088700598e-27
1.703499124099333963e-27
1.703418227649549008e-27
1.703418227649541833e-27
1.516917513566912530e-27
1.516917513566912530e-27
1.516917513566912530e-27
1.516917513566912530e-27
1.516917513566912530e-27
1.516917513566912530e-27
1.516917513566912530e-27
1.516917513566912530e-27
1.516917513566912530e-27
1.516917513566912530e-27
1.516917513566912530e-27
1.516917513566912530e-27
1.516917513566912530e-27
1.516917513566912530e-27
1.516917513566912351e-27
1.516917513566911275e-27
1.516917513566905714e-27
1.516917513566882038e-27
1.516917513566803476e-27
1.516917513566660880e-27
1.516917513566593079e-27
1.516917513566591106e-27
1.516917513566591106e-27
1.516917513566591106e-27
1.516917513566591106e-27
1.516917513566591106e-27
1.516917513566591106e-27
1.516917513566590747e-27
1.516917513566587160e-27
1.516917513566539987e-27
1.516917513566007449e-27
1.516917513561231465e-27
1.516917513525155002e-27
1.516917513286446746e-27
1.516917512009324939e-27
1.516917506398613957e-27
1.516917487859474914e-27
1.516917454218888946e-27
1.516917438133471135e-27
1.516917437634434179e-27
1.516917437634327636e-27
1.516917437634327636e-27
1.516917437634327636e-27
1.516917437634327636e-27
1.516917437634327636e-27
1.516917437634327636e-27
1.516917437634323869e-27
1.516917437634234545e-27
1.516917437632407341e-27
1.516917437596445135e-27
1.516917437058042140e-27
1.516917430348708498e-27
1.516917354311548802e-27
1.516916672611998735e-27
1.516911523014324682e-27
1.516877450314260378e-27
1.516695182725211568e-27
1.515894954999041062e-27
1.513256804352351083e-27
1.508493067023971952e-27
1.506225844872590957e-27
1.506155615131569066e-27
1.506155600123061277e-27
1.506155600123061277e-27
1.506155600123061277e-27
1.506155600123061277e-27
1.506155600123061277e-27
1.506155600123061277e-27
1.506155600123054999e-27
1.506155600122791690e-27
1.506155600114030189e-27
1.506155599808574028e-27
1.506155592127131347e-27
1.506155435060815544e-27
1.506152344269777379e-27
1.506106071852283098e-27
1.505529684658716180e-27
1.499028162076665370e-27
1.443154650958333090e-27
1.126088057706910697e-27
4.589301218417039849e-28
1.100625281489706152e-28
2.536213575171285242e-29
7.158718879260940274e-30
3.109255371959410005e-30
2.447312608382100633e-30
2.431254479898659998e-30
2.431251070545515223e-30
2.431251070545509968e-30
2.431251070545509968e-30
2.431251070545509968e-30
2.431251070545509968e-30
2.431251070545509968e-30
2.431251070545509268e-30
2.431251070545494904e-30
2.431251070544628201e-30
2.431251070507741472e-30
2.431251069280534023e-30
2.431251026495277608e-30
2.431249950556315963e-30
2.431227950498537646e-30
2.430795107806542997e-30
2.424333159336714521e-30
2.346596604916544815e-30
1.721141563207831137e-30
5.077714644712466050e-31
8.027399705020690040e-32
1.221696359016343893e-32
2.206863416307574382e-33
4.797890749807625053e-34
1.337997837628862624e-34
5.795866883968824489e-35
4.559974802153984604e-35
4.530006548126087851e-35
4.530000185536418959e-35
4.530000185536408802e-35
4.530000185536408802e-35
4.530000185536408802e-35
4.530000185536408802e-35
4.530000185536408802e-35
4.530000185536408802e-35
4.530000185536408802e-35
4.530000185536408802e-35
4.530000185536408802e-35
4.530000185536392766e-35
4.530000185535386203e-35
4.530000185492550337e-35
4.530000184067388360e-35
4.530000134380695073e-35
4.529998884888148174e-35
4.529973336035008135e-35
4.529470636726754598e-35
4.521957765879023874e-35
4.430383900373653461e-35
3.603389182824811688e-35
1.347811341259386897e-35
2.352793881770086879e-36
3.641137420601765820e-37
6.593683654348710462e-38
1.434132960400241457e-38
3.999740613662064012e-39
1.732618738512359546e-39
1.363164859142781575e-39
1.354206210798746553e-39
1.354204308779109450e-39
1.354204308779106513e-39
1.354204308779106513e-39
1.354204308779106513e-39
1.354204308779106513e-39
1.354204308779106513e-39
1.354204308779106513e-39
1.354204308779106513e-39
1.354204308779106513e-39
1.354204308779106513e-39
1.354204308779106513e-39
1.354204308779106513e-39
1.354204308779103414e-39
1.354204308778914670e-39
1.354204308770875821e-39
1.354204308503430181e-39
1.354204299179234698e-39
1.354204064699678368e-39
1.354199270195734756e-39
1.354104929427066312e-39
1.352694071764927958e-39
1.335356044919742363e-39
1.165984863543098108e-39
5.455846619341634886e-40
1.086952448200101074e-40
1.725729181355844334e-41
3.137285836210222251e-42
6.828236745372137449e-43
1.904626255842768361e-43
8.250757719111758104e-44
6.491443921074630274e-44
6.448783246506375855e-44
6.448774189174603297e-44
6.448774189174588361e-44
6.448774189174588361e-44
6.448774189174588361e-44
6.448774189174588361e-44
6.448774189174588361e-44
6.448774189174588361e-44
6.448774189174588361e-44
6.448774189174588361e-44
6.448774189174588361e-44
6.448774189174588361e-44
6.448774189174588361e-44
6.448774189174588361e-44
6.448774189174580396e-44
6.448774189174010865e-44
6.448774189149776950e-44
6.448774188343545992e-44
6.448774160235187638e-44
6.448773453382152664e-44
6.448759000035622363e-44
6.448474595962140148e-44
6.444219623263792854e-44
6.391663250694290846e-44
5.850880537573516330e-44
3.327131328100915221e-44
7.813067107459534138e-45
1.288659222084955064e-45
2.356856230853619507e-46
5.135036008023905951e-47
1.432637135826070092e-47
6.206408256031365198e-48
4.883049038334964116e-48
4.850959349478261303e-48
4.850952536482113027e-48
4.850952536482102696e-48
4.850952536482102696e-48
4.850952536482102696e-48
4.850952536482102696e-48
4.850952536482102696e-48
4.850952536482102696e-48
4.850952536482102696e-48
4.850952536482102696e-48
4.850952536482102696e-48
4.850952536482102696e-48
4.850952536482102696e-48
4.850952536482102696e-48
4.850952536482102696e-48
4.850952536482102696e-48
4.850952536482097834e-48
4.850952536481824362e-48
4.850952536470190848e-48
4.850952536083169130e-48
4.850952522590064598e-48
4.850952183273108887e-48
4.850945245098606601e-48
4.850808717673828922e-48
4.848765608866534539e-48
4.823448929378737697e-48
4.553977366943472982e-48
3.034230718042440985e-48
8.617675456062236280e-49
1.501993994628730093e-49
2.772409207117870982e-50
6.050214157376704909e-51
1.688514510180884495e-51
7.315431307005192190e-52
5.755668007387053610e-52
5.717845385380276834e-52
5.717837355216696288e-52
5.717837355216684419e-52
5.717837355216684419e-52
5.717837355216684419e-52
5.717837355216684419e-52
5.717837355216684419e-52
5.717837355216684419e-52
5.717837355216684419e-52
5.717837355216684419e-52
5.717837355216684419e-52
5.717837355216684419e-52
5.717837355216684419e-52
5.717837355216684419e-52
5.717837355216684419e-52
5.717837355216684419e-52
5.717837355216684419e-52
5.717837355216680709e-52
5.717837355216473736e-52
5.717837355207655469e-52
5.717837354914283227e-52
5.717837344686171747e-52
5.717837087475401800e-52
5.717831828162162402e-52
5.717728335799506520e-52
5.716179342463679805e-52
5.696946658391866659e-52
5.487694244149254380e-52
4.128249408155067006e-52
1.437741108937559605e-52
2.706418253654166000e-53
5.065333133755474452e-54
1.108144044733381809e-54
3.094189308890628560e-55
1.340693677008805835e-55
1.054855833984421749e-55
1.047924439793658223e-55
1.047922968180895176e-55
1.047922968180892641e-55
1.047922968180892641e-55
1.047922968180892641e-55
1.047922968180892641e-55
1.047922968180892641e-55
1.047922968180892641e-55
1.047922968180892641e-55
1.047922968180892641e-55
1.047922968180892641e-55
1.047922968180892641e-55
1.047922968180892641e-55
1.047922968180892641e-55
1.047922968180892641e-55
1.047922968180892641e-55
1.047922968180892641e-55
1.047922968180892641e-55
1.047922968180892641e-55
1.047922968180892278e-55
1.047922968180867647e-55
1.047922968179820629e-55
1.047922968144985967e-55
1.047922966930514719e-55
1.047922936389677204e-55
1.047922311906159057e-55
1.047910023285071774e-55
1.047726078026016925e-55
1.045439241530130531e-55
1.020203238066074533e-55
8.386960887065817188e-56
3.578103492459799855e-56
7.463923630983607763e-57
1.426019120736160140e-57
3.131427351399148402e-58
8.750291162380244561e-59
3.792080558717454049e-59
2.983684520575402947e-59
2.964080861871947225e-59
2.964076699792491166e-59
2.964076699792484976e-59
2.964076699792484976e-59
2.964076699792484976e-59
2.964076699792484976e-59
2.964076699792484976e-59
2.964076699792484976e-59
2.964076699792484976e-59
2.964076699792484976e-59
2.964076699792484976e-59
2.964076699792484976e-59
2.964076699792484976e-59
2.964076699792484976e-59
2.964076699792484976e-59
2.964076699792484976e-59
2.964076699792484976e-59
2.964076699792484976e-59
2.964076699792484976e-59
2.964076699792484976e-59
2.964076699792484976e-59
2.964076699792484092e-59
2.964076699792438548e-59
2.964076699790506699e-59
2.964076699726215357e-59
2.964076697484783562e-59
2.964076641118522732e-59
2.964075488569641062e-59
2.964052808552106889e-59
2.963713295016164675e-59
2.959488947954287095e-59
2.912442452717597377e-59
2.549137621052110168e-59
1.312422823569529866e-59
3.117307832698767644e-60
6.137211838803352411e-61
1.355294303578688456e-61
3.791502055268826762e-62
1.643522854604464464e-62
1.293209640791010629e-62
1.284714164192361599e-62
1.284712360504367448e-62
1.284712360504364641e-62
1.284712360504364641e-62
1.284712360504364641e-62
1.284712360504364641e-62
1.284712360504364641e-62
1.284712360504364641e-62
1.284712360504364641e-62
1.284712360504364641e-62
1.284712360504364641e-62
1.284712360504364641e-62
1.284712360504364641e-62
1.284712360504364641e-62
1.284712360504364641e-62
1.284712360504364641e-62
1.284712360504364641e-62
1.284712360504364641e-62
1.284712360504364641e-62
1.284712360504364641e-62
1.284712360504364641e-62
1.284712360504364641e-62
1.284712360504364641e-62
1.284712360504351687e-62
1.284712360503801131e-62
1.284712360485494829e-62
1.284712359847265348e-62
1.284712343797429713e-62
1.284712015618438814e-62
1.284705557648697743e-62
1.284608879590531078e-62
1.283405341414316760e-62
1.269921539608724278e-62
1.160601683396530864e-62
7.032732375245202064e-63
1.949588333994184732e-63
4.005736424954595478e-64
8.920300793034809280e-65
2.499786283725508361e-65
1.084005769785783036e-65
8.530049961221772269e-66
8.474026219889898750e-66
8.474014325383488576e-66
8.474014325383468546e-66
8.474014325383468546e-66
8.474014325383468546e-66
8.474014325383468546e-66
8.474014325383468546e-66
8.474014325383468546e-66
8.474014325383468546e-66
8.474014325383468546e-66
8.474014325383468546e-66
8.474014325383468546e-66
8.474014325383468546e-66
8.474014325383468546e-66
8.474014325383468546e-66
8.474014325383468546e-66
8.474014325383468546e-66
8.474014325383468546e-66
8.474014325383468546e-66
8.474014325383468546e-66
8.474014325383468546e-66
8.474014325383468546e-66
8.474014325383467492e-66
8.474014325383410564e-66
8.474014325381012214e-66
8.474014325301165607e-66
8.474014322517434987e-66
8.474014252513746959e-66
8.474012821113304407e-66
8.473984653687805136e-66
8.473562966041781037e-66
8.468311606579580447e-66
8.409249430954829432e-66
7.914373330216650172e-66
5.478778858823925972e-66
1.804450681107733960e-66
3.932932220315103529e-67
8.866530437449902977e-68
2.491072948342368380e-68
1.080836899417827756e-68
8.505897253663904202e-69
8.450051013385229950e-69
8.450039156537917380e-69
8.450039156537898848e-69
8.450039156537898848e-69
8.450039156537898848e-69
8.450039156537898848e-69
8.450039156537898848e-69
8.450039156537898848e-69
8.450039156537898848e-69
8.450039156537898848e-69
8.450039156537898848e-69
8.450039156537898848e-69
8.450039156537898848e-69
8.450039156537898848e-69
8.450039156537898848e-69
8.450039156537898848e-69
8.450039156537898848e-69
8.450039156537898848e-69
8.450039156537898848e-69
8.450039156537898848e-69
8.450039156537898848e-69
8.450039156537898848e-69
8.450039156537898848e-69
8.450039156537898848e-69
8.450039156537861786e-69
8.450039156536271191e-69
8.450039156483293558e-69
8.450039154636270622e-69
8.450039108188386291e-69
8.450038158445199800e-69
8.450019469159572539e-69
8.449739671460002003e-69
8.446254514786969068e-69
8.406957068695454970e-69
8.070322738614951552e-69
6.196104136520145179e-69
2.442636541434933794e-69
5.759579146182760464e-70
1.321808674526690287e-70
3.727682761863743278e-71
1.618734914134129568e-71
1.274075048056830516e-71
1.265714185341002716e-71
1.265712410220590541e-71
1.265712410220587927e-71
1.265712410220587927e-71
1.265712410220587927e-71
1.265712410220587927e-71
1.265712410220587927e-71
1.265712410220587927e-71
1.265712410220587927e-71
1.265712410220587927e-71
1.265712410220587927e-71
1.265712410220587927e-71
1.265712410220587927e-71
1.265712410220587927e-71
1.265712410220587927e-71
1.265712410220587927e-71
1.265712410220587927e-71
1.265712410220587927e-71
1.265712410220587927e-71
1.265712410220587927e-71
1.265712410220587927e-71
1.265712410220587927e-71
1.265712410220587927e-71
1.265712410220587927e-71
1.265712410220587927e-71
1.265712410220584106e-71
1.265712410220424451e-71
1.265712410215112614e-71
1.265712410029927219e-71
1.265712405372984751e-71
1.265712310150140667e-71
1.265710436329592431e-71
1.265682382993962233e-71
1.265332899507960211e-71
1.261385634140474620e-71
1.227067219577873181e-71
1.017870917383435297e-71
4.783105222754800807e-72
1.246886492490278136e-72
2.935238584623274819e-73
8.323601674064196426e-74
3.618950619042516985e-74
2.848979741672093825e-74
2.830297704783727785e-74
2.830293738323788408e-74
2.830293738323782125e-74
2.830293738323782125e-74
2.830293738323782125e-74
2.830293738323782125e-74
2.830293738323782125e-74
2.830293738323782125e-74
2.830293738323782125e-74
2.830293738323782125e-74
2.830293738323782125e-74
2.830293738323782125e-74
2.830293738323782125e-74
2.830293738323782125e-74
2.830293738323782125e-74
2.830293738323782125e-74
2.830293738323782125e-74
2.830293738323782125e-74
2.830293738323782125e-74
2.830293738323782125e-74
2.830293738323782125e-74
2.830293738323782125e-74
2.830293738323782125e-74
2.830293738323782125e-74
2.830293738323782125e-74
2.830293738323782125e-74
2.830293738323776627e-74
2.830293738323536277e-74
2.830293738315540739e-74
2.830293738036790630e-74
2.830293731026937802e-74
2.830293587692941843e-74
2.830290767126870183e-74
2.830248539551627262e-74
2.829722424606777795e-74
2.823773582332256574e-74
2.771536777854541097e-74
2.431721756158205282e-74
1.342549300756111898e-74
3.952934931019824201e-75
9.641961476940939428e-76
2.756205818230566502e-76
1.200507944349798996e-76
9.453657498223770621e-77
9.391732864912353249e-77
9.391719717345119585e-77
9.391719717345098108e-77
9.391719717345098108e-77
9.391719717345098108e-77
9.391719717345098108e-77
9.391719717345098108e-77
9.391719717345098108e-77
9.391719717345098108e-77
9.391719717345098108e-77
9.391719717345098108e-77
9.391719717345098108e-77
9.391719717345098108e-77
9.391719717345098108e-77
9.391719717345098108e-77
9.391719717345098108e-77
9.391719717345098108e-77
9.391719717345098108e-77
9.391719717345098108e-77
9.391719717345098108e-77
9.391719717345098108e-77
9.391719717345098108e-77
9.391719717345098108e-77
9.391719717345098108e-77
9.391719717345098108e-77
9.391719717345098108e-77
9.391719717345084301e-77
9.391719717344545835e-77
9.391719717326592360e-77
9.391719716700621579e-77
9.391719700959070314e-77
9.391719379083650836e-77
9.391713045127856782e-77
9.391618217010309200e-77
9.390436673238430308e-77
9.377066934470263355e-77
9.258881757716934403e-77
8.453986269179024845e-77
5.366899222550922382e-77
1.817024678510760088e-77
4.652044361202666526e-78
1.345193632683957689e-78
5.874550590025549182e-79
4.628029747245626453e-79
4.597762571318961967e-79
4.597756145057515150e-79
4.597756145057504963e-79
4.597756145057504963e-79
4.597756145057504963e-79
4.597756145057504963e-79
4.597756145057504963e-79
4.597756145057504963e-79
4.597756145057504963e-79
4.597756145057504963e-79
4.597756145057504963e-79
4.597756145057504963e-79
4.597756145057504963e-79
4.597756145057504963e-79
4.597756145057504963e-79
4.597756145057504963e-79
4.597756145057504963e-79
4.597756145057504963e-79
4.597756145057504963e-79
4.597756145057504963e-79
4.597756145057504963e-79
4.597756145057504963e-79
4.597756145057504963e-79
4.597756145057504963e-79
4.597756145057504963e-79
4.597756145057504963e-79
4.597756145057504963e-79
4.597756145057500768e-79
4.597756145057320991e-79
4.597756145051342828e-79
4.597756144842923885e-79
4.597756139601710951e-79
4.597756032432005222e-79
4.597753923515668743e-79
4.597722349999558200e-79
4.597328931737655793e-79
4.592875006525339092e-79
4.553326194385444179e-79
4.275232875247590096e-79
3.044785640754284955e-79
1.198822632972036626e-79
3.272347298831966543e-80
9.618033797087342201e-81
4.216151862297031799e-81
3.323595320229113450e-81
3.301909040193902522e-81
3.301904435740098916e-81
3.301904435740092362e-81
3.301904435740092362e-81
3.301904435740092362e-81
3.301904435740092362e-81
3.301904435740092362e-81
3.301904435740092362e-81
3.301904435740092362e-81
3.301904435740092362e-81
3.301904435740092362e-81
3.301904435740092362e-81
3.301904435740092362e-81
3.301904435740092362e-81
3.301904435740092362e-81
3.301904435740092362e-81
3.301904435740092362e-81
3.301904435740092362e-81
3.301904435740092362e-81
3.301904435740092362e-81
3.301904435740092362e-81
3.301904435740092362e-81
3.301904435740092362e-81
3.301904435740092362e-81
3.301904435740092362e-81
3.301904435740092362e-81
3.301904435740092362e-81
3.301904435740092362e-81
3.301904435740090021e-81
3.301904435740001537e-81
3.301904435737068935e-81
3.301904435634805674e-81
3.301904433063147275e-81
3.301904380479144605e-81
3.301903345715839009e-81
3.301887853782304528e-81
3.301694812626821004e-81
3.299508645395782199e-81
3.280037450982034842e-81
3.140058410790032043e-81
2.448624246820444415e-81
1.124207830480572029e-81
3.329775516058635583e-82
1.001266945882982788e-82
4.412952123814267333e-83
3.481853762636784838e-83
3.459210251511657392e-83
3.459205443712729519e-83
3.459205443712721472e-83
3.459205443712721472e-83
3.459205443712721472e-83
3.459205443712721472e-83
3.459205443712721472e-83
3.459205443712721472e-83
3.459205443712721472e-83
3.459205443712721472e-83
3.459205443712721472e-83
3.459205443712721472e-83
3.459205443712721472e-83
3.459205443712721472e-83
3.459205443712721472e-83
3.459205443712721472e-83
3.459205443712721472e-83
3.459205443712721472e-83
3.459205443712721472e-83
3.459205443712721472e-83
3.459205443712721472e-83
3.459205443712721472e-83
3.459205443712721472e-83
3.459205443712721472e-83
3.459205443712721472e-83
3.459205443712721472e-83
3.459205443712721472e-83
3.459205443712721472e-83
3.459205443712720009e-83
3.459205443712656368e-83
3.459205443710548882e-83
3.459205443637052415e-83
3.459205441788832660e-83
3.459205403997348463e-83
3.459204660325442554e-83
3.459193526442190456e-83
3.459054787123083771e-83
3.457483225912793620e-83
3.443457159782525592e-83
3.341070493769022688e-83
2.791809268143634754e-83
1.485364291096654746e-83
4.860727684636545701e-84
1.508158188172351546e-84
6.698291189112771612e-85
5.291792720702270390e-85
5.257542882203249293e-85
5.257535609855733405e-85
5.257535609855720832e-85
5.257535609855720832e-85
5.257535609855720832e-85
5.257535609855720832e-85
5.257535609855720832e-85
5.257535609855720832e-85
5.257535609855720832e-85
5.257535609855720832e-85
5.257535609855720832e-85
5.257535609855720832e-85
5.257535609855720832e-85
5.257535609855720832e-85
5.257535609855720832e-85
5.257535609855720832e-85
5.257535609855720832e-85
5.257535609855720832e-85
5.257535609855720832e-85
5.257535609855720832e-85
5.257535609855720832e-85
5.257535609855720832e-85
5.257535609855720832e-85
5.257535609855720832e-85
5.257535609855720832e-85
5.257535609855720832e-85
5.257535609855720832e-85
5.257535609855720832e-85
5.257535609855720832e-85
5.257535609855719689e-85
5.257535609855653395e-85
5.257535609853448573e-85
5.257535609776554096e-85
5.257535607842860600e-85
5.257535568303648648e-85
5.257534790239382527e-85
5.257523141438478585e-85
5.257377983770714412e-85
5.255733465732692346e-85
5.241035613126499127e-85
5.132607824890628254e-85
4.514608422103958815e-85
2.745792770142497285e-85
1.009012958405412132e-85
3.265401961554533334e-86
1.466058846448293421e-86
1.160334875074382549e-86
1.152876207863652775e-86
1.152874624077059419e-86
1.152874624077056741e-86
1.152874624077056741e-86
1.152874624077056741e-86
1.152874624077056741e-86
1.152874624077056741e-86
1.152874624077056741e-86
1.152874624077056741e-86
1.152874624077056741e-86
1.152874624077056741e-86
1.152874624077056741e-86
1.152874624077056741e-86
1.152874624077056741e-86
1.152874624077056741e-86
1.152874624077056741e-86
1.152874624077056741e-86
1.152874624077056741e-86
1.152874624077056741e-86
1.152874624077056741e-86
1.152874624077056741e-86
1.152874624077056741e-86
1.152874624077056741e-86
1.152874624077056741e-86
1.152874624077056741e-86
1.152874624077056741e-86
1.152874624077056741e-86
1.152874624077056741e-86
1.152874624077056741e-86
1.152874624077056562e-86
1.152874624077046561e-86
1.152874624076712773e-86
1.152874624065074661e-86
1.152874623772406131e-86
1.152874617788066333e-86
1.152874500026462060e-86
1.152872736955534183e-86
1.152850766829109797e-86
1.152601836958061420e-86
1.150374886010127533e-86
1.133826339778063916e-86
1.035283675201822889e-86
7.066836229583925847e-87
2.951376285965649504e-87
1.009270930869509048e-87
4.600037913876591719e-88
3.650179482431335570e-88
3.626944686240673275e-88
3.626939752211797397e-88
3.626939752211790142e-88
3.626939752211790142e-88
3.626939752211790142e-88
3.626939752211790142e-88
3.626939752211790142e-88
3.626939752211790142e-88
3.626939752211790142e-88
3.626939752211790142e-88
3.626939752211790142e-88
3.626939752211790142e-88
3.626939752211790142e-88
3.626939752211790142e-88
3.626939752211790142e-88
3.626939752211790142e-88
3.626939752211790142e-88
3.626939752211790142e-88
3.626939752211790142e-88
3.626939752211790142e-88
3.626939752211790142e-88
3.626939752211790142e-88
3.626939752211790142e-88
3.626939752211790142e-88
3.626939752211790142e-88
3.626939752211790142e-88
3.626939752211790142e-88
3.626939752211790142e-88
3.626939752211790142e-88
3.626939752211789584e-88
3.626939752211767818e-88
3.626939752211041173e-88
3.626939752185728020e-88
3.626939751549170549e-88
3.626939738533155509e-88
3.626939482400155530e-88
3.626935647696338278e-88
3.626887862061846317e-88
3.626346393416835329e-88
3.621499149100549469e-88
3.585297134432135023e-88
3.362864646316012986e-88
2.524818300097724005e-88
1.205265303508589090e-88
4.419902515465905365e-89
2.056592577715790196e-89
1.637847079767528644e-89
1.627565947517586324e-89
1.627563764072344593e-89
1.627563764072341105e-89
1.627563764072341105e-89
1.627563764072341105e-89
1.627563764072341105e-89
1.627563764072341105e-89
1.627563764072341105e-89
1.627563764072341105e-89
1.627563764072341105e-89
1.627563764072341105e-89
1.627563764072341105e-89
1.627563764072341105e-89
1.627563764072341105e-89
1.627563764072341105e-89
1.627563764072341105e-89
1.627563764072341105e-89
1.627563764072341105e-89
1.627563764072341105e-89
1.627563764072341105e-89
1.627563764072341105e-89
1.627563764072341105e-89
1.627563764072341105e-89
1.627563764072341105e-89
1.627563764072341105e-89
1.627563764072341105e-89
1.627563764072341105e-89
1.627563764072341105e-89
1.627563764072341105e-89
1.627563764072341105e-89
1.627563764072341105e-89
1.627563764072334477e-89
1.627563764072108796e-89
1.627563764064253548e-89
1.627563763866711855e-89
1.627563759827474711e-89
1.627563680342173988e-89
1.627562490324908936e-89
1.627547661023239740e-89
1.627379618799436424e-89
1.625874609817933841e-89
1.614594955959912071e-89
1.543731088035155159e-89
1.250171812891711078e-89
6.811331985055578612e-90
2.720196050423506964e-90
1.301592717778040006e-90
1.041806243651840321e-90
1.035394916797381406e-90
1.035393555029404645e-90
1.035393555029402465e-90
1.035393555029402465e-90
1.035393555029402465e-90
1.035393555029402465e-90
1.035393555029402465e-90
1.035393555029402465e-90
1.035393555029402465e-90
1.035393555029402465e-90
1.035393555029402465e-90
1.035393555029402465e-90
1.035393555029402465e-90
1.035393555029402465e-90
1.035393555029402465e-90
1.035393555029402465e-90
1.035393555029402465e-90
1.035393555029402465e-90
1.035393555029402465e-90
1.035393555029402465e-90
1.035393555029402465e-90
1.035393555029402465e-90
1.035393555029402465e-90
1.035393555029402465e-90
1.035393555029402465e-90
1.035393555029402465e-90
1.035393555029402465e-90
1.035393555029402465e-90
1.035393555029402465e-90
1.035393555029402465e-90
1.035393555029402465e-90
1.035393555029399413e-90
1.035393555029300220e-90
1.035393555025850032e-90
1.035393554939081722e-90
1.035393553164888804e-90
1.035393518251789908e-90
1.035392995548852072e-90
1.035386481909600517e-90
1.035312668285727926e-90
1.034651373020588526e-90
1.029683054706524051e-90
9.979742982149562266e-91
8.568099609216224082e-91
5.284290725169741074e-91
2.331596633336883756e-91
1.157737669999758089e-91
9.331096239747497871e-92
9.275264573963598364e-92
9.275252713262383102e-92
9.275252713262364026e-92
9.275252713262364026e-92
9.275252713262364026e-92
9.275252713262364026e-92
9.275252713262364026e-92
9.275252713262364026e-92
9.275252713262364026e-92
9.275252713262364026e-92
9.275252713262364026e-92
9.275252713262364026e-92
9.275252713262364026e-92
9.275252713262364026e-92
9.275252713262364026e-92
9.275252713262364026e-92
9.275252713262364026e-92
9.275252713262364026e-92
9.275252713262364026e-92
9.275252713262364026e-92
9.275252713262364026e-92
9.275252713262364026e-92
9.275252713262364026e-92
9.275252713262364026e-92
9.275252713262364026e-92
9.275252713262364026e-92
9.275252713262364026e-92
9.275252713262364026e-92
9.275252713262364026e-92
9.275252713262364026e-92
9.275252713262364026e-92
9.275252713262344950e-92
9.275252713261735892e-92
9.275252713240482881e-92
9.275252712706030575e-92
9.275252701777847885e-92
9.275252486729794635e-92
9.275249267128216933e-92
9.275209146122165975e-92
9.274754477308581159e-92
9.270680201804028782e-92
9.240018041320345203e-92
9.042135872853262326e-92
8.112614225951191013e-92
5.588659089360132325e-92
2.755751114963269003e-92
1.435427937128363537e-92
1.167877153256414004e-92
1.161162581342834265e-92
1.161161154584680601e-92
1.161161154584678387e-92
1.161161154584678387e-92
1.161161154584678387e-92
1.161161154584678387e-92
1.161161154584678387e-92
1.161161154584678387e-92
1.161161154584678387e-92
1.161161154584678387e-92
1.161161154584678387e-92
1.161161154584678387e-92
1.161161154584678387e-92
1.161161154584678387e-92
1.161161154584678387e-92
1.161161154584678387e-92
1.161161154584678387e-92
1.161161154584678387e-92
1.161161154584678387e-92
1.161161154584678387e-92
1.161161154584678387e-92
1.161161154584678387e-92
1.161161154584678387e-92
1.161161154584678387e-92
1.161161154584678387e-92
1.161161154584678387e-92
1.161161154584678387e-92
1.161161154584678387e-92
1.161161154584678387e-92
1.161161154584678387e-92
1.161161154584678387e-92
1.161161154584678387e-92
1.161161154584676854e-92
1.161161154584624736e-92
1.161161154582809483e-92
1.161161154537160917e-92
1.161161153603759064e-92
1.161161135236001495e-92
1.161160860242262170e-92
1.161157433407732607e-92
1.161118598359650201e-92
1.160770544497526331e-92
1.158148041972339151e-92
1.141089816695985112e-92
1.057738418600918204e-92
8.007670278378773147e-93
4.441929233136158467e-93
2.456803437048147533e-93
2.024242131690103278e-93
2.013245127842656686e-93
2.013242790379537105e-93
2.013242790379533273e-93
2.013242790379533273e-93
2.013242790379533273e-93
2.013242790379533273e-93
2.013242790379533273e-93
2.013242790379533273e-93
2.013242790379533273e-93
2.013242790379533273e-93
2.013242790379533273e-93
2.013242790379533273e-93
2.013242790379533273e-93
2.013242790379533273e-93
2.013242790379533273e-93
2.013242790379533273e-93
2.013242790379533273e-93
2.013242790379533273e-93
2.013242790379533273e-93
2.013242790379533273e-93
2.013242790379533273e-93
2.013242790379533273e-93
2.013242790379533273e-93
2.013242790379533273e-93
2.013242790379533273e-93
2.013242790379533273e-93
2.013242790379533273e-93
2.013242790379533273e-93
2.013242790379533273e-93
2.013242790379533273e-93
2.013242790379533273e-93
2.013242790379533273e-93
2.013242790379531570e-93
2.013242790379470255e-93
2.013242790377350643e-93
2.013242790324043540e-93
2.013242789234037756e-93
2.013242767784592313e-93
2.013242446653188296e-93
2.013238444869980729e-93
2.013193093602335753e-93
2.012786594786445670e-93
2.009721163250733848e-93
1.989670921093886527e-93
1.888850998834767278e-93
1.544929512997690543e-93
9.645950965619893380e-94
5.736099079222847335e-94
4.804853514435322764e-94
4.780774081315700479e-94
4.780768960954943790e-94
4.780768960954935274e-94
4.780768960954935274e-94
4.780768960954935274e-94
4.780768960954935274e-94
4.780768960954935274e-94
4.780768960954935274e-94
4.780768960954935274e-94
4.780768960954935274e-94
4.780768960954935274e-94
4.780768960954935274e-94
4.780768960954935274e-94
4.780768960954935274e-94
4.780768960954935274e-94
4.780768960954935274e-94
4.780768960954935274e-94
4.780768960954935274e-94
4.780768960954935274e-94
4.780768960954935274e-94
4.780768960954935274e-94
4.780768960954935274e-94
4.780768960954935274e-94
4.780768960954935274e-94
4.780768960954935274e-94
4.780768960954935274e-94
4.780768960954935274e-94
4.780768960954935274e-94
4.780768960954935274e-94
4.780768960954935274e-94
4.780768960954935274e-94
4.780768960954935274e-94
4.780768960954932080e-94
4.780768960954837873e-94
4.780768960951514535e-94
4.780768960867965912e-94
4.780768959159597910e-94
4.780768925541835630e-94
4.780768422231854189e-94
4.780762150223328330e-94
4.780691070433810915e-94
4.780053909517707205e-94
4.775246222585972704e-94
4.743677065900893601e-94
4.581626073754285885e-94
3.983746391870252736e-94
2.783525801131787929e-94
1.799662939311178899e-94
1.539478277335325766e-94
1.532604096322401980e-94
1.532602633762495330e-94
1.532602633762492935e-94
1.532602633762492935e-94
1.532602633762492935e-94
1.532602633762492935e-94
1.532602633762492935e-94
1.532602633762492935e-94
1.532602633762492935e-94
1.532602633762492935e-94
1.532602633762492935e-94
1.532602633762492935e-94
1.532602633762492935e-94
1.532602633762492935e-94
1.532602633762492935e-94
1.532602633762492935e-94
1.532602633762492935e-94
1.532602633762492935e-94
1.532602633762492935e-94
1.532602633762492935e-94
1.532602633762492935e-94
1.532602633762492935e-94
1.532602633762492935e-94
1.532602633762492935e-94
1.532602633762492935e-94
1.532602633762492935e-94
1.532602633762492935e-94
1.532602633762492935e-94
1.532602633762492935e-94
1.532602633762492935e-94
1.532602633762492935e-94
1.532602633762492403e-94
1.532602633762473242e-94
1.532602633761791702e-94
1.532602633744654744e-94
1.532602633394248600e-94
1.532602626498855477e-94
1.532602523264136676e-94
1.532601236801734563e-94
1.532586657419506241e-94
1.532455960518269957e-94
1.531469384551304083e-94
1.524973336045059129e-94
1.491133952670996482e-94
1.358680560400256226e-94
1.050385364560968322e-94
7.440358175902816084e-95
6.529745585596353803e-95
6.505045944639720418e-95
6.505040685907040057e-95
6.505040685907032074e-95
6.505040685907032074e-95
6.505040685907032074e-95
6.505040685907032074e-95
6.505040685907032074e-95
6.505040685907032074e-95
6.505040685907032074e-95
6.505040685907032074e-95
6.505040685907032074e-95
6.505040685907032074e-95
6.505040685907032074e-95
6.505040685907032074e-95
6.505040685907032074e-95
6.505040685907032074e-95
6.505040685907032074e-95
6.505040685907032074e-95
6.505040685907032074e-95
6.505040685907032074e-95
6.505040685907032074e-95
6.505040685907032074e-95
6.505040685907032074e-95
6.505040685907032074e-95
6.505040685907032074e-95
6.505040685907032074e-95
6.505040685907032074e-95
6.505040685907032074e-95
6.505040685907032074e-95
6.505040685907032074e-95
6.505040685907030743e-95
6.505040685906980180e-95
6.505040685905214457e-95
6.505040685860811920e-95
6.505040684952893796e-95
6.505040667086594103e-95
6.505040399600392668e-95
6.505037066312284579e-95
6.504999290254996653e-95
6.504660634208786869e-95
6.502103535912145794e-95
6.485234396126128876e-95
6.396448737280637978e-95
6.033557774154138165e-95
5.081061380942946852e-95
3.949646076612961005e-95
3.569584405989826695e-95
3.558959638881270756e-95
3.558957374960376156e-95
3.558957374960372164e-95
3.558957374960372164e-95
3.558957374960372164e-95
3.558957374960372164e-95
3.558957374960372164e-95
3.558957374960372164e-95
3.558957374960372164e-95
3.558957374960372164e-95
3.558957374960372164e-95
3.558957374960372164e-95
3.558957374960372164e-95
3.558957374960372164e-95
3.558957374960372164e-95
3.558957374960372164e-95
3.558957374960372164e-95
3.558957374960372164e-95
3.558957374960372164e-95
3.558957374960372164e-95
3.558957374960372164e-95
3.558957374960372164e-95
3.558957374960372164e-95
3.558957374960372164e-95
3.558957374960372164e-95
3.558957374960372164e-95
3.558957374960372164e-95
3.558957374960372164e-95
3.558957374960372164e-95
3.558957374960372164e-95
3.558957374960372164e-95
3.558957374960356196e-95
3.558957374959806653e-95
3.558957374945984251e-95
3.558957374663354183e-95
3.558957369101662926e-95
3.558957285834525177e-95
3.558956248198100783e-95
3.558944488662618248e-95
3.558839063760972407e-95
3.558042876673725218e-95
3.552783672577880847e-95
3.524908247019196397e-95
3.407454117148665178e-95
3.069498570043538208e-95
2.601332958345012254e-95
2.424515232154884379e-95
2.419413233100043512e-95
2.419412145017078986e-95
2.419412145017076990e-95
2.419412145017076990e-95
2.419412145017076990e-95
2.419412145017076990e-95
2.419412145017076990e-95
2.419412145017076990e-95
2.419412145017076990e-95
2.419412145017076990e-95
2.419412145017076990e-95
2.419412145017076990e-95
2.419412145017076990e-95
2.419412145017076990e-95
2.419412145017076990e-95
2.419412145017076990e-95
2.419412145017076990e-95
2.419412145017076990e-95
2.419412145017076990e-95
2.419412145017076990e-95
2.419412145017076990e-95
2.419412145017076990e-95
2.419412145017076990e-95
2.419412145017076990e-95
2.419412145017076990e-95
2.419412145017076990e-95
2.419412145017076990e-95
2.419412145017076990e-95
2.419412145017076990e-95
2.419412145017076990e-95
2.419412145017071335e-95
2.419412145016879727e-95
2.419412145012060248e-95
2.419412144913511431e-95
2.419412142974240587e-95
2.419412113940351110e-95
2.419411752133435668e-95
2.419407651767822420e-95
2.419370891168291276e-95
2.419093234502105913e-95
2.417257655513254491e-95
2.407484186152413548e-95
2.365466878919703987e-95
2.236492375631566888e-95
2.035140620605574516e-95
1.951146908152992682e-95
1.948651813276160683e-95
1.948651280716926946e-95
1.948651280716925948e-95
1.948651280716925948e-95
1.948651280716925948e-95
1.948651280716925948e-95
1.948651280716925948e-95
1.948651280716925948e-95
1.948651280716925948e-95
1.948651280716925948e-95
1.948651280716925948e-95
1.948651280716925948e-95
1.948651280716925948e-95
1.948651280716925948e-95
1.948651280716925948e-95
1.948651280716925948e-95
1.948651280716925948e-95
1.948651280716925948e-95
1.948651280716925948e-95
1.948651280716925948e-95
1.948651280716925948e-95
1.948651280716925948e-95
1.948651280716925948e-95
1.948651280716925948e-95
1.948651280716925948e-95
1.948651280716925948e-95
1.948651280716925948e-95
1.948651280716925948e-95
1.948651280716925948e-95
1.948651280716925948e-95
1.948651280716923952e-95
1.948651280716855758e-95
1.948651280715138935e-95
1.948651280680033055e-95
1.948651279989203687e-95
1.948651269646423968e-95
1.948651140759465905e-95
1.948649680079276011e-95
1.948636584665273053e-95
1.948537666459608473e-95
1.947883402775409779e-95
1.944390453078765075e-95
1.929192313444862011e-95
1.880620994243437707e-95
1.798457561685831267e-95
1.761655920061544798e-95
1.760538251777185164e-95
1.760538013065353880e-95
1.760538013065353548e-95
1.760538013065353548e-95
1.760538013065353548e-95
1.760538013065353548e-95
1.760538013065353548e-95
1.760538013065353548e-95
1.760538013065353548e-95
1.760538013065353548e-95
1.760538013065353548e-95
1.760538013065353548e-95
1.760538013065353548e-95
1.760538013065353548e-95
1.760538013065353548e-95
1.760538013065353548e-95
1.760538013065353548e-95
1.760538013065353548e-95
1.760538013065353548e-95
1.760538013065353548e-95
1.760538013065353548e-95
1.760538013065353548e-95
1.760538013065353548e-95
1.760538013065353548e-95
1.760538013065353548e-95
1.760538013065353548e-95
1.760538013065353548e-95
1.760538013065353548e-95
1.760538013065353548e-95
1.760538013065353215e-95
1.760538013065330594e-95
1.760538013064768743e-95
1.760538013053279903e-95
1.760538012827202860e-95
1.760538009442479728e-95
1.760537967263618220e-95
1.760537489248927874e-95
1.760533203690639814e-95
1.760500830886084873e-95
1.760286658249967106e-95
1.759141690087459122e-95
1.754129158591853087e-95
1.737767787135955305e-95
1.708845348942911100e-95
1.695353476392536018e-95
1.694938308433570595e-95
1.694938219727337567e-95
1.694938219727337567e-95
1.694938219727337567e-95
1.694938219727337567e-95
1.694938219727337567e-95
1.694938219727337567e-95
1.694938219727337567e-95
1.694938219727337567e-95
1.694938219727337567e-95
1.694938219727337567e-95
1.694938219727337567e-95
1.694938219727337567e-95
1.694938219727337567e-95
1.694938219727337567e-95
1.694938219727337567e-95
1.694938219727337567e-95
1.694938219727337567e-95
1.694938219727337567e-95
1.694938219727337567e-95
1.694938219727337567e-95
1.694938219727337567e-95
1.694938219727337567e-95
1.694938219727337567e-95
1.694938219727337567e-95
1.694938219727337567e-95
1.694938219727337567e-95
1.694938219727337567e-95
1.694938219727336901e-95
1.694938219727331246e-95
1.694938219727177893e-95
1.694938219724051619e-95
1.694938219662529422e-95
1.694938218741450876e-95
1.694938207263389621e-95
1.694938077182042886e-95
1.694936910957890221e-95
1.694928101251446089e-95
1.694869811967020475e-95
1.694558024445439952e-95
1.693189623023113932e-95
1.688683769488775103e-95
1.680568523258460666e-95
1.676715677642471223e-95
1.676596428742107514e-95
1.676596403258542208e-95
1.676596403258542208e-95
1.676596403258542208e-95
1.676596403258542208e-95
1.676596403258542208e-95
1.676596403258542208e-95
1.676596403258542208e-95
1.676596403258542208e-95
1.676596403258542208e-95
1.676596403258542208e-95
1.676596403258542208e-95
1.676596403258542208e-95
1.676596403258542208e-95
1.676596403258542208e-95
1.676596403258542208e-95
1.676596403258542208e-95
1.676596403258542208e-95
1.676596403258542208e-95
1.676596403258542208e-95
1.676596403258542208e-95
1.676596403258542208e-95
1.676596403258542208e-95
1.676596403258542208e-95
1.676596403258542208e-95
1.676596403258542208e-95
1.676596403258542208e-95
1.676596403258542208e-95
1.676596403258542208e-95
1.676596403258540877e-95
1.676596403258508610e-95
1.676596403257848959e-95
1.676596403244868169e-95
1.676596403050523572e-95
1.676596400628696144e-95
1.676596373182017082e-95
1.676596127112925518e-95
1.676594268288020664e-95
1.676581969019166655e-95
1.676516169320305390e-95
1.676227156225533275e-95
1.675272895598877127e-95
1.673544093440246583e-95
1.672718718154616948e-95
1.672693124574713020e-95
1.672693119105043593e-95
1.672693119105043593e-95
1.672693119105043593e-95
1.672693119105043593e-95
1.672693119105043593e-95
1.672693119105043593e-95
1.672693119105043593e-95
1.672693119105043593e-95
1.672693119105043593e-95
1.672693119105043593e-95
1.672693119105043593e-95
1.672693119105043593e-95
1.672693119105043593e-95
1.672693119105043593e-95
1.672693119105043593e-95
1.672693119105043593e-95
1.672693119105043593e-95
1.672693119105043593e-95
1.672693119105043593e-95
1.672693119105043593e-95
1.672693119105043593e-95
1.672693119105043593e-95
1.672693119105043593e-95
1.672693119105043593e-95
1.672693119105043593e-95
1.672693119105043593e-95
1.672693119105043593e-95
1.672693119105043260e-95
1.672693119105038271e-95
1.672693119104934150e-95
1.672693119102882013e-95
1.672693119072157506e-95
1.672693118689288078e-95
1.672693114350207783e-95
1.672693075448830360e-95
1.672692781584510499e-95
1.672690837161477721e-95
1.672680434310125562e-95
1.672634733556768366e-95
1.672483745026836807e-95
1.672209835193740484e-95
1.672078895508437367e-95
1.672074833538603074e-95
1.672074832670497873e-95
1.672074832670497873e-95
1.672074832670497873e-95
1.672074832670497873e-95
1.672074832670497873e-95
1.672074832670497873e-95
1.672074832670497873e-95
1.672074832670497873e-95
1.672074832670497873e-95
1.672074832670497873e-95
1.672074832670497873e-95
1.672074832670497873e-95
1.672074832670497873e-95
1.672074832670497873e-95
1.672074832670497873e-95
1.672074832670497873e-95
1.672074832670497873e-95
1.672074832670497873e-95
1.672074832670497873e-95
1.672074832670497873e-95
1.672074832670497873e-95
1.672074832670497873e-95
1.672074832670497873e-95
1.672074832670497873e-95
1.672074832670497873e-95
1.672074832670497873e-95
1.672074832670497873e-95
1.672074832670497873e-95
1.672074832670497207e-95
1.672074832670484899e-95
1.672074832670244391e-95
1.672074832666642756e-95
1.672074832621760865e-95
1.672074832113111636e-95
1.672074827552890204e-95
1.672074793104585647e-95
1.672074565168931855e-95
1.672073345683185711e-95
1.672067988203244903e-95
1.672050286044416127e-95
1.672018165174675646e-95
1.672002806852502234e-95
1.672002330377496154e-95
1.672002330275665714e-95
1.672002330275665714e-95
1.672002330275665714e-95
1.672002330275665714e-95
1.672002330275665714e-95
1.672002330275665714e-95
1.672002330275665714e-95
1.672002330275665714e-95
1.672002330275665714e-95
1.672002330275665714e-95
1.672002330275665714e-95
1.672002330275665714e-95
1.672002330275665714e-95
1.672002330275665714e-95
1.672002330275665714e-95
1.672002330275665714e-95
1.672002330275665714e-95
1.672002330275665714e-95
1.672002330275665714e-95
1.672002330275665714e-95
1.672002330275665714e-95
1.672002330275665714e-95
1.672002330275665714e-95
1.672002330275665714e-95
1.672002330275665714e-95
1.672002330275665714e-95
1.672002330275665714e-95
1.672002330275664716e-95
1.672002330275643426e-95
1.672002330275330399e-95
1.672002330271431372e-95
1.672002330227244061e-95
1.672002329831085806e-95
1.672002326838474204e-95
1.672002307037120711e-95
1.672002201097192086e-95
1.672001735677171381e-95
1.672000197819264541e-95
1.671997407273882957e-95
1.671996072963615383e-95
1.671996031567753437e-95
1.671996031558906194e-95
1.671996031558906194e-95
1.671996031558906194e-95
1.671996031558906194e-95
1.671996031558906194e-95
1.671996031558906194e-95
1.671996031558906194e-95
1.671996031558906194e-95
1.671996031558906194e-95
1.671996031558906194e-95
1.671996031558906194e-95
1.671996031558906194e-95
1.671996031558906194e-95
1.671996031558906194e-95
1.671996031558906194e-95
1.671996031558906194e-95
1.671996031558906194e-95
1.671996031558906194e-95
1.671996031558906194e-95
1.671996031558906194e-95
1.671996031558906194e-95
1.671996031558906194e-95
1.671996031558906194e-95
1.671996031558906194e-95
1.671996031558906194e-95
1.671996031558906194e-95
1.671996031558906194e-95
1.671996031558906194e-95
1.671996031558905196e-95
1.671996031558884905e-95
1.671996031558633419e-95
1.671996031555782914e-95
1.671996031530226174e-95
1.671996031337171272e-95
1.671996030059775337e-95
1.671996023225532571e-95
1.671995993201022749e-95
1.671995893992825175e-95
1.671995713972520053e-95
1.671995627894903603e-95
1.671995625224415312e-95
1.671995625223844479e-95
1.671995625223844479e-95
1.671995625223844479e-95
1.671995625223844479e-95
1.671995625223844479e-95
1.671995625223844479e-95
1.671995625223844479e-95
1.671995625223844479e-95
1.671995625223844479e-95
1.671995625223844479e-95
1.671995625223844479e-95
1.671995625223844479e-95
1.671995625223844479e-95
1.671995625223844479e-95
1.671995625223844479e-95
1.671995625223844479e-95
1.671995625223844479e-95
1.671995625223844479e-95
1.671995625223844479e-95
1.671995625223844479e-95
1.671995625223844479e-95
1.671995625223844479e-95
1.671995625223844479e-95
1.671995625223844479e-95
1.671995625223844479e-95
1.671995625223844479e-95
1.671995625223844479e-95
1.671995625223844479e-95
1.671995625223843814e-95
1.671995625223831506e-95
1.671995625223694785e-95
1.671995625222467295e-95
1.671995625213196253e-95
1.671995625151851692e-95
1.671995624823649146e-95
1.671995623381774875e-95
1.671995618617475748e-95
1.671995609972316010e-95
1.671995605838588469e-95
1.671995605710343375e-95
1.671995605710315765e-95
1.671995605710315765e-95
1.671995605710315765e-95
1.671995605710315765e-95
1.671995605710315765e-95
1.671995605710315765e-95
1.671995605710315765e-95
1.671995605710315765e-95
1.671995605710315765e-95
1.671995605710315765e-95
1.671995605710315765e-95
1.671995605710315765e-95
1.671995605710315765e-95
1.671995605710315765e-95
1.671995605710315765e-95
1.671995605710315765e-95
1.671995605710315765e-95
1.671995605710315765e-95
1.671995605710315765e-95
1.671995605710315765e-95
1.671995605710315765e-95
1.671995605710315765e-95
1.671995605710315765e-95
1.671995605710315765e-95
1.671995605710315765e-95
1.671995605710315765e-95
1.671995605710315765e-95
1.671995605710315765e-95
1.671995605710315765e-95
1.671995605710315432e-95
1.671995605710310443e-95
1.671995605710266532e-95
1.671995605709934212e-95
1.671995605707736040e-95
1.671995605695973759e-95
1.671995605644300090e-95
1.671995605473557563e-95
1.671995605163733103e-95
1.671995605015588701e-95
1.671995605010993098e-95
1.671995605010991767e-95
1.671995605010991767e-95
1.671995605010991767e-95
1.671995605010991767e-95
1.671995605010991767e-95
1.671995605010991767e-95
1.671995605010991767e-95
1.671995605010991767e-95
1.671995605010991767e-95
1.671995605010991767e-95
1.671995605010991767e-95
1.671995605010991767e-95
1.671995605010991767e-95
1.671995605010991767e-95
1.671995605010991767e-95
1.671995605010991767e-95
1.671995605010991767e-95
1.671995605010991767e-95
1.671995605010991767e-95
1.671995605010991767e-95
1.671995605010991767e-95
1.671995605010991767e-95
1.671995605010991767e-95
1.671995605010991767e-95
1.671995605010991767e-95
1.671995605010991767e-95
1.671995605010991767e-95
1.671995605010991767e-95
1.671995605010991767e-95
1.671995605010991767e-95
1.671995605010990770e-95
1.671995605010981788e-95
1.671995605010922908e-95
1.671995605010607220e-95
1.671995605009222053e-95
1.671995605004644413e-95
1.671995604996338731e-95
1.671995604992367185e-95
1.671995604992243771e-95
1.671995604992243771e-95
1.671995604992243771e-95
1.671995604992243771e-95
1.671995604992243771e-95
1.671995604992243771e-95
1.671995604992243771e-95
1.671995604992243771e-95
1.671995604992243771e-95
1.671995604992243771e-95
1.671995604992243771e-95
1.671995604992243771e-95
1.671995604992243771e-95
1.671995604992243771e-95
1.671995604992243771e-95
1.671995604992243771e-95
1.671995604992243771e-95
1.671995604992243771e-95
1.671995604992243771e-95
1.671995604992243771e-95
1.671995604992243771e-95
1.671995604992243771e-95
1.671995604992243771e-95
1.671995604992243771e-95
1.671995604992243771e-95
1.671995604992243771e-95
1.671995604992243771e-95
1.671995604992243771e-95
1.671995604992243771e-95
1.671995604992243771e-95
1.671995604992243771e-95
1.671995604992243771e-95
1.671995604992243771e-95
1.671995604992242773e-95
1.671995604992236452e-95
1.671995604992208509e-95
1.671995604992116365e-95
1.671995604991949373e-95
1.671995604991869536e-95
1.671995604991867207e-95
1.671995604991867207e-95
1.671995604991867207e-95
1.671995604991867207e-95
1.671995604991867207e-95
1.671995604991867207e-95
1.671995604991867207e-95
1.671995604991867207e-95
1.671995604991867207e-95
1.671995604991867207e-95
1.671995604991867207e-95
1.671995604991867207e-95
1.671995604991867207e-95
1.671995604991867207e-95
1.671995604991867207e-95
1.671995604991867207e-95
1.671995604991867207e-95
1.671995604991867207e-95
1.671995604991867207e-95
1.671995604991867207e-95
1.671995604991867207e-95
1.671995604991867207e-95
1.671995604991867207e-95
1.671995604991867207e-95
1.671995604991867207e-95
1.671995604991867207e-95
1.671995604991867207e-95
1.671995604991867207e-95
1.671995604991867207e-95
1.671995604991867207e-95
1.671995604991867207e-95
1.671995604991867207e-95
1.671995604991867207e-95
1.671995604991866875e-95
1.671995604991866542e-95
1.671995604991865544e-95
1.671995604991862883e-95
1.671995604991861885e-95
1.671995604991861885e-95
1.671995604991861885e-95
1.671995604991861885e-95
1.671995604991861885e-95
1.671995604991861885e-95
1.671995604991861885e-95
1.671995604991861885e-95
1.671995604991861885e-95
1.671995604991861885e-95
1.671995604991861885e-95
1.671995604991861885e-95
1.671995604991861885e-95
1.671995604991861885e-95
1.671995604991861885e-95
1.671995604991861885e-95
1.671995604991861885e-95
1.671995604991861885e-95
1.671995604991861885e-95
1.671995604991861885e-95
1.671995604991861885e-95
1.671995604991861885e-95
1.671995604991861885e-95
1.671995604991861885e-95
1.671995604991861885e-95
1.671995604991861885e-95
1.671995604991861885e-95
1.671995604991861885e-95
1.671995604991861885e-95
1.671995604991861885e-95
1.671995604991861885e-95
1.671995604991861885e-95
1.671995604991861885e-95
1.671995604991861885e-95
1.671995604991861885e-95
1.671995604991861885e-95
1.671995604991861885e-95
1.671995604991861885e-95
1.671995604991861885e-95
1.671995604991861885e-95
1.671995604991861885e-95
1.671995604991861885e-95
1.671995604991861885e-95
1.671995604991861885e-95
1.671995604991861885e-95
1.671995604991861885e-95
1.671995604991861885e-95
1.671995604991861885e-95
1.671995604991861885e-95
1.671995604991861885e-95
1.671995604991861885e-95
1.671995604991861885e-95
1.671995604991861885e-95
1.671995604991861885e-95
1.671995604991861885e-95
1.671995604991861885e-95
1.671995604991861885e-95
1.671995604991861885e-95
1.671995604991861885e-95
1.671995604991861885e-95
1.671995604991861885e-95
1.671995604991861885e-95
1.671995604991861885e-95
1.671995604991861885e-95
1.671995604991861885e-95
1.671995604991861885e-95
1.671995604991861885e-95
1.671995604991861885e-95
1.671995604991861885e-95
1.671995604991861885e-95
1.671995604991861885e-95
1.671995604991861885e-95
1.671995604991861885e-95
1.671995604991861885e-95
1.671995604991861885e-95
1.671995604991861885e-95
1.671995604991861885e-95
1.671995604991861885e-95
1.671995604991861885e-95
1.671995604991861885e-95
1.671995604991861885e-95
1.671995604991861885e-95
1.671995604991861885e-95
1.671995604991861885e-95
1.671995604991861885e-95
1.671995604991861885e-95
1.671995604991861885e-95
1.671995604991861885e-95
1.671995604991861885e-95
1.671995604991861885e-95
1.671995604991861885e-95
1.671995604991861885e-95
1.671995604991861885e-95
1.671995604991861885e-95
1.671995604991861885e-95
1.671995604991861885e-95
1.671995604991861885e-95
1.671995604991861885e-95
1.671995604991861885e-95
1.671995604991861885e-95
1.671995604991861885e-95
1.671995604991861885e-95
1.671995604991861885e-95
1.671995604991861885e-95
1.671995604991861885e-95
1.671995604991861885e-95
1.671995604991861885e-95
1.671995604991861885e-95
1.671995604991861885e-95
1.671995604991861885e-95
1.671995604991861885e-95
1.671995604991861885e-95
1.671995604991861885e-95
1.671995604991861885e-95
1.671995604991861885e-95
1.671995604991861885e-95
1.671995604991861885e-95
1.671995604991861885e-95
1.671995604991861885e-95
1.671995604991861885e-95
1.671995604991861885e-95
1.671995604991861885e-95
1.671995604991861885e-95
1.671995604991861885e-95
1.671995604991861885e-95
1.671995604991861885e-95
1.671995604991861885e-95
1.671995604991861885e-95
1.671995604991861885e-95
1.671995604991861885e-95
1.671995604991861885e-95
1.671995604991861885e-95
1.671995604991861885e-95
1.671995604991861885e-95
1.671995604991861885e-95
1.671995604991861885e-95
1.671995604991861885e-95
1.671995604991861885e-95
1.671995604991861885e-95
1.671995604991861885e-95
1.671995604991861885e-95
1.671995604991861885e-95
1.671995604991861885e-95
1.671995604991861885e-95
1.671995604991861885e-95
1.671995604991861885e-95
1.671995604991861885e-95
1.671995604991861885e-95
1.671995604991861885e-95
1.671995604991861885e-95
1.671995604991861885e-95
1.671995604991861885e-95
1.671995604991861885e-95
1.671995604991861885e-95
1.671995604991861885e-95
1.671995604991861885e-95
1.671995604991861885e-95
1.671995604991861885e-95
1.671995604991861885e-95
1.671995604991861885e-95
1.671995604991861885e-95
1.671995604991861885e-95
1.671995604991861885e-95
1.671995604991861885e-95
1.671995604991861885e-95
1.671995604991861885e-95
1.671995604991861885e-95
1.671995604991861885e-95
1.671995604991861885e-95
1.671995604991861885e-95
1.671995604991861885e-95
1.671995604991861885e-95
1.671995604991861885e-95
1.671995604991861885e-95
1.671995604991861885e-95
1.671995604991861885e-95
1.671995604991861885e-95
1.671995604991861885e-95
1.671995604991861885e-95
1.671995604991861885e-95
1.671995604991861885e-95
1.671995604991861885e-95
1.671995604991861885e-95
1.671995604991861885e-95
1.671995604991861885e-95
1.671995604991861885e-95
1.671995604991861885e-95
1.671995604991861885e-95
1.671995604991861885e-95
1.671995604991861885e-95
1.671995604991861885e-95
1.671995604991861885e-95
1.671995604991861885e-95
1.671995604991861885e-95
1.671995604991861885e-95
1.671995604991861885e-95
1.671995604991861885e-95
1.671995604991861885e-95
1.671995604991861885e-95
1.671995604991861885e-95
1.671995604991861885e-95
1.671995604991861885e-95
1.671995604991861885e-95
1.671995604991861885e-95
1.671995604991861885e-95
1.671995604991861885e-95
1.671995604991861885e-95
1.671995604991861885e-95
1.671995604991861885e-95
1.671995604991861885e-95
1.671995604991861885e-95
1.671995604991861885e-95
1.671995604991861885e-95
1.671995604991861885e-95
1.671995604991861885e-95
1.671995604991861885e-95
1.671995604991861885e-95
1.671995604991861885e-95
1.671995604991861885e-95
1.671995604991861885e-95
1.671995604991861885e-95
1.671995604991861885e-95
1.671995604991861885e-95
1.671995604991861885e-95
1.671995604991861885e-95
1.671995604991861885e-95
1.671995604991861885e-95
1.671995604991861885e-95
1.671995604991861885e-95
1.671995604991861885e-95
1.671995604991861885e-95
1.671995604991861885e-95
1.671995604991861885e-95
1.671995604991861885e-95
1.671995604991861885e-95
1.671995604991861885e-95
1.671995604991861885e-95
1.671995604991861885e-95
1.671995604991861885e-95
1.671995604991861885e-95
1.671995604991861885e-95
1.671995604991861885e-95
1.671995604991861885e-95
1.671995604991861885e-95
1.671995604991861885e-95
1.671995604991861885e-95
1.671995604991861885e-95
1.671995604991861885e-95
1.671995604991861885e-95
1.671995604991861885e-95
1.671995604991861885e-95
1.671995604991861885e-95
1.671995604991861885e-95
1.671995604991861885e-95
1.671995604991861885e-95
1.671995604991861885e-95
1.671995604991861885e-95
1.671995604991861885e-95
1.671995604991861885e-95
1.671995604991861885e-95
1.671995604991861885e-95
1.671995604991861885e-95
1.671995604991861885e-95
1.671995604991861885e-95
1.671995604991861885e-95
1.671995604991861885e-95
1.671995604991861885e-95
1.671995604991861885e-95
1.671995604991861885e-95
1.671995604991861885e-95
1.671995604991861885e-95
1.671995604991861885e-95
1.671995604991861885e-95
1.671995604991861885e-95
1.671995604991861885e-95
1.671995604991861885e-95
1.671995604991861885e-95
1.671995604991861885e-95
1.671995604991861885e-95
1.671995604991861885e-95
1.671995604991861885e-95
1.671995604991861885e-95
1.671995604991861885e-95
1.671995604991861885e-95
1.671995604991861885e-95
1.671995604991861885e-95
1.671995604991861885e-95
1.671995604991861885e-95
1.671995604991861885e-95
1.671995604991861885e-95
1.671995604991861885e-95
1.671995604991861885e-95
1.671995604991861885e-95
1.671995604991861885e-95
1.671995604991861885e-95
1.671995604991861885e-95
1.671995604991861885e-95
1.671995604991861885e-95
1.671995604991861885e-95
1.671995604991861885e-95
1.671995604991861885e-95
1.671995604991861885e-95
1.671995604991861885e-95
1.671995604991861885e-95
1.671995604991861885e-95
1.671995604991861885e-95
1.671995604991861885e-95
1.671995604991861885e-95
1.671995604991861885e-95
1.671995604991861885e-95
1.671995604991861885e-95
1.671995604991861885e-95
1.671995604991861885e-95
1.671995604991861885e-95
1.671995604991861885e-95
1.671995604991861885e-95
1.671995604991861885e-95
1.671995604991861885e-95
1.671995604991861885e-95
1.671995604991861885e-95
1.671995604991861885e-95
1.671995604991861885e-95
1.671995604991861885e-95
1.671995604991861885e-95
1.671995604991861885e-95
1.671995604991861885e-95
1.671995604991861885e-95
1.671995604991861885e-95
1.671995604991861885e-95
1.671995604991861885e-95
1.671995604991861885e-95
1.671995604991861885e-95
1.671995604991861885e-95
1.671995604991861885e-95
1.671995604991861885e-95
1.671995604991861885e-95
1.671995604991861885e-95
1.671995604991861885e-95
1.671995604991861885e-95
1.671995604991861885e-95
1.671995604991861885e-95
1.671995604991861885e-95
1.671995604991861885e-95
1.671995604991861885e-95
1.671995604991861885e-95
1.671995604991861885e-95
1.671995604991861885e-95
1.671995604991861885e-95
1.671995604991861885e-95
1.671995604991861885e-95
1.671995604991861885e-95
1.671995604991861885e-95
1.671995604991861885e-95
1.671995604991861885e-95
1.671995604991861885e-95
1.671995604991861885e-95
1.671995604991861885e-95
1.671995604991861885e-95
1.671995604991861885e-95
1.671995604991861885e-95
1.671995604991861885e-95
1.671995604991861885e-95
1.671995604991861885e-95
1.671995604991861885e-95
1.671995604991861885e-95
1.671995604991861885e-95
1.671995604991861885e-95
1.671995604991861885e-95
1.671995604991861885e-95
1.671995604991861885e-95
1.671995604991861885e-95
1.671995604991861885e-95
1.671995604991861885e-95
1.671995604991861885e-95
1.671995604991861885e-95
1.671995604991861885e-95
1.671995604991861885e-95
1.671995604991861885e-95
1.671995604991861885e-95
1.671995604991861885e-95
1.671995604991861885e-95
1.671995604991861885e-95
1.671995604991861885e-95
1.671995604991861885e-95
1.671995604991861885e-95
1.671995604991861885e-95
1.671995604991861885e-95
1.671995604991861885e-95
1.671995604991861885e-95
1.671995604991861885e-95
1.671995604991861885e-95
1.671995604991861885e-95
1.671995604991861885e-95
1.671995604991861885e-95
1.671995604991861885e-95
1.671995604991861885e-95
1.671995604991861885e-95
1.671995604991861885e-95
1.671995604991861885e-95
1.671995604991861885e-95
1.671995604991861885e-95
1.671995604991861885e-95
1.671995604991861885e-95
1.671995604991861885e-95
1.671995604991861885e-95
1.671995604991861885e-95
1.671995604991861885e-95
1.671995604991861885e-95
1.671995604991861885e-95
1.671995604991861885e-95
1.671995604991861885e-95
1.671995604991861885e-95
1.671995604991861885e-95
1.671995604991861885e-95
1.671995604991861885e-95
1.671995604991861885e-95
1.671995604991861885e-95
1.671995604991861885e-95
1.671995604991861885e-95
1.671995604991861885e-95
1.671995604991861885e-95
1.671995604991861885e-95
1.671995604991861885e-95
1.671995604991861885e-95
1.671995604991861885e-95
1.671995604991861885e-95
1.671995604991861885e-95
1.671995604991861885e-95
1.671995604991861885e-95
1.671995604991861885e-95
1.671995604991861885e-95
1.671995604991861885e-95
1.671995604991861885e-95
1.671995604991861885e-95
1.671995604991861885e-95
1.671995604991861885e-95
1.671995604991861885e-95
1.671995604991861885e-95
1.671995604991861885e-95
1.671995604991861885e-95
1.671995604991861885e-95
1.671995604991861885e-95
1.671995604991861885e-95
1.671995604991861885e-95
1.671995604991861885e-95
1.671995604991861885e-95
1.671995604991861885e-95
1.671995604991861885e-95
1.671995604991861885e-95
1.671995604991861885e-95
1.671995604991861885e-95
1.671995604991861885e-95
1.671995604991861885e-95
1.671995604991861885e-95
1.671995604991861885e-95
1.671995604991861885e-95
1.671995604991861885e-95
1.671995604991861885e-95
1.671995604991861885e-95
1.671995604991861885e-95
1.671995604991861885e-95
1.671995604991861885e-95
1.671995604991861885e-95
1.671995604991861885e-95
1.671995604991861885e-95
1.671995604991861885e-95
1.671995604991861885e-95
1.671995604991861885e-95
1.671995604991861885e-95
1.671995604991861885e-95
1.671995604991861885e-95
1.671995604991861885e-95
1.671995604991861885e-95
1.671995604991861885e-95
1.671995604991861885e-95
1.671995604991861885e-95
1.671995604991861885e-95
1.671995604991861885e-95
1.671995604991861885e-95
1.671995604991861885e-95
1.671995604991861885e-95
1.671995604991861885e-95
1.671995604991861885e-95
1.671995604991861885e-95
1.671995604991861885e-95
1.671995604991861885e-95
1.671995604991861885e-95
1.671995604991861885e-95
1.671995604991861885e-95
1.671995604991861885e-95
1.671995604991861885e-95
1.671995604991861885e-95
1.671995604991861885e-95
1.671995604991861885e-95
1.671995604991861885e-95
1.671995604991861885e-95
1.671995604991861885e-95
1.671995604991861885e-95
1.671995604991861885e-95
1.671995604991861885e-95
1.671995604991861885e-95
1.671995604991861885e-95
1.671995604991861885e-95
1.671995604991861885e-95
1.671995604991861885e-95
1.671995604991861885e-95
1.671995604991861885e-95
1.671995604991861885e-95
1.671995604991861885e-95
1.671995604991861885e-95
1.671995604991861885e-95
1.671995604991861885e-95
1.671995604991861885e-95
1.671995604991861885e-95
1.671995604991861885e-95
1.671995604991861885e-95
1.671995604991861885e-95
1.671995604991861885e-95
1.671995604991861885e-95
1.671995604991861885e-95
1.671995604991861885e-95
1.671995604991861885e-95
1.671995604991861885e-95
1.671995604991861885e-95
1.671995604991861885e-95
1.671995604991861885e-95
1.671995604991861885e-95
1.671995604991861885e-95
1.671995604991861885e-95
1.671995604991861885e-95
1.671995604991861885e-95
1.671995604991861885e-95
1.671995604991861885e-95
1.671995604991861885e-95
1.671995604991861885e-95
1.671995604991861885e-95
1.671995604991861885e-95
1.671995604991861885e-95
1.671995604991861885e-95
1.671995604991861885e-95
1.671995604991861885e-95
1.671995604991861885e-95
1.671995604991861885e-95
1.671995604991861885e-95
1.671995604991861885e-95
1.671995604991861885e-95
1.671995604991861885e-95
1.671995604991861885e-95
1.671995604991861885e-95
1.671995604991861885e-95
1.671995604991861885e-95
1.671995604991861885e-95
1.671995604991861885e-95
1.671995604991861885e-95
1.671995604991861885e-95
1.671995604991861885e-95
1.671995604991861885e-95
1.671995604991861885e-95
1.671995604991861885e-95
1.671995604991861885e-95
1.671995604991861885e-95
1.671995604991861885e-95
1.671995604991861885e-95
1.671995604991861885e-95
1.671995604991861885e-95
1.671995604991861885e-95
1.671995604991861885e-95
1.671995604991861885e-95
1.671995604991861885e-95
1.671995604991861885e-95
1.671995604991861885e-95
1.671995604991861885e-95
1.671995604991861885e-95
1.671995604991861885e-95
1.671995604991861885e-95
1.671995604991861885e-95
1.671995604991861885e-95
1.671995604991861885e-95
1.671995604991861885e-95
1.671995604991861885e-95
1.671995604991861885e-95
1.671995604991861885e-95
1.671995604991861885e-95
1.671995604991861885e-95
1.671995604991861885e-95
1.671995604991861885e-95
1.671995604991861885e-95
1.671995604991861885e-95
1.671995604991861885e-95
1.671995604991861885e-95
1.671995604991861885e-95
1.671995604991861885e-95
1.671995604991861885e-95
1.671995604991861885e-95
1.671995604991861885e-95
1.671995604991861885e-95
1.671995604991861885e-95
1.671995604991861885e-95
1.671995604991861885e-95
1.671995604991861885e-95
1.671995604991861885e-95
1.671995604991861885e-95
1.671995604991861885e-95
1.671995604991861885e-95
1.671995604991861885e-95
1.671995604991861885e-95
1.671995604991861885e-95
1.671995604991861885e-95
1.671995604991861885e-95
1.671995604991861885e-95
1.671995604991861885e-95
1.671995604991861885e-95
1.671995604991861885e-95
1.671995604991861885e-95
1.671995604991861885e-95
1.671995604991861885e-95
1.671995604991861885e-95
1.671995604991861885e-95
1.671995604991861885e-95
1.671995604991861885e-95
1.671995604991861885e-95
1.671995604991861885e-95
1.671995604991861885e-95
1.671995604991861885e-95
1.671995604991861885e-95
1.671995604991861885e-95
1.671995604991861885e-95
1.671995604991861885e-95
1.671995604991861885e-95
1.671995604991861885e-95
1.671995604991861885e-95
1.671995604991861885e-95
1.671995604991861885e-95
1.671995604991861885e-95
1.671995604991861885e-95
1.671995604991861885e-95
1.671995604991861885e-95
1.671995604991861885e-95
1.671995604991861885e-95
1.671995604991861885e-95
1.671995604991861885e-95
1.671995604991861885e-95
1.671995604991861885e-95
1.671995604991861885e-95
1.671995604991861885e-95
1.671995604991861885e-95
1.671995604991861885e-95
1.671995604991861885e-95
1.671995604991861885e-95
1.671995604991861885e-95
1.671995604991861885e-95
1.671995604991861885e-95
1.671995604991861885e-95
1.671995604991861885e-95
1.671995604991861885e-95
1.671995604991861885e-95
1.671995604991861885e-95
1.671995604991861885e-95
1.671995604991861885e-95
1.671995604991861885e-95
1.671995604991861885e-95
1.671995604991861885e-95
1.671995604991861885e-95
1.671995604991861885e-95
1.671995604991861885e-95
1.671995604991861885e-95
1.671995604991861885e-95
1.671995604991861885e-95
1.671995604991861885e-95
1.671995604991861885e-95
1.671995604991861885e-95
1.671995604991861885e-95
1.671995604991861885e-95
1.671995604991861885e-95
1.671995604991861885e-95
